
(-9.278528213500977, -6.003793239593506, 0.0, -1.0, 0.0, 0.0, -0.18292683362960815, 0.5792682766914368, 0.0, 33.114112854003906, 24.015172958374023, 0.0, 1000, 1000, 1000, 1000, -9.157594680786133, -6.351861953735352, 0.0, -3.4213452339172363, 3.3050432205200195, 0.0, 0.0, -0.0659133642911911, -0.0659133642911911, 0.0, 0.0, -0.011791289784014225, -0.011791289784014225)
(-9.263318061828613, -6.00766658782959, 0.0, -1.0, 0.0, 0.0, -0.3048780560493469, 0.6097561120986938, 0.0, 33.05327224731445, 24.03066635131836, 0.0, 1000, 1000, 1000, 1000, -9.336631774902344, -6.314372539520264, 0.0, -3.472870349884033, 3.442239284515381, 0.0, 0.0, 0.10465069860219955, 0.10465069860219955, 0.0, 0.0, -0.03623390197753906, -0.03623390197753906)
(-9.283344268798828, -5.985687732696533, 0.0, -1.0, 0.0, 0.0, -0.27439025044441223, 0.5487805008888245, 0.0, 33.13337707519531, 23.942750930786133, 0.0, 1000, 1000, 1000, 1000, -8.55354118347168, -6.0297722816467285, 0.0, -3.5262246131896973, 3.5754714012145996, 0.0, 0.0, 0.03843548521399498, 0.03843548521399498, 0.0, 0.0, 0.015034973621368408, 0.015034973621368408)
(-9.27115249633789, -6.01112174987793, 0.0, -1.0, 0.0, 0.0, -0.27439025044441223, 0.5487805008888245, 0.0, 33.08460998535156, 24.04448699951172, 0.0, 1000, 1000, 1000, 1000, -9.201212882995605, -6.201714992523193, 0.0, -3.577596426010132, 3.705350160598755, 0.0, 0.0, 0.05539175495505333, 0.05539175495505333, 0.0, 0.0, 0.008329604752361774, 0.008329604752361774)
(-9.270293235778809, -5.9387969970703125, 0.0, -1.0, 0.0, 0.0, -0.3658536672592163, 0.3048780560493469, 0.0, 33.081172943115234, 23.75518798828125, 0.0, 1000, 1000, 1000, 1000, -9.120894432067871, -7.034589767456055, 0.0, -3.6297316551208496, 3.8407163619995117, 0.0, 0.0, 0.16159962117671967, 0.16159962117671967, 0.0, 0.0, 0.4212164282798767, 0.4212164282798767)
(-9.276065826416016, -5.984766960144043, 0.0, -1.0, 0.0, 0.0, -0.15243902802467346, 0.5792682766914368, 0.0, 33.10426330566406, 23.939067840576172, 0.0, 1000, 1000, 1000, 1000, -9.124000549316406, -6.372391223907471, 0.0, -3.6826272010803223, 3.97562575340271, 0.0, 0.0, -0.08358831703662872, -0.08358831703662872, 0.0, 0.0, -0.029904646798968315, -0.029904646798968315)
(-9.270151138305664, -5.9871649742126465, 0.0, -1.0, 0.0, 0.0, -0.18292683362960815, 0.6097561120986938, 0.0, 33.080604553222656, 23.948659896850586, 0.0, 1000, 1000, 1000, 1000, -9.023555755615234, -6.232615947723389, 0.0, -3.734457015991211, 4.111599922180176, 0.0, 0.0, -0.06100710853934288, -0.06100710853934288, 0.0, 0.0, 0.0015619507757946849, 0.0015619507757946849)
(-9.249051094055176, -5.992422580718994, 0.0, -1.0, 0.0, 0.0, -0.3048780560493469, 0.6707317233085632, 0.0, 32.9962043762207, 23.969690322875977, 0.0, 1000, 1000, 1000, 1000, -9.048388481140137, -6.1239013671875, 0.0, -3.7888782024383545, 4.246507167816162, 0.0, 0.0, 0.11194778233766556, 0.11194778233766556, 0.0, 0.0, -0.12181778252124786, -0.12181778252124786)
(-9.272053718566895, -5.995974540710449, 0.0, 0.0, 0.0, 0.0, -0.18292683362960815, 0.6707317233085632, 0.0, 37.08821487426758, 23.983898162841797, 0.0, 1000, 1000, 1000, 1000, -8.728815078735352, -6.373473644256592, 0.0, -3.8390305042266846, 4.383090496063232, 0.0, 0.0, -0.03876129165291786, -0.03876129165291786, 0.0, 0.0, -0.12758885324001312, -0.12758885324001312)
(-9.286392211914062, -6.002256870269775, 0.0, -1.0, 0.0, 0.0, -0.3048780560493469, 0.7621951103210449, 0.0, 33.14556884765625, 24.0090274810791, 0.0, 1000, 1000, 1000, 1000, -9.738764762878418, -6.214350700378418, 0.0, -3.8902509212493896, 4.51312255859375, 0.0, 0.0, 0.1069888323545456, 0.1069888323545456, 0.0, 0.0, -0.16280460357666016, -0.16280460357666016)
(-9.31497859954834, -6.060178279876709, 0.0, -1.0, 0.0, 0.0, -0.4573170840740204, 0.18292683362960815, 0.0, 33.25991439819336, 24.240713119506836, 0.0, 1000, 1000, 1000, 1000, -7.883120536804199, -4.878776550292969, 0.0, -3.995129108428955, 4.600163459777832, 0.0, 0.0, 0.05533425882458687, 0.05533425882458687, 0.0, 0.0, 0.19465450942516327, 0.19465450942516327)
(-9.386393547058105, -6.003795146942139, 0.0, -1.0, 0.0, 0.0, 2.591463327407837, 5.70121955871582, 0.0, 33.54557418823242, 24.015180587768555, 0.0, 1000, 1000, 1000, 1000, -14.060094833374023, -5.331428050994873, 0.0, -3.9739415645599365, 4.794523239135742, 0.0, 0.0, -2.2332422733306885, -2.2332422733306885, 0.0, 0.0, -5.405048847198486, -5.405048847198486)
(-9.187623977661133, -5.922676086425781, 0.0, -1.0, 0.0, 0.0, -1.097561001777649, -0.3353658616542816, 0.0, 32.75049591064453, 23.690704345703125, 0.0, 1000, 1000, 1000, 1000, -9.429938316345215, -5.615344524383545, 0.0, -4.018912315368652, 4.935682773590088, 0.0, 0.0, 1.0183104276657104, 1.0183104276657104, 0.0, 0.0, 0.8884504437446594, 0.8884504437446594)
(-9.057161331176758, -6.337830543518066, 0.0, -1.0, 0.0, 0.0, -3.4146342277526855, -4.756097793579102, 0.0, 32.22864532470703, 25.351322174072266, 0.0, 1000, 1000, 1000, 1000, -5.3597798347473145, -6.459318161010742, 0.0, -4.256565093994141, 4.727301120758057, 0.0, 0.0, 0.8235839605331421, 0.8235839605331421, 0.0, 0.0, 0.632702648639679, 0.632702648639679)
(-9.612967491149902, -7.013009071350098, 0.0, -1.0, 0.0, 0.0, -2.4695122241973877, -0.6402438879013062, 0.0, 34.45186996459961, 28.05203628540039, 0.0, 1000, 1000, 1000, 1000, -4.791952133178711, -5.6701765060424805, 0.0, -4.345132827758789, 4.733246326446533, 0.0, 0.0, 1.8119202852249146, 1.8119202852249146, 0.0, 0.0, 0.508053183555603, 0.508053183555603)
(-9.911904335021973, -7.552227973937988, 0.0, -1.0, 0.0, 0.0, 0.5182926654815674, -9.57317066192627, 0.0, 35.64761734008789, 30.208911895751953, 0.0, 1000, 1000, 1000, 1000, -11.27375602722168, -3.3602237701416016, 0.0, -4.508699893951416, 4.261599063873291, 0.0, 0.0, -1.078742504119873, -1.078742504119873, 0.0, 0.0, 3.9701671600341797, 3.9701671600341797)
(-10.055912017822266, -15.226587295532227, 0.0, -1.0, 0.0, 0.0, -0.3658536672592163, -11.067072868347168, 0.0, 36.22364807128906, 60.906349182128906, 0.0, 1000, 1000, 1000, 1000, -9.265085220336914, -35.89546203613281, 0.0, -4.412662029266357, -0.8188892602920532, 0.0, 0.0, -2.3922712802886963, -2.3922712802886963, 0.0, 0.0, -0.1601526439189911, -0.1601526439189911)
(-8.431879043579102, -19.311445236206055, 0.0, -1.0, 0.0, 0.0, 1.7073171138763428, 12.37804889678955, 0.0, 29.727516174316406, 77.24578094482422, 0.0, 1000, 1000, 1000, 1000, -2.981762409210205, -25.047042846679688, 0.0, -3.9922373294830322, -1.6687363386154175, 0.0, 0.0, 0.06665121763944626, 0.06665121763944626, 0.0, 0.0, -0.3881208002567291, -0.3881208002567291)
(-9.823283195495605, -21.672000885009766, 0.0, -1.0, 0.0, 0.0, -3.262195110321045, -6.737804889678955, 0.0, 35.29313278198242, 86.68800354003906, 0.0, 1000, 1000, 1000, 1000, -10.232226371765137, -29.894208908081055, 0.0, -4.225925922393799, -1.6573032140731812, 0.0, 0.0, 1.3796192407608032, 1.3796192407608032, 0.0, 0.0, 3.961452007293701, 3.961452007293701)
(-9.094376564025879, -25.415010452270508, 0.0, 0.0, 0.0, 0.0, 2.317073106765747, 30.518293380737305, 0.0, 36.377506256103516, 101.66004180908203, 0.0, 1000, 1000, 1000, 1000, -8.18813705444336, -22.963092803955078, 0.0, -5.469675064086914, -1.8598942756652832, 0.0, 0.0, -1.4306941032409668, -1.4306941032409668, 0.0, 0.0, -7.863089561462402, -7.863089561462402)
(-10.039030075073242, -9.067052841186523, 0.0, -1.0, 0.0, 0.0, -19.908536911010742, 36.64634323120117, 0.0, 36.15612030029297, 36.268211364746094, 0.0, 1000, 1000, 1000, 1000, -8.73619556427002, 2.551788330078125, 0.0, -6.782326698303223, 8.812819480895996, 0.0, 0.0, -0.2805282473564148, -0.2805282473564148, -0.0, 0.0, -2.3159101009368896, -2.3159101009368896)
(-6.150503158569336, -3.720069169998169, 0.0, -1.0, 0.0, 0.0, 47.164634704589844, -28.04878044128418, 0.0, 20.602012634277344, 14.880276679992676, 0.0, 1000, 1000, 1000, 1000, -3.0868568420410156, -3.602400064468384, 0.0, -1.6490960121154785, 7.447727680206299, -0.0, 0.0, -1.8695807456970215, -1.8695807456970215, 0.0, 0.0, 2.32680344581604, 2.32680344581604)
(-0.19023261964321136, -10.035901069641113, 0.0, -1.0, 0.0, 0.0, -21.676828384399414, 0.18292683362960815, 0.0, -3.2390694618225098, 40.14360427856445, 0.0, 1000, 1000, 1000, 1000, 4.359382629394531, -17.15778923034668, 0.0, 0.4845930337905884, 3.9526052474975586, 0.0, 0.0, 2.0695199966430664, 2.0695199966430664, 0.0, 0.0, -3.9722847938537598, -3.9722847938537598)
(-5.811384677886963, -8.45916748046875, 0.0, -1.0, 0.0, 0.0, -12.957317352294922, 12.256097793579102, 0.0, 19.24553871154785, 33.836669921875, 0.0, 1000, 1000, 1000, 1000, -8.698067665100098, -6.95137357711792, 0.0, -5.033851623535156, 7.375927448272705, 0.0, 0.0, -0.5698196887969971, -0.5698196887969971, 0.0, 0.0, 0.48929542303085327, 0.48929542303085327)
(-5.540560722351074, -5.296034812927246, 0.0, -1.0, 0.0, 0.0, 13.963414192199707, 3.75, 0.0, 18.162242889404297, 21.184139251708984, 0.0, 1000, 1000, 1000, 1000, -3.0010910034179688, 0.017915725708007812, 0.0, -4.380803108215332, 8.521203994750977, 0.0, 0.0, -2.6243255138397217, -2.6243255138397217, 0.0, 0.0, -2.5266709327697754, -2.5266709327697754)
(-3.827472448348999, -4.220569133758545, 0.0, -1.0, 0.0, 0.0, -6.402439117431641, -4.634146213531494, 0.0, 11.309889793395996, 16.88227653503418, 0.0, 1000, 1000, 1000, 1000, -1.964179277420044, -8.154874801635742, 0.0, -3.90366792678833, 8.089803695678711, 0.0, 0.0, 1.021834373474121, 1.021834373474121, 0.0, 0.0, 0.9896370768547058, 0.9896370768547058)
(-5.443403720855713, -5.336319923400879, 0.0, -1.0, 0.0, 0.0, -0.030487805604934692, 1.8292683362960815, 0.0, 17.77361488342285, 21.345279693603516, 0.0, 1000, 1000, 1000, 1000, -6.722446441650391, -8.15709114074707, 0.0, -5.111594200134277, 7.905200481414795, 0.0, 0.0, -1.158320665359497, -1.158320665359497, 0.0, 0.0, 0.11629585176706314, 0.11629585176706314)
(-4.723568916320801, -4.291628360748291, 0.0, -1.0, 0.0, 0.0, 5.884146213531494, -1.7682926654815674, 0.0, 14.894275665283203, 17.166513442993164, 0.0, 1000, 1000, 1000, 1000, -3.903656005859375, -4.49485969543457, 0.0, -3.5602211952209473, 8.818155288696289, 0.0, 0.0, -0.2993040084838867, -0.2993040084838867, 0.0, 0.0, 2.1141746044158936, 2.1141746044158936)
(-4.5503153800964355, -4.497820854187012, 0.0, -1.0, 0.0, 0.0, -4.207316875457764, -0.4878048896789551, 0.0, 14.201261520385742, 17.991283416748047, 0.0, 1000, 1000, 1000, 1000, -4.9718499183654785, -6.161706447601318, 0.0, -3.575160026550293, 8.4861421585083, 0.0, 0.0, 0.3636685907840729, 0.3636685907840729, 0.0, 0.0, -0.24519990384578705, -0.24519990384578705)
(-4.0884270668029785, -4.251788139343262, 0.0, -1.0, 0.0, 0.0, 8.292682647705078, 3.5975608825683594, 0.0, 12.353708267211914, 17.007152557373047, 0.0, 1000, 1000, 1000, 1000, -2.9811644554138184, -3.5437755584716797, 0.0, -3.1449763774871826, 9.145439147949219, 0.0, 0.0, -0.9267979264259338, -0.9267979264259338, 0.0, 0.0, 0.21711234748363495, 0.21711234748363495)
(-2.0961194038391113, -3.462921380996704, 0.0, 0.0, 0.0, 0.0, -3.7804877758026123, 3.0487804412841797, 0.0, 8.384477615356445, 13.851685523986816, 0.0, 1000, 1000, 1000, 1000, 0.039223670959472656, -2.735079765319824, 0.0, -2.769976854324341, 9.709157943725586, 0.0, 0.0, -0.1461573839187622, -0.1461573839187622, 0.0, 0.0, -0.3916304111480713, -0.3916304111480713)
(-3.577996253967285, -2.8262064456939697, 0.0, -1.0, 0.0, 0.0, -4.786585330963135, -0.21341463923454285, 0.0, 10.31198501586914, 11.304825782775879, 0.0, 1000, 1000, 1000, 1000, -4.946115493774414, -3.1195485591888428, 0.0, -4.166471004486084, 9.987052917480469, 0.0, 0.0, -0.17989623546600342, -0.17989623546600342, 0.0, 0.0, 1.022048830986023, 1.022048830986023)
(-4.607122421264648, -2.930225133895874, 0.0, -1.0, 0.0, 0.0, 0.792682945728302, 0.3658536672592163, 0.0, 14.428489685058594, 11.720900535583496, 0.0, 1000, 1000, 1000, 1000, -6.048727035522461, -3.947584629058838, 0.0, -4.343604564666748, 10.010985374450684, 0.0, 0.0, 0.1718900352716446, 0.1718900352716446, 0.0, 0.0, 0.7571759819984436, 0.7571759819984436)
(-4.738186836242676, -3.0331108570098877, 0.0, -1.0, 0.0, 0.0, -0.5182926654815674, 1.1585365533828735, 0.0, 14.952747344970703, 12.13244342803955, 0.0, 1000, 1000, 1000, 1000, -4.034069061279297, -3.276724338531494, 0.0, -4.098026752471924, 10.046809196472168, 0.0, 0.0, 0.6190451383590698, 0.6190451383590698, 0.0, 0.0, -0.10542208701372147, -0.10542208701372147)
(-4.9271979331970215, -3.2163784503936768, 0.0, -1.0, 0.0, 0.0, -0.8536585569381714, 1.5243902206420898, 0.0, 15.708791732788086, 12.865513801574707, 0.0, 1000, 1000, 1000, 1000, -4.427386283874512, -4.081534385681152, 0.0, -4.509003162384033, 10.030040740966797, 0.0, 0.0, -0.2551274001598358, -0.2551274001598358, 0.0, 0.0, -0.34779635071754456, -0.34779635071754456)
(-4.762172222137451, -3.133694887161255, 0.0, -1.0, 0.0, 0.0, 2.5, 0.18292683362960815, 0.0, 15.048688888549805, 12.53477954864502, 0.0, 1000, 1000, 1000, 1000, -4.897436141967773, -3.3140363693237305, 0.0, -4.413576126098633, 10.172418594360352, 0.0, 0.0, -0.5399402379989624, -0.5399402379989624, 0.0, 0.0, 0.23362182080745697, 0.23362182080745697)
(-4.074636459350586, -3.8623056411743164, 0.0, -1.0, 0.0, 0.0, 0.9451219439506531, 1.4939024448394775, 0.0, 12.298545837402344, 15.449222564697266, 0.0, 1000, 1000, 1000, 1000, -4.171225547790527, -3.6681370735168457, 0.0, -3.7582404613494873, 10.052752494812012, 0.0, 0.0, 0.49309131503105164, 0.49309131503105164, 0.0, 0.0, -0.5613930821418762, -0.5613930821418762)
(-4.354115962982178, -3.5722084045410156, 0.0, -1.0, 0.0, 0.0, -1.5548779964447021, 2.9573171138763428, 0.0, 13.416463851928711, 14.288833618164062, 0.0, 1000, 1000, 1000, 1000, -4.4038872718811035, -3.0931520462036133, 0.0, -4.095588684082031, 10.484918594360352, 0.0, 0.0, -0.11461292207241058, -0.11461292207241058, 0.0, 0.0, -0.8089491128921509, -0.8089491128921509)
(-4.0343241691589355, -2.8106255531311035, 0.0, -1.0, 0.0, 0.0, 1.8597561120986938, 0.060975611209869385, 0.0, 12.137296676635742, 11.242502212524414, 0.0, 1000, 1000, 1000, 1000, -2.4435229301452637, -1.5691499710083008, 0.0, -3.9872043132781982, 10.902445793151855, 0.0, 0.0, -0.6434123516082764, -0.6434123516082764, 0.0, 0.0, 0.4254530668258667, 0.4254530668258667)
(-3.467327833175659, -3.3040387630462646, 0.0, -1.0, 0.0, 0.0, -2.2560975551605225, -1.585365891456604, 0.0, 9.869311332702637, 13.216155052185059, 0.0, 1000, 1000, 1000, 1000, -2.947620391845703, -3.488668918609619, 0.0, -3.9385762214660645, 10.558084487915039, 0.0, 0.0, 0.1987738013267517, 0.1987738013267517, 0.0, 0.0, -0.6442052721977234, -0.6442052721977234)
(-3.6575372219085693, -3.4333157539367676, 0.0, -1.0, 0.0, 0.0, -0.4878048896789551, 0.7012194991111755, 0.0, 10.630148887634277, 13.73326301574707, 0.0, 1000, 1000, 1000, 1000, -3.512096881866455, -4.075111389160156, 0.0, -4.250467777252197, 10.660822868347168, 0.0, 0.0, 0.11206876486539841, 0.11206876486539841, 0.0, 0.0, 0.03649861738085747, 0.03649861738085747)
(-3.680180072784424, -3.660451889038086, 0.0, 0.0, 0.0, 0.0, 0.4268292784690857, 2.4390244483947754, 0.0, 14.720720291137695, 14.641807556152344, 0.0, 1000, 1000, 1000, 1000, -4.159681797027588, -4.0494184494018555, 0.0, -4.292995452880859, 10.808687210083008, 0.0, 0.0, -0.25867772102355957, -0.25867772102355957, 0.0, 0.0, -0.4747311770915985, -0.4747311770915985)
(-3.926206588745117, -3.2017366886138916, 0.0, -1.0, 0.0, 0.0, -0.18292683362960815, -0.030487805604934692, 0.0, 11.704826354980469, 12.806946754455566, 0.0, 1000, 1000, 1000, 1000, -3.864823818206787, -2.570237159729004, 0.0, -4.326532363891602, 11.136585235595703, 0.0, 0.0, 0.018126532435417175, 0.018126532435417175, 0.0, 0.0, 0.25411882996559143, 0.25411882996559143)
(-4.13338565826416, -4.51469087600708, 0.0, -1.0, 0.0, 0.0, 0.0, 1.0060975551605225, 0.0, 12.53354263305664, 18.05876350402832, 0.0, 1000, 1000, 1000, 1000, -4.052084922790527, -4.6780242919921875, 0.0, -4.5879693031311035, 11.183988571166992, 0.0, 0.0, 0.1814977079629898, 0.1814977079629898, 0.0, 0.0, -0.3995622992515564, -0.3995622992515564)
(-4.063564777374268, -4.488685607910156, 0.0, -1.0, 0.0, 0.0, -0.7012194991111755, 0.9451219439506531, 0.0, 12.25425910949707, 17.954742431640625, 0.0, 1000, 1000, 1000, 1000, -3.9039249420166016, -5.045568466186523, 0.0, -4.616020202636719, 11.3115816116333, 0.0, 0.0, 0.3271867334842682, 0.3271867334842682, 0.0, 0.0, -0.3091440498828888, -0.3091440498828888)
(-4.296555519104004, -4.541955947875977, 0.0, -1.0, 0.0, 0.0, -0.4268292784690857, -2.2865853309631348, 0.0, 13.186222076416016, 18.167823791503906, 0.0, 1000, 1000, 1000, 1000, -3.950193405151367, -4.9848480224609375, 0.0, -4.844679832458496, 11.301521301269531, 0.0, 0.0, -0.19552890956401825, -0.19552890956401825, 0.0, 0.0, 0.326330304145813, 0.326330304145813)
(-3.8078877925872803, -5.0916619300842285, 0.0, -1.0, 0.0, 0.0, 1.2195122241973877, 1.7073171138763428, 0.0, 11.231551170349121, 20.366647720336914, 0.0, 1000, 1000, 1000, 1000, -2.951280117034912, -5.852114677429199, 0.0, -4.579587936401367, 11.268592834472656, 0.0, 0.0, -0.12262151390314102, -0.12262151390314102, 0.0, 0.0, -0.20794546604156494, -0.20794546604156494)
(-3.4791083335876465, -4.618885040283203, 0.0, -1.0, 0.0, 0.0, 0.09146341681480408, 1.1585365533828735, 0.0, 9.916433334350586, 18.475540161132812, 0.0, 1000, 1000, 1000, 1000, -1.1181988716125488, -1.6818971633911133, 0.0, -4.5343122482299805, 11.742372512817383, 0.0, 0.0, -0.2606792747974396, -0.2606792747974396, 0.0, 0.0, -0.18123659491539001, -0.18123659491539001)
(-3.342750072479248, -4.5720038414001465, 0.0, 0.0, 0.0, 0.0, 3.0487804412841797, 0.3353658616542816, 0.0, 13.371000289916992, 18.288015365600586, 0.0, 1000, 1000, 1000, 1000, -1.431915283203125, -10.427942276000977, 0.0, -4.5044331550598145, 11.799534797668457, 0.0, 0.0, -1.6078976392745972, -1.6078976392745972, 0.0, 0.0, -0.6403710246086121, -0.6403710246086121)
(-1.6483709812164307, -5.082771301269531, 0.0, -1.0, 0.0, 0.0, 6.920731544494629, -0.3353658616542816, 0.0, 2.5934839248657227, 20.331085205078125, 0.0, 1000, 1000, 1000, 1000, 5.295379161834717, -4.788037300109863, 0.0, -3.2061097621917725, 11.67072582244873, -0.0, 0.0, -0.48586517572402954, -0.48586517572402954, 0.0, 0.0, 0.47933200001716614, 0.47933200001716614)
(-0.8983990550041199, -4.665925025939941, 0.0, -1.0, 0.0, 0.0, -6.006097793579102, 2.103658437728882, 0.0, -0.4064037799835205, 18.663700103759766, 0.0, 1000, 1000, 1000, 1000, -0.7685463428497314, -4.507999420166016, 0.0, -3.582176685333252, 12.144808769226074, 0.0, 0.0, -0.23159632086753845, -0.23159632086753845, 0.0, 0.0, -0.29005807638168335, -0.29005807638168335)
(-1.2207295894622803, -4.468217372894287, 0.0, -1.0, 0.0, 0.0, 1.0060975551605225, -0.3048780560493469, 0.0, 0.8829183578491211, 17.87286949157715, 0.0, 1000, 1000, 1000, 1000, -0.811668872833252, -4.471127033233643, 0.0, -3.7676942348480225, 12.248467445373535, -0.0, 0.0, -0.19264499843120575, -0.19264499843120575, 0.0, 0.0, 0.35549232363700867, 0.35549232363700867)
(-0.8204208016395569, -4.795762062072754, 0.0, -1.0, 0.0, 0.0, -1.4939024448394775, 0.18292683362960815, 0.0, -0.7183167934417725, 19.183048248291016, 0.0, 1000, 1000, 1000, 1000, -0.5614621639251709, -5.195811748504639, 0.0, -3.615255355834961, 12.142215728759766, 0.0, 0.0, 0.30723413825035095, 0.30723413825035095, 0.0, 0.0, 0.36667269468307495, 0.36667269468307495)
(-1.003906488418579, -4.763239860534668, 0.0, -1.0, 0.0, 0.0, 1.4634146690368652, 1.5548779964447021, 0.0, 0.015625953674316406, 19.052959442138672, 0.0, 1100, 1100, 1100, 1100, -2.1250791549682617, -5.480332851409912, 0.0, -3.7509267330169678, 12.4237699508667, -0.0, 0.0, -0.5874355435371399, -0.5874355435371399, 0.0, 0.0, -0.4414547085762024, -0.4414547085762024)
(-0.44473084807395935, -4.9516096115112305, 0.0, -1.0, 0.0, 0.0, -3.8109755516052246, 0.09146341681480408, 0.0, -2.221076488494873, 19.806438446044922, 0.0, 1100, 1100, 1105, 1100, 0.34125733375549316, -5.0597662925720215, 0.0, -3.521810531616211, 12.349834442138672, 0.0, 0.0, 0.8366841673851013, 0.8366841673851013, 0.0, 0.0, -0.22314335405826569, -0.22314335405826569)
(-1.6266902685165405, -4.642512798309326, 0.0, -1.0, 0.0, 0.0, -3.841463327407837, 1.6463414430618286, 0.0, 2.506761074066162, 18.570051193237305, 0.0, 1100, 1100, 1110, 1100, -3.2212071418762207, 3.828359603881836, 0.0, -4.439035415649414, 12.570413589477539, 0.0, 0.0, 1.9170705080032349, 1.9170705080032349, 0.0, 0.0, -1.6978116035461426, -1.6978116035461426)
(-2.2143373489379883, -4.566243648529053, 0.0, -1.0, 0.0, 0.0, 2.4695122241973877, 1.9512195587158203, 0.0, 4.857349395751953, 18.26497459411621, 0.0, 1100, 1113, 1134, 1119, -10.422605514526367, -7.590569496154785, 0.0, -4.7155585289001465, 12.805476188659668, 0.0, 0.0, -0.7307120561599731, -0.7307120561599731, 0.0, 0.0, -1.8025988340377808, -1.8025988340377808)
(-1.557381272315979, -5.758006572723389, 0.0, -1.0, 0.0, 0.0, 2.103658437728882, -0.396341472864151, 0.0, 2.229525089263916, 23.032026290893555, 0.0, 1000, 1000, 1000, 1000, -4.3193559646606445, -1.2041480541229248, 0.0, -4.151230335235596, 12.720415115356445, 0.0, 0.0, 1.204531192779541, 1.204531192779541, 0.0, 0.0, 0.03026638738811016, 0.03026638738811016)
(-2.212754964828491, -5.855037689208984, 0.0, -1.0, 0.0, 0.0, 1.8292683362960815, -0.7621951103210449, 0.0, 4.851019859313965, 23.420150756835938, 0.0, 1000, 1000, 1000, 1000, -1.6401355266571045, -13.50117015838623, 0.0, -4.899552822113037, 12.666450500488281, 0.0, 0.0, -1.5782852172851562, -1.5782852172851562, 0.0, 0.0, 0.10376670956611633, 0.10376670956611633)
(-2.4647364616394043, -5.295534133911133, 0.0, 0.0, 0.0, 0.0, -1.0060975551605225, 1.5548779964447021, 0.0, 9.858945846557617, 21.18213653564453, 0.0, 1125, 1148, 1170, 1147, -4.16715145111084, -7.207148551940918, 0.0, -4.923791885375977, 13.051360130310059, 0.0, 0.0, 1.2516494989395142, 1.2516494989395142, 0.0, 0.0, -0.048937927931547165, -0.048937927931547165)
(-2.207930564880371, -4.552685260772705, 0.0, -1.0, 0.0, 0.0, 0.396341472864151, 1.2195122241973877, 0.0, 4.831722259521484, 18.21074104309082, 0.0, 1214, 1230, 1251, 1219, -0.4972999095916748, -1.9028210639953613, 0.0, -4.631566524505615, 13.978800773620605, 0.0, 0.0, 2.2361295223236084, 2.2361295223236084, 0.0, 0.0, 3.970998525619507, 3.970998525619507)
(-2.349698066711426, -3.15644907951355, 0.0, -1.0, 0.0, 0.0, -2.4695122241973877, -1.4329267740249634, 0.0, 5.398792266845703, 12.6257963180542, 0.0, 1234, 1254, 1276, 1262, -17.45982551574707, 22.9882869720459, 0.0, -4.874095916748047, 13.584134101867676, 0.0, 0.0, -1.385329246520996, -1.385329246520996, 0.0, 0.0, -1.5531539916992188, -1.5531539916992188)
(-2.619884729385376, -2.341076374053955, 0.0, -1.0, 0.0, 0.0, -0.792682945728302, -3.841463327407837, 0.0, 6.479538917541504, 9.36430549621582, 0.0, 1306, 1304, 1326, 1302, -1.929854393005371, 19.69499969482422, 0.0, -5.403364658355713, 13.701817512512207, 0.0, 0.0, -4.6216559410095215, -4.6216559410095215, 0.0, 0.0, 6.8370537757873535, 6.8370537757873535)
(-2.8124401569366455, -3.7754299640655518, 0.0, -1.0, 0.0, 0.0, -2.4390244483947754, 17.560976028442383, 0.0, 7.249760627746582, 15.101719856262207, 0.0, 1322, 1366, 1351, 1360, -6.1150102615356445, -44.424312591552734, 0.0, -5.980956554412842, 14.188098907470703, 0.0, 0.0, -1.171053409576416, -1.171053409576416, -0.0, 0.0, -13.392398834228516, -13.392398834228516)
(-2.63507342338562, -3.551069498062134, 0.0, -1.0, 0.0, 0.0, -11.12804889678955, 26.371952056884766, 0.0, 6.5402936935424805, 14.204277992248535, 0.0, 1322, 1440, 1395, 1409, -9.774225234985352, -21.572406768798828, 0.0, -5.279889106750488, 14.230324745178223, 0.0, 0.0, 15.90185832977295, 15.90185832977295, -0.0, 0.0, -32.888328552246094, -32.888328552246094)
(-1.7520430088043213, -2.200775384902954, 0.0, -1.0, 0.0, 0.0, 0.18292683362960815, 16.432926177978516, 0.0, 3.008172035217285, 8.803101539611816, 0.0, 1394, 1450, 1429, 1430, 1.662362813949585, -48.98723220825195, 0.0, -4.166625022888184, 14.167519569396973, 0.0, 0.0, 3.6476898193359375, 3.6476898193359375, -0.0, 0.0, -14.389250755310059, -14.389250755310059)
(-1.7078405618667603, 0.3798862397670746, 0.0, -1.0, 0.0, 0.0, -3.9939024448394775, -10.365853309631348, 0.0, 2.831362247467041, -1.5195449590682983, 0.0, 1485, 1478, 1485, 1422, -6.5608978271484375, 39.76104736328125, 0.0, -4.981563568115234, 14.304716110229492, 0.0, 0.0, 3.9513063430786133, 3.9513063430786133, 0.0, 0.0, 17.33476448059082, 17.33476448059082)
(-3.260554790496826, -2.1425728797912598, 0.0, -1.0, 0.0, 0.0, -3.8109755516052246, 10.914633750915527, 0.0, 9.042219161987305, 8.570291519165039, 0.0, 1456, 1498, 1469, 1455, -13.721421241760254, -2.070340871810913, 0.0, -5.611897945404053, 16.080629348754883, 0.0, 0.0, 3.962883234024048, 3.962883234024048, -0.0, 0.0, -7.019298076629639, -7.019298076629639)
(-3.256380796432495, -0.03551860898733139, 0.0, -1.0, 0.0, 0.0, 7.804878234863281, -16.79878044128418, 0.0, 9.02552318572998, 0.14207443594932556, 0.0, 1510, 1461, 1488, 1419, 4.806532382965088, 0.9418277740478516, 0.0, -4.69909143447876, 15.622854232788086, 0.0, 0.0, -5.002140045166016, -5.002140045166016, 0.0, 0.0, 29.436115264892578, 29.436115264892578)
(-3.399505138397217, -0.8325257301330566, 0.0, -1.0, 0.0, 0.0, -5.853658676147461, -11.890243530273438, 0.0, 9.598020553588867, 3.3301029205322266, 0.0, 1508, 1507, 1511, 1468, 0.788109540939331, 4.437508583068848, 0.0, -4.973177433013916, 15.976975440979004, 0.0, 0.0, 0.16952195763587952, 0.16952195763587952, 0.0, 0.0, 11.063305854797363, 11.063305854797363)
(-1.1302546262741089, 3.6642446517944336, 0.0, -1.0, 0.0, 0.0, 3.353658437728882, -1.3719512224197388, 0.0, 0.5210185050964355, -14.656978607177734, 0.0, 1511, 1490, 1510, 1483, 4.770489692687988, -20.581153869628906, 0.0, -5.233086109161377, 16.48353385925293, -0.0, 0.0, -8.508856773376465, -8.508856773376465, -0.0, 0.0, 11.945155143737793, 11.945155143737793)
(-1.8633495569229126, 0.8448057174682617, 0.0, -1.0, 0.0, 0.0, 5.182926654815674, -0.7317073345184326, 0.0, 3.4533982276916504, -3.379222869873047, 0.0, 1478, 1474, 1531, 1518, 10.195423126220703, 2.7264013290405273, 0.0, -5.105342388153076, 16.666767120361328, -0.0, 0.0, -7.756428241729736, -7.756428241729736, -0.0, 0.0, 4.315553188323975, 4.315553188323975)
(0.5733347535133362, -0.43238526582717896, 0.0, -1.0, 0.0, 0.0, 4.72560977935791, -9.29878044128418, 0.0, -6.293338775634766, 1.7295410633087158, 0.0, 1499, 1482, 1528, 1498, 28.240524291992188, -8.186041831970215, 0.0, -4.074550628662109, 16.25152587890625, -0.0, 0.0, -6.897430419921875, -6.897430419921875, 0.0, 0.0, 11.608697891235352, 11.608697891235352)
(2.3689136505126953, -0.7660329937934875, 0.0, -1.0, 0.0, 0.0, 4.756097793579102, 9.237804412841797, 0.0, -13.475654602050781, 3.06413197517395, 0.0, 1479, 1489, 1514, 1520, 36.59535598754883, 28.758831024169922, 0.0, -4.316013813018799, 17.579269409179688, -0.0, 0.0, -8.951354026794434, -8.951354026794434, -0.0, 0.0, -4.137723922729492, -4.137723922729492)
(2.574392080307007, -0.9468466639518738, 0.0, -1.0, 0.0, 0.0, 8.536585807800293, 2.012195110321045, 0.0, -14.297568321228027, 3.787386655807495, 0.0, 1499, 1520, 1516, 1531, 7.416630744934082, -27.591463088989258, 0.0, -4.259155750274658, 17.79405975341797, -0.0, 0.0, -8.440093994140625, -8.440093994140625, 0.0, 0.0, -9.068105697631836, -9.068105697631836)
(2.8922386169433594, -2.470999002456665, 0.0, -1.0, 0.0, 0.0, -6.95121955871582, -2.0731706619262695, 0.0, -15.568954467773438, 9.88399600982666, 0.0, 1509, 1538, 1592, 1559, 2.4360783100128174, -6.526439666748047, 0.0, -4.01570987701416, 18.46478843688965, -0.0, 0.0, 5.6092705726623535, 5.6092705726623535, 0.0, 0.0, 1.290013074874878, 1.290013074874878)
(4.032425403594971, 1.924100399017334, 0.0, -1.0, 0.0, 0.0, 6.189024448394775, -12.012195587158203, 0.0, -20.129701614379883, -7.696401596069336, 0.0, 1534, 1565, 1553, 1539, -4.564659118652344, 48.496429443359375, 0.0, -1.857630729675293, 18.548171997070312, -0.0, 0.0, 1.4436041116714478, 1.4436041116714478, 0.0, 0.0, -4.251104831695557, -4.251104831695557)
(7.722864151000977, 1.2856090068817139, 0.0, -1.0, 0.0, 0.0, -3.262195110321045, 15.609756469726562, 0.0, -34.891456604003906, -5.1424360275268555, 0.0, 1495, 1553, 1553, 1588, 10.265572547912598, 7.132515907287598, 0.0, -2.26845383644104, 18.59695816040039, -0.0, 0.0, -4.074087142944336, -4.074087142944336, -0.0, 0.0, -23.336376190185547, -23.336376190185547)
(5.513572692871094, 4.169317722320557, 0.0, -1.0, 0.0, 0.0, 0.8231707215309143, -16.64634132385254, 0.0, -26.054290771484375, -16.677270889282227, 0.0, 1560, 1558, 1562, 1506, 4.028985500335693, 19.093984603881836, 0.0, -2.71113657951355, 19.031869888305664, -0.0, 0.0, 3.296621322631836, 3.296621322631836, -0.0, 0.0, 14.605926513671875, 14.605926513671875)
(1.6097495555877686, 0.5155774354934692, 0.0, -1.0, 0.0, 0.0, -2.6524391174316406, 4.1768293380737305, 0.0, -10.438998222351074, -2.062309741973877, 0.0, 1538, 1531, 1572, 1554, 30.458236694335938, 13.866836547851562, 0.0, -3.3733315467834473, 21.140552520751953, -0.0, 0.0, -7.411187648773193, -7.411187648773193, -0.0, 0.0, 6.085700511932373, 6.085700511932373)
(0.2752891182899475, 5.437098026275635, 0.0, -1.0, 0.0, 0.0, 7.682926654815674, -6.341463565826416, 0.0, -5.101156234741211, -21.74839210510254, 0.0, 1497, 1559, 1557, 1577, -2.19340181350708, -6.09038782119751, 0.0, -2.98415470123291, 19.59954833984375, -0.0, 0.0, 0.39019179344177246, 0.39019179344177246, -0.0, 0.0, -20.341407775878906, -20.341407775878906)
(0.62102210521698, 1.4962644577026367, 0.0, 0.0, 0.0, 0.0, -18.75, -6.920731544494629, 0.0, -2.48408842086792, -5.985057830810547, 0.0, 1519, 1533, 1625, 1513, -10.965392112731934, 42.742549896240234, 0.0, -1.027904987335205, 18.382173538208008, 0.0, 0.0, 21.587190628051758, 21.587190628051758, 0.0, 0.0, 24.46725845336914, 24.46725845336914)
(-2.433842658996582, 1.420175313949585, 0.0, -1.0, 0.0, 0.0, 6.006097793579102, -23.04878044128418, 0.0, 5.735370635986328, -5.68070125579834, 0.0, 1568, 1516, 1578, 1529, 13.243490219116211, 28.488143920898438, 0.0, -2.216167449951172, 20.31784439086914, -0.0, 0.0, -10.778970718383789, -10.778970718383789, 0.0, 0.0, 25.113035202026367, 25.113035202026367)
(-2.67364239692688, 4.699379920959473, 0.0, -1.0, 0.0, 0.0, -3.6890244483947754, -14.359756469726562, 0.0, 6.6945695877075195, -18.79751968383789, 0.0, 1544, 1538, 1561, 1544, 11.493597984313965, 57.13544464111328, 0.0, -5.6806488037109375, 21.23094940185547, 0.0, 0.0, -7.199715614318848, -7.199715614318848, -0.0, 0.0, 5.7023396492004395, 5.7023396492004395)
(0.6406593918800354, 3.093905210494995, 0.0, -1.0, 0.0, 0.0, 6.95121955871582, 10.884146690368652, 0.0, -6.5626373291015625, -12.37562084197998, 0.0, 1554, 1565, 1542, 1529, 1.9291037321090698, -18.364139556884766, 0.0, -3.5728750228881836, 20.870277404785156, -0.0, 0.0, -3.9423911571502686, -3.9423911571502686, -0.0, 0.0, 0.5632461309432983, 0.5632461309432983)
(2.269803285598755, 2.2635891437530518, 0.0, -1.0, 0.0, 0.0, -3.2012195587158203, 5.792683124542236, 0.0, -13.07921314239502, -9.054356575012207, 0.0, 1556, 1566, 1558, 1510, -1.1521568298339844, -20.38652992248535, 0.0, -3.0178439617156982, 20.374691009521484, -0.0, 0.0, 4.758686542510986, 4.758686542510986, -0.0, 0.0, 9.56475830078125, 9.56475830078125)
(-1.2603352069854736, 5.747816562652588, 0.0, -1.0, 0.0, 0.0, -4.542683124542236, 11.890243530273438, 0.0, 1.0413408279418945, -22.99126625061035, 0.0, 1515, 1571, 1561, 1543, -13.525802612304688, 53.424217224121094, 0.0, -2.759612560272217, 21.655183792114258, 0.0, 0.0, 8.62283706665039, 8.62283706665039, -0.0, 0.0, -9.475871086120605, -9.475871086120605)
(-0.1084178239107132, 0.44406604766845703, 0.0, -1.0, 0.0, 0.0, 1.5548779964447021, -13.079268455505371, 0.0, -3.566328763961792, -1.7762641906738281, 0.0, 1546, 1536, 1582, 1526, 14.554106712341309, -24.560712814331055, 0.0, -1.752143383026123, 20.811433792114258, -0.0, 0.0, 1.5506139993667603, 1.5506139993667603, 0.0, 0.0, 16.120746612548828, 16.120746612548828)
(-0.8132352828979492, 1.979259729385376, 0.0, -1.0, 0.0, 0.0, -9.84756088256836, -12.042682647705078, 0.0, -0.7470588684082031, -7.917038917541504, 0.0, 1553, 1528, 1574, 1531, 5.843181610107422, -18.92015266418457, 0.0, -3.576685667037964, 21.4178409576416, 0.0, 0.0, -5.387752532958984, -5.387752532958984, 0.0, 0.0, 17.066204071044922, 17.066204071044922)
(-1.419564127922058, 3.313213586807251, 0.0, -1.0, 0.0, 0.0, 0.060975611209869385, 23.04878044128418, 0.0, 1.6782565116882324, -13.252854347229004, 0.0, 1489, 1567, 1548, 1587, -17.308292388916016, 3.806049346923828, 0.0, -5.628819942474365, 22.057470321655273, 0.0, 0.0, -0.42139098048210144, -0.42139098048210144, -0.0, 0.0, -29.243030548095703, -29.243030548095703)
(1.1928249597549438, 1.6123472452163696, 0.0, 0.0, 0.0, 0.0, 20.030487060546875, -15.27439022064209, 0.0, -4.771299839019775, -10.44938850402832, 0.0, 1572, 1565, 1556, 1497, 2.476938247680664, 15.555578231811523, 0.0, -2.240861415863037, 22.037044525146484, -0.0, 0.0, 3.0859594345092773, 3.0859594345092773, 0.0, 0.0, 16.412172317504883, 16.412172317504883)
(2.956099033355713, 6.237569332122803, 0.0, -1.0, 0.0, 0.0, -1.9817073345184326, -33.07926940917969, 0.0, -15.824396133422852, -24.95027732849121, 0.0, 1582, 1521, 1575, 1512, 19.91520881652832, 48.07422637939453, 0.0, -3.1250078678131104, 22.023168563842773, -0.0, 0.0, -9.60954475402832, -9.60954475402832, 0.0, 0.0, 31.171161651611328, 31.171161651611328)
(1.232192873954773, 6.7310333251953125, 0.0, -1.0, 0.0, 0.0, -15.487804412841797, 1.0670732259750366, 0.0, -8.92877197265625, -26.92413330078125, 0.0, 1534, 1570, 1571, 1516, -30.847911834716797, 10.048826217651367, 0.0, -4.300922393798828, 22.932161331176758, 0.0, 0.0, 12.653395652770996, 12.653395652770996, -0.0, 0.0, 4.803882598876953, 4.803882598876953)
(3.2001237869262695, 1.0068418979644775, 0.0, -1.0, 0.0, 0.0, 22.2560977935791, 13.841463088989258, 0.0, -16.800495147705078, -4.02736759185791, 0.0, 1522, 1590, 1526, 1548, 7.796474456787109, -18.27263069152832, 0.0, -0.5330870151519775, 21.707317352294922, -0.0, 0.0, 1.7147057056427002, 1.7147057056427002, -0.0, 0.0, -22.4064884185791, -22.4064884185791)
(2.0395877361297607, 5.201311111450195, 0.0, -1.0, 0.0, 0.0, -11.189023971557617, 1.3414634466171265, 0.0, -12.158350944519043, -20.80524444580078, 0.0, 1501, 1589, 1541, 1559, -23.527734756469727, 16.392391204833984, 0.0, -2.2855260372161865, 19.350915908813477, -0.0, 0.0, 7.566960334777832, 7.566960334777832, -0.0, 0.0, -26.149213790893555, -26.149213790893555)
(3.0170576572418213, 3.053926467895508, 0.0, -1.0, -1.0, 0.0, 12.34756088256836, -11.890243530273438, 0.0, -16.06822967529297, -16.21570587158203, 0.0, 1548, 1553, 1558, 1531, 17.402698516845703, 67.7144775390625, 0.0, -2.6362881660461426, 17.721643447875977, -0.0, 0.0, -2.232834815979004, -2.232834815979004, -0.0, 0.0, 5.449075698852539, 5.449075698852539)
(3.315666437149048, 5.105957984924316, 0.0, -1.0, 0.0, 0.0, -5.487804889678955, 45.57926940917969, 0.0, -17.262664794921875, -20.423831939697266, 0.0, 1452, 1576, 1550, 1612, -5.090670585632324, -54.57880401611328, 0.0, -2.928208589553833, 18.579875946044922, -0.0, 0.0, 5.387924671173096, 5.387924671173096, -0.0, 0.0, -46.54408264160156, -46.54408264160156)
(4.232583522796631, 4.852051258087158, 0.0, -1.0, 0.0, 0.0, 7.439024448394775, -9.695121765136719, 0.0, -20.930334091186523, -19.408205032348633, 0.0, 1559, 1555, 1583, 1496, 2.98307204246521, -2.1977949142456055, 0.0, -1.3454339504241943, 17.229122161865234, -0.0, 0.0, 10.852950096130371, 10.852950096130371, -0.0, 0.0, 22.90241241455078, 22.90241241455078)
(3.934393882751465, 8.287032127380371, 0.0, -1.0, 0.0, 0.0, -4.634146213531494, 10.27439022064209, 0.0, -19.73757553100586, -33.148128509521484, 0.0, 1482, 1552, 1573, 1583, -19.950645446777344, 62.57496643066406, 0.0, -0.8551899790763855, 18.385986328125, -0.0, 0.0, 5.117130279541016, 5.117130279541016, -0.0, 0.0, -20.146827697753906, -20.146827697753906)
(3.6671929359436035, 1.224181056022644, 0.0, -1.0, 0.0, 0.0, -2.3475608825683594, -17.225608825683594, 0.0, -18.668771743774414, -4.896724224090576, 0.0, 1549, 1555, 1572, 1514, -8.299301147460938, 9.59949779510498, 0.0, -0.9231778979301453, 16.009004592895508, -0.0, 0.0, 5.8835015296936035, 5.8835015296936035, 0.0, 0.0, 13.183267593383789, 13.183267593383789)
(1.2869144678115845, -0.987890362739563, 0.0, -1.0, 0.0, 0.0, -25.39634132385254, -49.878047943115234, 0.0, -9.14765739440918, 3.951561450958252, 0.0, 1588, 1535, 1582, 1485, 13.018415451049805, 59.17615509033203, 0.0, -3.284000873565674, 15.87104320526123, 0.0, 0.0, 0.8867735266685486, 0.8867735266685486, 0.0, 0.0, 37.509525299072266, 37.509525299072266)
(-11.663747787475586, -0.6786097288131714, 0.0, -1.0, 0.0, 0.0, -38.29268264770508, 1.8902438879013062, 0.0, 42.654991149902344, 2.7144389152526855, 0.0, 1508, 1525, 1609, 1547, -29.661848068237305, 44.73044204711914, 0.0, -16.0612850189209, 17.833845138549805, 0.0, 0.0, 9.61892318725586, 9.61892318725586, 0.0, 0.0, 11.270917892456055, 11.270917892456055)
(-6.268739223480225, -2.269847869873047, 0.0, -1.0, 0.0, 0.0, 50.70121765136719, 36.09756088256836, 0.0, 21.0749568939209, 9.079391479492188, 0.0, 1546, 1631, 1486, 1527, 12.358501434326172, -57.37239074707031, 0.0, -7.20975923538208, 20.41280174255371, -0.0, 0.0, 0.9674942493438721, 0.9674942493438721, -0.0, 0.0, -31.554454803466797, -31.554454803466797)
(0.622082531452179, -2.170635223388672, 0.0, -1.0, -1.0, 0.0, 13.90243911743164, 8.140243530273438, 0.0, -6.488329887390137, 8.682540893554688, 0.0, 1509, 1585, 1558, 1539, -28.034420013427734, 48.49239730834961, 0.0, 0.20853398740291595, 19.212038040161133, -0.0, 0.0, 13.801630973815918, 13.801630973815918, 0.0, 0.0, -14.150233268737793, -14.150233268737793)
(-0.8964279890060425, 2.164792537689209, 0.0, -1.0, 0.0, 0.0, -30.2439022064209, -8.47560977935791, 0.0, -0.4142880439758301, -8.659170150756836, 0.0, 1491, 1539, 1640, 1521, -49.67605209350586, 23.61233901977539, 0.0, -0.7521365880966187, 19.41310691833496, 0.0, 0.0, 31.95267105102539, 31.95267105102539, -0.0, 0.0, 17.878263473510742, 17.878263473510742)
(-10.257662773132324, 2.770108461380005, 0.0, -1.0, 0.0, 0.0, -38.29268264770508, -35.914634704589844, 0.0, 37.0306510925293, -11.08043384552002, 0.0, 1570, 1526, 1588, 1506, -10.248055458068848, 38.588199615478516, 0.0, -12.341314315795898, 19.1820125579834, 0.0, 0.0, -0.40852195024490356, -0.40852195024490356, 0.0, 0.0, 31.545183181762695, 31.545183181762695)
(-3.9005110263824463, -0.1202307939529419, 0.0, -1.0, 0.0, 0.0, 47.86585235595703, -17.286584854125977, 0.0, 11.602044105529785, 0.4809231758117676, 0.0, 1600, 1604, 1500, 1486, 2.826052665710449, -9.002256393432617, 0.0, -6.334761142730713, 18.20548439025879, -0.0, 0.0, -5.853968620300293, -5.853968620300293, 0.0, 0.0, 2.44661021232605, 2.44661021232605)
(-1.8176844120025635, 3.746664524078369, 0.0, -1.0, 0.0, 0.0, -34.69512176513672, 13.841463088989258, 0.0, 3.270737648010254, -14.986658096313477, 0.0, 1450, 1556, 1580, 1604, -12.424559593200684, -7.28131103515625, 0.0, -2.1193649768829346, 18.40182876586914, 0.0, 0.0, 10.551137924194336, 10.551137924194336, -0.0, 0.0, -32.45521545410156, -32.45521545410156)
(-6.278457164764404, 6.334220886230469, 0.0, -1.0, 0.0, 0.0, 2.77439022064209, -5.0, 0.0, 21.113828659057617, -25.336883544921875, 0.0, 1561, 1513, 1580, 1536, 22.10782241821289, 32.630088806152344, 0.0, -7.5600666999816895, 19.767684936523438, 0.0, 0.0, -10.91853141784668, -10.91853141784668, -0.0, 0.0, 23.195167541503906, 23.195167541503906)
(-6.3764238357543945, 3.83855938911438, 0.0, -1.0, 0.0, 0.0, -7.8353657722473145, 6.7682929039001465, 0.0, 21.505695343017578, -15.35423755645752, 0.0, 1525, 1578, 1538, 1549, -2.007571220397949, -5.757826805114746, 0.0, -6.730036735534668, 21.05137062072754, 0.0, 0.0, 0.4438551366329193, 0.4438551366329193, -0.0, 0.0, -15.951569557189941, -15.951569557189941)
(-4.865196704864502, 7.9860944747924805, 0.0, -1.0, 0.0, 0.0, 26.0060977935791, 29.664634704589844, 0.0, 15.460786819458008, -31.944377899169922, 0.0, 1493, 1534, 1567, 1596, -7.0404767990112305, -11.429672241210938, 0.0, -4.838114261627197, 20.699541091918945, -0.0, 0.0, -7.0833258628845215, -7.0833258628845215, -0.0, 0.0, -17.54490852355957, -17.54490852355957)
(-4.298537731170654, 5.565535545349121, 0.0, -1.0, 0.0, 0.0, -12.682927131652832, -5.70121955871582, 0.0, 13.194150924682617, -22.262142181396484, 0.0, 1507, 1526, 1608, 1548, -19.9158878326416, 14.85500717163086, 0.0, -5.189943313598633, 21.909603118896484, 0.0, 0.0, 9.637872695922852, 9.637872695922852, -0.0, 0.0, 10.113080024719238, 10.113080024719238)
(-0.8111349940299988, 6.114038467407227, 0.0, -1.0, 0.0, 0.0, 14.603658676147461, -17.10365867614746, 0.0, -0.7554600238800049, -24.456153869628906, 0.0, 1565, 1538, 1562, 1524, 9.230552673339844, -7.864540100097656, 0.0, -3.4570159912109375, 22.87393569946289, -0.0, 0.0, -7.2326979637146, -7.2326979637146, -0.0, 0.0, 16.075321197509766, 16.075321197509766)
(-1.3181278705596924, 3.207340955734253, 0.0, -1.0, 0.0, 0.0, -18.35365867614746, 1.4329267740249634, 0.0, 1.2725114822387695, -12.829363822937012, 0.0, 1498, 1511, 1589, 1597, 18.41208839416504, -0.0550684928894043, 0.0, -5.423478126525879, 24.379121780395508, 0.0, 0.0, -8.744868278503418, -8.744868278503418, -0.0, 0.0, -5.0406975746154785, -5.0406975746154785)
(-2.0852890014648438, 7.724054336547852, 0.0, 0.0, 0.0, 0.0, 14.237804412841797, -5.487804889678955, 0.0, 8.341156005859375, -30.896217346191406, 0.0, 1539, 1560, 1527, 1563, 30.449419021606445, 45.45561218261719, 0.0, -8.864483833312988, 25.552595138549805, -0.0, 0.0, -13.825708389282227, -13.825708389282227, -0.0, 0.0, -14.407113075256348, -14.407113075256348)
(-2.5531716346740723, 1.541179895401001, 0.0, -1.0, 0.0, 0.0, 3.841463327407837, 7.530488014221191, 0.0, 6.212686538696289, -6.164719581604004, 0.0, 1520, 1549, 1569, 1552, 2.9913711547851562, -57.49433517456055, 0.0, -6.600611209869385, 25.84466552734375, 0.0, 0.0, 1.392641544342041, 1.392641544342041, -0.0, 0.0, -2.8434135913848877, -2.8434135913848877)
(-1.8950525522232056, 2.8893959522247314, 0.0, -1.0, 0.0, 0.0, 11.95121955871582, 23.20121955871582, 0.0, 3.5802102088928223, -11.557583808898926, 0.0, 1472, 1559, 1561, 1598, -5.004751205444336, -26.78768539428711, 0.0, -3.5199718475341797, 25.977598190307617, -0.0, 0.0, 2.4195778369903564, 2.4195778369903564, -0.0, 0.0, -30.906692504882812, -30.906692504882812)
(-0.7576555013656616, 9.556447982788086, 0.0, -1.0, 0.0, 0.0, 0.8841463327407837, 3.6890244483947754, 0.0, -0.9693779945373535, -38.225791931152344, 0.0, 1472, 1531, 1599, 1588, -37.4113883972168, 39.87668991088867, 0.0, -2.1655514240264893, 25.158851623535156, -0.0, 0.0, 7.305181980133057, 7.305181980133057, -0.0, 0.0, -11.961926460266113, -11.961926460266113)
(2.0461792945861816, 6.2116498947143555, 0.0, -1.0, 0.0, 0.0, -10.70121955871582, 10.762195587158203, 0.0, -12.184717178344727, -24.846599578857422, 0.0, 1457, 1543, 1615, 1575, -50.531925201416016, -21.17046356201172, 0.0, -0.9690573811531067, 24.871347427368164, -0.0, 0.0, 21.43647003173828, 21.43647003173828, -0.0, 0.0, -11.47745132446289, -11.47745132446289)
(2.931633472442627, 4.419923305511475, 0.0, -1.0, 0.0, 0.0, -1.4939024448394775, 25.457317352294922, 0.0, -15.726533889770508, -17.6796932220459, 0.0, 1476, 1539, 1599, 1576, -36.43356704711914, -10.786492347717285, 0.0, -0.9460391402244568, 25.632326126098633, -0.0, 0.0, 11.497472763061523, 11.497472763061523, -0.0, 0.0, -9.891824722290039, -9.891824722290039)
(3.88633394241333, 3.268702983856201, 0.0, -1.0, 0.0, 0.0, -15.27439022064209, -5.853658676147461, 0.0, -19.54533576965332, -13.074811935424805, 0.0, 1524, 1516, 1617, 1537, -5.347163200378418, 48.001407623291016, 0.0, -2.7617404460906982, 27.970897674560547, -0.0, 0.0, 8.257848739624023, 8.257848739624023, -0.0, 0.0, 21.987571716308594, 21.987571716308594)
(0.4665258824825287, 2.189403772354126, 0.0, 0.0, 0.0, 0.0, -15.945121765136719, -13.445121765136719, 0.0, -1.8661035299301147, -8.757615089416504, 0.0, 1525, 1551, 1584, 1529, -18.720233917236328, 24.389469146728516, 0.0, -6.870582580566406, 28.98690414428711, 0.0, 0.0, 10.133731842041016, 10.133731842041016, 0.0, 0.0, 7.275866508483887, 7.275866508483887)
(2.846144437789917, 5.848697662353516, 0.0, -1.0, 0.0, 0.0, 11.554878234863281, -2.8353657722473145, 0.0, -15.384577751159668, -23.394790649414062, 0.0, 1587, 1567, 1545, 1491, 19.783390045166016, -35.22669219970703, 0.0, -5.285977840423584, 29.342084884643555, -0.0, 0.0, -1.4600861072540283, -1.4600861072540283, -0.0, 0.0, 18.284334182739258, 18.284334182739258)
(-1.709385871887207, 10.343404769897461, 0.0, -1.0, 0.0, 0.0, 8.47560977935791, 5.396341323852539, 0.0, 2.837543487548828, -41.373619079589844, 0.0, 1557, 1593, 1520, 1520, -42.40871810913086, 29.24582290649414, 0.0, -5.32896614074707, 29.438879013061523, -0.0, 0.0, -0.9024631381034851, -0.9024631381034851, -0.0, 0.0, -8.96115493774414, -8.96115493774414)
(2.065247058868408, 3.420222043991089, 0.0, -1.0, 0.0, 0.0, 14.664633750915527, -0.030487805604934692, 0.0, -12.260988235473633, -13.680888175964355, 0.0, 1586, 1575, 1543, 1486, -7.629678726196289, 1.8333663940429688, 0.0, -2.5397884845733643, 29.56662368774414, -0.0, 0.0, 1.3699170351028442, 1.3699170351028442, -0.0, 0.0, 17.118364334106445, 17.118364334106445)
(2.6340725421905518, 3.048382520675659, 0.0, -1.0, 0.0, 0.0, 1.25, 30.884145736694336, 0.0, -14.536290168762207, -12.193530082702637, 0.0, 1515, 1537, 1548, 1589, 21.792057037353516, -32.40705490112305, 0.0, -1.6602153778076172, 31.74695587158203, -0.0, 0.0, -14.979954719543457, -14.979954719543457, -0.0, 0.0, -15.679579734802246, -15.679579734802246)
(-0.7564669847488403, 2.502798318862915, 0.0, -1.0, 0.0, 0.0, -8.87195110321045, -23.109756469726562, 0.0, -0.9741320610046387, -10.01119327545166, 0.0, 1569, 1503, 1594, 1528, 4.408757209777832, 14.059219360351562, 0.0, -4.8263726234436035, 29.794673919677734, 0.0, 0.0, -10.012691497802734, -10.012691497802734, 0.0, 0.0, 32.98344039916992, 32.98344039916992)
(-0.19381089508533478, 1.5102125406265259, 0.0, 0.0, 0.0, 0.0, -6.9817070960998535, -13.32317066192627, 0.0, 0.7752435803413391, -6.0408501625061035, 0.0, 1590, 1557, 1534, 1509, 6.0624308586120605, -7.513538837432861, 0.0, -6.528657913208008, 31.127758026123047, 0.0, 0.0, -12.249382019042969, -12.249382019042969, 0.0, 0.0, 14.572749137878418, 14.572749137878418)
(1.4392393827438354, 10.19883918762207, 0.0, -1.0, 0.0, 0.0, 2.0426828861236572, -0.396341472864151, 0.0, -9.7569580078125, -40.79535675048828, 0.0, 1572, 1561, 1550, 1507, 37.786399841308594, 45.3728141784668, 0.0, -6.034146785736084, 31.277002334594727, -0.0, 0.0, -2.0527875423431396, -2.0527875423431396, -0.0, 0.0, 13.546884536743164, 13.546884536743164)
(-3.6564743518829346, 12.722647666931152, 0.0, -1.0, 0.0, 0.0, 9.908536911010742, -25.884145736694336, 0.0, 10.625897407531738, -50.89059066772461, 0.0, 1583, 1563, 1568, 1476, -40.74259948730469, 39.14568328857422, 0.0, -4.4533538818359375, 31.37516975402832, 0.0, 0.0, 7.839390754699707, 7.839390754699707, -0.0, 0.0, 28.1124210357666, 28.1124210357666)
(-1.2489019632339478, 13.201881408691406, 0.0, -1.0, 0.0, 0.0, 17.774391174316406, 2.2865853309631348, 0.0, 0.995607852935791, -52.807525634765625, 0.0, 1521, 1519, 1576, 1574, 26.462514877319336, -17.319183349609375, 0.0, -1.236737608909607, 30.794832229614258, -0.0, 0.0, -10.272522926330566, -10.272522926330566, -0.0, 0.0, 1.075513243675232, 1.075513243675232)
(-0.17733649909496307, 9.326202392578125, 0.0, -1.0, 0.0, 0.0, -15.396341323852539, 4.786585330963135, 0.0, -3.290653944015503, -37.3048095703125, 0.0, 1475, 1506, 1596, 1612, 22.091196060180664, -15.307515144348145, 0.0, -2.5827744007110596, 30.606414794921875, 0.0, 0.0, -6.090023040771484, -6.090023040771484, -0.0, 0.0, -11.574864387512207, -11.574864387512207)
(1.1621962785720825, 9.611804008483887, 0.0, -1.0, 0.0, 0.0, 4.756097793579102, 4.817073345184326, 0.0, -8.648784637451172, -38.44721603393555, 0.0, 1502, 1537, 1560, 1591, 0.7440401315689087, -12.241833686828613, 0.0, -3.8573174476623535, 29.623802185058594, -0.0, 0.0, -8.877911567687988, -8.877911567687988, -0.0, 0.0, -16.572128295898438, -16.572128295898438)
(0.8098152279853821, 8.169321060180664, 0.0, -1.0, 0.0, 0.0, -8.079268455505371, -3.0487804412841797, 0.0, -7.239260673522949, -32.677284240722656, 0.0, 1536, 1526, 1591, 1537, 14.193747520446777, -1.0344257354736328, 0.0, -4.391311168670654, 29.048498153686523, 0.0, 0.0, 1.3241989612579346, 1.3241989612579346, -0.0, 0.0, 16.047014236450195, 16.047014236450195)
(1.4466333389282227, 10.098371505737305, 0.0, -1.0, 0.0, 0.0, -1.676829218864441, -4.4817070960998535, 0.0, -9.78653335571289, -40.39348602294922, 0.0, 1515, 1593, 1554, 1527, -53.582374572753906, 21.37089729309082, 0.0, -3.5304877758026123, 29.101551055908203, -0.0, 0.0, 16.179882049560547, 16.179882049560547, -0.0, 0.0, -12.796364784240723, -12.796364784240723)
(4.420470237731934, 7.232301712036133, 0.0, -1.0, 0.0, 0.0, 5.579268455505371, -20.365854263305664, 0.0, -21.681880950927734, -28.92920684814453, 0.0, 1557, 1555, 1566, 1512, 10.85815143585205, 24.35223960876465, 0.0, -0.6260678768157959, 28.9674015045166, -0.0, 0.0, 2.8475701808929443, 2.8475701808929443, -0.0, 0.0, 14.021319389343262, 14.021319389343262)
(-0.5150175094604492, 8.264161109924316, 0.0, -1.0, 0.0, 0.0, -16.585365295410156, -1.097561001777649, 0.0, -1.9399299621582031, -33.056644439697266, 0.0, 1503, 1516, 1590, 1582, -0.9105150699615479, -27.364076614379883, 0.0, -4.288415431976318, 30.16192054748535, 0.0, 0.0, -4.769711017608643, -4.769711017608643, -0.0, 0.0, -1.3248766660690308, -1.3248766660690308)
(-0.7919369339942932, 4.38372802734375, 0.0, -1.0, 0.0, 0.0, -10.365853309631348, -4.847560882568359, 0.0, -0.8322522640228271, -17.534912109375, 0.0, 1542, 1573, 1581, 1494, -28.064966201782227, 13.403871536254883, 0.0, -5.416158199310303, 29.85856819152832, 0.0, 0.0, 19.1964054107666, 19.1964054107666, -0.0, 0.0, 13.996559143066406, 13.996559143066406)
(2.1472489833831787, 6.201698303222656, 0.0, -1.0, 0.0, 0.0, 19.878047943115234, -7.8353657722473145, 0.0, -12.588995933532715, -24.806793212890625, 0.0, 1584, 1572, 1523, 1512, 38.433536529541016, -2.2077150344848633, 0.0, -1.6342992782592773, 29.285247802734375, -0.0, 0.0, -10.156569480895996, -10.156569480895996, -0.0, 0.0, 5.834086894989014, 5.834086894989014)
(1.1810041666030884, 1.3311368227005005, 0.0, -1.0, 0.0, 0.0, -26.341463088989258, 1.1280487775802612, 0.0, -8.724016189575195, -5.324547290802002, 0.0, 1502, 1528, 1590, 1574, 1.326233148574829, -30.275339126586914, 0.0, -5.00685977935791, 30.966800689697266, 0.0, 0.0, 0.6465924978256226, 0.6465924978256226, -0.0, 0.0, -2.2824106216430664, -2.2824106216430664)
(-0.7309215664863586, 6.224815845489502, 0.0, 0.0, 0.0, 0.0, 8.231707572937012, 3.932926893234253, 0.0, 2.9236862659454346, -24.899263381958008, 0.0, 1526, 1579, 1539, 1545, -20.128999710083008, -21.158830642700195, 0.0, -5.770577907562256, 31.25506019592285, -0.0, 0.0, 1.9246035814285278, 1.9246035814285278, -0.0, 0.0, -14.540448188781738, -14.540448188781738)
(-1.3399074077606201, 12.178695678710938, 0.0, -1.0, 0.0, 0.0, -3.871951103210449, 1.097561001777649, 0.0, 1.3596296310424805, -48.71478271484375, 0.0, 1519, 1594, 1538, 1538, -15.754648208618164, 2.042809009552002, 0.0, -3.9609744548797607, 29.916038513183594, 0.0, 0.0, 8.800576210021973, 8.800576210021973, -0.0, 0.0, -18.616905212402344, -18.616905212402344)
(-4.199150085449219, 9.290903091430664, 0.0, -1.0, 0.0, 0.0, -7.439024448394775, 4.72560977935791, 0.0, 12.796600341796875, -37.163612365722656, 0.0, 1479, 1565, 1568, 1578, -8.083834648132324, 27.858352661132812, 0.0, -4.089178085327148, 28.195152282714844, 0.0, 0.0, 8.941107749938965, 8.941107749938965, -0.0, 0.0, -23.993444442749023, -23.993444442749023)
(0.6318004131317139, 4.588201522827148, 0.0, -1.0, 0.0, 0.0, 5.121951103210449, -15.70121955871582, 0.0, -6.5272016525268555, -18.352806091308594, 0.0, 1557, 1529, 1571, 1533, 19.551679611206055, -8.300389289855957, 0.0, -4.317074775695801, 26.67716407775879, -0.0, 0.0, -7.733299732208252, -7.733299732208252, -0.0, 0.0, 16.361413955688477, 16.361413955688477)
(-3.036834955215454, 1.9840152263641357, 0.0, -1.0, 0.0, 0.0, -19.817073822021484, -1.3414634466171265, 0.0, 8.147339820861816, -7.936060905456543, 0.0, 1516, 1562, 1529, 1583, 4.874107837677002, -16.552993774414062, 0.0, -7.307319164276123, 26.706279754638672, 0.0, 0.0, -11.65374755859375, -11.65374755859375, -0.0, 0.0, -24.945772171020508, -24.945772171020508)
(-4.246735572814941, 8.810142517089844, 0.0, -1.0, 0.0, 0.0, 1.0365853309631348, 10.457317352294922, 0.0, 12.986942291259766, -35.240570068359375, 0.0, 1541, 1604, 1520, 1525, -40.45427322387695, 42.38365936279297, 0.0, -8.688111305236816, 28.487075805664062, 0.0, 0.0, 4.239010810852051, 4.239010810852051, -0.0, 0.0, -17.145479202270508, -17.145479202270508)
(-4.009759902954102, 5.298408508300781, 0.0, -1.0, 0.0, 0.0, 17.682926177978516, 1.3109755516052246, 0.0, 12.039039611816406, -21.193634033203125, 0.0, 1561, 1556, 1545, 1528, 0.12907886505126953, -15.408285140991211, 0.0, -7.706552028656006, 28.537534713745117, -0.0, 0.0, -7.2197184562683105, -7.2197184562683105, -0.0, 0.0, 5.573281764984131, 5.573281764984131)
(-2.2311456203460693, 7.54406213760376, 0.0, -1.0, 0.0, 0.0, -7.743902206420898, -15.884146690368652, 0.0, 4.924582481384277, -30.17624855041504, 0.0, 1529, 1511, 1603, 1548, 2.291684627532959, 3.575845718383789, 0.0, -6.288259983062744, 28.67778205871582, 0.0, 0.0, -0.6246485114097595, -0.6246485114097595, -0.0, 0.0, 18.33136558532715, 18.33136558532715)
(-2.3116095066070557, 5.63969087600708, 0.0, -1.0, 0.0, 0.0, -9.207317352294922, -3.1097559928894043, 0.0, 5.246438026428223, -22.55876350402832, 0.0, 1566, 1551, 1612, 1533, -16.38639259338379, -30.83576774597168, 0.0, -6.5676798820495605, 29.807201385498047, 0.0, 0.0, 6.026042938232422, 6.026042938232422, -0.0, 0.0, 23.163496017456055, 23.163496017456055)
(-6.31080436706543, 8.471199989318848, 0.0, -1.0, 0.0, 0.0, -6.219511985778809, -17.012195587158203, 0.0, 21.24321746826172, -33.88479995727539, 0.0, 1612, 1575, 1618, 1521, -5.2874603271484375, -21.63951873779297, 0.0, -7.557771682739258, 30.338455200195312, 0.0, 0.0, 5.058267116546631, 5.058267116546631, -0.0, 0.0, 33.454158782958984, 33.454158782958984)
(-3.991006374359131, 6.454436779022217, 0.0, -1.0, 0.0, 0.0, -5.0, 42.25609588623047, 0.0, 11.964025497436523, -25.817747116088867, 0.0, 1486, 1616, 1573, 1647, -40.039188385009766, -8.719757080078125, 0.0, -7.75990629196167, 31.55307960510254, 0.0, 0.0, 4.010359764099121, 4.010359764099121, -0.0, 0.0, -51.0777702331543, -51.0777702331543)
(-3.302581548690796, 6.627397537231445, 0.0, -1.0, 0.0, 0.0, 8.841463088989258, 7.378048896789551, 0.0, 9.210326194763184, -26.50959014892578, 0.0, 1562, 1602, 1595, 1563, -27.807693481445312, 23.103992462158203, 0.0, -6.263413906097412, 30.184785842895508, 0.0, 0.0, 8.097250938415527, 8.097250938415527, -0.0, 0.0, -1.8344248533248901, -1.8344248533248901)
(-4.198789119720459, 4.232113361358643, 0.0, -1.0, 0.0, 0.0, 2.6524391174316406, 7.408536434173584, 0.0, 12.795156478881836, -16.92845344543457, 0.0, 1533, 1576, 1590, 1623, 11.959667205810547, 50.94077682495117, 0.0, -6.990548610687256, 29.959627151489258, 0.0, 0.0, -7.411752700805664, -7.411752700805664, -0.0, 0.0, -18.97801971435547, -18.97801971435547)
(-5.744019031524658, -0.28551751375198364, 0.0, -1.0, 0.0, 0.0, -8.231707572937012, 10.609756469726562, 0.0, 18.976076126098633, 1.1420700550079346, 0.0, 1525, 1576, 1630, 1591, -61.069618225097656, 18.004756927490234, 0.0, -8.765852928161621, 29.93828773498535, 0.0, 0.0, 12.285300254821777, 12.285300254821777, -0.0, 0.0, -3.1821413040161133, -3.1821413040161133)
(-3.4547557830810547, 1.7279094457626343, 0.0, -1.0, 0.0, 0.0, 7.347560882568359, 37.95731735229492, 0.0, 9.819023132324219, -6.911637783050537, 0.0, 1526, 1644, 1567, 1586, -58.80863571166992, -23.83979034423828, 0.0, -7.998782634735107, 31.47685432434082, 0.0, 0.0, 14.758362770080566, 14.758362770080566, -0.0, 0.0, -34.37890625, -34.37890625)
(-2.040210247039795, -3.2895359992980957, 0.0, -1.0, 0.0, 0.0, 2.9573171138763428, -28.231706619262695, 0.0, 4.16084098815918, 13.158143997192383, 0.0, 1583, 1559, 1615, 1565, 0.48382568359375, 72.13685607910156, 0.0, -5.303051948547363, 30.4042911529541, 0.0, 0.0, -3.5622031688690186, -3.5622031688690186, 0.0, 0.0, 18.80419921875, 18.80419921875)
(-3.3654658794403076, 1.8468009233474731, 0.0, -1.0, 0.0, 0.0, -12.469511985778809, 28.689023971557617, 0.0, 9.46186351776123, -7.387203693389893, 0.0, 1518, 1546, 1600, 1658, 33.663394927978516, 27.58642578125, 0.0, -9.394059181213379, 31.959474563598633, 0.0, 0.0, -17.564420700073242, -17.564420700073242, -0.0, 0.0, -21.437490463256836, -21.437490463256836)
(-4.884057998657227, 5.433139801025391, 0.0, -1.0, 0.0, 0.0, -10.091463088989258, 12.195121765136719, 0.0, 15.536231994628906, -21.732559204101562, 0.0, 1543, 1617, 1577, 1584, -21.85133171081543, 39.42155456542969, 0.0, -13.06783676147461, 32.245445251464844, 0.0, 0.0, 6.845679759979248, 6.845679759979248, -0.0, 0.0, -20.285524368286133, -20.285524368286133)
(-6.165009498596191, 7.176487922668457, 0.0, -1.0, 0.0, 0.0, 15.640243530273438, -2.2560975551605225, 0.0, 20.660037994384766, -28.705951690673828, 0.0, 1625, 1626, 1557, 1513, -5.222003936767578, 31.1732177734375, 0.0, -9.67652416229248, 34.94362258911133, 0.0, 0.0, 1.2567821741104126, 1.2567821741104126, -0.0, 0.0, 10.6817045211792, 10.6817045211792)
(-3.522625684738159, 6.676172256469727, 0.0, -1.0, 0.0, 0.0, -6.5853657722473145, -3.841463327407837, 0.0, 10.090502738952637, -26.704689025878906, 0.0, 1538, 1584, 1594, 1606, -2.563504219055176, -15.491933822631836, 0.0, -9.501371383666992, 34.997581481933594, 0.0, 0.0, -1.539462924003601, -1.539462924003601, -0.0, 0.0, -14.665627479553223, -14.665627479553223)
(-1.3081371784210205, 8.682463645935059, 0.0, -1.0, 0.0, 0.0, 12.22560977935791, -17.225608825683594, 0.0, 1.232548713684082, -34.729854583740234, 0.0, 1596, 1552, 1613, 1561, 6.5670952796936035, -8.997309684753418, 0.0, -10.05533218383789, 34.308719635009766, -0.0, 0.0, -8.003582954406738, -8.003582954406738, -0.0, 0.0, 24.0521183013916, 24.0521183013916)
(-1.2955710887908936, 11.178953170776367, 0.0, -1.0, 0.0, 0.0, 1.25, 0.5182926654815674, 0.0, 1.1822843551635742, -44.71581268310547, 0.0, 1557, 1550, 1621, 1593, 4.484687805175781, -14.546463966369629, 0.0, -9.298622131347656, 34.77076721191406, -0.0, 0.0, -4.582557678222656, -4.582557678222656, -0.0, 0.0, 8.977277755737305, 8.977277755737305)
(-0.11315308511257172, 5.602988243103027, 0.0, -1.0, 0.0, 0.0, -12.560976028442383, -13.75, 0.0, -3.5473875999450684, -22.41195297241211, 0.0, 1558, 1600, 1600, 1564, -24.132905960083008, 38.179664611816406, 0.0, -9.563408851623535, 32.21420669555664, 0.0, 0.0, 9.65439510345459, 9.65439510345459, -0.0, 0.0, -1.5684739351272583, -1.5684739351272583)
(1.9269086122512817, 0.8947949409484863, 0.0, -1.0, 0.0, 0.0, 5.762195110321045, -26.890243530273438, 0.0, -11.707633972167969, -3.5791797637939453, 0.0, 1631, 1546, 1636, 1513, 27.858407974243164, 2.5096435546875, 0.0, -7.776822090148926, 31.735090255737305, -0.0, 0.0, -0.524961531162262, -0.524961531162262, 0.0, 0.0, 51.776336669921875, 51.776336669921875)
(-2.7153687477111816, 5.752632141113281, 0.0, 0.0, 0.0, 0.0, -14.115853309631348, -6.158536434173584, 0.0, 10.861474990844727, -23.010528564453125, 0.0, 1587, 1552, 1607, 1576, 12.350615501403809, -7.803311347961426, 0.0, -10.99831771850586, 33.41344451904297, 0.0, 0.0, -10.818995475769043, -10.818995475769043, -0.0, 0.0, 16.484251022338867, 16.484251022338867)
(-4.239049911499023, 1.061888575553894, 0.0, -1.0, 0.0, 0.0, 14.02439022064209, 10.060976028442383, 0.0, 12.956199645996094, -4.247554302215576, 0.0, 1570, 1637, 1536, 1578, -61.6848258972168, -17.059444427490234, 0.0, -11.31798267364502, 33.128849029541016, -0.0, 0.0, -3.9024300575256348, -3.9024300575256348, -0.0, 0.0, -27.342805862426758, -27.342805862426758)
(1.0788872241973877, -0.500058114528656, 0.0, -1.0, 0.0, 0.0, 1.1280487775802612, 28.20121955871582, 0.0, -8.31554889678955, 2.000232458114624, 0.0, 1523, 1569, 1607, 1623, 10.115124702453613, -52.35960006713867, 0.0, -8.184596061706543, 32.195621490478516, -0.0, 0.0, -2.681777000427246, -2.681777000427246, -0.0, 0.0, -15.335575103759766, -15.335575103759766)
(-1.0600091218948364, -0.6863166093826294, 0.0, -1.0, 0.0, 0.0, -6.7682929039001465, 29.817073822021484, 0.0, 0.2400364875793457, 2.7452664375305176, 0.0, 1501, 1580, 1600, 1642, 8.50098991394043, -47.50899124145508, 0.0, -10.380326271057129, 31.877784729003906, 0.0, 0.0, -0.7341161966323853, -0.7341161966323853, -0.0, 0.0, -30.185579299926758, -30.185579299926758)
(-0.8549239039421082, 1.1111444234848022, 0.0, -1.0, 0.0, 0.0, -5.7317070960998535, -2.0426828861236572, 0.0, -0.5803043842315674, -4.444577693939209, 0.0, 1557, 1607, 1595, 1563, -26.97165298461914, 6.844704627990723, 0.0, -10.121941566467285, 31.66542625427246, 0.0, 0.0, 10.479496002197266, 10.479496002197266, -0.0, 0.0, -4.278365612030029, -4.278365612030029)
(-2.2686076164245605, 7.556490421295166, 0.0, -1.0, 0.0, 0.0, 9.02439022064209, -22.5, 0.0, 5.074430465698242, -30.225961685180664, 0.0, 1600, 1586, 1595, 1546, 13.047964096069336, 38.94874572753906, 0.0, -10.02743148803711, 30.865127563476562, -0.0, 0.0, -1.3674883842468262, -1.3674883842468262, -0.0, 0.0, 15.747262954711914, 15.747262954711914)
(-5.269304275512695, 7.4648518562316895, 0.0, -1.0, 0.0, 0.0, -3.3841464519500732, -17.012195587158203, 0.0, 17.07721710205078, -29.859407424926758, 0.0, 1582, 1566, 1620, 1555, -18.813817977905273, -1.437854528427124, 0.0, -11.134594917297363, 31.63250160217285, 0.0, 0.0, 2.2411046028137207, 2.2411046028137207, -0.0, 0.0, 20.28545379638672, 20.28545379638672)
(-2.570114850997925, 8.641730308532715, 0.0, -1.0, 0.0, 0.0, -6.067073345184326, -1.25, 0.0, 6.280459403991699, -34.56692123413086, 0.0, 1541, 1572, 1602, 1608, 2.3433172702789307, 44.907928466796875, 0.0, -10.393893241882324, 31.587371826171875, 0.0, 0.0, -3.5770108699798584, -3.5770108699798584, -0.0, 0.0, -9.278770446777344, -9.278770446777344)
(-4.085008144378662, 11.574509620666504, 0.0, -1.0, 0.0, 0.0, -10.640243530273438, 6.890244007110596, 0.0, 12.340032577514648, -46.298038482666016, 0.0, 1538, 1582, 1618, 1584, -13.608941078186035, 44.40044021606445, 0.0, -11.599841117858887, 32.58188247680664, 0.0, 0.0, 9.233183860778809, 9.233183860778809, -0.0, 0.0, -2.5682783126831055, -2.5682783126831055)
(-1.3048081398010254, 4.120535373687744, 0.0, -1.0, 0.0, 0.0, 9.695121765136719, -13.079268455505371, 0.0, 1.2192325592041016, -16.482141494750977, 0.0, 1572, 1551, 1624, 1575, 32.529396057128906, 4.7877960205078125, 0.0, -9.62255573272705, 33.206573486328125, -0.0, 0.0, -2.9008147716522217, -2.9008147716522217, -0.0, 0.0, 17.773086547851562, 17.773086547851562)
(-0.8933306336402893, 0.7648220658302307, 0.0, -1.0, 0.0, 0.0, -25.182926177978516, -31.64634132385254, 0.0, -0.4266774654388428, -3.059288263320923, 0.0, 1571, 1585, 1626, 1539, -4.695549488067627, 76.19874572753906, 0.0, -11.682308197021484, 31.44879150390625, 0.0, 0.0, 15.297045707702637, 15.297045707702637, 0.0, 0.0, 18.17498016357422, 18.17498016357422)
(-0.11031544953584671, 2.6804893016815186, 0.0, 0.0, 0.0, 0.0, 6.219511985778809, 17.34756088256836, 0.0, 0.44126179814338684, -10.721957206726074, 0.0, 1573, 1613, 1579, 1557, -3.691577911376953, -34.7364501953125, 0.0, -11.262795448303223, 33.68919372558594, -0.0, 0.0, 5.361538887023926, 5.361538887023926, -0.0, 0.0, -4.638706207275391, -4.638706207275391)
(1.2790132761001587, 2.8492021560668945, 0.0, -1.0, 0.0, 0.0, 5.70121955871582, -1.25, 0.0, -9.116052627563477, -11.396808624267578, 0.0, 1598, 1567, 1598, 1559, 32.458213806152344, -61.475948333740234, 0.0, -11.178955078125, 33.78857421875, -0.0, 0.0, -7.68574333190918, -7.68574333190918, -0.0, 0.0, 17.53067970275879, 17.53067970275879)
(-1.3924604654312134, 4.394567966461182, 0.0, -1.0, 0.0, 0.0, -18.810976028442383, -1.5548779964447021, 0.0, 1.5698418617248535, -17.578271865844727, 0.0, 1545, 1571, 1604, 1602, 6.900409698486328, -50.918338775634766, 0.0, -12.911579132080078, 33.688873291015625, 0.0, 0.0, -3.0019519329071045, -3.0019519329071045, -0.0, 0.0, -5.7127509117126465, -5.7127509117126465)
(-0.41394850611686707, 6.865411281585693, 0.0, -1.0, 0.0, 0.0, 12.07317066192627, 2.8658535480499268, 0.0, -2.344205856323242, -27.461645126342773, 0.0, 1570, 1596, 1576, 1580, -11.025683403015137, -14.882244110107422, 0.0, -12.513106346130371, 33.99192428588867, -0.0, 0.0, -4.216649055480957, -4.216649055480957, -0.0, 0.0, -7.383264064788818, -7.383264064788818)
(1.5349922180175781, 18.630416870117188, 0.0, -1.0, 0.0, 0.0, -6.737804889678955, -12.439023971557617, 0.0, -10.139968872070312, -74.52166748046875, 0.0, 1566, 1616, 1577, 1562, -14.795434951782227, 68.24822235107422, 0.0, -12.230332374572754, 32.77195358276367, -0.0, 0.0, 6.437238693237305, 6.437238693237305, -0.0, 0.0, -8.866609573364258, -8.866609573364258)
(-2.840205430984497, 20.020313262939453, 0.0, -1.0, 0.0, 0.0, 8.231707572937012, -12.042682647705078, 0.0, 7.360821723937988, -80.08125305175781, 0.0, 1588, 1611, 1560, 1562, -3.6797127723693848, 31.456634521484375, 0.0, -11.595577239990234, 30.857322692871094, -0.0, 0.0, -4.740005970001221, -4.740005970001221, -0.0, 0.0, -6.334941387176514, -6.334941387176514)
(-0.6466603875160217, 13.73476505279541, 0.0, -1.0, 0.0, 0.0, -3.871951103210449, 10.030488014221191, 0.0, -1.413358449935913, -54.93906021118164, 0.0, 1544, 1567, 1606, 1605, -0.19550085067749023, -3.8427438735961914, 0.0, -11.298473358154297, 31.147871017456055, 0.0, 0.0, -3.8492069244384766, -3.8492069244384766, -0.0, 0.0, -5.450369358062744, -5.450369358062744)
(0.15986675024032593, 14.081997871398926, 0.0, -1.0, 0.0, 0.0, 0.0, -22.19512176513672, 0.0, -4.639467239379883, -56.3279914855957, 0.0, 1590, 1569, 1615, 1548, 27.500198364257812, -11.707420349121094, 0.0, -12.013106346130371, 32.36418151855469, -0.0, 0.0, 1.59071683883667, 1.59071683883667, -0.0, 0.0, 21.777626037597656, 21.777626037597656)
(0.7100275158882141, 10.248976707458496, 0.0, -1.0, 0.0, 0.0, -4.6646342277526855, -21.036584854125977, 0.0, -6.840109825134277, -40.995906829833984, 0.0, 1624, 1587, 1608, 1503, -19.361351013183594, 6.47812557220459, 0.0, -11.908379554748535, 32.91205978393555, -0.0, 0.0, 7.1558918952941895, 7.1558918952941895, -0.0, 0.0, 35.54023742675781, 35.54023742675781)
(-2.0177624225616455, 14.032465934753418, 0.0, -1.0, 0.0, 0.0, -10.27439022064209, -30.670732498168945, 0.0, 4.071049690246582, -56.12986373901367, 0.0, 1609, 1582, 1620, 1511, -3.5618133544921875, 54.553035736083984, 0.0, -11.526826858520508, 33.91967010498047, 0.0, 0.0, 10.427234649658203, 10.427234649658203, -0.0, 0.0, 34.23646545410156, 34.23646545410156)
(-2.0261261463165283, 9.392156600952148, 0.0, -1.0, 0.0, 0.0, -0.6097561120986938, 7.530488014221191, 0.0, 4.104504585266113, -37.568626403808594, 0.0, 1564, 1629, 1543, 1589, -4.563230037689209, -13.291075706481934, 0.0, -11.95853328704834, 34.72041702270508, 0.0, 0.0, -5.3648200035095215, -5.3648200035095215, -0.0, 0.0, -27.7982177734375, -27.7982177734375)
(1.2174243927001953, 4.878720760345459, 0.0, -1.0, 0.0, 0.0, -1.402438998222351, 3.7195122241973877, 0.0, -8.869697570800781, -19.514883041381836, 0.0, 1563, 1608, 1579, 1572, -1.242856502532959, -31.051639556884766, 0.0, -11.737801551818848, 32.554561614990234, -0.0, 0.0, 2.8674514293670654, 2.8674514293670654, -0.0, 0.0, -9.37675666809082, -9.37675666809082)
(-1.7097996473312378, 13.199618339538574, 0.0, -1.0, 0.0, 0.0, 6.95121955871582, -11.890243530273438, 0.0, 2.839198589324951, -52.7984733581543, 0.0, 1582, 1581, 1595, 1564, 35.624061584472656, 37.51804733276367, 0.0, -11.668139457702637, 31.62696647644043, -0.0, 0.0, -2.2300047874450684, -2.2300047874450684, -0.0, -0.0, 8.034942626953125, 8.034942626953125)
(1.193079948425293, 11.4762601852417, 0.0, -1.0, 0.0, 0.0, 3.9634146690368652, 9.390243530273438, 0.0, -8.772319793701172, -45.9050407409668, 0.0, 1535, 1590, 1585, 1613, -1.2192955017089844, -19.511295318603516, 0.0, -12.22819995880127, 31.848766326904297, -0.0, 0.0, -3.3655507564544678, -3.3655507564544678, -0.0, -0.0, -20.709457397460938, -20.709457397460938)
(0.06219308450818062, 6.513677597045898, 0.0, -1.0, 0.0, 0.0, -0.7012194991111755, 0.24390244483947754, 0.0, -4.248772144317627, -26.054710388183594, 0.0, 1591, 1599, 1568, 1564, 3.87111234664917, -16.475494384765625, 0.0, -12.044205665588379, 31.248769760131836, -0.0, 0.0, -6.969355583190918, -6.969355583190918, -0.0, -0.0, -1.1595878601074219, -1.1595878601074219)
(0.03725042939186096, 7.5510663986206055, 0.0, -1.0, 0.0, 0.0, 5.3353657722473145, 16.09756088256836, 0.0, -4.149001598358154, -30.204265594482422, 0.0, 1531, 1580, 1585, 1622, 6.807174205780029, 68.02630615234375, 0.0, -12.324844360351562, 30.97392463684082, -0.0, 0.0, -6.869419574737549, -6.869419574737549, -0.0, -0.0, -21.71013832092285, -21.71013832092285)
(-0.5095773339271545, 9.935920715332031, 0.0, 0.0, 0.0, 0.0, -1.5548779964447021, -13.506097793579102, 0.0, 2.038309335708618, -39.743682861328125, 0.0, 1000, 1000, 1000, 1000, -0.6507697105407715, -3.8150343894958496, 0.0, -11.120119094848633, 31.754261016845703, 0.0, 0.0, 3.0360605716705322, 3.0360605716705322, -0.0, -0.0, 25.337339401245117, 25.337339401245117)
(2.2912402153015137, 6.896470546722412, 0.0, -1.0, 0.0, 0.0, 11.707317352294922, 1.3719512224197388, 0.0, -13.164960861206055, -27.58588218688965, 0.0, 1000, 1000, 1000, 1000, 9.676072120666504, -6.477752685546875, 0.0, -9.95822811126709, 30.427730560302734, -0.0, 0.0, -1.2925500869750977, -1.2925500869750977, -0.0, -0.0, -0.9874858260154724, -0.9874858260154724)
(2.838747978210449, 6.195934295654297, 0.0, -1.0, 0.0, 0.0, -21.310976028442383, 0.8841463327407837, 0.0, -15.354991912841797, -24.783737182617188, 0.0, 1000, 1000, 1000, 1000, 6.081714630126953, 5.171339988708496, 0.0, -11.84755802154541, 30.854412078857422, 0.0, 0.0, 1.787785530090332, 1.787785530090332, -0.0, -0.0, 2.375053882598877, 2.375053882598877)
(0.9669154286384583, 5.442953109741211, 0.0, -1.0, 0.0, 0.0, 2.987804889678955, -10.060976028442383, 0.0, -7.867661476135254, -21.771812438964844, 0.0, 1000, 1000, 1000, 1000, -0.1225733757019043, 0.30567121505737305, 0.0, -13.810209274291992, 29.046178817749023, -0.0, 0.0, -0.47153422236442566, -0.47153422236442566, -0.0, -0.0, 1.3019492626190186, 1.3019492626190186)
(1.3798366785049438, -0.010686742141842842, 0.0, -1.0, 0.0, 0.0, 2.0731706619262695, -4.512195110321045, 0.0, -9.519346237182617, 0.04274696856737137, 0.0, 1000, 1000, 1000, 1000, -3.0195746421813965, -9.570399284362793, 0.0, -12.575302124023438, 26.387948989868164, -0.0, 0.0, 1.3498907089233398, 1.3498907089233398, 0.0, -0.0, -0.6921315789222717, -0.6921315789222717)
(-0.7581297755241394, -3.74763822555542, 0.0, 0.0, 0.0, 0.0, -6.219511985778809, -5.884146213531494, 0.0, 3.0325191020965576, 14.99055290222168, 0.0, 1000, 1000, 1000, 1000, -3.3467655181884766, -9.396080017089844, 0.0, -13.636734008789062, 25.042062759399414, 0.0, 0.0, -0.15570516884326935, -0.15570516884326935, 0.0, -0.0, 1.5228899717330933, 1.5228899717330933)
(-3.0281951427459717, -5.986446380615234, 0.0, -1.0, 0.0, 0.0, 4.4817070960998535, -1.9512195587158203, 0.0, 8.112780570983887, 23.945785522460938, 0.0, 1000, 1000, 1000, 1000, -3.5619611740112305, -8.69985580444336, 0.0, -13.910208702087402, 24.78428840637207, 0.0, 0.0, -0.23397518694400787, -0.23397518694400787, 0.0, -0.0, 0.506829023361206, 0.506829023361206)
(-1.8419301509857178, -6.6452107429504395, 0.0, -1.0, 0.0, 0.0, -1.8902438879013062, -2.2560975551605225, 0.0, 3.367720603942871, 26.580842971801758, 0.0, 1000, 1000, 1000, 1000, -0.29610109329223633, -4.8293890953063965, 0.0, -13.459752082824707, 24.634899139404297, 0.0, 0.0, 0.49472153186798096, 0.49472153186798096, 0.0, -0.0, 0.2870132327079773, 0.2870132327079773)
(-1.7350331544876099, -9.428837776184082, 0.0, -1.0, 0.0, 0.0, -5.853658676147461, -9.207317352294922, 0.0, 2.9401326179504395, 37.71535110473633, 0.0, 1000, 1000, 1000, 1000, -2.130946159362793, -12.357735633850098, 0.0, -14.580331802368164, 23.050138473510742, 0.0, 0.0, -0.05485154315829277, -0.05485154315829277, 0.0, -0.0, -0.016937103122472763, -0.016937103122472763)
(-2.992997169494629, -11.941277503967285, 0.0, -1.0, 0.0, 0.0, -4.115853786468506, -8.04878044128418, 0.0, 7.971988677978516, 47.76511001586914, 0.0, 1000, 1000, 1000, 1000, -5.569273471832275, -17.080862045288086, 0.0, -15.391155242919922, 22.44525909423828, 0.0, 0.0, 2.3195626735687256, 2.3195626735687256, 0.0, -0.0, 2.0114524364471436, 2.0114524364471436)
(-5.229573726654053, -14.875112533569336, 0.0, 0.0, 0.0, 0.0, -6.6768293380737305, -2.0426828861236572, 0.0, 20.91829490661621, 59.500450134277344, 0.0, 1000, 1000, 1000, 1000, -8.023202896118164, -15.17529010772705, 0.0, -16.67011833190918, 20.774978637695312, 0.0, 0.0, 0.8821858763694763, 0.8821858763694763, 0.0, -0.0, 1.2448076009750366, 1.2448076009750366)
(-8.113221168518066, -16.918622970581055, 0.0, -1.0, 0.0, 0.0, 0.0, -10.54878044128418, 0.0, 28.452884674072266, 67.67449188232422, 0.0, 1000, 1000, 1000, 1000, -7.912113189697266, -23.45275115966797, 0.0, -17.140695571899414, 20.50165557861328, 0.0, 0.0, -1.1090328693389893, -1.1090328693389893, 0.0, 0.0, 5.921853065490723, 5.921853065490723)
(-8.988322257995605, -21.209033966064453, 0.0, -1.0, 0.0, 0.0, -4.5731706619262695, -3.0182926654815674, 0.0, 31.953289031982422, 84.83613586425781, 0.0, 1000, 1000, 1000, 1000, -7.341217041015625, -25.038814544677734, 0.0, -17.338712692260742, 18.891281127929688, 0.0, 0.0, -0.11362472176551819, -0.11362472176551819, 0.0, 0.0, 4.591675281524658, 4.591675281524658)
(-7.061486721038818, -20.13445472717285, 0.0, -1.0, 0.0, 0.0, -0.030487805604934692, 4.115853786468506, 0.0, 24.245946884155273, 80.5378189086914, 0.0, 1000, 1000, 1000, 1000, -20.262283325195312, -19.29269027709961, 0.0, -16.486886978149414, 20.31201171875, 0.0, 0.0, -4.333629608154297, -4.333629608154297, 0.0, 0.0, 5.9552388191223145, 5.9552388191223145)
(-6.307379722595215, -20.019535064697266, 0.0, -1.0, 0.0, 0.0, 0.6707317233085632, 12.896341323852539, 0.0, 21.22951889038086, 80.07814025878906, 0.0, 1000, 1000, 1000, 1000, 0.22766685485839844, -17.736061096191406, 0.0, -16.350614547729492, 21.44844627380371, 0.0, 0.0, -2.1102287769317627, -2.1102287769317627, 0.0, 0.0, -1.59833562374115, -1.59833562374115)
(-6.0861124992370605, -14.403495788574219, 0.0, 0.0, 0.0, 0.0, 0.18292683362960815, 2.9573171138763428, 0.0, 24.344449996948242, 57.613983154296875, 0.0, 1000, 1000, 1000, 1000, -4.979617595672607, -4.909579277038574, 0.0, -16.622251510620117, 25.042348861694336, 0.0, 0.0, 0.3155859112739563, 0.3155859112739563, 0.0, 0.0, 4.1122517585754395, 4.1122517585754395)
(-6.57405424118042, -13.849702835083008, 0.0, -1.0, 0.0, 0.0, -0.5792682766914368, 16.829267501831055, 0.0, 22.29621696472168, 55.39881134033203, 0.0, 1000, 1000, 1000, 1000, -8.316004753112793, -6.123691082000732, 0.0, -16.72134017944336, 25.20378303527832, 0.0, 0.0, -0.30105161666870117, -0.30105161666870117, 0.0, 0.0, -0.7195993065834045, -0.7195993065834045)
(-5.910651683807373, -11.96810531616211, 0.0, -1.0, 0.0, 0.0, -1.3414634466171265, 9.939023971557617, 0.0, 19.642606735229492, 47.87242126464844, 0.0, 1000, 1000, 1000, 1000, -6.3124799728393555, -8.279186248779297, 0.0, -16.81005859375, 26.06781005859375, 0.0, 0.0, -0.04583319276571274, -0.04583319276571274, 0.0, 0.0, -0.0672740787267685, -0.0672740787267685)
(-5.930349826812744, -9.916183471679688, 0.0, -1.0, 0.0, 0.0, -0.6707317233085632, -2.2560975551605225, 0.0, 19.721399307250977, 39.66473388671875, 0.0, 1000, 1000, 1000, 1000, -6.633366584777832, -9.476947784423828, 0.0, -16.822555541992188, 26.46002960205078, 0.0, 0.0, 0.33651652932167053, 0.33651652932167053, 0.0, 0.0, -0.9338692426681519, -0.9338692426681519)
(-5.2122368812561035, -8.533869743347168, 0.0, -1.0, 0.0, 0.0, -0.792682945728302, 1.5243902206420898, 0.0, 16.848947525024414, 34.13547897338867, 0.0, 1000, 1000, 1000, 1000, -10.110435485839844, -11.635866165161133, 0.0, -16.674375534057617, 27.616586685180664, 0.0, 0.0, -4.736538887023926, -4.736538887023926, 0.0, 0.0, -5.227168560028076, -5.227168560028076)
(-5.416731357574463, -7.083115100860596, 0.0, 0.0, 0.0, 0.0, -0.060975611209869385, 0.3048780560493469, 0.0, 21.66692543029785, 28.332460403442383, 0.0, 1000, 1000, 1000, 1000, -5.430743217468262, -4.433625221252441, 0.0, -16.65684700012207, 27.83656120300293, 0.0, 0.0, 3.4630866050720215, 3.4630866050720215, 0.0, 0.0, 0.5952637195587158, 0.5952637195587158)
(-5.455999851226807, -6.617955684661865, 0.0, -1.0, 0.0, 0.0, 0.0, 0.7317073345184326, 0.0, 17.823999404907227, 26.47182273864746, 0.0, 1000, 1000, 1000, 1000, -5.116338729858398, -6.586106300354004, 0.0, -16.70425033569336, 27.965984344482422, 0.0, 0.0, -0.02845289744436741, -0.02845289744436741, 0.0, 0.0, -0.03643513470888138, -0.03643513470888138)
(-5.503427028656006, -6.340109348297119, 0.0, -1.0, 0.0, 0.0, -0.09146341681480408, 0.6707317233085632, 0.0, 18.013708114624023, 25.360437393188477, 0.0, 1000, 1000, 1000, 1000, -5.265434265136719, -6.268153190612793, 0.0, -16.755779266357422, 28.10363006591797, 0.0, 0.0, -0.1204402893781662, -0.1204402893781662, 0.0, 0.0, -0.005598586983978748, -0.005598586983978748)
(-5.512925624847412, -6.142961502075195, 0.0, -1.0, 0.0, 0.0, -0.21341463923454285, 0.6707317233085632, 0.0, 18.05170249938965, 24.57184600830078, 0.0, 1000, 1000, 1000, 1000, -5.4347944259643555, -5.579702854156494, 0.0, -16.805320739746094, 28.243267059326172, 0.0, 0.0, 0.05493658408522606, 0.05493658408522606, 0.0, 0.0, -0.08849217742681503, -0.08849217742681503)
(-5.502874851226807, -6.058856964111328, 0.0, -1.0, 0.0, 0.0, -0.27439025044441223, 0.4878048896789551, 0.0, 18.011499404907227, 24.235427856445312, 0.0, 1000, 1000, 1000, 1000, -5.273436546325684, -6.1335015296936035, 0.0, -16.85683822631836, 28.380617141723633, 0.0, 0.0, 0.051311999559402466, 0.051311999559402466, 0.0, 0.0, 0.6614453792572021, 0.6614453792572021)
(-5.513983249664307, -6.010612964630127, 0.0, -1.0, 0.0, 0.0, -0.24390244483947754, 0.5182926654815674, 0.0, 18.055932998657227, 24.042451858520508, 0.0, 1000, 1000, 1000, 1000, -5.534074783325195, -6.032062530517578, 0.0, -16.906984329223633, 28.51583480834961, 0.0, 0.0, 0.033871810883283615, 0.033871810883283615, 0.0, 0.0, -0.010830643586814404, -0.010830643586814404)
(-5.519238471984863, -6.001798629760742, 0.0, -1.0, 0.0, 0.0, -0.24390244483947754, 0.6097561120986938, 0.0, 18.076953887939453, 24.00719451904297, 0.0, 1000, 1000, 1000, 1000, -5.219462871551514, -6.169765472412109, 0.0, -16.960935592651367, 28.653038024902344, 0.0, 0.0, -0.016723893582820892, -0.016723893582820892, 0.0, 0.0, 0.2410099357366562, 0.2410099357366562)
(-5.5225749015808105, -5.98190450668335, 0.0, -1.0, 0.0, 0.0, -0.27439025044441223, 0.6097561120986938, 0.0, 18.090299606323242, 23.9276180267334, 0.0, 1000, 1000, 1000, 1000, -5.340519905090332, -6.3462443351745605, 0.0, -17.014429092407227, 28.786436080932617, 0.0, 0.0, 0.040740080177783966, 0.040740080177783966, 0.0, 0.0, -0.04549061879515648, -0.04549061879515648)
(-5.510218620300293, -5.9501633644104, 0.0, -1.0, 0.0, 0.0, -0.27439025044441223, 0.5792682766914368, 0.0, 18.040874481201172, 23.8006534576416, 0.0, 1000, 1000, 1000, 1000, -5.572359561920166, -6.309248447418213, 0.0, -17.06655502319336, 28.922273635864258, 0.0, 0.0, 0.06951159238815308, 0.06951159238815308, 0.0, 0.0, 0.01893026754260063, 0.01893026754260063)
(-5.4987263679504395, -5.944644451141357, 0.0, -1.0, 0.0, 0.0, -0.21341463923454285, 0.5792682766914368, 0.0, 17.994905471801758, 23.77857780456543, 0.0, 1000, 1000, 1000, 1000, -5.454623222351074, -6.190687656402588, 0.0, -17.119892120361328, 29.05613136291504, 0.0, 0.0, -0.03015858493745327, -0.03015858493745327, 0.0, 0.0, 0.8326993584632874, 0.8326993584632874)
(-5.504386901855469, -5.980874538421631, 0.0, -1.0, 0.0, 0.0, -0.21341463923454285, 0.5487805008888245, 0.0, 18.017547607421875, 23.923498153686523, 0.0, 1000, 1000, 1000, 1000, -5.7148966789245605, -6.353001117706299, 0.0, -17.170495986938477, 29.191511154174805, 0.0, 0.0, -0.026996351778507233, -0.026996351778507233, 0.0, 0.0, 0.0073210448026657104, 0.0073210448026657104)
(-5.506248950958252, -5.956287384033203, 0.0, -1.0, 0.0, 0.0, -0.18292683362960815, 0.5792682766914368, 0.0, 18.024995803833008, 23.825149536132812, 0.0, 1000, 1000, 1000, 1000, -4.993907451629639, -6.031374454498291, 0.0, -17.220333099365234, 29.329017639160156, 0.0, 0.0, -0.05124731361865997, -0.05124731361865997, 0.0, 0.0, -0.014318679459393024, -0.014318679459393024)
(-5.524367332458496, -5.980937480926514, 0.0, -1.0, 0.0, 0.0, -0.21341463923454285, 0.5792682766914368, 0.0, 18.097469329833984, 23.923749923706055, 0.0, 1000, 1000, 1000, 1000, -5.503246307373047, -6.551302433013916, 0.0, -17.271852493286133, 29.463787078857422, 0.0, 0.0, 0.034772567451000214, 0.034772567451000214, 0.0, 0.0, 0.03883795440196991, 0.03883795440196991)
(-5.509317874908447, -5.967187404632568, 0.0, -1.0, 0.0, 0.0, -0.15243902802467346, 0.5182926654815674, 0.0, 18.03727149963379, 23.868749618530273, 0.0, 1000, 1000, 1000, 1000, -5.481093406677246, -5.776459693908691, 0.0, -17.32093620300293, 29.599470138549805, 0.0, 0.0, -0.0491870753467083, -0.0491870753467083, 0.0, 0.0, 0.05451495200395584, 0.05451495200395584)
(-5.534165382385254, -5.957216739654541, 0.0, -1.0, 0.0, 0.0, -0.21341463923454285, 0.5182926654815674, 0.0, 18.136661529541016, 23.828866958618164, 0.0, 1000, 1000, 1000, 1000, -5.25059700012207, -6.289763927459717, 0.0, -17.3754940032959, 29.735767364501953, 0.0, 0.0, -0.07788432389497757, -0.07788432389497757, 0.0, 0.0, 1.3687623739242554, 1.3687623739242554)
(-5.551346778869629, -5.953537464141846, 0.0, -1.0, 0.0, 0.0, -0.24390244483947754, 0.6097561120986938, 0.0, 18.205387115478516, 23.814149856567383, 0.0, 1000, 1000, 1000, 1000, -5.58050012588501, -6.315281867980957, 0.0, -17.42777442932129, 29.87084197998047, 0.0, 0.0, 0.05416040122509003, 0.05416040122509003, 0.0, 0.0, -0.04258232191205025, -0.04258232191205025)
(-5.519923210144043, -5.953934192657471, 0.0, -1.0, 0.0, 0.0, -0.21341463923454285, 0.6402438879013062, 0.0, 18.079692840576172, 23.815736770629883, 0.0, 1000, 1000, 1000, 1000, -5.571250915527344, -6.015716075897217, 0.0, -17.477008819580078, 30.005455017089844, 0.0, 0.0, -0.16151577234268188, -0.16151577234268188, 0.0, 0.0, -0.10495254397392273, -0.10495254397392273)
(-5.516097068786621, -5.972232341766357, 0.0, -1.0, 0.0, 0.0, -0.3353658616542816, 0.5182926654815674, 0.0, 18.064388275146484, 23.88892936706543, 0.0, 1000, 1000, 1000, 1000, -5.341921806335449, -5.9853925704956055, 0.0, -17.529895782470703, 30.144495010375977, 0.0, 0.0, 0.13385821878910065, 0.13385821878910065, 0.0, 0.0, 0.050772979855537415, 0.050772979855537415)
(-5.524665832519531, -5.980466842651367, 0.0, -1.0, 0.0, 0.0, -0.3048780560493469, 0.5487805008888245, 0.0, 18.098663330078125, 23.92186737060547, 0.0, 1000, 1000, 1000, 1000, -5.354630947113037, -6.146087646484375, 0.0, -17.583852767944336, 30.279415130615234, 0.0, 0.0, 0.08743569999933243, 0.08743569999933243, 0.0, 0.0, 0.0467914454638958, 0.0467914454638958)
(-5.533376693725586, -5.959150314331055, 0.0, -1.0, 0.0, 0.0, -0.15243902802467346, 0.6707317233085632, 0.0, 18.133506774902344, 23.83660125732422, 0.0, 1000, 1000, 1000, 1000, -5.844235420227051, -6.316164493560791, 0.0, -17.63719367980957, 30.419052124023438, 0.0, 0.0, -0.029832778498530388, -0.029832778498530388, 0.0, 0.0, 1.1422603130340576, 1.1422603130340576)
(-5.513118267059326, -5.957029342651367, 0.0, -1.0, 0.0, 0.0, -0.18292683362960815, 0.5792682766914368, 0.0, 18.052473068237305, 23.82811737060547, 0.0, 1000, 1000, 1000, 1000, -5.4212188720703125, -6.348456859588623, 0.0, -17.689315795898438, 30.554277420043945, 0.0, 0.0, -0.026637008413672447, -0.026637008413672447, 0.0, 0.0, 0.0028388213831931353, 0.0028388213831931353)
(-5.514439582824707, -5.980951309204102, 0.0, 0.0, 0.0, 0.0, -0.24390244483947754, 0.6097561120986938, 0.0, 22.057758331298828, 23.923805236816406, 0.0, 1000, 1000, 1000, 1000, -5.105453968048096, -5.870927333831787, 0.0, -17.740833282470703, 30.69223976135254, 0.0, 0.0, 0.6078072190284729, 0.6078072190284729, 0.0, 0.0, 0.0016194458585232496, 0.0016194458585232496)