
(-5.582766056060791, -4.9558539390563965, 0.0, -1.0, 0.0, 0.0, -0.5799313187599182, 1.6637862920761108, 0.0, 45.827659606933594, 49.55854034423828, 0.0, 1000, 1000, 1000, 1000, -5.510592460632324, -5.427082061767578, 0.0, -0.8173685669898987, 2.2278406620025635, 6.961138725280762, 4.664744853973389, 0.04318122938275337, 11.669065475463867, 7.184212684631348, 4.690420150756836, -0.15885181725025177, 11.715781211853027)
(-5.55349588394165, -4.95005464553833, 0.0, -1.0, 0.0, 0.0, -0.5493969321250916, 1.2363053560256958, 0.0, 45.53495788574219, 49.500545501708984, 0.0, 1000, 1000, 1000, 1000, -5.553028583526611, -5.590989589691162, 0.0, -0.9109804034233093, 2.51348614692688, 6.912652969360352, 5.235049247741699, -0.06631343066692352, 12.081389427185059, 7.239635944366455, 5.257628440856934, 0.010598266497254372, 12.507862091064453)
(-5.54455041885376, -4.937791347503662, 0.0, -1.0, 0.0, 0.0, -0.13718320429325104, 1.5263817310333252, 0.0, 45.44550323486328, 49.37791442871094, 0.0, 1000, 1000, 1000, 1000, -5.377223014831543, -5.501611709594727, 0.0, -0.9948977828025818, 2.823331117630005, 6.837403297424316, 5.7738237380981445, -0.05656800791621208, 12.554658889770508, 7.177729606628418, 5.823833465576172, -0.04969135299324989, 12.951871871948242)
(-5.540278911590576, -4.982695579528809, 0.0, -1.0, 0.0, 0.0, -0.38145801424980164, 2.0454657077789307, 0.0, 45.40279006958008, 49.82695770263672, 0.0, 1000, 1000, 1000, 1000, -5.6522088050842285, -5.668736457824707, 0.0, -1.1113344430923462, 3.0808095932006836, 6.8676371574401855, 6.315643787384033, -0.0721336156129837, 13.111146926879883, 7.1672234535217285, 6.380678176879883, -0.21759147942066193, 13.330309867858887)
(-5.510682582855225, -4.845576763153076, 0.0, 0.0, 0.0, 0.0, 0.7330458164215088, 2.3813436031341553, 0.0, 55.10682678222656, 48.45576858520508, 0.0, 1000, 1000, 1000, 1000, -5.17744779586792, -5.425574779510498, 0.0, -1.1774656772613525, 3.380882740020752, 8.15606689453125, 6.862618923187256, 1.5406056642532349, 16.55929183959961, 6.911163806915283, 6.942096710205078, -0.23753148317337036, 13.615729331970215)
(-5.693880558013916, -5.1447978019714355, 0.0, -1.0, 0.0, 0.0, -5.633366584777832, -5.878198623657227, 0.0, 46.938804626464844, 51.44797897338867, 0.0, 1000, 1000, 1000, 1000, -5.180709362030029, -4.483957767486572, 0.0, -1.6767264604568481, 3.2169103622436523, 7.8858256340026855, 7.446131706237793, 0.6953998804092407, 16.02735710144043, 8.598926544189453, 7.528275966644287, 1.2570756673812866, 17.384279251098633)
(-6.376974582672119, -8.155472755432129, 0.0, -1.0, 0.0, 0.0, 4.381900787353516, -38.504154205322266, 0.0, 53.769744873046875, 81.55472564697266, 0.0, 1000, 1000, 1000, 1000, -5.450506687164307, -16.023014068603516, 0.0, -2.250567674636841, 0.17683130502700806, 7.408176422119141, 8.076465606689453, -1.5032494068145752, 13.981392860412598, 18.008832931518555, 8.383439064025879, 5.3220930099487305, 31.714365005493164)
(-6.1204609870910645, -17.73418617248535, 0.0, -1.0, 0.0, 0.0, -8.076114654541016, 30.80882453918457, 0.0, 51.20460891723633, 177.34185791015625, 0.0, 1000, 1000, 1000, 1000, -5.114357948303223, -27.49786376953125, 0.0, -1.8831111192703247, -6.918056488037109, 8.892108917236328, 8.651281356811523, 2.0174150466918945, 19.56080436706543, 21.979955673217773, 10.35700798034668, -5.21084451675415, 27.126117706298828)
(-7.435892105102539, -14.53964614868164, 0.0, -1.0, 0.0, 0.0, -6.015045642852783, 8.625617980957031, 0.0, 64.35891723632812, 145.39645385742188, 0.0, 1000, 1000, 1000, 1000, -11.942054748535156, -15.185151100158691, 0.0, -2.5023725032806396, -4.7071428298950195, 10.5560941696167, 9.370206832885742, 1.433178424835205, 21.359479904174805, 20.515626907348633, 12.044633865356445, -2.7158825397491455, 29.844377517700195)
(-6.612785816192627, -16.123863220214844, 0.0, -1.0, 0.0, 0.0, 3.404801607131958, -21.893465042114258, 0.0, 56.12785720825195, 161.23863220214844, 0.0, 1000, 1000, 1000, 1000, -5.217073440551758, -20.51860809326172, 0.0, -2.9730074405670166, -5.645237445831299, 7.908458709716797, 10.149914741516113, -1.5254210233688354, 16.53295135498047, 27.46981430053711, 13.769670486450195, 2.2648141384124756, 43.50429916381836)
(-6.045388221740723, -17.071075439453125, 0.0, -1.0, 0.0, 0.0, -3.2822213172912598, 7.38897705078125, 0.0, 50.453880310058594, 170.71075439453125, 0.0, 1000, 1000, 1000, 1000, -7.838855743408203, -26.72966957092285, 0.0, -3.1563901901245117, -5.424247741699219, 8.060415267944336, 10.781547546386719, 0.2425527423620224, 19.084516525268555, 24.498266220092773, 15.80829906463623, 2.556304693222046, 42.86286926269531)
(-6.228952407836914, -16.0851993560791, 0.0, 0.0, 0.0, 0.0, 2.336099147796631, 25.434778213500977, 0.0, 62.28952407836914, 160.85198974609375, 0.0, 1000, 1000, 1000, 1000, -19.343202590942383, -9.177234649658203, 0.0, -3.234658718109131, -3.3053953647613525, 8.993014335632324, 11.378702163696289, 4.333820343017578, 24.705535888671875, 20.312580108642578, 17.79994773864746, -3.2627856731414795, 34.8497428894043)
(-5.256073951721191, -18.07703399658203, 0.0, -1.0, 0.0, 0.0, 31.420068740844727, -4.840030670166016, 0.0, 42.56073760986328, 180.7703399658203, 0.0, 1000, 1000, 1000, 1000, -4.037919521331787, -28.732044219970703, 0.0, 1.146156668663025, -6.656237602233887, 1.671100378036499, 11.881512641906738, -2.1019742488861084, 11.450638771057129, 27.841554641723633, 19.863542556762695, 0.34583795070648193, 48.050933837890625)
(-5.802695274353027, -15.047697067260742, 0.0, -1.0, 0.0, 0.0, -18.534130096435547, 28.274473190307617, 0.0, 48.026954650878906, 150.4769744873047, 0.0, 1000, 1000, 1000, 1000, -4.903594017028809, -7.981817245483398, 0.0, -0.9509656429290771, -0.8160895705223083, 9.984162330627441, 12.420563697814941, 1.683018684387207, 24.087743759155273, 18.33037567138672, 21.755908966064453, -1.6292893886566162, 38.456993103027344)
(-5.347497463226318, -11.195639610290527, 0.0, -1.0, 0.0, 0.0, 24.41243553161621, 18.213403701782227, 0.0, 43.4749755859375, 111.9563980102539, 0.0, 1000, 1000, 1000, 1000, -3.098536491394043, -10.818428039550781, 0.0, -1.7949596643447876, 1.0249000787734985, 2.8593809604644775, 13.118362426757812, -5.384908676147461, 10.592835426330566, 14.06144905090332, 23.093448638916016, -3.4141366481781006, 33.740760803222656)
(5.56145715713501, -4.603932857513428, 0.0, -1.0, 0.0, 0.0, 32.717777252197266, 16.213403701782227, 0.0, -65.61457061767578, 46.039329528808594, 0.0, 1000, 1000, 1000, 1000, 7.997010707855225, -10.683782577514648, 0.0, 7.480741500854492, 4.362607479095459, -14.749853134155273, 12.563949584960938, -3.950357675552368, -6.136260986328125, 4.473888874053955, 23.737150192260742, -0.8250519633293152, 27.385988235473633)
(4.680426120758057, -0.5160275101661682, 0.0, -1.0, 0.0, 0.0, -32.1829833984375, -3.114839792251587, 0.0, -56.80426025390625, 5.160274982452393, 0.0, 1000, 1000, 1000, 1000, 1.1786264181137085, 3.7234649658203125, 0.0, 5.720028400421143, 8.845200538635254, -3.6931915283203125, 11.758475303649902, 4.888790607452393, 12.95407485961914, 1.241267204284668, 23.762454986572266, 2.10306453704834, 27.106786727905273)
(-4.358712196350098, -0.8268234729766846, 0.0, -1.0, 0.0, 0.0, -0.7173358798027039, -4.794229030609131, 0.0, 33.587120056152344, 8.268234252929688, 0.0, 1000, 1000, 1000, 1000, -5.649945259094238, -3.5588202476501465, 0.0, -1.8911408185958862, 8.563669204711914, 5.145668029785156, 12.145354270935059, -2.1137924194335938, 15.177229881286621, 1.9593695402145386, 23.85016632080078, 0.8913438320159912, 26.70088005065918)
(0.3150328993797302, -2.80865216255188, 0.0, -1.0, 0.0, 0.0, 33.496402740478516, -15.756060600280762, 0.0, -13.150328636169434, 28.08652114868164, 0.0, 1000, 1000, 1000, 1000, 0.5815209150314331, -3.8031935691833496, 0.0, 2.8879950046539307, 7.708705902099609, -6.997009754180908, 12.106535911560059, -4.441897869110107, 0.6676283478736877, 6.576387405395508, 24.05942726135254, 2.004319190979004, 32.640132904052734)
(8.278657913208008, -2.857267379760742, 0.0, -1.0, 0.0, 0.0, 3.7101449966430664, -4.687358856201172, 0.0, -92.78657531738281, 28.572673797607422, 0.0, 1000, 1000, 1000, 1000, 9.917510986328125, -1.0430142879486084, 0.0, 9.642321586608887, 7.7877888679504395, -14.474508285522461, 11.089168548583984, 0.9167476892471313, -2.4685916900634766, 4.989005088806152, 24.409639358520508, 0.6493216753005981, 30.04796600341797)
(2.6975395679473877, -0.42501088976860046, 0.0, -1.0, 0.0, 0.0, -11.587564468383789, 9.373709678649902, 0.0, -36.97539520263672, 4.25010871887207, 0.0, 1000, 1000, 1000, 1000, 1.002840518951416, 0.4014434814453125, 0.0, 4.035658359527588, 10.679924011230469, -3.8081746101379395, 10.551657676696777, -0.8537533283233643, 5.889729976654053, -0.7685401439666748, 24.498729705810547, 0.47010672092437744, 24.20029640197754)
(4.345592498779297, -0.08582016080617905, 0.0, -1.0, 0.0, 0.0, 4.916252136230469, 2.3660762310028076, 0.0, -53.45592498779297, 0.8582016229629517, 0.0, 1000, 1000, 1000, 1000, 3.46028208732605, 0.40743350982666016, 0.0, 6.202657222747803, 11.042516708374023, -8.755826950073242, 9.936310768127441, 0.5134445428848267, 1.693928599357605, -0.22618119418621063, 24.49258041381836, -0.33814898133277893, 23.928251266479492)
(2.398475170135498, -0.15772567689418793, 0.0, -1.0, 0.0, 0.0, -13.587564468383789, -3.5881221294403076, 0.0, -33.9847526550293, 1.5772567987442017, 0.0, 1000, 1000, 1000, 1000, 1.815584659576416, -0.9856915473937988, 0.0, 4.543015003204346, 10.94526481628418, -3.0595781803131104, 9.496587753295898, -0.21522459387779236, 6.221784591674805, 0.7748068571090698, 24.49413299560547, 0.8940561413764954, 26.162996292114258)
(-0.00097936752717942, -1.0023155212402344, 0.0, -1.0, 0.0, 0.0, -0.9768778681755066, 3.572183132171631, 0.0, -9.990206718444824, 10.023155212402344, 0.0, 1000, 1000, 1000, 1000, -0.19788622856140137, -1.7624588012695312, 0.0, 2.4032187461853027, 10.635188102722168, -1.351999282836914, 9.379735946655273, -0.3750809133052826, 7.652656078338623, 0.9676458239555359, 24.589500427246094, -0.88592928647995, 24.67121696472168)
(0.4816634953022003, -0.26157426834106445, 0.0, -1.0, 0.0, 0.0, 0.030755724757909775, 8.747756004333496, 0.0, -14.816635131835938, 2.6157426834106445, 0.0, 1000, 1000, 1000, 1000, 0.28150081634521484, -0.7689805030822754, 0.0, 2.8696069717407227, 11.803733825683594, -2.2271087169647217, 9.212398529052734, 0.44563567638397217, 7.430925369262695, -0.9198020100593567, 24.62075424194336, -0.9588416218757629, 22.742111206054688)
(0.37022337317466736, 0.7658678889274597, 0.0, -1.0, 0.0, 0.0, -1.3585572242736816, -2.504152774810791, 0.0, -13.70223331451416, -7.658679008483887, 0.0, 1000, 1000, 1000, 1000, 0.6409839391708374, 0.5195736885070801, 0.0, 2.679506540298462, 12.712966918945312, -1.8515512943267822, 9.060163497924805, 0.24646270275115967, 7.455075263977051, -0.7731789350509644, 24.52499008178711, 0.8054762482643127, 24.557287216186523)
(-0.05012921243906021, 0.5607823729515076, 0.0, -1.0, 0.0, 0.0, -0.9310763478279114, -1.4049160480499268, 0.0, -9.49870777130127, -5.607823848724365, 0.0, 1000, 1000, 1000, 1000, -0.10117721557617188, -0.34006595611572266, 0.0, 2.148184299468994, 12.770367622375488, -1.2851448059082031, 8.984454154968262, -0.19649839401245117, 7.502811431884766, -0.63043612241745, 24.42839813232422, 0.5579323172569275, 24.355894088745117)
(0.04685601219534874, 0.009257272817194462, 0.0, -1.0, 0.0, 0.0, -4.686801433563232, -2.153007745742798, 0.0, -10.468560218811035, -0.09257272630929947, 0.0, 1000, 1000, 1000, 1000, -0.06591105461120605, -0.27800512313842773, 0.0, 2.1063272953033447, 12.430594444274902, -0.8672637939453125, 8.865270614624023, 0.8394896984100342, 8.837496757507324, 0.3090652525424957, 24.409318923950195, -0.0938216969370842, 24.624561309814453)
(-0.04211483150720596, -0.656473696231842, 0.0, -1.0, 0.0, 0.0, 3.5269389152526855, 2.4424121379852295, 0.0, -9.578851699829102, 6.564736843109131, 0.0, 1000, 1000, 1000, 1000, 0.17897272109985352, -1.4473204612731934, 0.0, 1.950577735900879, 12.190590858459473, -1.9658687114715576, 8.779123306274414, -0.45944735407829285, 6.353806972503662, 0.6183487176895142, 24.458751678466797, -0.6423150897026062, 24.434785842895508)
(0.4678725004196167, -0.5133447647094727, 0.0, 0.0, 0.0, 0.0, -2.2135190963745117, 1.0378320217132568, 0.0, -4.678725242614746, 5.133447647094727, 0.0, 1000, 1000, 1000, 1000, 1.0235933065414429, -0.4031343460083008, 0.0, 2.2565839290618896, 12.717991828918457, -0.36978092789649963, 8.632257461547852, 1.3143508434295654, 9.576827049255371, 0.6143423318862915, 24.500713348388672, 0.04777013137936592, 25.162824630737305)
(0.3599241375923157, -0.6763882637023926, 0.0, -1.0, 0.0, 0.0, 1.313198447227478, -1.4812519550323486, 0.0, -13.599241256713867, 6.763882637023926, 0.0, 1000, 1000, 1000, 1000, 0.23314273357391357, -1.9374909400939941, 0.0, 2.0341169834136963, 12.680432319641113, -2.236865997314453, 8.496732711791992, -0.11464376747608185, 6.145223617553711, 1.2367701530456543, 24.558860778808594, 0.3110291361808777, 26.106660842895508)
(0.40952444076538086, -1.0763137340545654, 0.0, -1.0, 0.0, 0.0, -0.8089389204978943, 1.999664068222046, 0.0, -14.095244407653809, 10.763137817382812, 0.0, 1000, 1000, 1000, 1000, 0.763515830039978, -1.514857292175293, 0.0, 1.9705820083618164, 12.739818572998047, -1.9929457902908325, 8.337329864501953, 0.07144666463136673, 6.415830612182617, 1.314521074295044, 24.662948608398438, 0.11776556819677353, 26.09523582458496)
(0.46855854988098145, -1.1941959857940674, 0.0, -1.0, 0.0, 0.0, 1.8017480373382568, -0.0308702290058136, 0.0, -14.685585021972656, 11.941959381103516, 0.0, 1000, 1000, 1000, 1000, 1.1346442699432373, -0.31276369094848633, 0.0, 1.957962989807129, 12.833020210266113, -2.473099946975708, 8.175806045532227, -0.28793343901634216, 5.414772987365723, 1.795924425125122, 24.78732681274414, 0.15642863512039185, 26.73967933654785)
(0.5513517260551453, -1.5755889415740967, 0.0, -1.0, 0.0, 0.0, -0.030312977731227875, 1.1141679286956787, 0.0, -15.513517379760742, 15.755889892578125, 0.0, 1000, 1000, 1000, 1000, 0.5958869457244873, -1.7525200843811035, 0.0, 1.8669463396072388, 12.736297607421875, -2.3224806785583496, 8.031003952026367, -0.6133432388305664, 5.095180511474609, 2.196258306503296, 24.958106994628906, -0.03332500904798508, 27.12104034423828)
(0.34289443492889404, -1.697351336479187, 0.0, -1.0, 0.0, 0.0, -0.640999972820282, -0.21407634019851685, 0.0, -13.42894458770752, 16.973512649536133, 0.0, 1000, 1000, 1000, 1000, 0.262980580329895, -2.0279061794281006, 0.0, 1.4816557168960571, 12.867820739746094, -1.91819167137146, 7.8730621337890625, -0.06847698241472244, 5.8863935470581055, 2.5781383514404297, 25.13405418395996, 0.2015623152256012, 27.913755416870117)
(0.14555113017559052, -2.0546793937683105, 0.0, -1.0, 0.0, 0.0, 0.626175582408905, 0.7477557063102722, 0.0, -11.455511093139648, 20.546794891357422, 0.0, 1000, 1000, 1000, 1000, 0.30707550048828125, -2.5811705589294434, 0.0, 1.4238450527191162, 12.817893028259277, -1.8122529983520508, 7.729185581207275, -0.148047536611557, 5.768885135650635, 2.969856023788452, 25.360502243041992, 0.03393290191888809, 28.36429214477539)
(0.12057466804981232, -2.484618902206421, 0.0, 0.0, 0.0, 0.0, -3.2822213172912598, 0.19813740253448486, 0.0, -1.2057466506958008, 24.846189498901367, 0.0, 1000, 1000, 1000, 1000, 0.3517340421676636, -2.58113169670105, 0.0, 1.234431505203247, 12.708656311035156, 0.31147119402885437, 7.5945725440979, 2.98429536819458, 10.890338897705078, 3.6972079277038574, 25.641820907592773, 0.12732653319835663, 29.46635627746582)
(-0.038318682461977005, -2.583150863647461, 0.0, -1.0, 0.0, 0.0, 0.04602289944887161, 0.7477557063102722, 0.0, -9.616812705993652, 25.83150863647461, 0.0, 1000, 1000, 1000, 1000, 0.6740472316741943, -3.8096766471862793, 0.0, 1.1674410104751587, 12.715248107910156, -1.449425458908081, 7.562058448791504, -0.004326208028942347, 6.108306407928467, 3.7625629901885986, 25.82377052307129, -0.07950975745916367, 29.50682258605957)
(0.17025098204612732, -2.6877713203430176, 0.0, -1.0, 0.0, 0.0, -1.1906182765960693, -0.015603053383529186, 0.0, -11.702509880065918, 26.87771224975586, 0.0, 1000, 1000, 1000, 1000, 1.3454971313476562, -3.6756844520568848, 0.0, 1.0045160055160522, 12.823491096496582, -1.5767836570739746, 7.444026947021484, -0.030345743522047997, 5.836897373199463, 4.033997058868408, 26.113052368164062, 0.7870620489120483, 30.934112548828125)
(0.05384986847639084, -2.930741310119629, 0.0, -1.0, 0.0, 0.0, -0.6104656457901001, 0.5340152382850647, 0.0, -10.538498878479004, 29.30741310119629, 0.0, 1000, 1000, 1000, 1000, 0.3026249408721924, -3.4238977432250977, 0.0, 0.5461708903312683, 12.854790687561035, -1.4892048835754395, 7.336540222167969, -0.16020745038986206, 5.687128067016602, 4.316009521484375, 26.4451847076416, 0.0939793586730957, 30.855173110961914)
(-0.03565991297364235, -3.194457530975342, 0.0, -1.0, 0.0, 0.0, -1.6180992126464844, 0.3050076365470886, 0.0, -9.643401145935059, 31.944576263427734, 0.0, 1000, 1000, 1000, 1000, -0.3723607063293457, -4.048261642456055, 0.0, 0.3510321378707886, 12.94044017791748, -1.203795313835144, 7.25463342666626, 0.2348477989435196, 6.285686016082764, 4.745935440063477, 26.791336059570312, 0.47279131412506104, 32.01006317138672)
(0.30927765369415283, -3.1101741790771484, 0.0, -1.0, 0.0, 0.0, 2.442969560623169, 1.0683664083480835, 0.0, -13.09277629852295, 31.101741790771484, 0.0, 1000, 1000, 1000, 1000, 0.715234637260437, -3.455164909362793, 0.0, 0.666274905204773, 13.412652969360352, -2.330361843109131, 7.12207555770874, -0.07810651510953903, 4.713607311248779, 4.505006313323975, 27.13735008239746, 0.017709694802761078, 31.660066604614258)
(0.0901823341846466, -2.98606014251709, 0.0, -1.0, 0.0, 0.0, -0.5035954117774963, -0.9010992646217346, 0.0, -10.901823043823242, 29.8606014251709, 0.0, 1000, 1000, 1000, 1000, 0.21331703662872314, -2.858909845352173, 0.0, 0.27342626452445984, 13.659671783447266, -1.5597341060638428, 6.995522499084473, -0.19861148297786713, 5.237176895141602, 4.614255428314209, 27.483179092407227, 0.3203771710395813, 32.41781234741211)
(0.5099451541900635, -3.6570374965667725, 0.0, 0.0, 0.0, 0.0, -0.07611450552940369, 1.4195114374160767, 0.0, -5.099451541900635, 36.57037353515625, 0.0, 1000, 1000, 1000, 1000, 2.5938045978546143, -7.782548904418945, 0.0, 0.5180583596229553, 13.367379188537598, -0.7535005211830139, 6.857175350189209, 0.7688313126564026, 6.872506141662598, 5.272629737854004, 27.891674041748047, -0.28752949833869934, 32.876773834228516)
(0.22388899326324463, -3.6156365871429443, 0.0, -1.0, 0.0, 0.0, -3.495961904525757, 2.564549684524536, 0.0, -12.238889694213867, 36.15636444091797, 0.0, 1000, 1000, 1000, 1000, 2.571690082550049, -4.368129730224609, 0.0, -0.055858951061964035, 13.6849365234375, -1.3114391565322876, 6.725720405578613, 0.2550082206726074, 5.6692891120910645, 5.0387725830078125, 28.300235748291016, -0.4078739583492279, 32.93113327026367)
(-0.2723257541656494, -3.344409465789795, 0.0, -1.0, 0.0, 0.0, -2.8242061138153076, 0.32027480006217957, 0.0, -7.276742458343506, 33.444095611572266, 0.0, 1000, 1000, 1000, 1000, -0.2142636775970459, -1.575343132019043, 0.0, -0.5288604497909546, 14.23791217803955, -0.6678804755210876, 6.62978982925415, 0.4930061101913452, 6.454915523529053, 4.968573093414307, 28.675317764282227, 0.19963142275810242, 33.84352111816406)
(-1.049022912979126, -3.465198040008545, 0.0, -1.0, 0.0, 0.0, 0.5803740620613098, -0.3514809012413025, 0.0, 0.49022912979125977, 34.651981353759766, 0.0, 1000, 1000, 1000, 1000, -0.870506763458252, -4.2481279373168945, 0.0, -1.0836938619613647, 14.397452354431152, -0.013521740213036537, 6.633368015289307, -0.16554568707942963, 6.454300403594971, 5.250519752502441, 29.064437866210938, 0.2602624297142029, 34.575218200683594)
(-0.9088889360427856, -4.237557411193848, 0.0, -1.0, 0.0, 0.0, -1.1600840091705322, 3.312641143798828, 0.0, -0.9111106395721436, 42.375572204589844, 0.0, 1000, 1000, 1000, 1000, -0.02872443199157715, -4.714534282684326, 0.0, -1.2065424919128418, 14.101725578308105, 0.0373460054397583, 6.674962520599365, -0.6272222399711609, 6.085086345672607, 5.859439849853516, 29.529369354248047, -1.0102190971374512, 34.37858963012695)
(-0.795398473739624, -2.9686079025268555, 0.0, -1.0, 0.0, 0.0, -2.1524503231048584, 1.0683664083480835, 0.0, -2.0460152626037598, 29.686079025268555, 0.0, 1000, 1000, 1000, 1000, -0.4913902282714844, -3.0504543781280518, 0.0, -1.308322787284851, 15.375081062316895, 0.015965258702635765, 6.654233455657959, 0.2461891621351242, 6.916388034820557, 4.292656898498535, 29.866134643554688, 0.8040979504585266, 34.962890625)
(-1.2784078121185303, -3.2596211433410645, 0.0, -1.0, 0.0, 0.0, -2.1524503231048584, 4.076000213623047, 0.0, 2.7840781211853027, 32.59621047973633, 0.0, 1000, 1000, 1000, 1000, -1.510521650314331, -2.72576642036438, 0.0, -1.8052172660827637, 15.408361434936523, 0.7404792308807373, 6.678432464599609, 0.19854801893234253, 7.617459774017334, 4.278031349182129, 30.235279083251953, -0.5504672527313232, 33.96284103393555)
(-1.4254647493362427, -3.40533709526062, 0.0, -1.0, 0.0, 0.0, -1.9081755876541138, 1.694320559501648, 0.0, 4.254647254943848, 34.05337142944336, 0.0, 1000, 1000, 1000, 1000, -0.821993350982666, -4.004354476928711, 0.0, -2.020354986190796, 15.638586044311523, 0.9244233965873718, 6.738228797912598, 0.3077469766139984, 7.970398902893066, 4.853857517242432, 30.621240615844727, -0.0005018844385631382, 35.47459411621094)
(-1.7644425630569458, -3.540647268295288, 0.0, -1.0, 0.0, 0.0, -3.6486334800720215, 6.671419620513916, 0.0, 7.644425392150879, 35.406471252441406, 0.0, 1100, 1100, 1103, 1100, -4.581272125244141, -4.874519348144531, 0.0, -2.2582414150238037, 16.12842559814453, 1.6939587593078613, 6.85875940322876, 1.264726996421814, 9.817444801330566, 4.310257911682129, 30.9612979888916, 0.5780571103096008, 35.849613189697266)
(-1.1095635890960693, -3.146667003631592, 0.0, -1.0, 0.0, 0.0, 2.6109085083007812, 4.885160446166992, 0.0, 1.0956358909606934, 31.466670989990234, 0.0, 1100, 1100, 1100, 1100, 1.1828210353851318, -1.8205595016479492, 0.0, -2.048494338989258, 16.548799514770508, -0.22729089856147766, 6.904815673828125, -0.770669162273407, 5.906855583190918, 3.9872264862060547, 31.31982421875, -1.3652209043502808, 33.941829681396484)
(-0.7646243572235107, -3.247150182723999, 0.0, -1.0, 0.0, 0.0, -2.839473247528076, 2.854625940322876, 0.0, -2.3537564277648926, 32.471500396728516, 0.0, 1100, 1100, 1100, 1100, -2.4935169219970703, -9.354269981384277, 0.0, -1.940656304359436, 16.913448333740234, 0.07285752147436142, 6.871374607086182, 1.002266526222229, 7.946498394012451, 4.442531108856201, 31.639358520507812, 0.46990281343460083, 36.55179214477539)
(-1.837233066558838, -2.207977771759033, 0.0, -1.0, 0.0, 0.0, -1.831839680671692, 4.656152725219727, 0.0, 8.372330665588379, 22.079776763916016, 0.0, 1100, 1100, 1124, 1100, -3.885477066040039, -2.865748643875122, 0.0, -2.8066349029541016, 17.93764305114746, 1.530625581741333, 6.967494010925293, -1.9617891311645508, 6.536330699920654, 2.6135435104370117, 31.92474937438965, -0.5927597284317017, 33.945533752441406)
(-1.5586739778518677, -2.2791659832000732, 0.0, -1.0, 0.0, 0.0, 0.13762594759464264, 0.16760306060314178, 0.0, 5.586739540100098, 22.79166030883789, 0.0, 1157, 1122, 1207, 1100, -0.2530813217163086, -6.9861555099487305, 0.0, -2.63978910446167, 17.95770835876465, 0.8173670172691345, 7.037139892578125, 0.1927040070295334, 8.047210693359375, 3.393608570098877, 32.173988342285156, 0.034076038748025894, 35.6016731262207)
(-1.4777499437332153, -2.5541481971740723, 0.0, -1.0, 0.0, 0.0, -4.625732898712158, 13.694320678710938, 0.0, 4.777499198913574, 25.541481018066406, 0.0, 1216, 1192, 1260, 1158, 0.363936185836792, -4.095594882965088, 0.0, -2.744316577911377, 18.52373504638672, 1.4104849100112915, 7.094351768493652, 1.0389937162399292, 9.543830871582031, 1.7770740985870361, 32.43344497680664, -2.6639349460601807, 31.54658317565918)
(-1.283837914466858, -1.0825711488723755, 0.0, -1.0, 0.0, 0.0, 2.656709909439087, 4.137068748474121, 0.0, 2.838379144668579, 10.825711250305176, 0.0, 1272, 1242, 1316, 1216, -7.909137725830078, -2.4341235160827637, 0.0, -2.58052396774292, 18.90274429321289, 0.0272503849118948, 7.125142574310303, 0.2300957441329956, 7.38248872756958, 1.0032963752746582, 32.60466766357422, -0.9823882579803467, 32.62557601928711)
(-0.5941017270088196, -0.9182296991348267, 0.0, -1.0, 0.0, 0.0, -13.053214073181152, 8.0607328414917, 0.0, -4.058982849121094, 9.182296752929688, 0.0, 1328, 1307, 1377, 1274, 38.64231491088867, -8.188301086425781, 0.0, -2.0238304138183594, 19.80884552001953, 1.3491346836090088, 7.094252109527588, 2.0468218326568604, 10.490208625793457, 0.16823458671569824, 32.772037506103516, -1.7276748418807983, 31.212596893310547)
(-0.7679980993270874, -0.9601081609725952, 0.0, -1.0, 0.0, 0.0, 4.168160438537598, 13.663785934448242, 0.0, -2.320019006729126, 9.601081848144531, 0.0, 1397, 1369, 1455, 1369, 12.084789276123047, -28.56227684020996, 0.0, -2.5224807262420654, 20.54022789001465, -0.9732269048690796, 7.153473854064941, -1.7493342161178589, 4.430912494659424, -0.6094056367874146, 32.83069610595703, -3.4621732234954834, 28.75911521911621)
(-1.849509596824646, -0.5011919140815735, 0.0, -1.0, 0.0, 0.0, 25.664342880249023, -34.458351135253906, 0.0, 8.495096206665039, 5.011919021606445, 0.0, 1439, 1357, 1473, 1361, -10.147116661071777, 46.00717544555664, 0.0, -3.012963056564331, 20.684656143188477, -2.5753870010375977, 7.200900077819824, -7.513943672180176, -2.888430118560791, 5.9205403327941895, 32.91506576538086, 9.61562728881836, 48.45123291015625)
(-9.124408721923828, -0.8105069398880005, 0.0, 0.0, 0.0, 0.0, -119.20588684082031, -12.717893600463867, 0.0, 91.24408721923828, 8.105069160461426, 0.0, 1324, 1386, 1565, 1354, 66.78136444091797, -3.1150293350219727, 0.0, -10.453368186950684, 19.60709571838379, 31.56749725341797, 7.875283718109131, 18.700721740722656, 58.14350509643555, 3.1234445571899414, 33.01860046386719, 1.2631713151931763, 37.405216217041016)
(-10.758428573608398, -3.667419910430908, 0.0, -1.0, 0.0, 0.0, 125.67961120605469, -36.7026252746582, 0.0, 97.58428955078125, 36.674198150634766, 0.0, 1501, 1391, 1419, 1316, -26.788562774658203, 56.224456787109375, 0.0, -12.569194793701172, 18.824193954467773, -4.214298248291016, 9.75871467590332, -17.406129837036133, -11.861713409423828, 11.006523132324219, 33.18001937866211, 9.199148178100586, 53.38569259643555)
(-1.809922218322754, -2.1728274822235107, 0.0, -1.0, 0.0, 0.0, 9.4811372756958, 15.068366050720215, 0.0, 8.099222183227539, 21.728275299072266, 0.0, 1408, 1387, 1467, 1364, -41.52897262573242, -11.98978042602539, 0.0, -4.177538871765137, 20.14762306213379, -0.2072872668504715, 9.721356391906738, 0.8934042453765869, 10.40747356414795, 0.9989863634109497, 33.438899993896484, -3.33010196685791, 31.107784271240234)
(-5.751823425292969, -0.8442403078079224, 0.0, -1.0, 0.0, 0.0, -91.14481353759766, 15.266839981079102, 0.0, 47.51823425292969, 8.442402839660645, 0.0, 1348, 1420, 1524, 1337, -61.5000114440918, -30.61697006225586, 0.0, -6.7351975440979, 20.887693405151367, 20.799457550048828, 9.9724702835083, 23.94857406616211, 54.72050094604492, -1.0236655473709106, 33.567901611328125, -3.8561313152313232, 28.6881046295166)
(-18.54400062561035, -5.702871799468994, 0.0, -1.0, 0.0, 0.0, 104.77884674072266, -7.069038391113281, 0.0, 175.44000244140625, 57.028717041015625, 0.0, 1455, 1373, 1456, 1342, -59.77894592285156, -32.13843536376953, 0.0, -22.69743537902832, 19.82272720336914, 10.599173545837402, 12.535306930541992, -25.348363876342773, -2.213883638381958, 9.614663124084473, 34.03342056274414, 5.468472957611084, 49.116554260253906)
(-1.3818745613098145, -3.3410868644714355, 0.0, -1.0, 0.0, 0.0, 7.542206287384033, -9.756060600280762, 0.0, 3.8187456130981445, 33.41086959838867, 0.0, 1446, 1402, 1460, 1325, -15.721233367919922, 45.477169036865234, 0.0, -6.0511250495910645, 20.907075881958008, -0.5585191249847412, 12.227002143859863, 1.2763240337371826, 12.944807052612305, 6.475039482116699, 34.52257537841797, 3.7550241947174072, 44.75263595581055)
(-1.7412413358688354, -5.346774101257324, 0.0, -1.0, 0.0, 0.0, -10.534130096435547, 7.251572608947754, 0.0, 7.412413597106934, 53.467742919921875, 0.0, 1440, 1422, 1587, 1433, -67.89936828613281, -17.28491973876953, 0.0, -4.786340713500977, 21.627452850341797, 2.691981792449951, 12.166566848754883, 9.031554222106934, 23.890104293823242, 6.932425498962402, 35.056636810302734, 1.0186481475830078, 43.007713317871094)
(0.22982242703437805, -1.6321254968643188, 0.0, -1.0, 0.0, 0.0, 20.9315185546875, 5.434778690338135, 0.0, -12.298224449157715, 16.32125473022461, 0.0, 1480, 1435, 1527, 1432, 9.053606033325195, 17.29035186767578, 0.0, -2.755143404006958, 23.300809860229492, -4.984461784362793, 12.05986213684082, -4.490365028381348, 2.5850350856781006, 1.6329715251922607, 35.36603546142578, -2.071051836013794, 34.927955627441406)
(-10.578268051147461, -4.163028240203857, 0.0, -1.0, 0.0, 0.0, -86.1829833984375, -22.122472763061523, 0.0, 95.78268432617188, 31.63028335571289, 0.0, 1438, 1453, 1592, 1391, 25.56975746154785, -19.377056121826172, 0.0, -14.37684440612793, 23.12485694885254, 27.294849395751953, 12.895658493041992, 3.557697057723999, 43.748207092285156, 8.062912940979004, 35.60799026489258, 2.815270185470581, 46.48617172241211)
(-2.910385847091675, -2.6250767707824707, 0.0, -1.0, 0.0, 0.0, 68.4429702758789, -34.046138763427734, 0.0, 19.103858947753906, 26.25076675415039, 0.0, 1549, 1463, 1500, 1361, -23.412155151367188, 32.925209045410156, 0.0, -7.57534122467041, 23.091495513916016, -7.400866508483887, 13.76789379119873, -3.088843584060669, 3.278183698654175, 9.044535636901855, 36.004310607910156, 11.140743255615234, 56.1895866394043)
(-3.0980727672576904, 0.829200267791748, 0.0, -1.0, 0.0, 0.0, 6.824648857116699, 45.31264114379883, 0.0, 20.980728149414062, -8.29200267791748, 0.0, 1446, 1460, 1520, 1447, 38.3126335144043, -0.7075114250183105, 0.0, -5.7140679359436035, 25.13988494873047, 2.1234118938446045, 13.832517623901367, -4.157413005828857, 11.798517227172852, -8.04069709777832, 35.984188079833984, -13.180380821228027, 14.763111114501953)
(-1.7781323194503784, 1.557468295097351, 0.0, -1.0, 0.0, 0.0, 8.259763717651367, 13.373709678649902, 0.0, 7.781323432922363, -15.57468318939209, 0.0, 1487, 1467, 1506, 1409, 44.72441482543945, 14.889520645141602, 0.0, -3.6650829315185547, 25.945146560668945, -0.07176604121923447, 13.932394027709961, -4.6018385887146, 9.258790016174316, -4.342258930206299, 35.822975158691406, -2.063246965408325, 29.417470932006836)
(-1.374276041984558, 1.8943264484405518, 0.0, -1.0, 0.0, 0.0, -4.015045642852783, 25.419511795043945, 0.0, 3.742760419845581, -18.94326400756836, 0.0, 1469, 1474, 1515, 1417, 13.390445709228516, -11.209968566894531, 0.0, -3.209000587463379, 26.821706771850586, 1.1636708974838257, 14.075221061706543, 0.5225488543510437, 15.761441230773926, -6.654416561126709, 35.566917419433594, -5.527531623840332, 23.384967803955078)
(-13.966475486755371, -0.5574528574943542, 0.0, -1.0, 0.0, 0.0, -35.572296142578125, 57.19050216674805, 0.0, 129.6647491455078, -4.425471305847168, 0.0, 1433, 1506, 1514, 1420, 50.020870208740234, 36.476783752441406, 0.0, -15.558491706848145, 25.600255966186523, 24.78555679321289, 15.290367126464844, -8.378490447998047, 31.697433471679688, -9.242396354675293, 35.57065963745117, -21.192026138305664, 5.136238098144531)
(-3.7276265621185303, -0.8948602080345154, 0.0, -1.0, 0.0, 0.0, 12.671977043151855, 21.419511795043945, 0.0, 27.27626609802246, 8.948601722717285, 0.0, 1451, 1470, 1540, 1413, -57.886844635009766, -31.526933670043945, 0.0, -4.912866115570068, 25.653684616088867, 2.190643310546875, 15.768472671508789, 8.573164939880371, 26.53228187561035, -1.8706364631652832, 35.60127639770508, -6.454256534576416, 27.276382446289062)
(-2.477740526199341, 3.588636636734009, 0.0, -1.0, 0.0, 0.0, 1.817015290260315, 29.96912956237793, 0.0, 14.77740478515625, -35.88636779785156, 0.0, 1463, 1482, 1508, 1422, 6.9250168800354, -32.95722198486328, 0.0, -4.137622356414795, 28.59116554260254, 1.9440584182739258, 15.999870300292969, -1.734946608543396, 16.208982467651367, -9.878324508666992, 35.236061096191406, -8.609783172607422, 16.747955322265625)
(-3.2025749683380127, 2.8154308795928955, 0.0, -1.0, -1.0, 0.0, 2.015488624572754, 8.625617980957031, 0.0, 22.02574920654297, -38.1543083190918, 0.0, 1459, 1468, 1520, 1427, 7.577478885650635, 54.60829162597656, 0.0, -5.5193257331848145, 30.8211669921875, 3.0015392303466797, 16.219018936157227, -3.6140191555023193, 15.606538772583008, -7.016988754272461, 34.78330993652344, -6.819220542907715, 20.947099685668945)
(-3.4489099979400635, 0.6348089575767517, 0.0, -1.0, 0.0, 0.0, -3.877641201019287, 49.495845794677734, 0.0, 24.489099502563477, -6.348089694976807, 0.0, 1432, 1467, 1534, 1441, 8.004219055175781, -27.487268447875977, 0.0, -5.190648555755615, 30.709331512451172, 4.255011081695557, 16.546894073486328, 1.1141924858093262, 21.91609764099121, -8.376590728759766, 34.47430419921875, -11.839496612548828, 14.258216857910156)
(-2.2655601501464844, 0.6218226552009583, 0.0, -1.0, 0.0, 0.0, -0.13718320429325104, 99.38897705078125, 0.0, 12.655601501464844, -16.21822738647461, 0.0, 1432, 1516, 1473, 1454, -3.7550907135009766, -45.87364196777344, 0.0, -4.911282539367676, 31.163599014282227, 1.9189176559448242, 16.72183609008789, -2.8693337440490723, 15.771419525146484, -17.341081619262695, 34.316036224365234, -33.217220306396484, -16.242263793945312)
(-2.9609053134918213, 0.8315391540527344, 0.0, -1.0, 0.0, 0.0, -31.618099212646484, -3.862931251525879, 0.0, 19.609052658081055, -8.315391540527344, 0.0, 1426, 1445, 1589, 1415, -51.868289947509766, -29.012758255004883, 0.0, -4.553443431854248, 32.83061981201172, 7.684072494506836, 16.81081771850586, 13.587386131286621, 38.082279205322266, -0.6678690314292908, 34.121910095214844, 5.2298383712768555, 38.68387985229492)
(-1.5085387229919434, 2.3617777824401855, 0.0, -1.0, 0.0, 0.0, 9.297931671142578, 44.442413330078125, 0.0, 5.085387229919434, -23.617778778076172, 0.0, 1426, 1462, 1528, 1458, 12.15860652923584, 3.7401180267333984, 0.0, -3.775529623031616, 33.82902145385742, -0.6318816542625427, 16.870399475097656, 0.4709790349006653, 16.709497451782227, -10.209029197692871, 33.90723419189453, -15.147893905639648, 8.550312042236328)
(-1.597294807434082, 6.755335330963135, 0.0, -1.0, 0.0, 0.0, 4.992587566375732, 39.02256393432617, 0.0, 5.97294807434082, -67.55335235595703, 0.0, 1447, 1494, 1504, 1430, 30.924665451049805, -4.416873931884766, 0.0, -3.16206693649292, 38.89841079711914, 0.14705407619476318, 16.857955932617188, 3.277252197265625, 20.282262802124023, -15.986387252807617, 32.66271209716797, -9.868025779724121, 6.808300495147705)
(-1.8296700716018677, 5.697665691375732, 0.0, -1.0, 0.0, 0.0, 19.679611206054688, -21.817129135131836, 0.0, 8.296700477600098, -56.97665786743164, 0.0, 1469, 1430, 1540, 1434, 26.558820724487305, -16.323253631591797, 0.0, -3.0887327194213867, 36.61267852783203, -1.7074365615844727, 17.09259033203125, -8.734355926513672, 6.6507978439331055, -5.273929595947266, 31.935195922851562, 9.565649032592773, 36.2269172668457)
(-4.414193153381348, 4.69310998916626, 0.0, -1.0, 0.0, 0.0, 3.1299924850463867, -19.00796890258789, 0.0, 34.141929626464844, -46.93109893798828, 0.0, 1458, 1459, 1542, 1416, 10.853426933288574, 40.499168395996094, 0.0, -3.146238327026367, 36.21490478515625, 4.651790618896484, 17.429380416870117, -0.4439629316329956, 21.637208938598633, -4.188469409942627, 31.396636962890625, 4.056210994720459, 31.26437759399414)
(1.256974458694458, 8.542896270751953, 0.0, -1.0, 0.0, 0.0, 9.679610252380371, 33.02256393432617, 0.0, -22.569744110107422, -85.42896270751953, 0.0, 1447, 1468, 1512, 1448, -22.018190383911133, 24.071794509887695, 0.0, -0.1211482584476471, 40.67994689941406, -4.837403297424316, 17.38085174560547, -1.2952314615249634, 11.24821662902832, -17.767728805541992, 30.59323501586914, -2.100802183151245, 10.724703788757324)
(0.23187819123268127, 10.470341682434082, 0.0, -1.0, -1.0, 0.0, -17.40435791015625, -24.916366577148438, 0.0, -12.318781852722168, -114.70341491699219, 0.0, 1411, 1446, 1559, 1458, -58.3304328918457, 13.708377838134766, 0.0, 0.14768218994140625, 40.34354019165039, 0.7628363966941833, 17.04349136352539, 6.428501129150391, 24.23482894897461, -13.468057632446289, 29.49802589416504, 0.4924169182777405, 16.522384643554688)
(0.8510830402374268, 10.076658248901367, 0.0, -1.0, 0.0, 0.0, -28.900541305541992, -7.053771018981934, 0.0, -18.51082992553711, -100.76658630371094, 0.0, 1421, 1473, 1538, 1442, -43.06299591064453, -20.766353607177734, 0.0, -0.6534107327461243, 39.72176742553711, 1.5584566593170166, 16.82449722290039, 8.614879608154297, 26.997833251953125, -14.05692195892334, 28.303447723388672, -3.103208065032959, 11.143318176269531)
(-4.695586681365967, 8.88403034210205, 0.0, -1.0, 0.0, 0.0, -3.3280229568481445, 20.42714500427246, 0.0, 36.955867767333984, -88.84030151367188, 0.0, 1416, 1491, 1515, 1452, -30.783824920654297, 47.08278274536133, 0.0, -3.553511142730713, 36.2445068359375, 6.042583465576172, 16.93072509765625, 1.4646557569503784, 24.437963485717773, -16.390117645263672, 27.36880874633789, -13.626630783081055, -2.647940158843994)
(-3.691955327987671, 9.071213722229004, 0.0, -1.0, 0.0, 0.0, 4.229228973388672, -4.244610786437988, 0.0, 26.919553756713867, -90.7121353149414, 0.0, 1460, 1479, 1514, 1421, 9.363140106201172, -16.04411506652832, 0.0, -1.639566421508789, 32.42511749267578, 3.4035487174987793, 17.301881790161133, -2.581678867340088, 18.123750686645508, -12.970128059387207, 26.43325424194336, 5.110323905944824, 18.573450088500977)
(-0.5033270120620728, 5.616727828979492, 0.0, -1.0, 0.0, 0.0, 11.236862182617188, 26.35080909729004, 0.0, -4.966730117797852, -56.16727828979492, 0.0, 1438, 1465, 1514, 1457, 39.25160217285156, 1.5267343521118164, 0.0, -1.011193871498108, 32.08259963989258, -2.4305388927459717, 17.420372009277344, -4.077918529510498, 10.911914825439453, -12.377713203430176, 25.727401733398438, -6.000626087188721, 7.349061965942383)
(-5.343779563903809, 5.443406581878662, 0.0, -1.0, -1.0, 0.0, -14.747870445251465, 43.40424346923828, 0.0, 43.43779754638672, -64.43406677246094, 0.0, 1376, 1484, 1530, 1484, 30.4510498046875, -3.4006924629211426, 0.0, -3.378087043762207, 28.671682357788086, 8.727849960327148, 17.813520431518555, 2.0232484340667725, 28.564619064331055, -16.17574691772461, 25.20709228515625, -24.593664169311523, -15.562318801879883)
(-2.4876701831817627, 3.1595876216888428, 0.0, -1.0, 0.0, 0.0, -9.251687049865723, 23.2668399810791, 0.0, 14.876701354980469, -31.595876693725586, 0.0, 1471, 1519, 1484, 1400, 4.616708755493164, 48.65147399902344, 0.0, -5.241011619567871, 29.757938385009766, 3.619258165359497, 18.24996566772461, 1.1262766122817993, 22.995500564575195, -8.22940731048584, 24.611982345581055, -7.4234232902526855, 8.959152221679688)
(-1.6001023054122925, 4.004120826721191, 0.0, -1.0, 0.0, 0.0, -0.3967251777648926, 22.763023376464844, 0.0, 6.001023292541504, -40.04120635986328, 0.0, 1472, 1512, 1482, 1407, 5.75809907913208, -21.331558227539062, 0.0, -5.887828350067139, 29.05419158935547, 0.9596622586250305, 18.471908569335938, -0.5164114236831665, 18.915159225463867, -9.420634269714355, 24.088977813720703, -5.703368663787842, 8.964975357055664)
(-1.278323769569397, 6.2672014236450195, 0.0, -1.0, 0.0, 0.0, 8.24449634552002, -3.3133130073547363, 0.0, 2.7832376956939697, -62.67201232910156, 0.0, 1435, 1444, 1540, 1456, 25.303443908691406, 14.32624626159668, 0.0, -5.73319673538208, 30.392210006713867, -0.8191888332366943, 18.55136489868164, -4.310415267944336, 13.421761512756348, -8.903804779052734, 23.453174591064453, 4.231184482574463, 18.780553817749023)
(-1.97080659866333, 2.8294732570648193, 0.0, 0.0, 0.0, 0.0, -2.778404474258423, 23.77065658569336, 0.0, 19.708065032958984, -28.29473304748535, 0.0, 1423, 1474, 1536, 1441, -34.64281463623047, -14.419187545776367, 0.0, -5.3914642333984375, 31.00060272216797, 3.3729703426361084, 18.71518325805664, 4.450695037841797, 26.538846969604492, -7.809808731079102, 22.778339385986328, -4.2475690841674805, 10.720962524414062)
(-0.4909897744655609, 3.475764751434326, 0.0, -1.0, 0.0, 0.0, -49.52649688720703, 67.41950988769531, 0.0, -5.090102195739746, -34.75764846801758, 0.0, 1395, 1518, 1507, 1453, -32.02811050415039, -27.751243591308594, 0.0, -7.942709445953369, 32.410980224609375, 6.665459156036377, 18.711627960205078, 9.02336597442627, 34.40045166015625, -15.326573371887207, 22.337068557739258, -24.16259002685547, -17.152095794677734)
(-15.014689445495605, -0.015622391365468502, 0.0, -1.0, 0.0, 0.0, -39.20588684082031, -33.03850555419922, 0.0, 140.1468963623047, 0.15622390806674957, 0.0, 1431, 1461, 1586, 1396, -41.21608352661133, 35.6628303527832, 0.0, -25.254032135009766, 28.160364151000977, 26.902917861938477, 20.47799301147461, -2.317436456680298, 45.063472747802734, 4.9792094230651855, 22.410259246826172, 12.608315467834473, 39.99778366088867)
(-1.195946455001831, 2.372246026992798, 0.0, -1.0, 0.0, 0.0, 47.374267578125, -13.847663879394531, 0.0, 1.9594645500183105, -23.72245979309082, 0.0, 1466, 1473, 1516, 1419, -30.104217529296875, -0.5661811828613281, 0.0, -10.08283805847168, 27.8271541595459, -6.812220573425293, 20.517181396484375, 2.2724058628082275, 15.97736644744873, -1.4812194108963013, 22.235523223876953, 1.886996865272522, 22.641300201416016)
(-1.595144510269165, 2.052290678024292, 0.0, -1.0, 0.0, 0.0, -38.1829833984375, -9.313312530517578, 0.0, 5.95144510269165, -20.522907257080078, 0.0, 1431, 1490, 1546, 1406, -72.7621841430664, 9.4969482421875, 0.0, -8.985685348510742, 27.82554817199707, 6.620164394378662, 20.331302642822266, 12.78869915008545, 39.74016571044922, -1.6814391613006592, 22.07954978942871, -0.0016565780388191342, 20.396453857421875)
(-1.4669803380966187, 2.3389787673950195, 0.0, -1.0, 0.0, 0.0, 7.832282543182373, -3.8476641178131104, 0.0, 4.669803619384766, -23.389787673950195, 0.0, 1438, 1449, 1537, 1450, 19.593265533447266, 25.548290252685547, 0.0, -11.644865989685059, 26.094097137451172, -0.47437185049057007, 20.587732315063477, -5.41096305847168, 14.702397346496582, -2.931318521499634, 21.936565399169922, 0.07849161326885223, 19.083738327026367)
(-2.6568262577056885, 1.6693763732910156, 0.0, -1.0, 0.0, 0.0, 19.77121353149414, -50.93163299560547, 0.0, 16.568262100219727, -16.693763732910156, 0.0, 1462, 1435, 1563, 1415, -64.27339935302734, 14.138265609741211, 0.0, -10.6796236038208, 26.01478385925293, -0.48044270277023315, 20.619029998779297, 0.2145836055278778, 20.353172302246094, 5.135680198669434, 21.63805389404297, 16.81591033935547, 43.58964538574219)
(-4.045532703399658, 0.3492850959300995, 0.0, -1.0, 0.0, 0.0, 20.748313903808594, 1.1752365827560425, 0.0, 30.455326080322266, -3.4928510189056396, 0.0, 1453, 1475, 1518, 1439, 38.045658111572266, 1.9409446716308594, 0.0, -7.945219039916992, 21.12562370300293, 1.4560518264770508, 20.916196823120117, -7.352097034454346, 15.02015209197998, -0.7002131342887878, 21.73695182800293, -6.72593879699707, 14.310800552368164)
(-4.22691535949707, 1.2304691076278687, 0.0, -1.0, 0.0, 0.0, -19.2822208404541, -33.19117736816406, 0.0, 32.2691535949707, -12.304691314697266, 0.0, 1428, 1445, 1608, 1442, -47.19035339355469, 31.349132537841797, 0.0, -9.427456855773926, 21.815462112426758, 7.732706546783447, 21.208024978637695, 6.729683876037598, 35.670413970947266, 3.1329729557037354, 21.667390823364258, 12.557147026062012, 37.35750961303711)
(-2.3300600051879883, -0.46379169821739197, 0.0, -1.0, 0.0, 0.0, 5.114725112915039, 34.335540771484375, 0.0, 13.300600051879883, 4.6379170417785645, 0.0, 1477, 1524, 1582, 1499, -14.190454483032227, -43.36115264892578, 0.0, -8.450304985046387, 23.381498336791992, 1.2278811931610107, 21.45100212097168, -0.4522784352302551, 22.226604461669922, -4.454643726348877, 21.55367088317871, -8.095844268798828, 9.003183364868164)
(-4.721627235412598, 2.8243706226348877, 0.0, 0.0, 0.0, 0.0, -15.93871021270752, 21.32790756225586, 0.0, 47.216270446777344, -28.24370574951172, 0.0, 1497, 1566, 1564, 1456, -12.31013298034668, -9.146600723266602, 0.0, -10.281168937683105, 26.126066207885742, 9.473246574401855, 21.79271125793457, 3.1080808639526367, 34.37403869628906, -7.435741901397705, 21.214820861816406, -4.184197902679443, 9.594881057739258)
(-15.069199562072754, 1.0471309423446655, 0.0, -1.0, 0.0, 0.0, -31.38909149169922, -8.214076042175293, 0.0, 140.69200134277344, -10.471309661865234, 0.0, 1432, 1501, 1657, 1493, -55.61583709716797, 25.602224349975586, 0.0, -24.631881713867188, 23.887514114379883, 25.812162399291992, 23.471424102783203, -0.9368446469306946, 48.34674072265625, -0.3385850489139557, 20.98719596862793, 3.0034449100494385, 23.652055740356445)
(2.3457980155944824, -3.2203102111816406, 0.0, -1.0, 0.0, 0.0, -4.7173357009887695, 53.495845794677734, 0.0, -33.45798110961914, 32.203102111816406, 0.0, 1487, 1559, 1565, 1471, 8.700839042663574, 13.918094635009766, 0.0, -9.026409149169922, 24.965980529785156, -4.311097145080566, 23.350454330444336, 12.312438011169434, 31.351795196533203, -3.193911552429199, 20.98360824584961, -12.43774700164795, 5.351950645446777)
(-2.897960901260376, -1.437193751335144, 0.0, -1.0, 0.0, 0.0, 4.275030612945557, -9.832396507263184, 0.0, 18.9796085357666, 14.37193775177002, 0.0, 1492, 1506, 1606, 1478, -53.259647369384766, 21.579511642456055, 0.0, -13.909180641174316, 27.032848358154297, 2.2056868076324463, 23.479677200317383, -0.17460128664970398, 25.51076316833496, 3.630650043487549, 21.131481170654297, 3.7884702682495117, 28.550600051879883)
(7.640447616577148, 2.383352518081665, 0.0, -1.0, 0.0, 0.0, 67.67961120605469, -19.20644187927246, 0.0, -86.40447998046875, -23.833524703979492, 0.0, 1558, 1552, 1507, 1465, -22.48899269104004, 39.40137481689453, 0.0, 2.6998019218444824, 22.445056915283203, -23.112613677978516, 22.276636123657227, -0.29043659567832947, -1.1264145374298096, -0.6940624117851257, 21.30219268798828, -8.515752792358398, 12.092376708984375)
(-1.5147066116333008, 2.395247459411621, 0.0, -1.0, 0.0, 0.0, -31.90817642211914, -7.17590856552124, 0.0, 5.147066116333008, -23.95247459411621, 0.0, 1417, 1446, 1671, 1549, -58.063106536865234, 15.325235366821289, 0.0, -4.955183029174805, 23.526351928710938, 5.558286666870117, 22.00552749633789, 0.22276721894741058, 27.78658103942871, -2.5164847373962402, 21.163570404052734, 4.489084243774414, 23.13616943359375)
(-2.131436347961426, 6.464298248291016, 0.0, -1.0, 0.0, 0.0, 11.755946159362793, 51.236305236816406, 0.0, 11.314363479614258, -64.64298248291016, 0.0, 1450, 1530, 1563, 1543, 24.227863311767578, 13.973934173583984, 0.0, -7.870321273803711, 27.394895553588867, -0.06623740494251251, 22.271589279174805, -7.096391201019287, 15.10896110534668, -17.381893157958984, 20.388914108276367, -18.140291213989258, -15.133270263671875)
(-1.88499915599823, 8.24795913696289, 0.0, -1.0, 0.0, 0.0, 4.183427333831787, 37.098899841308594, 0.0, 8.849991798400879, -82.4795913696289, 0.0, 1469, 1554, 1554, 1505, -39.398799896240234, 34.6535530090332, 0.0, -9.209427833557129, 30.544588088989258, 0.6999846696853638, 22.488313674926758, 0.1476110816001892, 23.335908889770508, -17.9367733001709, 19.476097106933594, -10.57361125946045, -9.034287452697754)
(3.1618902683258057, 6.694865703582764, 0.0, -1.0, 0.0, 0.0, 11.328465461730957, -29.145374298095703, 0.0, -41.61890411376953, -66.94865417480469, 0.0, 1496, 1491, 1595, 1500, -25.396392822265625, 25.421236038208008, 0.0, -7.826624870300293, 30.28931999206543, -7.942105293273926, 22.112445831298828, -1.610090970993042, 12.560248374938965, -5.670492172241211, 18.673839569091797, 11.673187255859375, 24.67653465270996)
(3.3246066570281982, 7.95644998550415, 0.0, -1.0, 0.0, 0.0, -8.71733570098877, -76.38201904296875, 0.0, -43.24606704711914, -79.56449890136719, 0.0, 1531, 1508, 1591, 1452, -41.56554412841797, 15.535749435424805, 0.0, -8.365962028503418, 28.90863609313965, -5.179309844970703, 21.50682830810547, 2.868234872817993, 19.19575309753418, -0.4773719906806946, 17.753131866455078, 23.09345054626465, 40.36920928955078)
(0.2413003295660019, 6.520366668701172, 0.0, -1.0, 0.0, 0.0, 28.046022415161133, 38.30500793457031, 0.0, -12.413002967834473, -65.20366668701172, 0.0, 1515, 1570, 1506, 1491, 19.590938568115234, -21.35729217529297, 0.0, -7.9691162109375, 29.238710403442383, -6.068853855133057, 21.237035751342773, -7.825371742248535, 7.34281063079834, -15.526301383972168, 16.940582275390625, -11.228599548339844, -9.814318656921387)
(0.7793014645576477, 5.5345845222473145, 0.0, -1.0, 0.0, 0.0, -8.213519096374512, 29.00729751586914, 0.0, -17.793014526367188, -55.34584426879883, 0.0, 1481, 1547, 1557, 1498, 13.237861633300781, -16.9598388671875, 0.0, -7.1070051193237305, 31.14244270324707, -1.4369243383407593, 20.96056365966797, 1.6768711805343628, 21.200510025024414, -12.652971267700195, 16.085023880004883, -5.238200664520264, -1.8061484098434448)
(0.5882809162139893, 4.769919395446777, 0.0, -1.0, 0.0, 0.0, -3.5112290382385254, -56.22934341430664, 0.0, -15.882808685302734, -47.699195861816406, 0.0, 1484, 1467, 1634, 1497, -23.687639236450195, -22.934354782104492, 0.0, -7.192068576812744, 30.11213493347168, -1.8557369709014893, 20.880502700805664, 1.1443043947219849, 20.169069290161133, 1.279522180557251, 15.473790168762207, 22.049209594726562, 38.802520751953125)
(0.9168912172317505, 6.166508674621582, 0.0, 0.0, 0.0, 0.0, 2.9162518978118896, 100.36607360839844, 0.0, -9.168911933898926, -61.66508483886719, 0.0, 1433, 1565, 1532, 1552, -1.0028855800628662, -34.37820053100586, 0.0, -8.99445915222168, 30.954042434692383, -1.812774658203125, 20.765666961669922, -0.9381933808326721, 18.014699935913086, -24.30467414855957, 14.708773612976074, -28.577425003051758, -38.17332458496094)
(-0.8006957769393921, 7.366977214813232, 0.0, -1.0, 0.0, 0.0, -31.419626235961914, 42.060733795166016, 0.0, -1.993042230606079, -73.66976928710938, 0.0, 1472, 1588, 1538, 1485, 5.279687404632568, -34.03262710571289, 0.0, -9.373645782470703, 30.863590240478516, 4.413987636566162, 20.638633728027344, 7.126334190368652, 32.178955078125, -17.359575271606445, 13.96934700012207, -12.473282814025879, -15.863511085510254)
(-0.10284166038036346, 4.199082851409912, 0.0, -1.0, 0.0, 0.0, -7.358557224273682, 26.076000213623047, 0.0, -8.971583366394043, -41.99082946777344, 0.0, 1483, 1551, 1554, 1494, 2.0354554653167725, 17.809974670410156, 0.0, -9.777486801147461, 30.94977569580078, -0.24195392429828644, 20.70193862915039, 1.6451512575149536, 22.105134963989258, -10.2100248336792, 13.159014701843262, -5.021279811859131, -2.0722899436950684)
(-0.9264364242553711, 1.8363595008850098, 0.0, -1.0, 0.0, 0.0, 7.618542194366455, 38.839359283447266, 0.0, -0.7356357574462891, -18.36359405517578, 0.0, 1526, 1588, 1503, 1465, 9.91671085357666, -1.9047026634216309, 0.0, -10.079113006591797, 30.69130516052246, -1.253126621246338, 20.682125091552734, -4.555154800415039, 14.873842239379883, -8.580443382263184, 12.895004272460938, -10.442924499511719, -6.128363609313965)
(-0.6680616140365601, 5.025882244110107, 0.0, -1.0, 0.0, 0.0, -5.618099212646484, 12.045465469360352, 0.0, -3.3193838596343994, -50.25882339477539, 0.0, 1485, 1559, 1541, 1497, -8.396258354187012, 74.13411712646484, 0.0, -11.297459602355957, 30.893823623657227, 0.34480729699134827, 20.79861831665039, -1.5018646717071533, 19.641559600830078, -9.345643997192383, 12.545515060424805, -10.914800643920898, -7.714930057525635)
(-0.6591639518737793, 6.451115608215332, 0.0, -1.0, 0.0, 0.0, 15.053656578063965, -57.40491485595703, 0.0, -3.408360481262207, -64.51115417480469, 0.0, 1518, 1485, 1592, 1487, 15.678317070007324, 34.30131149291992, 0.0, -14.589924812316895, 32.72267150878906, -2.7693026065826416, 20.97475242614746, -10.016410827636719, 8.18903923034668, -1.0659358501434326, 11.857955932617188, 23.881643295288086, 34.67366409301758)
(-4.315864086151123, 5.122170448303223, 0.0, -1.0, 0.0, 0.0, -19.2822208404541, -20.35148048400879, 0.0, 33.15864181518555, -51.221702575683594, 0.0, 1490, 1551, 1582, 1459, -49.53544998168945, 24.772092819213867, 0.0, -16.830400466918945, 32.54106903076172, 7.8661298751831055, 21.24957275390625, 6.6638922691345215, 35.77959442138672, -4.630533218383789, 11.241669654846191, 9.056534767150879, 15.667670249938965)
(-9.81882381439209, 3.9001219272613525, 0.0, -1.0, 0.0, 0.0, -121.1142807006836, -22.67209243774414, 0.0, 88.18824005126953, -39.001220703125, 0.0, 1395, 1540, 1668, 1479, 11.968668937683105, 74.43048095703125, 0.0, -23.066614151000977, 31.911911010742188, 31.39537811279297, 21.976951599121094, 20.151559829711914, 73.52388763427734, -2.449369192123413, 10.757402420043945, 2.97760009765625, 11.28563404083252)
(-6.685766220092773, -0.3926916718482971, 0.0, -1.0, 0.0, 0.0, 116.65670776367188, 28.41187858581543, 0.0, 56.857662200927734, 3.9269165992736816, 0.0, 1561, 1574, 1472, 1475, 86.0725326538086, -10.972902297973633, 0.0, -21.780689239501953, 29.763357162475586, -8.969857215881348, 23.338661193847656, -21.963394165039062, -7.5945892333984375, -3.6727442741394043, 10.638379096984863, -11.11087417602539, -4.145239353179932)
(-6.804133415222168, 0.729253351688385, 0.0, -1.0, 0.0, 0.0, -5.969244480133057, 5.266839504241943, 0.0, 58.04133605957031, -7.2925333976745605, 0.0, 1510, 1585, 1544, 1447, 7.254373550415039, 4.59560489654541, 0.0, -18.282167434692383, 27.7728271484375, 9.601587295532227, 23.46862030029297, -0.004599609412252903, 33.065608978271484, -1.8839058876037598, 10.727627754211426, -3.4788296222686768, 5.36489200592041)
(3.4209585189819336, -2.959962844848633, 0.0, -1.0, 0.0, 0.0, -58.76313781738281, 117.5416488647461, 0.0, -44.20958709716797, 29.599628448486328, 0.0, 1412, 1571, 1563, 1536, 10.6598482131958, 24.249656677246094, 0.0, -9.788834571838379, 27.6458797454834, 2.183032512664795, 22.95991325378418, 11.477478981018066, 36.620426177978516, -13.191302299499512, 10.926440238952637, -30.508134841918945, -32.77299499511719)
(-0.3116772770881653, -1.5522788763046265, 0.0, -1.0, 0.0, 0.0, 27.450603485107422, -6.04613733291626, 0.0, -6.883227348327637, 15.522789001464844, 0.0, 1511, 1546, 1536, 1489, 23.122190475463867, -37.17558288574219, 0.0, -15.121373176574707, 27.327482223510742, -5.1500749588012695, 23.21884536743164, -7.516209125518799, 10.552560806274414, 3.2353389263153076, 10.95047664642334, -11.086743354797363, 3.0990724563598633)
(0.9929950833320618, -4.935420036315918, 0.0, -1.0, 0.0, 0.0, 18.229228973388672, 54.381343841552734, 0.0, -19.929950714111328, 49.35420227050781, 0.0, 1497, 1548, 1535, 1502, 22.828092575073242, -9.569372177124023, 0.0, -14.582542419433594, 25.421140670776367, -5.723876953125, 23.130435943603516, -6.41855525970459, 10.988004684448242, -0.7540712356567383, 11.72492790222168, -15.897483825683594, -4.9266276359558105)
(1.5835494995117188, -0.07844093441963196, 0.0, -1.0, 0.0, 0.0, -12.305122375488281, -55.679725646972656, 0.0, -25.835494995117188, 0.7844093441963196, 0.0, 1500, 1489, 1625, 1469, -14.049249649047852, 63.783836364746094, 0.0, -13.121805191040039, 31.062891006469727, -2.0295557975769043, 22.747974395751953, 5.604766845703125, 26.32318687438965, 8.469619750976562, 11.635772705078125, 21.643043518066406, 41.748435974121094)
(2.0751993656158447, 1.3526383638381958, 0.0, -1.0, 0.0, 0.0, -7.343289852142334, 42.56454849243164, 0.0, -30.75199317932129, -13.526383399963379, 0.0, 1470, 1547, 1548, 1517, 15.797046661376953, -1.3278696537017822, 0.0, -15.515721321105957, 33.71562576293945, -3.511305332183838, 22.516693115234375, -1.8212536573410034, 17.184133529663086, -8.413640022277832, 11.431200981140137, -14.417923927307129, -11.400362014770508)
(-0.8876765370368958, 3.2867519855499268, 0.0, -1.0, 0.0, 0.0, 2.4124350547790527, -39.92399978637695, 0.0, -1.1232346296310425, -32.86751937866211, 0.0, 1535, 1540, 1562, 1446, 14.137578010559082, 9.286494255065918, 0.0, -17.341920852661133, 33.723018646240234, -0.5303504467010498, 22.537946701049805, -1.836134672164917, 20.17146110534668, 1.0584720373153687, 11.136088371276855, 15.347037315368652, 27.541597366333008)
(0.3640994429588318, 1.7992212772369385, 0.0, -1.0, 0.0, 0.0, -5.083747863769531, -12.488885879516602, 0.0, -13.64099407196045, -17.992212295532227, 0.0, 1504, 1553, 1554, 1471, 2.088960647583008, 43.98102951049805, 0.0, -14.999038696289062, 32.758209228515625, -1.2835869789123535, 22.399829864501953, 1.9082763195037842, 23.024518966674805, -0.8254989385604858, 10.927202224731445, -1.5914465188980103, 8.51025676727295)
(0.34604132175445557, -0.19783708453178406, 0.0, -1.0, 0.0, 0.0, -8.457794189453125, 40.86989212036133, 0.0, -13.460412979125977, 1.9783709049224854, 0.0, 1480, 1559, 1552, 1491, 31.192920684814453, -5.652227878570557, 0.0, -15.569825172424316, 34.08391571044922, -0.7503927946090698, 22.290124893188477, 3.375955820083618, 24.915687561035156, -5.833728313446045, 10.700101852416992, -9.497576713562012, -4.631202220916748)
(-2.2539260387420654, 1.6985275745391846, 0.0, -1.0, 0.0, 0.0, -15.022679328918457, 43.32790756225586, 0.0, 12.539260864257812, -16.985275268554688, 0.0, 1158, 1263, 1205, 1148, 19.908702850341797, 67.10142517089844, 0.0, -16.252824783325195, 35.53780746459961, 4.13429069519043, 22.412240982055664, 3.7251768112182617, 30.27170753479004, -9.046977043151855, 10.627857208251953, -13.686470985412598, -12.1055908203125)
(-3.554327964782715, -2.1012091636657715, 0.0, -1.0, 0.0, 0.0, -3.908175468444824, -38.22934341430664, 0.0, 25.54327964782715, 21.01209259033203, 0.0, 1000, 1000, 1000, 1000, 0.2277146577835083, 0.2346806526184082, 0.0, -19.676206588745117, 31.90209197998047, 4.417717933654785, 22.774717330932617, -3.6336147785186768, 23.558820724487305, 8.886215209960938, 10.75992202758789, 7.544122219085693, 27.19025993347168)
(-0.16908442974090576, -6.830006122589111, 0.0, -1.0, 0.0, 0.0, -14.778404235839844, -6.3362135887146, 0.0, -8.309155464172363, 68.30006408691406, 0.0, 1000, 1000, 1000, 1000, 4.826747894287109, -15.026886940002441, 0.0, -18.235010147094727, 27.842775344848633, 0.97038733959198, 22.784738540649414, 2.1466591358184814, 25.901784896850586, 11.195441246032715, 11.430381774902344, 0.12102243304252625, 22.746845245361328)
(-1.6001871824264526, -8.53105640411377, 0.0, -1.0, 0.0, 0.0, -9.114282608032227, -1.572854995727539, 0.0, 6.0018720626831055, 85.31056213378906, 0.0, 1000, 1000, 1000, 1000, 1.0451246500015259, -10.313963890075684, 0.0, -21.278772354125977, 27.190025329589844, 2.267423152923584, 22.92904281616211, 0.39251765608787537, 25.5889835357666, 13.032512664794922, 12.40025806427002, -0.17759044468402863, 25.25518035888672)
(-1.3998191356658936, -9.782795906066895, 0.0, -1.0, 0.0, 0.0, 6.015488624572754, -8.183542251586914, 0.0, 3.9981913566589355, 97.82795715332031, 0.0, 1000, 1000, 1000, 1000, 1.0344412326812744, -9.876676559448242, 0.0, -21.47239112854004, 25.28956413269043, -0.3025946021080017, 23.056039810180664, -2.916750907897949, 19.836694717407227, 15.901724815368652, 13.540873527526855, 1.305745244026184, 30.74834442138672)
(-1.4138013124465942, -12.586204528808594, 0.0, -1.0, 0.0, 0.0, -15.434892654418945, -10.41254997253418, 0.0, 4.138012886047363, 125.86204528808594, 0.0, 1000, 1000, 1000, 1000, -2.884286403656006, -15.40607738494873, 0.0, -21.76073455810547, 23.604063034057617, 2.9359359741210938, 23.04204750061035, 2.352277994155884, 28.33026123046875, 20.44118881225586, 14.952204704284668, 2.1196389198303223, 37.51303482055664)
(-5.9461164474487305, -15.69687557220459, 0.0, -1.0, 0.0, 0.0, -11.816572189331055, -11.725526809692383, 0.0, 49.46116638183594, 156.96875, 0.0, 1000, 1000, 1000, 1000, -5.37028169631958, -19.10128402709961, 0.0, -25.72762680053711, 20.90833854675293, 9.19166088104248, 23.591888427734375, 0.8090317249298096, 33.59258270263672, 25.304141998291016, 16.728361129760742, 1.60917329788208, 43.64167785644531)
(-8.14052963256836, -15.399896621704102, 0.0, -1.0, 0.0, 0.0, -17.953977584838867, 20.885160446166992, 0.0, 81.4052963256836, 153.99896240234375, 0.0, 1000, 1000, 1000, 1000, -5.456125736236572, -18.70528221130371, 0.0, -28.98345947265625, 22.388715744018555, 14.903891563415527, 24.491687774658203, 2.111987352371216, 41.507564544677734, 19.967069625854492, 18.585329055786133, -1.8166108131408691, 36.73578643798828)
(-10.46544075012207, -11.751053810119629, 0.0, -1.0, 0.0, 0.0, -0.7631374001502991, -2.320946455001831, 0.0, 94.65440368652344, 117.51053619384766, 0.0, 1000, 1000, 1000, 1000, -9.676268577575684, -12.248210906982422, 0.0, -31.612485885620117, 25.51481819152832, 14.312631607055664, 25.61517906188965, -0.8731807470321655, 39.054630279541016, 17.974721908569336, 19.95250129699707, 1.8285603523254395, 39.75578308105469)
(-10.831067085266113, -17.05238914489746, 0.0, -1.0, 0.0, 0.0, -5.679167747497559, -14.091938972473145, 0.0, 98.3106689453125, 170.52389526367188, 0.0, 1000, 1000, 1000, 1000, -15.357845306396484, -22.537837982177734, 0.0, -31.98747444152832, 21.26229476928711, 15.598475456237793, 26.74336814880371, 1.5889830589294434, 43.93082809448242, 27.69237518310547, 21.789445877075195, 0.38603660464286804, 49.867855072021484)
(-11.940701484680176, -14.593114852905273, 0.0, -1.0, 0.0, 0.0, -15.114282608032227, 20.686687469482422, 0.0, 109.40701293945312, 145.93115234375, 0.0, 1000, 1000, 1000, 1000, -11.67736530303955, -28.97406768798828, 0.0, -32.568111419677734, 24.468704223632812, 18.678194046020508, 28.017425537109375, -2.12406849861145, 44.57155227661133, 18.78666877746582, 23.636123657226562, -6.265219211578369, 36.15757369995117)
(-12.118340492248535, -9.517195701599121, 0.0, -1.0, 0.0, 0.0, 2.5956411361694336, 16.671419143676758, 0.0, 111.18340301513672, 95.17195892333984, 0.0, 1000, 1000, 1000, 1000, -12.072986602783203, -12.51436996459961, 0.0, -32.6926383972168, 30.747400283813477, 16.288164138793945, 29.334911346435547, -1.0916023254394531, 44.53147506713867, 11.775081634521484, 24.614986419677734, -1.029536247253418, 35.360530853271484)
(-12.490274429321289, -10.930622100830078, 0.0, -1.0, 0.0, 0.0, 0.3666335940361023, -12.855298042297363, 0.0, 114.90274047851562, 109.30622100830078, 0.0, 1000, 1000, 1000, 1000, -9.754960060119629, -7.05661678314209, 0.0, -33.42678451538086, 29.23518180847168, 17.180416107177734, 30.709117889404297, -1.0144078731536865, 46.875125885009766, 18.324228286743164, 25.8532772064209, 1.373805046081543, 45.55131149291992)
(-12.35179615020752, -11.265155792236328, 0.0, 0.0, 0.0, 0.0, -4.778404712677002, 13.09890079498291, 0.0, 123.51795959472656, 112.65155792236328, 0.0, 1000, 1000, 1000, 1000, -17.115352630615234, -11.67890739440918, 0.0, -33.55345153808594, 28.178836822509766, 19.244455337524414, 32.072654724121094, 3.5264556407928467, 54.843563079833984, 14.93289852142334, 27.190908432006836, -3.7765450477600098, 38.34726333618164)
(-10.585047721862793, -7.451849460601807, 0.0, -1.0, 0.0, 0.0, 25.358999252319336, 34.6103515625, 0.0, 95.85047912597656, 74.51849365234375, 0.0, 1000, 1000, 1000, 1000, -10.807788848876953, -9.750033378601074, 0.0, -32.02064895629883, 32.509979248046875, 10.573721885681152, 33.30061721801758, -3.2025787830352783, 40.67176055908203, 5.9862213134765625, 28.128122329711914, -3.6862130165100098, 30.428131103515625)
(-6.539844512939453, -1.7862412929534912, 0.0, -1.0, 0.0, 0.0, -28.518861770629883, -26.519420623779297, 0.0, 55.39844512939453, 17.86241340637207, 0.0, 1000, 1000, 1000, 1000, -12.076637268066406, -4.677699089050293, 0.0, -28.941049575805664, 37.06082534790039, 12.58759593963623, 33.87898635864258, 3.3763504028320312, 49.842933654785156, 6.657275199890137, 28.232229232788086, 3.2627053260803223, 38.1522102355957)
(-6.373224258422852, -1.655596375465393, 0.0, 0.0, 0.0, 0.0, -14.411992073059082, -11.847663879394531, 0.0, 63.732242584228516, 16.55596351623535, 0.0, 1000, 1000, 1000, 1000, -9.25117301940918, -4.910328388214111, 0.0, -28.64740562438965, 37.69578552246094, 11.721634864807129, 34.5427360534668, 3.1231298446655273, 49.38750076293945, 4.260544300079346, 28.415451049804688, 1.7546629905700684, 34.43065643310547)
(-6.2635064125061035, -1.5174371004104614, 0.0, -1.0, 0.0, 0.0, -10.015046119689941, -8.015603065490723, 0.0, 52.63506317138672, 15.174370765686035, 0.0, 1000, 1000, 1000, 1000, -7.005229949951172, -2.140471935272217, 0.0, -28.66437530517578, 37.96242141723633, 9.397516250610352, 35.182594299316406, 1.3676040172576904, 45.947715759277344, 3.4784960746765137, 28.590656280517578, 1.172506332397461, 33.24165725708008)
(-6.284873962402344, -1.5517027378082275, 0.0, -1.0, 0.0, 0.0, -1.953977108001709, 0.213404580950737, 0.0, 52.84873962402344, 15.517026901245117, 0.0, 1000, 1000, 1000, 1000, -5.240051746368408, -1.8289964199066162, 0.0, -28.651884078979492, 38.35654067993164, 8.220407485961914, 35.83024597167969, 0.5281417369842529, 44.57879638671875, 2.2955434322357178, 28.789098739624023, 0.5549611449241638, 31.639602661132812)
(-6.1533331871032715, -1.5493278503417969, 0.0, 0.0, 0.0, 0.0, -5.801305294036865, -2.7789618968963623, 0.0, 61.53333282470703, 15.493278503417969, 0.0, 1000, 1000, 1000, 1000, -3.9965877532958984, -1.9263710975646973, 0.0, -28.754575729370117, 38.59722137451172, 10.10019588470459, 36.47744369506836, 3.096259355545044, 49.67390060424805, 2.7408359050750732, 28.977664947509766, 1.1193733215332031, 32.83787536621094)
(-6.12028694152832, -1.3265825510025024, 0.0, -1.0, 0.0, 0.0, 3.8170151710510254, 4.228671550750732, 0.0, 51.2028694152832, 13.265825271606445, 0.0, 1000, 1000, 1000, 1000, -5.961024284362793, -0.9463882446289062, 0.0, -28.560096740722656, 39.16752624511719, 7.107877731323242, 37.12834167480469, -0.8596022725105286, 43.376617431640625, 1.3555729389190674, 29.141887664794922, -0.456324964761734, 30.041135787963867)
(-5.9679694175720215, -1.2170288562774658, 0.0, -1.0, 0.0, 0.0, 1.9696869850158691, 1.5263817310333252, 0.0, 49.67969512939453, 12.1702880859375, 0.0, 1000, 1000, 1000, 1000, -4.444937229156494, -1.2292561531066895, 0.0, -28.578670501708984, 39.41614532470703, 7.156500816345215, 37.72125244140625, -0.3735158145427704, 44.50423812866211, 1.596585988998413, 29.265060424804688, 0.0252586230635643, 30.886905670166016)
(-6.25321626663208, -1.4347368478775024, 0.0, 0.0, 0.0, 0.0, -4.671534538269043, -1.4812519550323486, 0.0, 62.532161712646484, 14.347368240356445, 0.0, 1000, 1000, 1000, 1000, -7.132669448852539, -2.741682767868042, 0.0, -28.93450164794922, 39.469581604003906, 10.080554962158203, 38.35065841674805, 3.8158071041107178, 52.24702072143555, 2.374293088912964, 29.43120765686035, 0.6473860144615173, 32.452884674072266)
(-5.903696060180664, -5.547561168670654, 0.0, 0.0, 0.0, 0.0, -1.2830305099487305, 0.27442747354507446, 0.0, 59.03696060180664, 55.47561264038086, 0.0, 1000, 1000, 1000, 1000, -5.903696060180664, -5.547561168670654, 0.0, -0.006415152456611395, 0.001372137339785695, 9.047998428344727, 0.015079997479915619, 9.47023868560791, 18.53331756591797, 8.280177116394043, 0.013800296001136303, 8.666585922241211, 16.96056365966797)
(-6.127453327178955, -5.348036766052246, 0.0, -1.0, 0.0, 0.0, -0.5502061247825623, 1.053053379058838, 0.0, 51.274532318115234, 53.480369567871094, 0.0, 1000, 1000, 1000, 1000, -5.783321857452393, -5.272261619567871, 0.0, -0.16540531814098358, 0.22426141798496246, 7.77371072769165, 0.8659332394599915, -0.061698250472545624, 8.574586868286133, 7.832316875457764, 0.6216747164726257, -0.057713717222213745, 8.396278381347656)
(-6.252904891967773, -5.193763732910156, 0.0, -1.0, 0.0, 0.0, -0.657076358795166, 1.2209923267364502, 0.0, 52.529048919677734, 51.93763732910156, 0.0, 1000, 1000, 1000, 1000, -6.635435104370117, -5.3361687660217285, 0.0, -0.27852344512939453, 0.4883682131767273, 7.977919101715088, 1.513314962387085, -1.1075416803359985, 8.383692741394043, 7.607496738433838, 1.2263050079345703, -0.05006267502903938, 8.78373908996582)
(-6.33958101272583, -5.056750297546387, 0.0, -1.0, 0.0, 0.0, -0.2753969430923462, 1.1141221523284912, 0.0, 53.395809173583984, 50.5675048828125, 0.0, 1000, 1000, 1000, 1000, -6.083880424499512, -5.7032952308654785, 0.0, -0.38186758756637573, 0.7607976794242859, 8.050681114196777, 2.141392230987549, 0.011418769136071205, 10.203492164611816, 7.418007850646973, 1.8194423913955688, -0.040566395968198776, 9.196883201599121)
(-6.3574299812316895, -5.0436530113220215, 0.0, -1.0, 0.0, 0.0, -0.3517328202724457, 1.3889312744140625, 0.0, 53.57429885864258, 50.43653106689453, 0.0, 1000, 1000, 1000, 1000, -6.161949157714844, -5.518899440765381, 0.0, -0.5008606314659119, 1.0187232494354248, 8.088905334472656, 2.7738640308380127, 0.006788616068661213, 10.86955738067627, 7.357140064239502, 2.3891983032226562, -0.022144604474306107, 9.724193572998047)
(-6.384751796722412, -5.0519256591796875, 0.0, 0.0, 0.0, 0.0, 2.0757482051849365, 2.7477099895477295, 0.0, 63.84751892089844, 50.519256591796875, 0.0, 1000, 1000, 1000, 1000, -6.691936492919922, -5.226667404174805, 0.0, -0.5199300050735474, 1.3410766124725342, 9.265765190124512, 3.4115939140319824, 0.9097554087638855, 13.587115287780762, 7.165731906890869, 2.9668102264404297, -0.1441444456577301, 9.988397598266602)
(-6.214581489562988, -4.92748498916626, 0.0, -1.0, 0.0, 0.0, -0.42806869745254517, 1.1599236726760864, 0.0, 52.14581298828125, 49.27484893798828, 0.0, 1000, 1000, 1000, 1000, -5.184730052947998, -6.27973747253418, 0.0, -0.5201443433761597, 1.6846508979797363, 7.886082649230957, 4.048714637756348, 0.02986392192542553, 11.96466064453125, 7.217238903045654, 3.5203309059143066, 0.018953025341033936, 10.756522178649902)
(-6.228854179382324, -4.936563014984131, 0.0, -1.0, 0.0, 0.0, -0.09219083935022354, 1.1599236726760864, 0.0, 52.288543701171875, 49.365631103515625, 0.0, 1000, 1000, 1000, 1000, -6.471575736999512, -5.045873641967773, 0.0, -0.625091552734375, 1.9634928703308105, 7.857110023498535, 4.667970657348633, -0.03666212037205696, 12.488418579101562, 7.230855941772461, 4.084895133972168, 0.013405345380306244, 11.329156875610352)
(-6.215382099151611, -4.942269802093506, 0.0, -1.0, 0.0, 0.0, -0.3975343406200409, 1.3431297540664673, 0.0, 52.1538200378418, 49.422698974609375, 0.0, 1000, 1000, 1000, 1000, -6.050656318664551, -5.423126697540283, 0.0, -0.7226343154907227, 2.2440130710601807, 7.882702827453613, 5.286582946777344, 0.003358673071488738, 13.17264461517334, 7.211935520172119, 4.649483680725098, -0.015955492854118347, 11.845463752746582)
(-6.207701683044434, -4.897274971008301, 0.0, -1.0, 0.0, 0.0, -0.42806869745254517, 1.2515267133712769, 0.0, 52.07701873779297, 48.972747802734375, 0.0, 1000, 1000, 1000, 1000, -5.900537967681885, -5.424071788787842, 0.0, -0.8180395364761353, 2.5206406116485596, 7.875763416290283, 5.933642387390137, -0.0012038040440529585, 13.808201789855957, 7.1581830978393555, 5.203463077545166, -0.005717170890420675, 12.355929374694824)
(-6.201479911804199, -4.925853729248047, 0.0, -1.0, 0.0, 0.0, -0.5502061247825623, 1.2515267133712769, 0.0, 52.014801025390625, 49.25853729248047, 0.0, 1000, 1000, 1000, 1000, -5.868747234344482, -5.122086524963379, 0.0, -0.9201624393463135, 2.7921533584594727, 7.884750843048096, 6.55108642578125, 0.010619227774441242, 14.446456909179688, 7.201051712036133, 5.768200397491455, -0.02647290751338005, 12.942779541015625)
(-6.2042622566223145, -4.9125657081604, 0.0, -1.0, 0.0, 0.0, -0.4433358907699585, 1.2667938470840454, 0.0, 52.04262161254883, 49.12565612792969, 0.0, 1000, 1000, 1000, 1000, -6.100197792053223, -5.090204238891602, 0.0, -1.0180869102478027, 3.0665676593780518, 7.872893810272217, 7.167932987213135, 0.013753311708569527, 15.054579734802246, 7.178829669952393, 6.332143306732178, -0.028881115838885307, 13.482091903686523)
(-6.239760398864746, -4.860250949859619, 0.0, -1.0, 0.0, 0.0, -0.7028778791427612, 1.1599236726760864, 0.0, 52.397605895996094, 48.602508544921875, 0.0, 1000, 1000, 1000, 1000, -5.789798736572266, -4.96936559677124, 0.0, -1.114026665687561, 3.3349499702453613, 7.9650726318359375, 7.8068413734436035, 0.018705077469348907, 15.790618896484375, 7.116387844085693, 6.893614768981934, -0.0034802514128386974, 14.006522178649902)
(-6.249277114868164, -4.870904922485352, 0.0, -1.0, 0.0, 0.0, -0.367000013589859, 1.1446565389633179, 0.0, 52.49277114868164, 48.709049224853516, 0.0, 1000, 1000, 1000, 1000, -6.220339775085449, -5.137044429779053, 0.0, -1.2166839838027954, 3.6082189083099365, 7.9289655685424805, 8.427765846252441, -0.005125449970364571, 16.351606369018555, 7.1346588134765625, 7.451879978179932, 0.013943164609372616, 14.600481986999512)
(-6.2371416091918945, -4.907703399658203, 0.0, -1.0, 0.0, 0.0, -0.38226717710494995, 1.1293892860412598, 0.0, 52.37141418457031, 49.07703399658203, 0.0, 1000, 1000, 1000, 1000, -6.148812294006348, -5.575780391693115, 0.0, -1.3190357685089111, 3.881105899810791, 7.913052082061768, 9.048867225646973, -0.009249527007341385, 16.952669143676758, 7.192146301269531, 8.002464294433594, 0.028336109593510628, 15.222947120666504)
(-6.231993675231934, -4.9307403564453125, 0.0, -1.0, 0.0, 0.0, -0.367000013589859, 1.1599236726760864, 0.0, 52.31993865966797, 49.307403564453125, 0.0, 1000, 1000, 1000, 1000, -6.226925849914551, -5.504777908325195, 0.0, -1.4269602298736572, 4.160787105560303, 7.903040885925293, 9.698657035827637, -0.18367834389209747, 17.418020248413086, 7.2221221923828125, 8.5663480758667, -0.0011031875619664788, 15.78736686706543)
(-6.212441921234131, -4.90631628036499, 0.0, -1.0, 0.0, 0.0, -0.38226717710494995, 1.373664140701294, 0.0, 52.124420166015625, 49.06316375732422, 0.0, 1000, 1000, 1000, 1000, -5.7076640129089355, -5.060626983642578, 0.0, -1.5276328325271606, 4.43924617767334, 7.876003265380859, 10.316938400268555, -0.021425316110253334, 18.17151641845703, 7.1534247398376465, 9.130135536193848, -0.036856167018413544, 16.2467041015625)
(-6.193482875823975, -4.862183094024658, 0.0, -1.0, 0.0, 0.0, -0.1990610659122467, 1.2515267133712769, 0.0, 51.93482971191406, 48.621829986572266, 0.0, 1000, 1000, 1000, 1000, -6.138382911682129, -5.334166049957275, 0.0, -1.6197558641433716, 4.717628002166748, 7.8200836181640625, 10.931936264038086, -0.030236441642045975, 18.721782684326172, 7.105545520782471, 9.685098648071289, -0.044190987944602966, 16.74645233154297)
(-6.221251010894775, -4.91334342956543, 0.0, -1.0, 0.0, 0.0, -0.5196717381477356, 1.053053379058838, 0.0, 52.21250915527344, 49.1334342956543, 0.0, 1000, 1000, 1000, 1000, -5.9056196212768555, -5.289616584777832, 0.0, -1.7256954908370972, 4.992347240447998, 7.90982723236084, 11.581144332885742, -1.1559189558029175, 18.335052490234375, 7.212057113647461, 10.245331764221191, 0.026898732408881187, 17.48428726196289)
(-6.218809127807617, -4.9148664474487305, 0.0, -1.0, 0.0, 0.0, -0.5196717381477356, 1.1293892860412598, 0.0, 52.18809127807617, 49.14866638183594, 0.0, 1000, 1000, 1000, 1000, -6.105854034423828, -5.636621952056885, 0.0, -1.826138973236084, 5.267068386077881, 7.906164646148682, 12.2005033493042, 0.013479011133313179, 20.120147705078125, 7.2028913497924805, 10.797416687011719, 0.040614910423755646, 18.040922164916992)
(-6.212990760803223, -4.906581401824951, 0.0, -1.0, 0.0, 0.0, -0.3211984634399414, 1.0225191116333008, 0.0, 52.129905700683594, 49.06581497192383, 0.0, 1000, 1000, 1000, 1000, -5.976661682128906, -5.1068267822265625, 0.0, -1.927651286125183, 5.54049015045166, 7.8676652908325195, 12.818479537963867, -0.023475976660847664, 20.662670135498047, 7.206494331359863, 11.36094856262207, 0.008532634936273098, 18.57597541809082)
(-6.20994758605957, -4.88659143447876, 0.0, 0.0, 0.0, 0.0, -0.16852672398090363, 0.7324427366256714, 0.0, 62.0994758605957, 48.86591339111328, 0.0, 1000, 1000, 1000, 1000, -6.319453239440918, -5.077047348022461, 0.0, -2.0279452800750732, 5.823453426361084, 9.340200424194336, 13.459306716918945, 0.9031111001968384, 23.702617645263672, 7.220020771026611, 11.934473991394043, 0.05646380037069321, 19.21095848083496)
(-6.201581954956055, -4.968963146209717, 0.0, -1.0, 0.0, 0.0, -0.3517328202724457, 1.1446565389633179, 0.0, 52.01581954956055, 49.689632415771484, 0.0, 1000, 1000, 1000, 1000, -6.002168655395508, -5.285940647125244, 0.0, -2.1182355880737305, 6.102294921875, 7.855133056640625, 14.094938278198242, -0.012474044226109982, 21.937597274780273, 7.2817463874816895, 12.49011516571045, 0.01226263027638197, 19.78412437438965)