
(-4.050889492034912, 3.636096239089966, 0.0, 0.0, 0.0, 0.0, 13.832236289978027, 14.564602851867676, 0.0, 40.50889587402344, -36.3609619140625, 0.0, 1000, 1000, 1000, 1000, -3.0421457290649414, 4.813973426818848, 0.0, -18.670522689819336, 62.556236267089844, 4.001498699188232, -7.858664512634277, -2.2983241081237793, -6.155489921569824, -7.638834476470947, -22.936477661132812, -3.098095655441284, -33.67340850830078)
(-0.1069372147321701, 7.61472225189209, 0.0, 0.0, 0.0, 0.0, 5.725366592407227, 3.2210915088653564, 0.0, 1.0693721771240234, -76.14722442626953, 0.0, 1000, 1000, 1000, 1000, 0.30921709537506104, 8.669271469116211, 0.0, -15.588421821594238, 65.69462585449219, -0.6983991861343384, -7.798229217529297, 0.11793596297502518, -8.378692626953125, -11.905247688293457, -23.786418914794922, -0.04261346161365509, -35.73427963256836)
(0.3130190372467041, 6.308058738708496, 0.0, 0.0, 0.0, 0.0, 11.114679336547852, -6.412496089935303, 0.0, -3.130190372467041, -63.080589294433594, 0.0, 1000, 1000, 1000, 1000, 1.0834004878997803, 6.205173492431641, 0.0, -15.249448776245117, 64.62884521484375, -2.136730432510376, -7.819199562072754, -2.255021810531616, -12.210951805114746, -8.500214576721191, -24.57478904724121, 1.0229207277297974, -32.05208206176758)
(3.0428812503814697, 4.108387470245361, 0.0, 0.0, 0.0, 0.0, 0.8246030807495117, -0.12241984903812408, 0.0, -30.42881202697754, -41.0838737487793, 0.0, 1000, 1000, 1000, 1000, 4.368751525878906, 3.029735565185547, 0.0, -12.964524269104004, 63.27313232421875, -4.68801212310791, -8.165843963623047, 0.08357034623622894, -12.770285606384277, -6.1442179679870605, -25.09662628173828, 0.10919401049613953, -31.131650924682617)
(3.527517557144165, 4.153690814971924, 0.0, 0.0, 0.0, 0.0, -5.404404640197754, 0.5188015103340149, 0.0, -35.275177001953125, -41.53690719604492, 0.0, 1000, 1000, 1000, 1000, 4.378735065460205, 4.587529182434082, 0.0, -13.450285911560059, 63.533206939697266, -4.480616092681885, -8.553659439086914, 0.34974220395088196, -12.684534072875977, -6.308356285095215, -25.589380264282227, 0.000567764276638627, -31.89716911315918)
(3.5132076740264893, 3.518674850463867, 0.0, 0.0, 0.0, 0.0, 0.35132062435150146, 0.25925955176353455, 0.0, -35.132076263427734, -35.18674850463867, 0.0, 1000, 1000, 1000, 1000, 3.4385244846343994, 3.6783342361450195, 0.0, -13.730093955993652, 63.17741775512695, -5.322509765625, -8.940969467163086, 0.11316476762294769, -14.150315284729004, -5.316901206970215, -26.03432273864746, 0.09132380783557892, -31.25990104675293)
(2.799278974533081, 3.2731761932373047, 0.0, 0.0, 0.0, 0.0, -6.808984756469727, 0.38139694929122925, 0.0, -27.99279022216797, -32.73176193237305, 0.0, 1000, 1000, 1000, 1000, 2.50201153755188, 3.2737483978271484, 0.0, -14.532191276550293, 63.35652160644531, -3.1775708198547363, -9.288229942321777, 0.7460901737213135, -11.719710350036621, -4.966973781585693, -26.440481185913086, 0.1666603833436966, -31.240795135498047)
(0.8853725790977478, 2.035940647125244, 0.0, 0.0, 0.0, 0.0, -10.96165657043457, -13.252190589904785, 0.0, -8.85372543334961, -20.359405517578125, 0.0, 1000, 1000, 1000, 1000, 0.644565224647522, 2.16062593460083, 0.0, -16.37360191345215, 62.08454895019531, 0.3161896765232086, -9.419100761413574, 1.671401023864746, -7.4315104484558105, -1.066082239151001, -26.720645904541016, 1.9461250305175781, -25.84060287475586)
(-1.3960634469985962, -0.3908713459968567, 0.0, 0.0, 0.0, 0.0, -0.5647099018096924, 1.2668931484222412, 0.0, 13.960634231567383, 3.9087133407592773, 0.0, 1000, 1000, 1000, 1000, -1.9528517723083496, -1.7844734191894531, 0.0, -18.157451629638672, 60.534095764160156, 2.1788015365600586, -9.269039154052734, -0.2968125641345978, -7.387050151824951, 0.39627301692962646, -26.711633682250977, -0.47633156180381775, -26.79169273376465)
(-0.8136173486709595, -0.12935028970241547, 0.0, 0.0, 0.0, 0.0, 0.8551374077796936, 0.7630763649940491, 0.0, 8.136173248291016, 1.293502926826477, 0.0, 1000, 1000, 1000, 1000, -0.411562442779541, -0.3103957176208496, 0.0, -17.74359893798828, 61.06699752807617, 1.0921553373336792, -9.15349006652832, -0.113857701420784, -8.175192832946777, 0.07956398278474808, -26.708642959594727, 0.03483332693576813, -26.59424591064453)
(-1.327073574066162, -0.37419095635414124, 0.0, 0.0, 0.0, 0.0, -4.198297500610352, -0.8857786059379578, 0.0, 13.270735740661621, 3.7419095039367676, 0.0, 1000, 1000, 1000, 1000, -1.5234119892120361, -0.43121337890625, 0.0, -18.199737548828125, 61.13532638549805, 2.6203548908233643, -9.027100563049316, 0.7357416749000549, -5.671003818511963, 0.6941531896591187, -26.691455841064453, 0.1133636012673378, -25.88393783569336)
(-1.25340735912323, -0.4496627748012543, 0.0, 0.0, 0.0, 0.0, -0.7326488494873047, 1.7859771251678467, 0.0, 12.534073829650879, 4.4966278076171875, 0.0, 1000, 1000, 1000, 1000, 0.11924660205841064, -0.5275955200195312, 0.0, -18.380380630493164, 61.0579948425293, 1.9900083541870117, -8.840195655822754, -0.047929368913173676, -6.898116588592529, 0.4065976142883301, -26.638431549072266, -0.5513828992843628, -26.78321647644043)
(-1.4552114009857178, -0.8174741268157959, 0.0, 0.0, 0.0, 0.0, -2.259366512298584, -0.778908371925354, 0.0, 14.552114486694336, 8.174741744995117, 0.0, 1000, 1000, 1000, 1000, -0.6458425521850586, -2.2932887077331543, 0.0, -19.0787353515625, 61.07610321044922, 2.5217223167419434, -8.659444808959961, -0.1197802945971489, -6.257502555847168, 1.3430476188659668, -26.5720272064209, 0.26736515760421753, -24.96161460876465)
(-3.77207350730896, 0.5091464519500732, 0.0, 0.0, 0.0, 0.0, -4.97692346572876, 9.190557479858398, 0.0, 37.720733642578125, -5.091464519500732, 0.0, 1000, 1000, 1000, 1000, -5.323142051696777, 1.7059946060180664, 0.0, -21.4415225982666, 62.97373580932617, 6.404648780822754, -8.275015830993652, -0.5754411220550537, -2.4458084106445312, -2.142303466796875, -26.616647720336914, -0.6110119819641113, -29.369962692260742)
(-2.139267921447754, -0.36070194840431213, 0.0, 0.0, 0.0, 0.0, 9.7864351272583, 1.022618293762207, 0.0, 21.39267921447754, 3.6070194244384766, 0.0, 1000, 1000, 1000, 1000, -2.720759391784668, -2.2445318698883057, 0.0, -19.017589569091797, 62.40251922607422, 1.7409366369247437, -8.016687393188477, -0.13676472008228302, -6.412516117095947, 0.3876601755619049, -26.6141414642334, 0.23638369143009186, -25.990097045898438)
(-1.736510992050171, -0.7341228723526001, 0.0, 0.0, 0.0, 0.0, -2.610511541366577, -0.7636412382125854, 0.0, 17.365110397338867, 7.341228485107422, 0.0, 1000, 1000, 1000, 1000, -1.783616304397583, -1.277496576309204, 0.0, -18.513351440429688, 62.44215774536133, 2.9963433742523193, -7.8385114669799805, 0.6044743061065674, -4.237693786621094, 1.2157304286956787, -26.55120277404785, 0.22336852550506592, -25.112102508544922)
(-2.7370567321777344, -2.379451274871826, 0.0, 0.0, 0.0, 0.0, -4.96165657043457, 0.060786258429288864, 0.0, 27.370567321777344, 23.794513702392578, 0.0, 1100, 1100, 1100, 1100, -2.6682848930358887, -4.833998680114746, 0.0, -19.983076095581055, 61.52485656738281, 4.8498334884643555, -7.511421203613281, -0.0367908850312233, -2.698378801345825, 3.560059070587158, -26.355693817138672, -0.5661412477493286, -23.36177635192871)
(-1.130025029182434, -1.2980449199676514, 0.0, 0.0, 0.0, 0.0, 1.1910152435302734, 0.45773282647132874, 0.0, 11.300250053405762, 12.980449676513672, 0.0, 1100, 1136, 1100, 1114, -4.346190929412842, -0.003390789031982422, 0.0, -18.869829177856445, 62.066322326660156, 1.5163851976394653, -7.345928192138672, -0.02051916904747486, -5.850062370300293, 1.8784074783325195, -26.189096450805664, -0.004478929564356804, -24.315168380737305)
(-1.1750638484954834, -1.3555258512496948, 0.0, 0.0, 0.0, 0.0, -4.625778675079346, 8.732542037963867, 0.0, 11.750638961791992, 13.555258750915527, 0.0, 1140, 1204, 1155, 1195, 0.8357125520706177, -1.2984910011291504, 0.0, -19.015363693237305, 62.924652099609375, 2.4564626216888428, -7.192883491516113, 0.7514612078666687, -3.984959602355957, 0.723407506942749, -26.054443359375, -0.7435305714607239, -26.074565887451172)
(-2.301015615463257, -0.6834201216697693, 0.0, 0.0, 0.0, 0.0, -2.4273054599761963, 4.305060863494873, 0.0, 23.010156631469727, 6.834201335906982, 0.0, 1205, 1272, 1223, 1258, -16.699357986450195, -10.782185554504395, 0.0, -20.14608383178711, 64.49488830566406, 3.8156192302703857, -6.9170074462890625, 0.9294367432594299, -2.1719515323638916, 0.3793710768222809, -25.99820899963379, 0.20759083330631256, -25.41124725341797)
(-2.2910897731781006, 2.9726736545562744, 0.0, 0.0, 0.0, 0.0, -9.45020580291748, -3.3437938690185547, 0.0, 22.910898208618164, -29.726736068725586, 0.0, 1261, 1336, 1286, 1319, 7.798387050628662, -24.347341537475586, 0.0, -19.999248504638672, 67.92167663574219, 4.854165554046631, -6.656990051269531, 2.245950222015381, 0.44312572479248047, -3.9574413299560547, -26.2741641998291, 3.521439552307129, -26.71016502380371)
(0.457426518201828, 4.593749046325684, 0.0, 0.0, 0.0, 0.0, 1.4810916185379028, 4.763076305389404, 0.0, -4.574265003204346, -45.93749237060547, 0.0, 1370, 1452, 1351, 1421, -26.450061798095703, 1.7209367752075195, 0.0, -18.824851989746094, 66.73123168945312, -0.9083034992218018, -6.591434478759766, 0.5190390944480896, -6.980699062347412, -7.605085372924805, -26.647430419921875, -3.4186859130859375, -37.67120361328125)
(2.921393871307373, 4.591797828674316, 0.0, 0.0, 0.0, 0.0, 9.404755592346191, -12.916313171386719, 0.0, -29.213939666748047, -45.91797637939453, 0.0, 1474, 1519, 1444, 1513, 24.83013916015625, 27.030136108398438, 0.0, -16.709857940673828, 65.76969146728516, -5.79280424118042, -6.841551303863525, -3.1382248401641846, -15.77258014678955, -4.950249671936035, -27.101913452148438, 3.580021858215332, -28.47214126586914)
(2.2325797080993652, 8.429765701293945, 0.0, 0.0, 0.0, 0.0, -5.54180908203125, 1.9386488199234009, 0.0, -22.32579803466797, -84.29765319824219, 0.0, 1509, 1590, 1536, 1626, 31.90461540222168, -26.70380973815918, 0.0, -16.992488861083984, 73.9616928100586, -2.5175983905792236, -7.0458574295043945, -2.7506372928619385, -12.314092636108398, -12.935445785522461, -28.2989501953125, -1.4542527198791504, -42.68864822387695)
(3.8403472900390625, 9.026619911193848, 0.0, 0.0, 0.0, 0.0, 11.816969871520996, 11.2974271774292, 0.0, -38.403472900390625, -90.26619720458984, 0.0, 1563, 1623, 1551, 1657, 80.12757873535156, -15.917000770568848, 0.0, -17.163976669311523, 75.97537231445312, -7.533066749572754, -7.394636631011963, -6.698853015899658, -21.626556396484375, -15.234542846679688, -29.515094757080078, 3.385188102722168, -41.36444854736328)
(0.8914344310760498, 8.61794662475586, 0.0, 0.0, 0.0, 0.0, 25.465824127197266, -8.687305450439453, 0.0, -8.914344787597656, -86.1794662475586, 0.0, 1538, 1599, 1589, 1696, 18.858858108520508, 51.989341735839844, 0.0, -19.583702087402344, 76.62958526611328, -5.157025337219238, -7.548364162445068, -8.854055404663086, -21.559444427490234, -11.623823165893555, -30.77716636657715, 0.03021128848195076, -42.37077713012695)
(3.9186055660247803, 5.955721855163574, 0.0, 0.0, 0.0, 0.0, 14.778801918029785, -24.504098892211914, 0.0, -39.18605422973633, -59.557220458984375, 0.0, 1580, 1625, 1564, 1654, 28.58894157409668, 55.268245697021484, 0.0, -17.027477264404297, 76.2396011352539, -8.094728469848633, -7.981004238128662, -4.976114749908447, -21.051847457885742, -5.257968425750732, -31.553085327148438, 3.15255069732666, -33.658504486083984)
(4.748125076293945, 0.8510567545890808, 0.0, 0.0, 0.0, 0.0, -14.717381477355957, 31.022619247436523, 0.0, -47.48125076293945, -8.510567665100098, 0.0, 1522, 1607, 1598, 1695, -12.91309928894043, -65.11935424804688, 0.0, -17.059574127197266, 76.66100311279297, -4.914580345153809, -8.525484085083008, 0.2111424207687378, -13.228922843933105, -5.929978370666504, -31.819469451904297, -7.626837253570557, -45.376285552978516)
(5.235904693603516, 3.929110288619995, 0.0, 0.0, 0.0, 0.0, 18.244449615478516, -25.145320892333984, 0.0, -52.359046936035156, -39.29110336303711, 0.0, 1556, 1588, 1596, 1682, 23.22271156311035, -7.295534610748291, 0.0, -16.949296951293945, 73.5219497680664, -10.590524673461914, -9.050984382629395, -3.626690149307251, -23.268199920654297, -2.1218674182891846, -32.01630401611328, 4.642364025115967, -29.495805740356445)
(4.68656587600708, 4.379927635192871, 0.0, 0.0, 0.0, 0.0, -18.992191314697266, -43.420127868652344, 0.0, -46.865657806396484, -43.799278259277344, 0.0, 1603, 1644, 1559, 1616, -12.070845603942871, 40.24284362792969, 0.0, -19.92047691345215, 73.22798156738281, -4.1810197830200195, -9.609367370605469, -0.2562713027000427, -14.046658515930176, -0.05687255784869194, -32.519264221191406, 7.991957187652588, -24.584177017211914)
(2.2082266807556152, 5.513046741485596, 0.0, 0.0, 0.0, 0.0, 36.33605194091797, -8.717839241027832, 0.0, -22.08226776123047, -55.13046646118164, 0.0, 1600, 1645, 1531, 1650, -13.769538879394531, 64.80988311767578, 0.0, -20.553565979003906, 73.69435119628906, -8.762747764587402, -9.938234329223633, -9.895013809204102, -28.59599494934082, -6.9618940353393555, -33.13898849487305, -0.9164841175079346, -41.01736831665039)
(-0.6907426714897156, 2.132258415222168, 0.0, 0.0, 0.0, 0.0, -8.854785919189453, -22.397228240966797, 0.0, 6.907426834106445, -21.32258415222168, 0.0, 1603, 1655, 1563, 1601, -28.515222549438477, 54.13154983520508, 0.0, -21.947946548461914, 73.2745132446289, 2.3643319606781006, -10.032161712646484, 1.2397767305374146, -6.42805290222168, 0.16119661927223206, -33.428489685058594, 10.519231796264648, -22.748062133789062)
(7.893104553222656, 1.6445952653884888, 0.0, 0.0, 0.0, 0.0, -17.4196720123291, 36.7172737121582, 0.0, -78.93104553222656, -16.445953369140625, 0.0, 1521, 1628, 1588, 1685, -22.017358779907227, -70.5692367553711, 0.0, -14.284013748168945, 73.47490692138672, -9.226706504821777, -10.910433769226074, 12.540593147277832, -7.5965471267700195, -7.974483966827393, -33.70220184326172, -9.492279052734375, -51.16896438598633)
(5.575793266296387, 0.029108157381415367, 0.0, 0.0, 0.0, 0.0, -19.786083221435547, 78.68673706054688, 0.0, -55.7579345703125, -0.29108157753944397, 0.0, 1487, 1617, 1586, 1733, 1.6390973329544067, -59.96760940551758, 0.0, -16.57756233215332, 73.48552703857422, -5.395777702331543, -11.603511810302734, 2.864640235900879, -14.134649276733398, -11.846673011779785, -33.808963775634766, -23.617597579956055, -69.27323150634766)
(2.71065354347229, -4.106662273406982, 0.0, 0.0, 0.0, 0.0, -29.328067779541016, 66.85468292236328, 0.0, -27.106534957885742, 41.06662368774414, 0.0, 1507, 1636, 1590, 1689, -25.024085998535156, -26.745759963989258, 0.0, -19.903553009033203, 71.94522857666016, 0.3332299292087555, -11.873908996582031, 9.035188674926758, -2.50549054145813, -3.868208885192871, -33.48704528808594, -19.683134078979492, -57.038387298583984)
(0.8344794511795044, -4.2549896240234375, 0.0, 0.0, 0.0, 0.0, 24.00017547607422, 88.0302505493164, 0.0, -8.344794273376465, 42.549896240234375, 0.0, 1553, 1647, 1531, 1691, 24.941890716552734, -53.4250373840332, 0.0, -21.940378189086914, 74.44705200195312, -4.85174560546875, -11.819852828979492, -9.978033065795898, -26.64963150024414, -6.822052955627441, -33.1973991394043, -23.247453689575195, -63.26690673828125)
(0.48422008752822876, 3.415872812271118, 0.0, 0.0, 0.0, 0.0, 30.870405197143555, 69.26689147949219, 0.0, -4.842200756072998, -34.158729553222656, 0.0, 1504, 1598, 1569, 1752, 21.092365264892578, 26.899377822875977, 0.0, -25.634077072143555, 76.1395492553711, -5.356890678405762, -11.777082443237305, -14.992297172546387, -32.12627029418945, -15.513843536376953, -33.36336898803711, -20.296052932739258, -69.17326354980469)
(1.24398934841156, -0.44764530658721924, 0.0, 0.0, 0.0, 0.0, -7.221198558807373, 66.41193389892578, 0.0, -12.43989372253418, 4.476452827453613, 0.0, 1500, 1616, 1595, 1715, -2.266110897064209, -74.43744659423828, 0.0, -24.286558151245117, 74.86145782470703, -0.7828042507171631, -11.998311042785645, 1.6927027702331543, -11.088412284851074, -9.290322303771973, -33.71636199951172, -16.045190811157227, -59.051876068115234)
(4.296098232269287, 0.8382415175437927, 0.0, 0.0, 0.0, 0.0, 16.45819091796875, 49.26689147949219, 0.0, -42.96098327636719, -8.382414817810059, 0.0, 1561, 1652, 1541, 1668, -6.828946113586426, -51.63448715209961, 0.0, -21.676517486572266, 76.48863220214844, -8.91287612915039, -12.382955551147461, 2.5655853748321533, -18.73024559020996, -8.647396087646484, -33.91440963745117, -11.946139335632324, -54.5079460144043)
(1.2833881378173828, 2.5922324657440186, 0.0, 0.0, 0.0, 0.0, -29.618144989013672, 32.21345901489258, 0.0, -12.833881378173828, -25.922325134277344, 0.0, 1512, 1631, 1591, 1688, -18.9982852935791, 14.085874557495117, 0.0, -24.636707305908203, 76.67192077636719, 2.517639636993408, -12.592554092407227, 5.447904586791992, -4.627009391784668, -8.720367431640625, -34.179176330566406, -11.095041275024414, -53.99458694458008)
(7.078235626220703, 4.44561243057251, 0.0, 0.0, 0.0, 0.0, 9.557427406311035, 38.732540130615234, 0.0, -70.78235626220703, -44.45612335205078, 0.0, 1544, 1626, 1553, 1699, -10.999247550964355, 15.478595733642578, 0.0, -22.28689193725586, 75.48665618896484, -12.0509672164917, -13.174766540527344, -0.5922260880470276, -25.817960739135742, -12.478299140930176, -34.62135696411133, -9.998072624206543, -57.09772872924805)
(0.8308064341545105, 3.457051992416382, 0.0, 0.0, 0.0, 0.0, 5.450557231903076, -27.542266845703125, 0.0, -8.308064460754395, -34.570518493652344, 0.0, 1597, 1633, 1554, 1639, 23.28781509399414, 23.035755157470703, 0.0, -27.094255447387695, 74.75764465332031, -2.063793182373047, -13.326883316040039, -6.691333770751953, -22.08201026916504, -1.054237723350525, -35.06550979614258, 5.951426982879639, -30.168319702148438)
(1.1971218585968018, 4.4409894943237305, 0.0, 0.0, 0.0, 0.0, 5.755900859832764, -17.0537166595459, 0.0, -11.97121810913086, -44.40989685058594, 0.0, 1626, 1662, 1532, 1602, 11.371416091918945, 32.939186096191406, 0.0, -25.470474243164062, 76.93621826171875, -2.6590678691864014, -13.516215324401855, -2.3190455436706543, -18.49432945251465, -4.103426933288574, -35.607444763183594, 12.928672790527344, -26.78219985961914)
(-2.2450854778289795, 11.614877700805664, 0.0, 0.0, 0.0, 0.0, -10.931121826171875, 3.953916072845459, 0.0, 22.450855255126953, -116.14877319335938, 0.0, 1562, 1666, 1552, 1642, -14.818317413330078, 19.15411949157715, 0.0, -28.33730125427246, 79.97461700439453, 5.007296562194824, -13.337593078613281, 1.8615493774414062, -6.468747138977051, -18.015403747558594, -36.76460647583008, 6.411534309387207, -48.36847686767578)
(2.4153335094451904, 8.32211685180664, 0.0, 0.0, 0.0, 0.0, 20.64139747619629, -58.18348693847656, 0.0, -24.153335571289062, -83.2211685180664, 0.0, 1605, 1637, 1557, 1623, 13.097444534301758, 73.76456451416016, 0.0, -21.593141555786133, 78.9178466796875, -6.719209671020508, -13.603792190551758, 1.9217718839645386, -18.401229858398438, -3.7556521892547607, -37.762657165527344, 17.253368377685547, -24.264942169189453)
(-0.6485593318939209, 9.609023094177246, 0.0, 0.0, 0.0, 0.0, -12.579977035522461, 34.7172737121582, 0.0, 6.485593318939209, -96.0902328491211, 0.0, 1491, 1622, 1591, 1718, -28.920635223388672, 11.214157104492188, 0.0, -23.002260208129883, 83.05074310302734, 2.859835624694824, -13.625036239624023, 1.82196044921875, -8.94324016571045, -19.621126174926758, -38.9601936340332, -5.926635265350342, -64.5079574584961)
(2.1864051818847656, 12.295654296875, 0.0, 0.0, 0.0, 0.0, 7.542160511016846, 3.9233815670013428, 0.0, -21.864051818847656, -122.95654296875, 0.0, 1573, 1692, 1514, 1643, -10.285155296325684, -12.736675262451172, 0.0, -19.369930267333984, 85.13152313232422, -4.410931587219238, -13.7910795211792, 5.6804890632629395, -12.521522521972656, -19.0319881439209, -40.046104431152344, -2.9783883094787598, -62.05648422241211)
(1.037014365196228, 11.545576095581055, 0.0, 0.0, 0.0, 0.0, -9.16012954711914, -40.91631317138672, 0.0, -10.37014389038086, -115.45576477050781, 0.0, 1552, 1632, 1581, 1662, -32.179264068603516, 21.040727615356445, 0.0, -19.27477264404297, 85.0962905883789, -0.18150214850902557, -14.027322769165039, 3.8049135208129883, -10.403910636901855, -11.180917739868164, -41.510093688964844, 12.440062522888184, -40.250946044921875)
(-0.15092872083187103, 12.222503662109375, 0.0, 0.0, 0.0, 0.0, 0.15284733474254608, -42.91631317138672, 0.0, 1.5092872381210327, -122.22503662109375, 0.0, 1574, 1643, 1551, 1654, 40.817691802978516, -24.14582061767578, 0.0, -24.18137550354004, 87.04408264160156, 0.20346599817276, -13.8433837890625, -4.759359836578369, -18.39927864074707, -11.896308898925781, -43.092674255371094, 11.803153038024902, -43.18583297729492)
(-0.6056153178215027, 11.103129386901855, 0.0, 0.0, 0.0, 0.0, 3.5421602725982666, 18.137121200561523, 0.0, 6.056153297424316, -111.03129577636719, 0.0, 1543, 1657, 1544, 1678, -12.95962142944336, 44.85651779174805, 0.0, -25.136131286621094, 88.69843292236328, 0.377098947763443, -13.897549629211426, -1.762008786201477, -15.282459259033203, -19.375261306762695, -44.63268280029297, 2.0994484424591064, -61.90849304199219)
(2.458369731903076, 11.596236228942871, 0.0, 0.0, 0.0, 0.0, 30.229183197021484, -24.8094425201416, 0.0, -24.583698272705078, -115.96236419677734, 0.0, 1568, 1643, 1534, 1678, 14.525736808776855, 17.087417602539062, 0.0, -21.278987884521484, 88.2515869140625, -8.221932411193848, -14.26439380645752, -4.700342178344727, -27.186668395996094, -13.672938346862793, -45.86850357055664, 4.806299209594727, -54.73514175415039)
(2.628450632095337, 9.790656089782715, 0.0, 0.0, 0.0, 0.0, 5.51162576675415, -7.908679485321045, 0.0, -26.28450584411621, -97.90656280517578, 0.0, 1532, 1594, 1586, 1710, 26.329448699951172, 54.96554183959961, 0.0, -22.819942474365234, 90.2652587890625, -4.7694196701049805, -14.566096305847168, -5.855431079864502, -25.190946578979492, -13.499683380126953, -47.379520416259766, 14.289124488830566, -46.5900764465332)
(4.000553131103516, 8.703635215759277, 0.0, 0.0, 0.0, 0.0, 5.420022964477539, -27.542266845703125, 0.0, -40.005531311035156, -87.0363540649414, 0.0, 1542, 1615, 1569, 1697, 7.647213935852051, -65.89013671875, 0.0, -22.568452835083008, 89.59091186523438, -6.813832759857178, -15.059743881225586, -1.7339569330215454, -23.607534408569336, -8.924113273620605, -48.34804153442383, 6.987079620361328, -50.28507614135742)
(3.261899471282959, 9.276823043823242, 0.0, 0.0, 0.0, 0.0, -33.2059326171875, 28.61040496826172, 0.0, -32.618995666503906, -92.76823425292969, 0.0, 1486, 1641, 1575, 1720, 12.694503784179688, -20.037555694580078, 0.0, -24.334131240844727, 88.48587036132812, 0.0880405455827713, -15.385119438171387, 7.9789886474609375, -7.318090438842773, -18.206796646118164, -49.47687911987305, -7.251674652099609, -74.93534851074219)
(5.546083450317383, 5.320119380950928, 0.0, 0.0, 0.0, 0.0, -4.366236686706543, -30.641504287719727, 0.0, -55.46083450317383, -53.201194763183594, 0.0, 1597, 1677, 1514, 1634, -10.395668983459473, -18.4656925201416, 0.0, -22.600038528442383, 85.56255340576172, -7.664189338684082, -15.937759399414062, 3.695763349533081, -19.906185150146484, -3.38395357131958, -50.22237777709961, 3.3859565258026123, -50.220375061035156)
(-1.8244024515151978, 10.000091552734375, 0.0, 0.0, 0.0, 0.0, -33.23646545410156, -7.191122055053711, 0.0, 18.2440242767334, -100.00091552734375, 0.0, 1537, 1664, 1550, 1671, 33.8793830871582, -19.532917022705078, 0.0, -32.10319900512695, 87.55126190185547, 7.722073554992676, -15.903984069824219, -0.5315148234367371, -8.713424682617188, -13.921468734741211, -51.23223876953125, 3.1583504676818848, -61.995357513427734)
(2.3987059593200684, 9.00493335723877, 0.0, 0.0, 0.0, 0.0, 12.015442848205566, -36.320892333984375, 0.0, -23.987060546875, -90.04933166503906, 0.0, 1605, 1701, 1496, 1621, -5.910332202911377, 74.71683502197266, 0.0, -28.827425003051758, 85.58209228515625, -5.4003753662109375, -16.090864181518555, 4.223930358886719, -17.267309188842773, -8.059266090393066, -51.99846267700195, 4.789546966552734, -55.26818084716797)
(1.4064912796020508, 8.517950057983398, 0.0, 0.0, 0.0, 0.0, 16.549793243408203, -4.962114334106445, 0.0, -14.064912796020508, -85.17950439453125, 0.0, 1589, 1683, 1501, 1649, -7.570707321166992, -3.0477373600006104, 0.0, -27.47364616394043, 86.72709655761719, -4.592206001281738, -16.387126922607422, -2.742246389389038, -23.72157859802246, -12.032608985900879, -53.08589553833008, 4.813948631286621, -60.3045539855957)
(0.8467707633972168, 4.133244514465332, 0.0, 0.0, 0.0, 0.0, -19.373870849609375, 24.198190689086914, 0.0, -8.467707633972168, -41.33244323730469, 0.0, 1542, 1667, 1541, 1672, 32.21331024169922, -41.71601104736328, 0.0, -27.569717407226562, 88.49077606201172, 1.6359244585037231, -16.548791885375977, 3.478426218032837, -11.434440612792969, -9.829594612121582, -53.92429733276367, -0.4302862584590912, -64.1841812133789)
(-0.3245691657066345, 0.4206279516220093, 0.0, 0.0, 0.0, 0.0, -10.045625686645508, 30.534069061279297, 0.0, 3.2456917762756348, -4.206279754638672, 0.0, 1528, 1660, 1557, 1676, -6.821959495544434, -43.323814392089844, 0.0, -26.63066864013672, 90.5907974243164, 1.9936975240707397, -16.697120666503906, 7.845260143280029, -6.858162879943848, -5.211052417755127, -54.2711181640625, -3.239238977432251, -62.72140884399414)
(0.403361439704895, -2.7885520458221436, 0.0, 0.0, 0.0, 0.0, -17.205930709838867, 7.2210917472839355, 0.0, -4.033614158630371, 27.885520935058594, 0.0, 1566, 1661, 1553, 1647, -5.241691589355469, 21.09245491027832, 0.0, -25.330705642700195, 93.6280517578125, 1.9758474826812744, -16.649166107177734, 4.985169410705566, -9.688148498535156, 3.0996642112731934, -54.158531188964844, 3.7263410091400146, -47.33252716064453)
(0.9728310704231262, 3.220407485961914, 0.0, 0.0, 0.0, 0.0, 13.939106941223145, -7.832343578338623, 0.0, -9.728310585021973, -32.20407485961914, 0.0, 1551, 1632, 1543, 1696, 40.77570343017578, -38.78377914428711, 0.0, -27.631120681762695, 94.3959732055664, -3.550112724304199, -16.457725524902344, -8.332219123840332, -28.340057373046875, -3.655759572982788, -54.32634735107422, -0.44027066230773926, -58.42237854003906)
(1.7137410640716553, 6.399969100952148, 0.0, 0.0, 0.0, 0.0, 19.0230770111084, -34.07661819458008, 0.0, -17.13741111755371, -63.999691009521484, 0.0, 1613, 1685, 1494, 1630, 16.340007781982422, 2.506894588470459, 0.0, -28.503334045410156, 90.33303833007812, -5.424073219299316, -16.529743194580078, -4.1261820793151855, -26.079999923706055, -4.488461017608643, -55.861351013183594, 8.691327095031738, -51.658485412597656)
(0.5214817523956299, 7.633569240570068, 0.0, 0.0, 0.0, 0.0, -1.007457971572876, 14.808877944946289, 0.0, -5.214817523956299, -76.335693359375, 0.0, 1511, 1653, 1547, 1711, -49.372283935546875, -37.8007698059082, 0.0, -27.238740921020508, 90.82128143310547, -0.6311038732528687, -16.780895233154297, 1.6912178993225098, -15.720782279968262, -13.671685218811035, -57.653404235839844, -5.214675426483154, -76.53976440429688)
(-0.543247640132904, 2.5094377994537354, 0.0, 0.0, 0.0, 0.0, 7.007809162139893, 23.709640502929688, 0.0, 5.43247652053833, -25.094377517700195, 0.0, 1542, 1677, 1520, 1683, 21.09161949157715, -75.35782623291016, 0.0, -26.753660202026367, 88.9315185546875, -0.23629990220069885, -16.654287338256836, -0.20979024469852448, -17.100378036499023, -7.3206024169921875, -57.9856071472168, -8.96229076385498, -74.26850128173828)
(3.268218994140625, 3.4335567951202393, 0.0, 0.0, 0.0, 0.0, -0.9463893175125122, 0.1523893177509308, 0.0, -32.68218994140625, -34.335567474365234, 0.0, 1536, 1640, 1553, 1694, -11.179723739624023, -19.956073760986328, 0.0, -24.949495315551758, 86.83367919921875, -4.760369777679443, -16.90831184387207, 2.326144218444824, -19.34253692626953, -5.173193454742432, -58.40602493286133, 2.193871259689331, -61.385345458984375)
(0.22772596776485443, 6.391031742095947, 0.0, 0.0, 0.0, 0.0, 7.114679336547852, -39.38959503173828, 0.0, -2.277259588241577, -63.910316467285156, 0.0, 1549, 1639, 1546, 1688, -26.985044479370117, 48.54407501220703, 0.0, -27.023725509643555, 86.3904800415039, -1.4087908267974854, -16.834972381591797, -4.585017204284668, -22.828781127929688, -3.6781082153320312, -58.98325729370117, 4.872113227844238, -57.78925323486328)
(0.3564895987510681, 11.292190551757812, 0.0, 0.0, 0.0, 0.0, 6.0459771156311035, -72.44303131103516, 0.0, -3.5648961067199707, -112.92190551757812, 0.0, 1580, 1654, 1526, 1662, 14.625079154968262, 72.06317901611328, 0.0, -28.89108657836914, 86.43543243408203, -1.4416309595108032, -16.807376861572266, -7.273577690124512, -25.522586822509766, -6.071831226348877, -59.93192672729492, 13.248373031616211, -52.75538635253906)
(1.5645781755447388, 4.298093318939209, 0.0, 0.0, 0.0, 0.0, 0.00017557252431288362, 12.869946479797363, 0.0, -15.645781517028809, -42.980934143066406, 0.0, 1564, 1699, 1502, 1657, 37.2338981628418, -2.344536066055298, 0.0, -26.38626480102539, 87.18731689453125, -2.346893548965454, -16.678504943847656, 3.7757315635681152, -15.249667167663574, -8.377632141113281, -61.60430145263672, -2.7418978214263916, -72.72383117675781)
(1.829508900642395, 7.96737003326416, 0.0, 0.0, 0.0, 0.0, -11.282267570495605, -76.65676879882812, 0.0, -18.295089721679688, -79.67369842529297, 0.0, 1561, 1644, 1559, 1658, 27.892248153686523, 44.44105911254883, 0.0, -25.673173904418945, 85.21104431152344, -1.0519232749938965, -16.931713104248047, 3.941566228866577, -14.042069435119629, -0.45253944396972656, -62.13544845581055, 16.861806869506836, -45.72618103027344)
(-1.475619912147522, 3.7875518798828125, 0.0, 0.0, 0.0, 0.0, -3.3433358669281006, -62.54990005493164, 0.0, 14.75619888305664, -37.875518798828125, 0.0, 1606, 1662, 1538, 1616, -14.030981063842773, 3.6765031814575195, 0.0, -28.10161018371582, 85.83617401123047, 2.714930295944214, -16.768373489379883, -1.1639909744262695, -15.21743392944336, 3.7011570930480957, -62.72169876098633, 25.413433074951172, -33.60710906982422)
(-1.3781036138534546, 4.3191022872924805, 0.0, 0.0, 0.0, 0.0, -11.74028205871582, -3.1300535202026367, 0.0, 13.781036376953125, -43.19102478027344, 0.0, 1541, 1663, 1546, 1672, -10.389798164367676, -14.586488723754883, 0.0, -28.617979049682617, 87.76199340820312, 3.828197717666626, -16.616313934326172, 1.9662773609161377, -10.82183837890625, -6.009145736694336, -63.22724533081055, 7.345733165740967, -61.89065933227539)
(-4.75993013381958, 2.801957607269287, 0.0, 0.0, 0.0, 0.0, 44.626129150390625, -6.275091648101807, 0.0, 47.599300384521484, -28.019577026367188, 0.0, 1516, 1610, 1569, 1727, 35.31235122680664, -13.909080505371094, 0.0, -26.673206329345703, 88.09788513183594, 0.4459756910800934, -16.23788070678711, -9.928682327270508, -25.72058868408203, -3.2616729736328125, -63.59650421142578, 3.7404985427856445, -63.11767578125)
(-2.5089962482452393, 1.131516695022583, 0.0, 0.0, 0.0, 0.0, -27.572343826293945, 65.5875015258789, 0.0, 25.089962005615234, -11.315166473388672, 0.0, 1451, 1650, 1573, 1748, -36.649444580078125, -7.9668121337890625, 0.0, -27.613391876220703, 88.50672912597656, 7.899346351623535, -15.91595458984375, 3.999572515487671, -4.017035961151123, -11.535399436950684, -63.742462158203125, -18.193309783935547, -93.4711685180664)
(2.4521467685699463, -1.3756800889968872, 0.0, 0.0, 0.0, 0.0, -4.5647101402282715, -9.160587310791016, 0.0, -24.521467208862305, 13.756800651550293, 0.0, 1549, 1665, 1539, 1668, -23.751327514648438, -6.1865410804748535, 0.0, -25.181821823120117, 86.24534606933594, -2.993513584136963, -15.929594039916992, 5.867595672607422, -13.055512428283691, 3.437608242034912, -63.69014358520508, -0.9428337216377258, -61.195369720458984)
(1.1169781684875488, -2.5536599159240723, 0.0, 0.0, 0.0, 0.0, 3.740633487701416, 33.190555572509766, 0.0, -11.169781684875488, 25.536598205566406, 0.0, 1536, 1657, 1536, 1692, 6.498109340667725, -78.05500030517578, 0.0, -25.589866638183594, 90.9919204711914, -2.2365622520446777, -16.10213279724121, -0.44936028122901917, -18.788055419921875, -1.148093581199646, -63.7598991394043, -4.340793609619141, -69.24878692626953)
(7.42241096496582, 3.8851611614227295, 0.0, 0.0, 0.0, 0.0, -6.96165657043457, -14.687305450439453, 0.0, -74.22410583496094, -38.85161209106445, 0.0, 1556, 1658, 1519, 1689, 52.08876419067383, 8.67541217803955, 0.0, -25.0284423828125, 88.3572769165039, -10.089367866516113, -16.403079986572266, -0.557863175868988, -27.050312042236328, -3.624645948410034, -63.84282302856445, -0.852403998374939, -68.31986999511719)
(0.4573517441749573, 3.235276937484741, 0.0, 0.0, 0.0, 0.0, -20.50364112854004, -19.17585563659668, 0.0, -4.573517322540283, -32.35276794433594, 0.0, 1520, 1636, 1568, 1697, 37.13865280151367, -58.80077362060547, 0.0, -31.08687400817871, 86.6416015625, 2.3895187377929688, -16.728761672973633, 1.064928412437439, -13.274313926696777, -1.9765368700027466, -64.3536376953125, 5.044537544250488, -61.28563690185547)
(0.9480329155921936, 1.697200059890747, 0.0, 0.0, 0.0, 0.0, 9.649030685424805, -10.641504287719727, 0.0, -9.480329513549805, -16.972000122070312, 0.0, 1581, 1689, 1505, 1647, -18.423648834228516, -8.654216766357422, 0.0, -27.836069107055664, 87.8229751586914, -2.8694040775299072, -16.760053634643555, 1.2561832666397095, -18.373275756835938, -0.94957435131073, -64.69743347167969, 3.256964683532715, -62.390045166015625)
(-0.11751103401184082, 2.458073854446411, 0.0, 0.0, 0.0, 0.0, 7.526893138885498, 11.00735092163086, 0.0, 1.1751103401184082, -24.580738067626953, 0.0, 1529, 1661, 1528, 1708, -51.77116012573242, -7.456906318664551, 0.0, -28.368932723999023, 88.30496978759766, -0.9527674317359924, -16.90378189086914, -4.0840535163879395, -21.940603256225586, -5.3382134437561035, -64.87234497070312, -7.912056922912598, -78.12261199951172)
(0.5152702331542969, -1.0568112134933472, 0.0, 0.0, 0.0, 0.0, 13.664298057556152, 31.770709991455078, 0.0, -5.152702331542969, 10.56811237335205, 0.0, 1535, 1655, 1521, 1711, 13.930514335632324, 12.219505310058594, 0.0, -28.716678619384766, 89.55120086669922, -2.8225502967834473, -16.818374633789062, -7.861456871032715, -27.502382278442383, -3.180389881134033, -65.0648193359375, -8.995218276977539, -77.24042510986328)
(1.1576523780822754, 0.16527195274829865, 0.0, 0.0, 0.0, 0.0, 16.51926040649414, 18.42719841003418, 0.0, -11.576523780822754, -1.652719497680664, 0.0, 1550, 1640, 1530, 1702, 52.756168365478516, 17.500429153442383, 0.0, -29.5042724609375, 92.45268249511719, -4.214367389678955, -16.79744529724121, -9.320474624633789, -30.332286834716797, -3.0119876861572266, -65.19003295898438, 2.583962917327881, -65.61805725097656)
(-5.974550247192383, 2.130802869796753, 0.0, 0.0, 0.0, 0.0, 19.23681640625, 10.97681713104248, 0.0, 59.74550247192383, -21.308029174804688, 0.0, 1513, 1651, 1545, 1717, -7.194633483886719, -85.4920654296875, 0.0, -32.46788787841797, 91.41209411621094, 6.076303005218506, -16.547000885009766, -8.264054298400879, -18.734752655029297, -4.842727184295654, -65.38664245605469, -7.240385055541992, -77.46975708007812)
(2.8220102787017822, -0.4415181875228882, 0.0, 0.0, 0.0, 0.0, 30.19864845275879, 40.59513854980469, 0.0, -28.220102310180664, 4.415182113647461, 0.0, 1513, 1646, 1523, 1740, 9.466329574584961, -59.4447135925293, 0.0, -25.41815185546875, 91.1109619140625, -8.762812614440918, -16.524520874023438, -5.734414577484131, -31.021747589111328, -5.426993370056152, -65.43022155761719, -16.658485412597656, -87.51569366455078)
(-1.4750710725784302, -2.8008828163146973, 0.0, 0.0, 0.0, 0.0, -1.5418092012405396, 37.297428131103516, 0.0, 14.750710487365723, 28.008827209472656, 0.0, 1489, 1628, 1559, 1746, 11.103017807006836, -11.289024353027344, 0.0, -30.415664672851562, 87.6821060180664, 2.443878173828125, -16.461973190307617, -8.0404691696167, -22.058565139770508, -1.3932901620864868, -64.9820556640625, -14.838427543640137, -81.21377563476562)
(-2.3747668266296387, -1.5689882040023804, 0.0, 0.0, 0.0, 0.0, 9.61849594116211, -16.320892333984375, 0.0, 23.747669219970703, 15.689882278442383, 0.0, 1567, 1655, 1537, 1668, 24.050718307495117, 48.93117141723633, 0.0, -34.2844123840332, 87.32540893554688, 2.1193759441375732, -15.984491348266602, -6.975971221923828, -20.84108543395996, 4.8016157150268555, -64.81268310546875, 5.2499589920043945, -54.7611083984375)
(-4.750526428222656, 3.455643892288208, 0.0, 0.0, 0.0, 0.0, 18.168113708496094, 17.434831619262695, 0.0, 47.50526428222656, -34.55643844604492, 0.0, 1534, 1678, 1520, 1691, 12.0921630859375, 60.653541564941406, 0.0, -36.440467834472656, 91.45826721191406, 4.400572776794434, -15.690388679504395, -5.357725620269775, -16.647541046142578, -7.7986907958984375, -65.12767028808594, -5.807287216186523, -78.73365020751953)
(-2.281921148300171, 3.126300811767578, 0.0, 0.0, 0.0, 0.0, 19.710100173950195, -19.359060287475586, 0.0, 22.819211959838867, -31.26300811767578, 0.0, 1558, 1691, 1510, 1663, -41.14004135131836, 40.3103141784668, 0.0, -31.569812774658203, 86.36729431152344, 0.4663667678833008, -15.451189041137695, -0.21961069107055664, -15.204432487487793, -1.7855921983718872, -65.13480377197266, -4.394121170043945, -71.31451416015625)
(2.338545799255371, 4.106433868408203, 0.0, 0.0, 0.0, 0.0, 40.15284729003906, -14.565168380737305, 0.0, -23.38545799255371, -41.06433868408203, 0.0, 1566, 1657, 1505, 1694, 16.887325286865234, 38.94974136352539, 0.0, -26.416030883789062, 87.00514221191406, -9.530746459960938, -15.71789836883545, -9.134242057800293, -34.38288497924805, -3.9748754501342773, -65.53250885009766, -0.18684715032577515, -69.69422912597656)
(0.13801008462905884, 1.137297511100769, 0.0, 0.0, 0.0, 0.0, -33.41967010498047, 34.9615478515625, 0.0, -1.3801008462905884, -11.37297534942627, 0.0, 1490, 1660, 1555, 1716, -9.026810646057129, -6.045187950134277, 0.0, -30.54033660888672, 87.94185638427734, 4.805935382843018, -15.895957946777344, 3.1386303901672363, -7.95139217376709, -6.950178146362305, -65.80728149414062, -9.824872016906738, -82.58232879638672)
(-7.447305202484131, -1.5793513059616089, 0.0, 0.0, 0.0, 0.0, -70.93112182617188, -3.649137496948242, 0.0, 74.47305297851562, 15.793513298034668, 0.0, 1479, 1652, 1602, 1688, -27.39374351501465, -19.99135971069336, 0.0, -39.83143997192383, 85.39509582519531, 21.810626983642578, -15.166659355163574, 5.221131801605225, 11.865097999572754, 2.9163975715637207, -65.68193054199219, -1.930112361907959, -64.69564819335938)
(-10.561650276184082, 0.29429513216018677, 0.0, 0.0, 0.0, 0.0, 63.114681243896484, -5.481198310852051, 0.0, 105.61650085449219, -2.942951202392578, 0.0, 1576, 1679, 1503, 1663, 28.089384078979492, 8.98884105682373, 0.0, -45.73491287231445, 85.60053253173828, 6.375272750854492, -13.472173690795898, -16.964017868041992, -24.0609188079834, 0.3807370662689209, -65.7535400390625, -0.29753902554512024, -65.67034149169922)
(-1.513317584991455, -2.7402162551879883, 0.0, 0.0, 0.0, 0.0, 21.710100173950195, 40.42720031738281, 0.0, 15.13317584991455, 27.402162551879883, 0.0, 1586, 1741, 1464, 1630, -7.866774559020996, 9.342629432678223, 0.0, -35.73914337158203, 87.38601684570312, -0.9865386486053467, -13.411008834838867, 1.4747824668884277, -12.922765731811523, -1.9537556171417236, -65.68217468261719, -12.556282043457031, -80.19221496582031)
(14.425996780395508, -3.6677355766296387, 0.0, 0.0, 0.0, 0.0, 91.43528747558594, -0.27509158849716187, 0.0, -144.2599639892578, 36.6773567199707, 0.0, 1680, 1702, 1412, 1627, 68.28162384033203, -8.343084335327148, 0.0, -16.041156768798828, 84.59380340576172, -35.354286193847656, -15.15754222869873, -7.76024055480957, -58.272071838378906, 5.542867660522461, -65.25495910644531, 0.49999672174453735, -59.21209716796875)
(9.166207313537598, -1.1252301931381226, 0.0, 0.0, 0.0, 0.0, -87.93875885009766, 37.72490692138672, 0.0, -91.66207122802734, 11.252302169799805, 0.0, 1392, 1543, 1670, 1817, 55.530879974365234, 7.682904243469238, 0.0, -19.138669967651367, 86.76380920410156, -0.5584968328475952, -16.777202606201172, 8.341094970703125, -8.994604110717773, -3.970890760421753, -65.1003189086914, -5.3082356452941895, -74.37944030761719)
(-6.420065879821777, -0.2897971570491791, 0.0, 0.0, 0.0, 0.0, -62.5189094543457, 5.098954200744629, 0.0, 64.2006607055664, 2.8979716300964355, 0.0, 1439, 1601, 1644, 1738, -14.278894424438477, -10.833045959472656, 0.0, -36.526039123535156, 88.96548461914062, 19.007936477661133, -15.941571235656738, 3.854769706726074, 6.9211344718933105, -0.330147385597229, -65.17759704589844, 1.404510498046875, -64.10323333740234)
(-2.8275535106658936, -0.22353136539459229, 0.0, 0.0, 0.0, 0.0, 71.08414459228516, 25.312694549560547, 0.0, 28.275535583496094, 2.235313653945923, 0.0, 1600, 1708, 1460, 1654, 18.142105102539062, -69.10870361328125, 0.0, -34.3350830078125, 89.78677368164062, -6.421291351318359, -15.298837661743164, -9.980646133422852, -31.700775146484375, -3.4616072177886963, -65.11798095703125, -6.999311923980713, -75.57890319824219)
(16.700956344604492, 0.4178502559661865, 0.0, 0.0, 0.0, 0.0, 82.36658477783203, -23.95448112487793, 0.0, -167.0095672607422, -4.178502559661865, 0.0, 1694, 1697, 1416, 1615, 26.264972686767578, 51.60882568359375, 0.0, -13.699933052062988, 88.65129089355469, -37.40642547607422, -16.950876235961914, -4.794259071350098, -59.15155792236328, 2.9663968086242676, -65.12083435058594, 11.69135856628418, -50.463077545166016)
(-7.197264671325684, -4.365461826324463, 0.0, 0.0, 0.0, 0.0, -163.60287475585938, 119.23635864257812, 0.0, 71.97264862060547, 43.65461730957031, 0.0, 1336, 1647, 1653, 1786, 20.580446243286133, -76.04730224609375, 0.0, -35.19416427612305, 91.23550415039062, 35.33633041381836, -16.89983367919922, 15.97245979309082, 34.40895462036133, -11.337261199951172, -65.03813934326172, -34.454254150390625, -110.82965850830078)
(-0.5891212821006775, -3.6832430362701416, 0.0, 0.0, 0.0, 0.0, 95.16048431396484, 16.549335479736328, 0.0, 5.8912129402160645, 36.83243179321289, 0.0, 1613, 1714, 1448, 1647, -52.14101028442383, -12.956637382507324, 0.0, -31.01900863647461, 89.57292175292969, -13.390390396118164, -15.9774751663208, -5.088186264038086, -34.456050872802734, 3.0424644947052, -64.61078643798828, -13.760476112365723, -75.32879638671875)
(7.639570713043213, -3.0437443256378174, 0.0, 0.0, 0.0, 0.0, -27.404403686523438, -74.71784210205078, 0.0, -76.39570617675781, 30.437442779541016, 0.0, 1602, 1642, 1554, 1624, 25.945354461669922, 36.79562759399414, 0.0, -22.416906356811523, 86.58125305175781, -7.348695278167725, -17.159072875976562, 6.70876932144165, -17.79899787902832, 15.773293495178223, -64.17695617675781, 20.955106735229492, -27.448558807373047)
(0.3592262864112854, 4.396500110626221, 0.0, 0.0, 0.0, 0.0, -64.5036392211914, -89.58806610107422, 0.0, -3.5922627449035645, -43.96500015258789, 0.0, 1568, 1643, 1588, 1623, 29.319169998168945, 23.766910552978516, 0.0, -31.9969425201416, 92.17314147949219, 9.136706352233887, -17.118633270263672, 8.006978034973145, 0.025050658732652664, 6.8434600830078125, -64.47477722167969, 29.756086349487305, -27.875226974487305)
(-0.6887020468711853, 4.903616905212402, 0.0, 0.0, 0.0, 0.0, 39.49635696411133, 51.83177947998047, 0.0, 6.887020587921143, -49.036170959472656, 0.0, 1542, 1674, 1489, 1718, -13.310672760009766, -8.620612144470215, 0.0, -33.699195861816406, 94.66452026367188, -4.891400337219238, -16.724468231201172, -12.747666358947754, -34.36353302001953, -15.130192756652832, -65.11192321777344, -9.845083236694336, -90.08720397949219)
(1.6466742753982544, -1.240127682685852, 0.0, 0.0, 0.0, 0.0, -19.572343826293945, -61.0384521484375, 0.0, -16.46674346923828, 12.401276588439941, 0.0, 1630, 1678, 1518, 1595, 3.4555673599243164, 20.334049224853516, 0.0, -35.81732177734375, 90.00330352783203, 0.46584004163742065, -16.829383850097656, -0.8130040168762207, -17.17654800415039, 11.015958786010742, -65.06802368164062, 22.960166931152344, -31.09189796447754)
(-1.1393948793411255, 6.531682014465332, 0.0, 0.0, 0.0, 0.0, -8.96165657043457, -14.137686729431152, 0.0, 11.393948554992676, -65.31681823730469, 0.0, 1566, 1686, 1517, 1653, 13.595755577087402, 27.450294494628906, 0.0, -38.334224700927734, 95.65209197998047, 3.0533409118652344, -16.597028732299805, -0.5361168384552002, -14.079805374145508, -7.6768693923950195, -65.48271179199219, 9.250518798828125, -63.9090576171875)
(2.79589581489563, 1.34078848361969, 0.0, 0.0, 0.0, 0.0, 9.90857219696045, 9.587503433227539, 0.0, -27.95895767211914, -13.40788459777832, 0.0, 1561, 1683, 1516, 1662, -34.78681564331055, 39.67694854736328, 0.0, -32.17372512817383, 92.97772979736328, -5.680129528045654, -16.960590362548828, 6.674681186676025, -15.966039657592773, -3.449308156967163, -65.58311462402344, 2.3571877479553223, -66.67523193359375)
(-1.0014249086380005, 0.5687411427497864, 0.0, 0.0, 0.0, 0.0, -18.610511779785156, 39.80124282836914, 0.0, 10.014248847961426, -5.687411308288574, 0.0, 1489, 1663, 1552, 1719, -35.90217208862305, -48.79594421386719, 0.0, -35.36726760864258, 92.66925048828125, 4.2937140464782715, -17.06390953063965, 4.610015392303467, -8.160181045532227, -6.823298454284668, -65.69747924804688, -12.879302024841309, -85.40007781982422)
(4.943031311035156, -2.4470882415771484, 0.0, 0.0, 0.0, 0.0, 15.420022964477539, -34.87051010131836, 0.0, -49.43031311035156, 24.470882415771484, 0.0, 1584, 1650, 1532, 1656, -4.511573314666748, -4.044593811035156, 0.0, -31.236385345458984, 90.44263458251953, -9.727550506591797, -17.3568115234375, 2.3615448474884033, -24.722816467285156, 8.901208877563477, -65.59854125976562, 9.100013732910156, -47.59731674194336)
(-1.9221621751785278, 1.9776886701583862, 0.0, 0.0, 0.0, 0.0, -39.770816802978516, -88.91631317138672, 0.0, 19.221622467041016, -19.776885986328125, 0.0, 1566, 1619, 1600, 1641, 30.153371810913086, 15.261459350585938, 0.0, -37.572452545166016, 93.84529113769531, 8.848865509033203, -17.346220016479492, 1.2676619291305542, -7.229692459106445, 10.370914459228516, -65.84027862548828, 31.818838119506836, -23.65052604675293)
(-0.009425889700651169, 5.961532115936279, 0.0, 0.0, 0.0, 0.0, 15.771167755126953, -15.359061241149902, 0.0, 0.09425889700651169, -59.61532211303711, 0.0, 1580, 1704, 1490, 1649, -20.45281982421875, -24.676633834838867, 0.0, -36.734619140625, 96.05394744873047, -2.351536273956299, -17.136367797851562, 0.5664604306221008, -18.921443939208984, -6.638439178466797, -66.3499984741211, 2.3778388500213623, -70.61060333251953)
(2.113165855407715, 0.228892982006073, 0.0, 0.0, 0.0, 0.0, -20.595243453979492, -34.62623596191406, 0.0, -21.13165855407715, -2.2889299392700195, 0.0, 1552, 1656, 1557, 1657, -21.26727867126465, 31.481529235839844, 0.0, -33.89455795288086, 91.14563751220703, -0.0804622620344162, -17.384645462036133, 8.583322525024414, -8.881784439086914, 4.850595951080322, -66.26077270507812, 10.293249130249023, -51.11692810058594)
(1.033360481262207, -0.9481387138366699, 0.0, 0.0, 0.0, 0.0, 27.55742835998535, 32.15238952636719, 0.0, -10.33360481262207, 9.4813871383667, 0.0, 1479, 1598, 1577, 1769, 5.013439178466797, -2.0683929920196533, 0.0, -32.62382507324219, 92.513427734375, -5.68365478515625, -17.506895065307617, -5.106018543243408, -28.29656982421875, -3.4006502628326416, -66.41767883300781, -7.987845420837402, -77.8061752319336)
(0.8088559508323669, -3.6770219802856445, 0.0, 0.0, 0.0, 0.0, -7.725015163421631, -10.168221473693848, 0.0, -8.0885591506958, 36.77021789550781, 0.0, 1524, 1617, 1572, 1706, -27.727148056030273, -58.47551727294922, 0.0, -35.16843795776367, 90.60983276367188, -0.05453159660100937, -17.60800552368164, -2.5218353271484375, -20.184371948242188, 7.040765762329102, -66.00163269042969, 2.111637592315674, -56.8492317199707)
(-0.9549713730812073, -1.9674919843673706, 0.0, 0.0, 0.0, 0.0, -35.61814498901367, 28.82414436340332, 0.0, 9.549714088439941, 19.67491912841797, 0.0, 1502, 1682, 1549, 1689, -6.407301902770996, -17.107547760009766, 0.0, -37.273040771484375, 93.11143493652344, 6.775178909301758, -17.56123161315918, 10.842519760131836, 0.05646625533699989, -1.3723838329315186, -65.82279205322266, -12.814495086669922, -80.0096664428711)
(5.590324878692627, -0.925811231136322, 0.0, 0.0, 0.0, 0.0, 25.81696891784668, -10.24455738067627, 0.0, -55.90324783325195, 9.258111953735352, 0.0, 1572, 1659, 1515, 1676, 21.08863067626953, -11.166730880737305, 0.0, -32.3417854309082, 91.19647979736328, -12.258031845092773, -17.945981979370117, 1.6832246780395508, -28.520790100097656, 2.925400495529175, -65.52130126953125, 0.4084111750125885, -62.1874885559082)
(3.4610955715179443, 1.4596552848815918, 0.0, 0.0, 0.0, 0.0, -15.496007919311523, -25.160587310791016, 0.0, -34.61095428466797, -14.596552848815918, 0.0, 1581, 1675, 1512, 1653, 14.33033561706543, 6.896829605102539, 0.0, -34.52320861816406, 94.07286071777344, -2.867241859436035, -18.434831619262695, -0.610038161277771, -21.912111282348633, 1.5846052169799805, -65.65129089355469, 5.207783222198486, -58.85890579223633)
(1.4895910024642944, 0.8703807592391968, 0.0, 0.0, 0.0, 0.0, 5.816969394683838, -10.916313171386719, 0.0, -14.895910263061523, -8.703807830810547, 0.0, 1551, 1650, 1540, 1681, 10.537510871887207, -31.014257431030273, 0.0, -32.395233154296875, 95.9354019165039, -3.1069319248199463, -18.748008728027344, 1.4402371644973755, -20.414703369140625, 0.3318758010864258, -65.78059387207031, 5.584926128387451, -59.86379623413086)
(3.744062662124634, -0.8681552410125732, 0.0, 0.0, 0.0, 0.0, -0.27463358640670776, -57.75600814819336, 0.0, -37.44062805175781, 8.68155288696289, 0.0, 1576, 1620, 1558, 1664, 32.739959716796875, 39.04080581665039, 0.0, -32.91756820678711, 95.72595977783203, -5.574898719787598, -19.174480438232422, -0.8058300018310547, -25.555208206176758, 9.9656343460083, -65.85456848144531, 18.332324981689453, -37.55660629272461)
(2.0309433937072754, 3.4773030281066895, 0.0, 0.0, 0.0, 0.0, -42.73265075683594, 23.297428131103516, 0.0, -20.309432983398438, -34.77302932739258, 0.0, 1530, 1697, 1516, 1678, -14.103797912597656, 40.048439025878906, 0.0, -36.37553787231445, 99.220458984375, 3.363482713699341, -19.43256187438965, 7.2992119789123535, -8.769867897033691, -8.71056842803955, -65.9626693725586, -7.655872821807861, -82.32910919189453)
(4.314745903015137, -0.03982570394873619, 0.0, 0.0, 0.0, 0.0, 26.763534545898438, -55.35906219482422, 0.0, -43.1474609375, 0.3982570469379425, 0.0, 1608, 1664, 1511, 1638, 32.55661392211914, -59.40998077392578, 0.0, -30.68482780456543, 91.5309829711914, -10.486649513244629, -20.161373138427734, 3.0157887935638428, -27.632234573364258, 8.363597869873047, -65.88368225097656, 11.90219497680664, -45.61789321899414)
(-0.5356784462928772, 3.584871768951416, 0.0, 0.0, 0.0, 0.0, -26.808984756469727, -55.72547149658203, 0.0, 5.356784343719482, -35.848716735839844, 0.0, 1574, 1653, 1550, 1645, 2.320918083190918, 10.93423843383789, 0.0, -34.13203430175781, 94.77733612060547, 4.824865341186523, -20.297706604003906, 1.6595144271850586, -13.813326835632324, 2.981513261795044, -66.19599914550781, 19.59294891357422, -43.62153244018555)
(5.5348896980285645, 3.3222086429595947, 0.0, 0.0, 0.0, 0.0, -4.335702419281006, -55.69493865966797, 0.0, -55.34889602661133, -33.22208786010742, 0.0, 1593, 1647, 1535, 1647, -34.01667404174805, 49.02124786376953, 0.0, -30.910783767700195, 94.60591125488281, -7.651979446411133, -20.64295196533203, 3.539029121398926, -24.755901336669922, 3.370927572250366, -66.55320739746094, 21.612184524536133, -41.570091247558594)
(0.973701536655426, 0.7132986187934875, 0.0, 0.0, 0.0, 0.0, -10.67158031463623, 29.83177947998047, 0.0, -9.737015724182129, -7.132986068725586, 0.0, 1497, 1618, 1565, 1742, -0.4321417808532715, 73.09294891357422, 0.0, -37.296546936035156, 95.96446990966797, 0.140184685587883, -20.800508499145508, -3.486448049545288, -24.146772384643555, -5.54471492767334, -66.60694122314453, -2.238213062286377, -74.3898696899414)
(1.7002675533294678, 3.3789870738983154, 0.0, 0.0, 0.0, 0.0, 13.740633964538574, -14.412496566772461, 0.0, -17.002676010131836, -33.78987121582031, 0.0, 1594, 1699, 1476, 1654, 13.184733390808105, 60.002708435058594, 0.0, -37.89094161987305, 94.263427734375, -4.611496448516846, -20.497648239135742, -3.2034289836883545, -28.31257438659668, -2.9066061973571777, -66.78334045410156, -1.1819367408752441, -70.87188720703125)
(2.8090415000915527, 4.298727989196777, 0.0, 0.0, 0.0, 0.0, -4.68684720993042, 42.7172737121582, 0.0, -28.090415954589844, -42.987281799316406, 0.0, 1512, 1671, 1515, 1725, -52.145591735839844, 2.3608083724975586, 0.0, -36.160743713378906, 92.45639038085938, -3.51053524017334, -20.94339370727539, 1.7166317701339722, -22.73729705810547, -12.855684280395508, -67.24967956542969, -12.10586166381836, -92.21122741699219)
(5.705126762390137, -2.1703994274139404, 0.0, 0.0, 0.0, 0.0, 0.5497938990592957, 25.52643585205078, 0.0, -57.05126953125, 21.703994750976562, 0.0, 1505, 1620, 1565, 1732, -5.970225811004639, -12.549394607543945, 0.0, -33.0313835144043, 89.32572174072266, -8.640159606933594, -21.705270767211914, 7.197129726409912, -23.148300170898438, -0.5733661651611328, -67.39527893066406, -2.47983455657959, -70.448486328125)
(0.05363088473677635, -1.0613861083984375, 0.0, 0.0, 0.0, 0.0, -3.755549669265747, -35.31325912475586, 0.0, -0.5363088250160217, 10.613861083984375, 0.0, 1555, 1637, 1555, 1675, -29.53221321105957, -7.147902488708496, 0.0, -36.81599426269531, 93.1639633178711, 0.4828861355781555, -21.774120330810547, 1.8640165328979492, -19.427217483520508, 6.889068126678467, -67.4382095336914, 10.021137237548828, -50.52800369262695)
(6.415679454803467, 0.3710767328739166, 0.0, 0.0, 0.0, 0.0, 17.984909057617188, -13.923946380615234, 0.0, -64.15679168701172, -3.7107672691345215, 0.0, 1581, 1635, 1513, 1689, 12.805683135986328, 60.783111572265625, 0.0, -32.66770553588867, 96.13725280761719, -12.32125473022461, -22.569814682006836, -5.535057544708252, -40.42612838745117, 1.5319768190383911, -67.65206146240234, 8.719164848327637, -57.40092086791992)
(-1.5760172605514526, 4.314378261566162, 0.0, 0.0, 0.0, 0.0, -19.35860252380371, 42.67147445678711, 0.0, 15.760172843933105, -43.14378356933594, 0.0, 1508, 1683, 1518, 1713, -8.926420211791992, 18.88858985900879, 0.0, -39.337890625, 97.43204498291016, 5.267816066741943, -22.396902084350586, 2.0030934810638428, -15.125992774963379, -12.872289657592773, -67.88716888427734, -11.768579483032227, -92.52803802490234)
(3.358597755432129, -2.615572452545166, 0.0, 0.0, 0.0, 0.0, 41.786434173583984, 11.037885665893555, 0.0, -33.585975646972656, 26.155723571777344, 0.0, 1594, 1680, 1489, 1659, -31.661945343017578, 25.65919303894043, 0.0, -27.357545852661133, 90.34024047851562, -11.30586051940918, -22.972131729125977, 3.015590190887451, -31.262401580810547, 2.2676756381988525, -67.6590576171875, 1.4824556112289429, -63.90892791748047)
(3.257631301879883, -2.250051736831665, 0.0, 0.0, 0.0, 0.0, -22.152496337890625, 6.381396770477295, 0.0, -32.57631301879883, 22.500516891479492, 0.0, 1474, 1556, 1612, 1784, 53.808467864990234, -5.940597057342529, 0.0, -31.333152770996094, 92.00366973876953, -1.5635725259780884, -23.478214263916016, -7.617255210876465, -32.65904235839844, 2.41786789894104, -67.55131530761719, 1.460233449935913, -63.6732177734375)
(-3.897879123687744, 0.048784028738737106, 0.0, 0.0, 0.0, 0.0, 13.771167755126953, 4.289793968200684, 0.0, 38.978790283203125, -0.48784029483795166, 0.0, 1531, 1628, 1540, 1723, 17.38314437866211, 1.3200488090515137, 0.0, -40.7548713684082, 94.38582611083984, 3.7811434268951416, -22.775320053100586, -12.60211181640625, -31.596288681030273, -0.7166451215744019, -67.49456024169922, -2.0651657581329346, -70.27637481689453)
(2.711923360824585, 1.4149278402328491, 0.0, 0.0, -1.0, 0.0, 1.0536106824874878, 32.411930084228516, 0.0, -27.119234085083008, -24.14927864074707, 0.0, 1577, 1711, 1462, 1672, -3.9841365814208984, -18.16159439086914, 0.0, -39.48994064331055, 93.84439849853516, -4.225926399230957, -22.78421401977539, -1.6634109020233154, -28.673551559448242, -8.48418140411377, -67.36793518066406, -10.188285827636719, -86.0404052734375)
(1.4803951978683472, 0.09526210278272629, 0.0, 0.0, 0.0, 0.0, 9.771167755126953, -34.19875717163086, 0.0, -14.80395221710205, -0.9526210427284241, 0.0, 1623, 1702, 1479, 1618, 30.902606964111328, 25.907949447631836, 0.0, -36.27088165283203, 91.93416595458984, -3.686267852783203, -23.128936767578125, 1.9462946653366089, -24.86890983581543, 4.986920356750488, -67.38118743896484, 8.046943664550781, -54.34732437133789)
(-1.262068510055542, -0.6455987691879272, 0.0, 0.0, 0.0, 0.0, -21.92348861694336, 2.167656421661377, 0.0, 12.620685577392578, -3.5440123081207275, 0.0, 1546, 1682, 1527, 1667, -44.93916702270508, 37.21943283081055, 0.0, -36.93534469604492, 95.41083526611328, 5.181626319885254, -23.116355895996094, 6.988343715667725, -10.946386337280273, -0.8567503690719604, -67.48222351074219, -0.6936336755752563, -69.03260803222656)
(10.572972297668457, 0.38706454634666443, 0.0, 0.0, 0.0, 0.0, 1.5726946592330933, -16.290359497070312, 0.0, -105.72972106933594, -3.870645523071289, 0.0, 1554, 1625, 1538, 1705, -0.959376335144043, -78.94386291503906, 0.0, -30.3713436126709, 93.57238006591797, -16.095361709594727, -24.051496505737305, 6.2951836585998535, -33.85167694091797, 1.8629571199417114, -67.37309265136719, 6.3296709060668945, -59.18046569824219)
(5.086712837219238, -1.565710425376892, 0.0, 0.0, 0.0, 0.0, -11.496007919311523, 34.99208450317383, 0.0, -50.86712646484375, 15.6571044921875, 0.0, 1506, 1615, 1546, 1754, 1.9494717121124268, -54.83039855957031, 0.0, -36.763370513916016, 96.31856536865234, -5.905667304992676, -24.620304107666016, -4.147177219390869, -34.67314910888672, -2.900247097015381, -67.60926818847656, -8.863066673278809, -79.3725814819336)
(4.947518825531006, -3.839024066925049, 0.0, 0.0, -1.0, 0.0, -4.732648849487305, -0.0460839681327343, 0.0, -49.475189208984375, 28.390239715576172, 0.0, 1571, 1665, 1510, 1676, -2.250410556793213, -2.8644514083862305, 0.0, -36.699440002441406, 95.16728973388672, -6.711380958557129, -25.10858917236328, 3.771034002304077, -28.04893684387207, 4.265448570251465, -67.18089294433594, -1.8095505237579346, -64.72499084472656)
(3.869001865386963, -1.8116806745529175, 0.0, 0.0, 0.0, 0.0, 11.771167755126953, 22.778343200683594, 0.0, -38.69001770019531, 18.116806030273438, 0.0, 1580, 1683, 1482, 1681, -19.67845916748047, -6.506524562835693, 0.0, -35.10696029663086, 96.34273529052734, -7.569177627563477, -25.76644515991211, -0.6857322454452515, -34.02135467529297, -0.6992305517196655, -66.88235473632812, -7.953133583068848, -75.53472137451172)
(3.868386745452881, -5.296889781951904, 0.0, 0.0, 0.0, 0.0, 19.81696891784668, 2.839412212371826, 0.0, -38.683868408203125, 52.96889877319336, 0.0, 1564, 1627, 1528, 1699, 40.616798400878906, -43.456722259521484, 0.0, -32.71539306640625, 95.15201568603516, -8.775125503540039, -26.40517807006836, -1.744825839996338, -36.92512893676758, 7.519423007965088, -66.37210845947266, 0.3440927267074585, -58.50859069824219)
(3.7692060470581055, -0.8451990485191345, 0.0, 0.0, 0.0, 0.0, -14.549442291259766, 1.5417022705078125, 0.0, -37.69206237792969, 8.451990127563477, 0.0, 1249, 1337, 1299, 1474, 28.360305786132812, -15.286742210388184, 0.0, -35.424827575683594, 99.19975280761719, -3.47139310836792, -26.726741790771484, -1.5336228609085083, -31.73175811767578, 1.0365431308746338, -66.07752227783203, -0.5194450616836548, -65.5604248046875)
(-1.234620451927185, -3.02120304107666, 0.0, 0.0, 0.0, 0.0, 13.007808685302734, 0.915748119354248, 0.0, 12.34620475769043, 30.2120304107666, 0.0, 1000, 1000, 1000, 1000, -24.258005142211914, -53.42427062988281, 0.0, -38.419593811035156, 97.84064483642578, -0.09924058616161346, -26.682897567749023, -2.6747219562530518, -29.456859588623047, 4.394442081451416, -65.8930435180664, 0.612378716468811, -60.88622283935547)
(0.6278448700904846, 0.2678365111351013, 0.0, 0.0, -1.0, 0.0, 33.60322952270508, 14.472999572753906, 0.0, -6.278448581695557, -12.678364753723145, 0.0, 1000, 1000, 1000, 1000, -3.8832058906555176, -2.1851723194122314, 0.0, -33.907955169677734, 99.17593383789062, -5.98225212097168, -26.773605346679688, -3.357959270477295, -36.11381530761719, -4.072704315185547, -65.85006713867188, -5.600726127624512, -75.52349853515625)
(4.0905985832214355, 1.1517143249511719, 0.0, 0.0, 0.0, 0.0, -6.96165657043457, -6.916313171386719, 0.0, -40.90598678588867, -11.517143249511719, 0.0, 1000, 1000, 1000, 1000, -0.8689422607421875, 0.4024538993835449, 0.0, -31.23845100402832, 101.09616088867188, -5.091649055480957, -27.273101806640625, 1.4172415733337402, -30.947509765625, -0.69012451171875, -66.0967025756836, 0.7496658563613892, -66.03716278076172)
(0.7206047773361206, 1.7639801502227783, 0.0, -1.0, 0.0, 0.0, -1.0379923582077026, -4.71783971786499, 0.0, -17.20604705810547, -17.639801025390625, 0.0, 1000, 1000, 1000, 1000, -1.7031145095825195, 5.254636764526367, 0.0, -33.65742111206055, 100.57963562011719, -2.42520809173584, -27.449010848999023, -2.265545606613159, -32.139766693115234, -1.9382941722869873, -66.22193908691406, 0.6224412322044373, -67.53778839111328)
(0.882163941860199, -0.5715333819389343, 0.0, 0.0, 0.0, 0.0, 1.5421602725982666, -4.610969543457031, 0.0, -8.821639060974121, 5.715333938598633, 0.0, 1000, 1000, 1000, 1000, -0.8999264240264893, -7.454591274261475, 0.0, -32.21592712402344, 98.9059829711914, -1.5545698404312134, -27.60964012145996, 1.0063855648040771, -28.157825469970703, 1.5489455461502075, -66.19873809814453, 0.7374594807624817, -63.912330627441406)
(-2.2503225803375244, -0.7498176693916321, 0.0, 0.0, 0.0, 0.0, -11.175396919250488, 3.4042978286743164, 0.0, 22.503225326538086, 7.498176574707031, 0.0, 1000, 1000, 1000, 1000, -2.8131394386291504, -3.0291013717651367, 0.0, -33.983219146728516, 99.04124450683594, 5.051793575286865, -27.479867935180664, 1.6161236763000488, -20.81195068359375, 0.6140817999839783, -66.05176544189453, -1.022152066230774, -66.45983123779297)
(-5.565464496612549, -3.6944754123687744, 0.0, 0.0, -1.0, 0.0, -11.755549430847168, -11.557534217834473, 0.0, 55.65464401245117, 26.944753646850586, 0.0, 1000, 1000, 1000, 1000, -6.600859642028809, -5.60760498046875, 0.0, -36.24517059326172, 96.7760238647461, 10.111529350280762, -26.897851943969727, 1.6977086067199707, -15.088613510131836, 5.775343418121338, -65.71446228027344, -2.0545520782470703, -61.99366760253906)
(-8.047039031982422, -5.815528869628906, 0.0, 0.0, 0.0, 0.0, -20.1066951751709, -0.931580126285553, 0.0, 80.47039031982422, 58.15528869628906, 0.0, 1000, 1000, 1000, 1000, -5.743867874145508, -6.476109981536865, 0.0, -39.388572692871094, 95.56452178955078, 15.086563110351562, -25.94524574279785, 2.3406262397766113, -8.51805591583252, 8.863030433654785, -65.07891082763672, 0.6249191761016846, -55.59096145629883)
(-12.019943237304688, -7.875779628753662, 0.0, -1.0, 0.0, 0.0, -1.557076334953308, -14.809442520141602, 0.0, 110.19943237304688, 78.75779724121094, 0.0, 1000, 1000, 1000, 1000, -17.0733642578125, -10.147634506225586, 0.0, -43.39448547363281, 94.24076843261719, 16.76347541809082, -24.550830841064453, -2.9120988845825195, -10.699454307556152, 14.035085678100586, -64.25098419189453, 2.7717700004577637, -47.44412612915039)
(-10.306986808776855, -16.660768508911133, 0.0, 0.0, 0.0, 0.0, 14.213915824890137, -25.77127456665039, 0.0, 103.06986999511719, 166.60768127441406, 0.0, 1000, 1000, 1000, 1000, -12.813446044921875, -17.46811294555664, 0.0, -41.533302307128906, 86.3315658569336, 13.328393936157227, -23.27452278137207, -0.9309489727020264, -10.87707805633545, 28.856842041015625, -62.421142578125, 0.9595072865486145, -32.604793548583984)
(-10.191102027893066, -20.479570388793945, 0.0, 0.0, 0.0, 0.0, -3.114328145980835, -22.778907775878906, 0.0, 101.91101837158203, 204.7957000732422, 0.0, 1000, 1000, 1000, 1000, -8.38880443572998, -18.76910400390625, 0.0, -41.041648864746094, 82.17972564697266, 15.753801345825195, -22.135250091552734, 0.1269012987613678, -6.254546165466309, 34.136192321777344, -60.02454376220703, 1.8135254383087158, -24.074825286865234)
(-10.408336639404297, -23.0533504486084, 0.0, 0.0, 0.0, 0.0, -14.96165657043457, 4.640938758850098, 0.0, 104.08336639404297, 230.53350830078125, 0.0, 1000, 1000, 1000, 1000, -14.271202087402344, -22.46710777282715, 0.0, -40.5791015625, 82.2470474243164, 17.856752395629883, -20.983131408691406, 5.090366363525391, 1.963987946510315, 33.88388442993164, -57.363792419433594, 0.754594624042511, -22.72531509399414)
(-11.732317924499512, -20.535755157470703, 0.0, 0.0, 0.0, 0.0, -17.251731872558594, 28.839412689208984, 0.0, 117.32318115234375, 205.3575439453125, 0.0, 1000, 1000, 1000, 1000, -11.665316581726074, -19.904247283935547, 0.0, -43.445858001708984, 85.64409637451172, 20.186237335205078, -19.47005271911621, -0.3784472346305847, 0.3377377688884735, 26.477718353271484, -54.83123016357422, -0.9134536981582642, -29.266965866088867)
(-11.678034782409668, -16.546878814697266, 0.0, 0.0, 0.0, 0.0, 1.5879617929458618, 19.434831619262695, 0.0, 116.78034973144531, 165.46878051757812, 0.0, 1000, 1000, 1000, 1000, -14.407735824584961, -16.749004364013672, 0.0, -44.08841323852539, 90.37635040283203, 17.278858184814453, -18.14350700378418, -0.045239076018333435, -0.9098879098892212, 21.905092239379883, -52.85103225708008, -3.029705286026001, -33.975643157958984)
(-10.208476066589355, -11.598398208618164, 0.0, 0.0, 0.0, 0.0, 2.7330000400543213, 23.83177947998047, 0.0, 101.45365905761719, 116.12511444091797, 0.0, 1000, 1000, 1000, 1000, -6.468193054199219, -21.518909454345703, 0.0, -43.905025482177734, 96.1820068359375, 14.808098793029785, -16.830171585083008, -0.31937819719314575, -2.3414506912231445, 13.843999862670898, -51.47709274291992, -2.804295539855957, -40.4373893737793)
(-9.14788818359375, -9.776162147521973, 0.0, 0.0, 0.0, 0.0, 1.1604808568954468, 2.198190927505493, 0.0, 91.4788818359375, 97.7616195678711, 0.0, 1000, 1000, 1000, 1000, -6.184822082519531, -7.013190269470215, 0.0, -43.277801513671875, 97.86859893798828, 13.547760009765625, -15.760846138000488, -0.38403624296188354, -2.5971226692199707, 14.334514617919922, -50.367897033691406, -0.3619844913482666, -36.39536666870117)
(-9.059614181518555, -9.612241744995117, 0.0, 0.0, 0.0, 0.0, -0.5189083814620972, 0.6867404580116272, 0.0, 90.59614562988281, 96.12242126464844, 0.0, 1000, 1000, 1000, 1000, -8.910977363586426, -10.628005981445312, 0.0, -43.34379196166992, 98.15914154052734, 13.667257308959961, -14.688344955444336, -0.004982910118997097, -1.0260705947875977, 14.315352439880371, -49.244503021240234, 0.09568145871162415, -34.83346939086914)
(-8.996513366699219, -9.5087890625, 0.0, 0.0, 0.0, 0.0, -0.6257786154747009, 1.1142213344573975, 0.0, 89.96513366699219, 95.087890625, 0.0, 1000, 1000, 1000, 1000, -9.035978317260742, -10.026435852050781, 0.0, -43.41229248046875, 98.4541015625, 13.58863639831543, -13.625358581542969, 0.002877151360735297, -0.03384464979171753, 14.096050262451172, -48.13587188720703, -0.07993977516889572, -34.11975860595703)
(-8.961572647094727, -9.460701942443848, 0.0, 0.0, 0.0, 0.0, -0.320435106754303, 1.2668931484222412, 0.0, 89.61572265625, 94.60701751708984, 0.0, 1000, 1000, 1000, 1000, -8.896663665771484, -9.716496467590332, 0.0, -43.48309326171875, 98.74943542480469, 13.490423202514648, -12.566315650939941, -0.02283993549644947, 0.9012681841850281, 14.001018524169922, -47.046627044677734, -0.035016924142837524, -33.08062744140625)
(-8.936640739440918, -9.42629623413086, 0.0, 0.0, 0.0, 0.0, -0.42730534076690674, 1.2668931484222412, 0.0, 89.36640930175781, 94.2629623413086, 0.0, 1000, 1000, 1000, 1000, -8.959964752197266, -9.704355239868164, 0.0, -43.56388854980469, 99.03874206542969, 13.469057083129883, -11.510141372680664, 0.026023726910352707, 1.9849401712417603, 13.949410438537598, -45.95125961303711, -0.005112274084240198, -32.006961822509766)
(-8.932427406311035, -9.39354133605957, 0.0, 0.0, 0.0, 0.0, -0.27463358640670776, 1.251625895500183, 0.0, 89.32427215576172, 93.93540954589844, 0.0, 1000, 1000, 1000, 1000, -8.847677230834961, -9.441851615905762, 0.0, -43.648193359375, 99.31973266601562, 13.439836502075195, -10.455680847167969, -0.03489235043525696, 2.949262857437134, 13.902567863464355, -44.87074279785156, -0.039460815489292145, -31.00763511657715)
(-8.936792373657227, -9.380393981933594, 0.0, 0.0, 0.0, 0.0, -0.27463358640670776, 1.1752901077270508, 0.0, 89.367919921875, 93.80393981933594, 0.0, 1000, 1000, 1000, 1000, -8.76587963104248, -10.014219284057617, 0.0, -43.73524475097656, 99.600341796875, 13.446383476257324, -9.40036392211914, -0.025187652558088303, 4.02083158493042, 13.894296646118164, -43.78273010253906, 0.03632733225822449, -29.85210609436035)
(-8.914950370788574, -9.348538398742676, 0.0, 0.0, 0.0, 0.0, -0.457839697599411, 1.2821602821350098, 0.0, 89.14950561523438, 93.48538208007812, 0.0, 1000, 1000, 1000, 1000, -8.650060653686523, -9.157047271728516, 0.0, -43.821990966796875, 99.88079833984375, 13.441102027893066, -8.357977867126465, 0.019256073981523514, 5.10237979888916, 13.830483436584473, -42.69610595703125, -0.0578472763299942, -28.92346954345703)
(-8.90359878540039, -9.367912292480469, 0.0, 0.0, 0.0, 0.0, -0.3815038204193115, 1.221091628074646, 0.0, 89.0359878540039, 93.67912292480469, 0.0, 1000, 1000, 1000, 1000, -8.840886116027832, -9.3023099899292, 0.0, -43.90995788574219, 100.16278076171875, 13.412623405456543, -7.306916236877441, 0.005112274084240198, 6.110819339752197, 13.868704795837402, -41.62044906616211, -0.015842299908399582, -27.767587661743164)
(-8.899209022521973, -9.375590324401855, 0.0, 0.0, 0.0, 0.0, -0.39677098393440247, 1.221091628074646, 0.0, 88.9920883178711, 93.75590515136719, 0.0, 1000, 1000, 1000, 1000, -8.853669166564941, -9.793933868408203, 0.0, -44.00227355957031, 100.44308471679688, 13.408329010009766, -6.25692892074585, 0.021512756124138832, 7.172913074493408, 13.88022232055664, -40.53322982788086, 0.002536972053349018, -26.650470733642578)
(-8.901644706726074, -9.365649223327637, 0.0, 0.0, 0.0, 0.0, -0.457839697599411, 1.2821602821350098, 0.0, 89.01644897460938, 93.656494140625, 0.0, 1000, 1000, 1000, 1000, -8.89901065826416, -9.685028076171875, 0.0, -44.09367370605469, 100.72674560546875, 13.421143531799316, -5.20609188079834, 0.023338226601481438, 8.23838996887207, 13.85615062713623, -39.44731903076172, -0.02501756139099598, -25.616188049316406)