
(-1.1498746871948242, -6.1702399253845215, 0.0, -1.0, 0.0, 0.0, -0.15243902802467346, 0.5792682766914368, 0.0, 0.8992481231689453, 37.02143859863281, 0.0, 1000, 1000, 1000, 1000, -1.2786664962768555, -6.82750940322876, 0.0, -0.7246972918510437, 1.8936024904251099, 0.6310122609138489, 0.0, 0.02458530105650425, 0.6555975675582886, 21.86530113220215, 0.0, 0.11730920523405075, 21.98261070251465)
(-1.1090189218521118, -6.101600170135498, 0.0, -1.0, 0.0, 0.0, -0.4573170840740204, 0.18292683362960815, 0.0, 0.6541135311126709, 36.60960006713867, 0.0, 1000, 1000, 1000, 1000, -1.7714664936065674, -6.151638984680176, 0.0, -0.7634171843528748, 2.050309896469116, 0.6668583750724792, 0.0, -0.03225311264395714, 0.6346052885055542, 21.85600471496582, 0.0, 0.12434277683496475, 21.9803466796875)
(-1.061120629310608, -6.125916004180908, 0.0, -1.0, 0.0, 0.0, -0.18292683362960815, 0.3658536672592163, 0.0, 0.36672377586364746, 36.755496978759766, 0.0, 1000, 1000, 1000, 1000, -0.5881891250610352, -6.111090660095215, 0.0, -0.8338443636894226, 2.164487600326538, 0.3297903537750244, 0.0, -0.24139302968978882, 0.08839733153581619, 21.833786010742188, 0.0, 0.20150122046470642, 22.035287857055664)
(-1.1269502639770508, -6.308964252471924, 0.0, -1.0, 0.0, 0.0, -0.4573170840740204, 0.4573170840740204, 0.0, 0.7617015838623047, 37.85378646850586, 0.0, 1000, 1000, 1000, 1000, 1.2537622451782227, -4.626889228820801, 0.0, -0.831253170967102, 2.25046443939209, 0.7314112186431885, 0.0, 0.22092020511627197, 0.9523314237594604, 22.437881469726562, 0.0, 0.3281629681587219, 22.76604461669922)
(-1.0174843072891235, -6.257899761199951, 0.0, 0.0, 0.0, 0.0, -6.6768293380737305, -17.865854263305664, 0.0, 6.10490608215332, 37.54739761352539, 0.0, 1000, 1000, 1000, 1000, 1.2493093013763428, -9.8790864944458, 0.0, -1.1570154428482056, 1.5397942066192627, 7.669041156768799, 0.0, 5.091367721557617, 12.760408401489258, 33.24795150756836, 0.0, 13.418766021728516, 46.666717529296875)
(-2.2667505741119385, -14.596384048461914, 0.0, -1.0, 0.0, 0.0, 0.4878048896789551, 5.97560977935791, 0.0, 7.600503444671631, 87.57830810546875, 0.0, 1000, 1000, 1000, 1000, -8.907286643981934, -26.582321166992188, 0.0, -1.2936007976531982, -2.6905412673950195, 4.2676191329956055, 0.0, 2.2321131229400635, 6.499732494354248, 48.96162033081055, 0.0, -3.170855760574341, 45.79076385498047)
(-2.8067891597747803, -11.735261917114258, 0.0, -1.0, 0.0, 0.0, 0.792682945728302, -17.530487060546875, 0.0, 10.840734481811523, 70.41157531738281, 0.0, 1000, 1000, 1000, 1000, 1.8611544370651245, -14.599900245666504, 0.0, -1.4306429624557495, 0.18903197348117828, 6.0288310050964355, 0.0, -3.007192373275757, 3.0216386318206787, 52.765235900878906, 0.0, 21.522972106933594, 74.2882080078125)
(-2.155301332473755, -16.505056381225586, 0.0, -1.0, 0.0, 0.0, -0.4573170840740204, -6.310975551605225, 0.0, 6.931807994842529, 99.03033447265625, 0.0, 1000, 1000, 1000, 1000, -0.6481499671936035, -20.8701114654541, 0.0, -1.6858258247375488, -3.1852059364318848, 4.433475017547607, 0.0, -1.0111043453216553, 3.422370672225952, 63.20478439331055, 0.0, 1.5227103233337402, 64.72749328613281)
(-2.548521041870117, -18.097288131713867, 0.0, -1.0, 0.0, 0.0, -0.6097561120986938, 11.12804889678955, 0.0, 9.291126251220703, 108.58372497558594, 0.0, 1000, 1000, 1000, 1000, 1.8846333026885986, -30.87548828125, 0.0, -2.0211920738220215, -2.569199800491333, 5.940529823303223, 0.0, -3.2423641681671143, 2.6981654167175293, 58.47340393066406, 0.0, 0.26726603507995605, 58.74066925048828)
(-2.9573235511779785, -17.16802215576172, 0.0, -1.0, 0.0, 0.0, 0.15243902802467346, 8.689023971557617, 0.0, 11.743941307067871, 103.00813293457031, 0.0, 1000, 1000, 1000, 1000, -2.707366466522217, -21.46563720703125, 0.0, -2.347869634628296, -1.587339997291565, 6.954901218414307, 0.0, -2.0556790828704834, 4.899222373962402, 56.59146499633789, 0.0, 0.537665605545044, 57.12913131713867)
(-2.4120495319366455, -20.09585952758789, 0.0, 0.0, 0.0, 0.0, 5.243902206420898, -8.47560977935791, 0.0, 14.472297668457031, 120.57515716552734, 0.0, 1000, 1000, 1000, 1000, -2.4705028533935547, -25.134851455688477, 0.0, -2.2740890979766846, -3.7121870517730713, 5.537037372589111, 0.0, -4.29727840423584, 1.239758849143982, 77.43045806884766, 0.0, 0.06870666146278381, 77.4991683959961)
(0.9167038798332214, -22.876436233520508, 0.0, -1.0, 0.0, 0.0, 0.8231707215309143, 9.786585807800293, 0.0, -11.500223159790039, 137.2586212158203, 0.0, 1000, 1000, 1000, 1000, 4.753050804138184, -22.26970100402832, 0.0, -0.37149757146835327, -3.579718828201294, -7.394036293029785, 0.0, 1.9620519876480103, -5.4319844245910645, 76.48322296142578, 0.0, -3.121323585510254, 73.36190032958984)
(0.045817505568265915, -20.59520149230957, 0.0, -1.0, 0.0, 0.0, -3.5365853309631348, -0.27439025044441223, 0.0, -6.274905204772949, 123.57121276855469, 0.0, 1000, 1000, 1000, 1000, -2.173966884613037, -14.133186340332031, 0.0, -2.24680233001709, -2.287950277328491, -1.6429919004440308, 0.0, -2.024308443069458, -3.6673004627227783, 74.30736541748047, 0.0, -1.7973644733428955, 72.50999450683594)
(5.184887886047363, -22.90854835510254, 0.0, -1.0, 0.0, 0.0, 15.97560977935791, -6.341463565826416, 0.0, -37.10932922363281, 137.4512939453125, 0.0, 1000, 1000, 1000, 1000, 16.87064552307129, -29.824657440185547, 0.0, 0.9306366443634033, -3.375755548477173, -31.850963592529297, 0.0, -7.853449821472168, -39.70441436767578, 86.27565002441406, 0.0, 3.452409267425537, 89.72806549072266)
(10.000551223754883, -22.319252014160156, 0.0, -1.0, 0.0, 0.0, -33.475608825683594, -4.695121765136719, 0.0, -66.00331115722656, 133.91551208496094, 0.0, 1000, 1000, 1000, 1000, 10.454493522644043, -21.465312957763672, 0.0, 0.2919170558452606, -3.8784992694854736, -19.516620635986328, 0.0, 14.570629119873047, -4.945992946624756, 83.16637420654297, 0.0, 3.170874834060669, 86.33724975585938)
(-8.796285629272461, -12.844040870666504, 0.0, -1.0, 0.0, 0.0, -34.725608825683594, 40.70121765136719, 0.0, 46.777713775634766, 77.06424713134766, 0.0, 1000, 1000, 1000, 1000, -24.763011932373047, -6.478011608123779, 0.0, -11.467381477355957, 3.553055763244629, 48.90199661254883, 0.0, 9.481376647949219, 58.38337326049805, 21.81781768798828, 0.0, -9.569353103637695, 12.248464584350586)
(-17.888586044311523, -3.927095413208008, 0.0, -1.0, 0.0, 0.0, 15.82317066192627, 0.4878048896789551, 0.0, 101.33151245117188, 23.562572479248047, 0.0, 1000, 1000, 1000, 1000, -23.288990020751953, -0.17340660095214844, 0.0, -12.692687034606934, 7.109762668609619, 51.30500411987305, 0.0, -7.921859264373779, 43.38314437866211, 13.844861030578613, 0.0, 0.5730059146881104, 14.417866706848145)
(-16.73133659362793, -3.7779600620269775, 0.0, -1.0, 0.0, 0.0, 11.37195110321045, -10.853658676147461, 0.0, 94.38801574707031, 22.667760848999023, 0.0, 1000, 1000, 1000, 1000, -14.660612106323242, -3.1026034355163574, 0.0, -10.470585823059082, 5.021652698516846, 49.80963897705078, 0.0, -5.1659650802612305, 44.6436767578125, 20.112852096557617, 0.0, 0.9851357340812683, 21.09798812866211)
(-10.077703475952148, -2.45753812789917, 0.0, -1.0, 0.0, 0.0, 2.8658535480499268, 7.743902206420898, 0.0, 54.46622085571289, 14.74522876739502, 0.0, 1000, 1000, 1000, 1000, -1.5459661483764648, -1.789214849472046, 0.0, -7.731252193450928, 4.942385673522949, 30.960220336914062, 0.0, -2.972579002380371, 27.987642288208008, 4.200796127319336, 0.0, -4.713580131530762, -0.5127843618392944)
(-6.103466987609863, 0.7508553862571716, 0.0, -1.0, 0.0, 0.0, 6.6768293380737305, -1.5243902206420898, 0.0, 30.62080192565918, -4.50513219833374, 0.0, 1000, 1000, 1000, 1000, -1.9234042167663574, 0.843203067779541, 0.0, -7.127137184143066, 6.0571699142456055, 14.366384506225586, 0.0, -5.350095748901367, 9.016288757324219, -1.788445234298706, 0.0, -0.22194282710552216, -2.010387897491455)
(-2.3995721340179443, 1.6161739826202393, 0.0, -1.0, 0.0, 0.0, 7.134146213531494, -1.737804889678955, 0.0, 8.397432327270508, -9.697044372558594, 0.0, 1000, 1000, 1000, 1000, 0.9043996334075928, 0.8634986877441406, 0.0, -5.4001545906066895, 5.810218811035156, 0.7579716444015503, 0.0, -3.3005096912384033, -2.5425379276275635, -4.775543689727783, 0.0, -0.167759969830513, -4.94330358505249)
(-1.4257526397705078, 1.5266627073287964, 0.0, -1.0, 0.0, 0.0, -7.621951103210449, -1.3414634466171265, 0.0, 2.554515838623047, -9.1599760055542, 0.0, 1000, 1000, 1000, 1000, -0.7863202095031738, 0.7036399841308594, 0.0, -5.86082649230957, 5.57332706451416, 6.105880260467529, 0.0, 1.804662823677063, 7.910542964935303, -4.691107273101807, 0.0, 0.04016333445906639, -4.650944232940674)
(-3.3011205196380615, 0.7555561661720276, 0.0, -1.0, 0.0, 0.0, 0.6707317233085632, -7.621951103210449, 0.0, 13.806722640991211, -4.533337116241455, 0.0, 1000, 1000, 1000, 1000, -4.096708297729492, 1.1579103469848633, 0.0, -6.910064697265625, 5.055032730102539, 7.881594657897949, 0.0, -4.880220413208008, 3.0013742446899414, 1.8531683683395386, 0.0, 3.774397611618042, 5.627565860748291)
(-2.9293062686920166, -0.846579909324646, 0.0, -1.0, 0.0, 0.0, -2.2560975551605225, -1.7682926654815674, 0.0, 11.575838088989258, 5.079479217529297, 0.0, 1000, 1000, 1000, 1000, -2.2875256538391113, -2.8354885578155518, 0.0, -6.354880332946777, 4.16585636138916, 8.299161911010742, 0.0, 2.3724594116210938, 10.671621322631836, 4.108663082122803, 0.0, 1.089930772781372, 5.198593616485596)
(-4.26999568939209, -1.3282054662704468, 0.0, -1.0, 0.0, 0.0, -3.1402440071105957, 0.9146341681480408, 0.0, 19.61997413635254, 7.969232559204102, 0.0, 1000, 1000, 1000, 1000, -5.741782188415527, -1.7500298023223877, 0.0, -7.379727363586426, 4.265705108642578, 13.65613079071045, 0.0, 0.16673584282398224, 13.822866439819336, 4.23275899887085, 0.0, 0.33570918440818787, 4.56846809387207)
(-4.277919292449951, -1.2514617443084717, 0.0, -1.0, 0.0, 0.0, 2.8353657722473145, 0.5487805008888245, 0.0, 19.66751480102539, 7.50877046585083, 0.0, 1000, 1000, 1000, 1000, -3.227325439453125, -1.1401081085205078, 0.0, -7.018294334411621, 4.592840671539307, 10.099289894104004, 0.0, -0.7073193192481995, 9.39197063446045, 4.175993919372559, 0.0, 0.19952960312366486, 4.375523567199707)
(-3.3362786769866943, -1.3648993968963623, 0.0, -1.0, 0.0, 0.0, -0.9756097793579102, 0.18292683362960815, 0.0, 14.017671585083008, 8.189395904541016, 0.0, 1000, 1000, 1000, 1000, -2.24007511138916, -1.4650359153747559, 0.0, -6.651527404785156, 4.569820880889893, 8.99596881866455, 0.0, 0.6339926719665527, 9.629961013793945, 4.8038811683654785, 0.0, -0.19928406178951263, 4.604597091674805)
(-3.6567420959472656, -1.4512690305709839, 0.0, -1.0, 0.0, 0.0, -0.7317073345184326, 0.12195122241973877, 0.0, 15.940452575683594, 8.707613945007324, 0.0, 1000, 1000, 1000, 1000, -4.009363174438477, -1.4773335456848145, 0.0, -7.142533779144287, 4.780187606811523, 10.0032958984375, 0.0, -0.45460671186447144, 9.548688888549805, 5.151397705078125, 0.0, 1.3861161470413208, 6.537513732910156)
(-3.536290407180786, -1.4220885038375854, 0.0, -1.0, 0.0, 0.0, 0.27439025044441223, 1.25, 0.0, 15.217742919921875, 8.532530784606934, 0.0, 1000, 1000, 1000, 1000, -3.3424177169799805, -1.1954760551452637, 0.0, -6.883235454559326, 4.988877773284912, 8.966012001037598, 0.0, -2.208266496658325, 6.757745265960693, 4.369518280029297, 0.0, -0.12875671684741974, 4.240761756896973)
(-3.8572354316711426, -1.1593616008758545, 0.0, -1.0, 0.0, 0.0, -2.7134146690368652, 0.792682945728302, 0.0, 17.143413543701172, 6.956169605255127, 0.0, 1000, 1000, 1000, 1000, -3.7851099967956543, -1.162095069885254, 0.0, -7.293907165527344, 5.18842077255249, 11.91409683227539, 0.0, 0.666684627532959, 12.580781936645508, 3.698091983795166, 0.0, -0.6280623078346252, 3.0700294971466064)
(-3.910987138748169, -1.1697707176208496, 0.0, -1.0, 0.0, 0.0, 2.591463327407837, -0.5182926654815674, 0.0, 17.465923309326172, 7.018624305725098, 0.0, 1000, 1000, 1000, 1000, -3.641580581665039, -0.8358149528503418, 0.0, -7.313878059387207, 5.19619607925415, 8.924675941467285, 0.0, -1.44112229347229, 7.483553886413574, 4.522150039672852, 0.0, 1.4802861213684082, 6.00243616104126)
(-3.564277172088623, -2.157857894897461, 0.0, -1.0, 0.0, 0.0, -1.737804889678955, 1.8292683362960815, 0.0, 15.385663032531738, 12.947147369384766, 0.0, 1000, 1000, 1000, 1000, -3.7506136894226074, -2.803948402404785, 0.0, -7.15488338470459, 4.999549388885498, 10.274081230163574, 0.0, 1.3380000591278076, 11.612081527709961, 6.670727252960205, 0.0, -0.9850626587867737, 5.685664653778076)
(-4.589694499969482, -1.5685614347457886, 0.0, -1.0, 0.0, 0.0, -1.2804877758026123, 0.8231707215309143, 0.0, 21.538166046142578, 9.411368370056152, 0.0, 1000, 1000, 1000, 1000, -5.4264678955078125, -1.4097936153411865, 0.0, -7.726377487182617, 5.385982513427734, 13.691191673278809, 0.0, 0.2124444544315338, 13.90363597869873, 5.152918815612793, 0.0, 0.8444828987121582, 5.997401714324951)
(-5.121498107910156, -1.8365118503570557, 0.0, -1.0, 0.0, 0.0, 2.1341464519500732, 1.2195122241973877, 0.0, 24.728988647460938, 11.019071578979492, 0.0, 1000, 1000, 1000, 1000, -6.4520368576049805, -2.156783103942871, 0.0, -7.892842769622803, 5.429122447967529, 13.556905746459961, 0.0, -0.5995902419090271, 12.957315444946289, 5.879735946655273, 0.0, 0.4919354319572449, 6.371671199798584)
(-4.443186283111572, -2.0994741916656494, 0.0, -1.0, 0.0, 0.0, 0.7317073345184326, -1.676829218864441, 0.0, 20.65911865234375, 12.596845626831055, 0.0, 1000, 1000, 1000, 1000, -3.4688639640808105, -2.4628403186798096, 0.0, -7.425617218017578, 5.332627773284912, 11.95644760131836, 0.0, -0.2959345579147339, 11.660512924194336, 8.564205169677734, 0.0, 1.0609406232833862, 9.62514591217041)
(-3.8618109226226807, -2.0346767902374268, 0.0, -1.0, 0.0, 0.0, 0.6707317233085632, 2.2865853309631348, 0.0, 17.170866012573242, 12.208061218261719, 0.0, 1000, 1000, 1000, 1000, -3.9491777420043945, -2.294180393218994, 0.0, -7.4643378257751465, 5.687506198883057, 9.900079727172852, 0.0, -1.1200863122940063, 8.779994010925293, 5.952885627746582, 0.0, 1.1768674850463867, 7.129753112792969)
(-3.380631446838379, -1.8078850507736206, 0.0, -1.0, 0.0, 0.0, 2.195122003555298, 1.097561001777649, 0.0, 14.283788681030273, 10.847310066223145, 0.0, 1000, 1000, 1000, 1000, -2.8118019104003906, -2.6112513542175293, 0.0, -7.116318225860596, 5.853361129760742, 7.253200054168701, 0.0, -0.9227774739265442, 6.330422878265381, 5.849849700927734, 0.0, -0.5346866250038147, 5.315162658691406)
(-3.1108310222625732, -1.1288701295852661, 0.0, -1.0, 0.0, 0.0, -0.15243902802467346, 2.896341562271118, 0.0, 12.664985656738281, 6.773221015930176, 0.0, 1000, 1000, 1000, 1000, -2.2758545875549316, -0.5716819763183594, 0.0, -7.0274457931518555, 6.4346113204956055, 7.690454959869385, 0.0, -0.3423498868942261, 7.348104953765869, 2.326127767562866, 0.0, -1.252659559249878, 1.0734680891036987)
(-3.2367894649505615, -0.5348429679870605, 0.0, -1.0, 0.0, 0.0, -0.3353658616542816, 0.27439025044441223, 0.0, 13.420736312866211, 3.2090578079223633, 0.0, 1000, 1000, 1000, 1000, -3.6209378242492676, 0.6513381004333496, 0.0, -7.251380443572998, 6.7666239738464355, 8.253661155700684, 0.0, -0.3275209367275238, 7.926140785217285, 1.7608006000518799, 0.0, 0.13559924066066742, 1.896399736404419)
(-3.4405357837677, -0.39680102467536926, 0.0, -1.0, 0.0, 0.0, -2.5304877758026123, -0.396341472864151, 0.0, 14.64321517944336, 2.3808062076568604, 0.0, 1000, 1000, 1000, 1000, -3.672549247741699, -0.03842353820800781, 0.0, -7.696045875549316, 6.780953407287598, 10.304221153259277, 0.0, 0.34933316707611084, 10.653554916381836, 1.6662886142730713, 0.0, 0.2975761592388153, 1.963864803314209)
(-2.9894959926605225, -0.6683648824691772, 0.0, -1.0, 0.0, 0.0, 7.8353657722473145, -3.5365853309631348, 0.0, 11.936975479125977, 4.010189056396484, 0.0, 1000, 1000, 1000, 1000, -2.262406826019287, -0.7983770370483398, 0.0, -6.971504211425781, 6.527445316314697, 2.460965871810913, 0.0, -2.9889938831329346, -0.5280280113220215, 4.528064727783203, 0.0, 3.3220014572143555, 7.850066184997559)
(-1.6756954193115234, -1.4949899911880493, 0.0, -1.0, 0.0, 0.0, -7.896341323852539, -0.4573170840740204, 0.0, 4.054172515869141, 8.969940185546875, 0.0, 1000, 1000, 1000, 1000, -0.2857089042663574, -3.0558056831359863, 0.0, -6.818456649780273, 6.190859317779541, 7.1703081130981445, 0.0, 3.269921064376831, 10.440229415893555, 5.6563544273376465, 0.0, 0.8647205829620361, 6.521075248718262)
(-3.3431553840637207, -1.7549375295639038, 0.0, -1.0, 0.0, 0.0, 4.2682929039001465, 5.5182929039001465, 0.0, 14.058932304382324, 10.529624938964844, 0.0, 1000, 1000, 1000, 1000, -4.838166236877441, -1.4880645275115967, 0.0, -7.705193519592285, 6.677443981170654, 5.874383926391602, 0.0, -1.9873127937316895, 3.887071132659912, 3.0067992210388184, 0.0, -1.3247036933898926, 1.6820955276489258)
(-2.2490394115448, -1.1721889972686768, 0.0, -1.0, 0.0, 0.0, -0.8841463327407837, 2.103658437728882, 0.0, 7.494236469268799, 7.0331339836120605, 0.0, 1000, 1000, 1000, 1000, -1.2130160331726074, -0.5932683944702148, 0.0, -6.9340057373046875, 7.056407928466797, 5.027029514312744, 0.0, 1.1337072849273682, 6.160737037658691, 2.9576854705810547, 0.0, 1.6135998964309692, 4.571285247802734)
(-2.84470796585083, -0.8272156715393066, 0.0, -1.0, 0.0, 0.0, -0.24390244483947754, -1.3719512224197388, 0.0, 11.06824779510498, 4.96329402923584, 0.0, 1000, 1000, 1000, 1000, -2.783658027648926, -1.7673759460449219, 0.0, -7.40549898147583, 7.064029693603516, 6.787290096282959, 0.0, -0.49748966097831726, 6.28980016708374, 3.801146984100342, 0.0, 0.960177481174469, 4.761324405670166)
(-2.2525742053985596, -1.6618530750274658, 0.0, -1.0, 0.0, 0.0, 1.3414634466171265, -0.6097561120986938, 0.0, 7.515445232391357, 9.971118927001953, 0.0, 1000, 1000, 1000, 1000, -0.9472429752349854, -1.8119268417358398, 0.0, -7.14894437789917, 6.7131147384643555, 3.7043890953063965, 0.0, -0.6144611239433289, 3.089927911758423, 6.348525047302246, 0.0, 0.3331291079521179, 6.681654453277588)
(-1.8770095109939575, -1.8675845861434937, 0.0, -1.0, 0.0, 0.0, -0.7621951103210449, -0.6097561120986938, 0.0, 5.262057304382324, 11.205507278442383, 0.0, 1000, 1000, 1000, 1000, -1.5173418521881104, -2.031351089477539, 0.0, -7.119521617889404, 6.8641815185546875, 3.614551544189453, 0.0, 0.44159361720085144, 4.056145191192627, 7.089158058166504, 0.0, 1.2054797410964966, 8.294637680053711)
(-2.348179817199707, -2.1069698333740234, 0.0, -1.0, 0.0, 0.0, -2.0731706619262695, 0.27439025044441223, 0.0, 8.089078903198242, 12.64181900024414, 0.0, 1000, 1000, 1000, 1000, -3.531970500946045, -1.557131290435791, 0.0, -7.57790470123291, 6.689789295196533, 6.097349643707275, 0.0, 0.9603769183158875, 7.057726860046387, 7.420457363128662, 0.0, -1.0165963172912598, 6.403861045837402)
(-2.7643256187438965, -1.5453667640686035, 0.0, -1.0, 0.0, 0.0, 1.2804877758026123, 0.5487805008888245, 0.0, 10.585953712463379, 9.272200584411621, 0.0, 1000, 1000, 1000, 1000, -2.672989845275879, -2.1331210136413574, 0.0, -7.634915828704834, 7.008236408233643, 5.583279609680176, 0.0, -0.21159280836582184, 5.3716864585876465, 5.2340521812438965, 0.0, 2.2931747436523438, 7.52722692489624)
(-2.3187901973724365, -2.2971673011779785, 0.0, -1.0, 0.0, 0.0, -0.5487805008888245, -1.8902438879013062, 0.0, 7.912741184234619, 13.783003807067871, 0.0, 1000, 1000, 1000, 1000, -0.8741261959075928, -0.9832849502563477, 0.0, -7.39741325378418, 6.9199748039245605, 5.076913356781006, 0.0, 0.4768441319465637, 5.553757190704346, 9.403948783874512, 0.0, -0.09021343290805817, 9.313735008239746)
(-2.7675700187683105, -3.3634262084960938, 0.0, -1.0, 0.0, 0.0, 0.060975611209869385, 5.152439117431641, 0.0, 10.605420112609863, 20.180557250976562, 0.0, 1000, 1000, 1000, 1000, -2.323049545288086, -4.434059143066406, 0.0, -8.00610637664795, 7.133541107177734, 6.326666355133057, 0.0, -0.7391452789306641, 5.587521076202393, 9.016870498657227, 0.0, -3.2624142169952393, 5.754456520080566)
(-2.653237819671631, -2.7394115924835205, 0.0, -1.0, 0.0, 0.0, -1.097561001777649, 1.0670732259750366, 0.0, 9.919426918029785, 16.43647003173828, 0.0, 1000, 1000, 1000, 1000, -3.3272504806518555, -3.037348747253418, 0.0, -7.90366792678833, 7.720737457275391, 6.610192775726318, 0.0, 0.8584883213043213, 7.4686808586120605, 9.221638679504395, 0.0, 0.16638128459453583, 9.388019561767578)
(-3.6095385551452637, -2.509592294692993, 0.0, -1.0, 0.0, 0.0, -2.2560975551605225, 0.5792682766914368, 0.0, 15.657231330871582, 15.057554244995117, 0.0, 1000, 1000, 1000, 1000, -4.228922367095947, -2.567997694015503, 0.0, -8.565866470336914, 7.986438274383545, 10.747997283935547, 0.0, 0.19669559597969055, 10.944692611694336, 8.686971664428711, 0.0, -0.3509957194328308, 8.335975646972656)
(-3.1269044876098633, -2.569551944732666, 0.0, 0.0, 0.0, 0.0, 1.9512195587158203, -0.21341463923454285, 0.0, 18.76142692565918, 15.417311668395996, 0.0, 1000, 1000, 1000, 1000, -1.9282822608947754, -3.1938071250915527, 0.0, -8.221050262451172, 7.974091529846191, 10.086124420166016, 0.0, 6.17629337310791, 16.26241683959961, 9.378435134887695, 0.0, 0.43627533316612244, 9.81471061706543)
(-2.7223823070526123, -2.6325957775115967, 0.0, -1.0, 0.0, 0.0, -0.060975611209869385, 0.12195122241973877, 0.0, 10.334293365478516, 15.795574188232422, 0.0, 1000, 1000, 1000, 1000, -2.8868026733398438, -2.6049063205718994, 0.0, -8.114496231079102, 8.040705680847168, 6.237161636352539, 0.0, -0.029418334364891052, 6.207743167877197, 9.404173851013184, 0.0, -0.3218576908111572, 9.082316398620605)
(-2.858217716217041, -2.6983602046966553, 0.0, -1.0, 0.0, 0.0, -0.9756097793579102, -0.0, 0.0, 11.149306297302246, 16.190160751342773, 0.0, 1000, 1000, 1000, 1000, -2.9255638122558594, -2.9986937046051025, 0.0, -8.325928688049316, 8.158848762512207, 7.274949550628662, 0.0, 0.19748853147029877, 7.472438335418701, 9.714096069335938, 0.0, 0.7329728603363037, 10.44706916809082)
(-3.116637945175171, -2.7971222400665283, 0.0, -1.0, 0.0, 0.0, -0.792682945728302, 0.21341463923454285, 0.0, 12.699827194213867, 16.782733917236328, 0.0, 1000, 1000, 1000, 1000, -3.309600353240967, -3.303719997406006, 0.0, -8.474403381347656, 8.255036354064941, 8.095505714416504, 0.0, 0.003967163152992725, 8.099472999572754, 9.941591262817383, 0.0, 0.17302677035331726, 10.114618301391602)
(-2.9972550868988037, -2.7332019805908203, 0.0, -1.0, 0.0, 0.0, -0.21341463923454285, 1.6463414430618286, 0.0, 11.983530044555664, 16.399211883544922, 0.0, 1000, 1000, 1000, 1000, -1.1806023120880127, -3.1377038955688477, 0.0, -8.433553695678711, 8.380036354064941, 7.318166732788086, 0.0, 0.15335264801979065, 7.4715189933776855, 8.851722717285156, 0.0, -1.211361050605774, 7.640361309051514)
(-2.5267183780670166, -2.352072238922119, 0.0, -1.0, 0.0, 0.0, 0.7317073345184326, 2.4390244483947754, 0.0, 9.160310745239258, 14.112433433532715, 0.0, 1000, 1000, 1000, 1000, -1.2054615020751953, -3.653355121612549, 0.0, -8.322120666503906, 8.88918399810791, 5.057161808013916, 0.0, 0.18042686581611633, 5.237588882446289, 7.004045009613037, 0.0, -0.6237082481384277, 6.380336761474609)
(-2.651357650756836, -1.9591885805130005, 0.0, 0.0, 0.0, 0.0, 0.9146341681480408, 1.8292683362960815, 0.0, 15.908145904541016, 11.755131721496582, 0.0, 1000, 1000, 1000, 1000, -1.6358466148376465, -0.2712063789367676, 0.0, -8.352303504943848, 9.312206268310547, 8.99610710144043, 0.0, 7.081987380981445, 16.078094482421875, 5.955517768859863, 0.0, -0.25128838419914246, 5.704229354858398)
(-2.8263731002807617, -1.8647209405899048, 0.0, -1.0, 0.0, 0.0, -0.09146341681480408, -1.097561001777649, 0.0, 10.95823860168457, 11.188325881958008, 0.0, 1000, 1000, 1000, 1000, -3.1424922943115234, -2.217125415802002, 0.0, -8.38202953338623, 9.2661714553833, 6.629820823669434, 0.0, -0.09370146691799164, 6.53611946105957, 7.371531963348389, 0.0, 0.9555352926254272, 8.327067375183105)
(-2.193453788757324, -2.319643497467041, 0.0, -1.0, 0.0, 0.0, 5.030488014221191, 2.77439022064209, 0.0, 7.160722732543945, 13.917860984802246, 0.0, 1000, 1000, 1000, 1000, -1.327059268951416, -3.0865206718444824, 0.0, -7.884315013885498, 9.184768676757812, 1.2781407833099365, 0.0, -1.856143593788147, -0.5780028104782104, 6.686082363128662, 0.0, -0.8145763874053955, 5.871506214141846)
(-2.389225482940674, -2.075538158416748, 0.0, -1.0, 0.0, 0.0, -6.097560882568359, 0.5182926654815674, 0.0, 8.335352897644043, 12.453228950500488, 0.0, 1000, 1000, 1000, 1000, -3.6526169776916504, -1.4549012184143066, 0.0, -8.39925479888916, 9.597572326660156, 8.659748077392578, 0.0, 1.8459417819976807, 10.50568962097168, 7.160962104797363, 0.0, -0.010594673454761505, 7.150367259979248)
(-2.873603582382202, -2.6448371410369873, 0.0, -1.0, 0.0, 0.0, 5.121951103210449, -2.7134146690368652, 0.0, 11.241621017456055, 15.869022369384766, 0.0, 1000, 1000, 1000, 1000, -1.947643518447876, -4.685036659240723, 0.0, -8.367852210998535, 9.073488235473633, 3.671802043914795, 0.0, -1.8316482305526733, 1.840153694152832, 11.149462699890137, 0.0, 0.6332607865333557, 11.782723426818848)
(-1.8840607404708862, -3.3872010707855225, 0.0, -1.0, 0.0, 0.0, -0.4573170840740204, 3.5060975551605225, 0.0, 5.304364204406738, 20.323205947875977, 0.0, 1100, 1100, 1100, 1100, -1.692741870880127, -3.6635141372680664, 0.0, -8.391179084777832, 9.040867805480957, 3.4570086002349854, 0.0, -1.467116117477417, 1.989892601966858, 10.090265274047852, 0.0, -2.9058871269226074, 7.184377670288086)
(-2.265629529953003, -2.802797794342041, 0.0, -1.0, 0.0, 0.0, -6.52439022064209, 4.908536434173584, 0.0, 7.593777179718018, 16.816787719726562, 0.0, 1100, 1100, 1100, 1100, -3.5420351028442383, 3.495680809020996, 0.0, -8.705506324768066, 9.54223918914795, 8.470900535583496, 0.0, 3.1580381393432617, 11.628938674926758, 7.1449503898620605, 0.0, -3.1807916164398193, 3.964158773422241)
(-1.7639635801315308, -2.946636438369751, 0.0, -1.0, 0.0, 0.0, 2.5609755516052246, 2.1646342277526855, 0.0, 4.5837812423706055, 17.679819107055664, 0.0, 1100, 1100, 1100, 1100, 0.09351682662963867, -4.083271503448486, 0.0, -8.239654541015625, 9.731566429138184, 1.2136833667755127, 0.0, -0.2829783856868744, 0.9307050108909607, 9.309110641479492, 0.0, -1.9841901063919067, 7.324920654296875)
(-1.8931609392166138, -2.908214569091797, 0.0, -1.0, 0.0, 0.0, 3.8109755516052246, -0.7012194991111755, 0.0, 5.358965873718262, 17.44928741455078, 0.0, 1123, 1116, 1165, 1130, -3.395587921142578, -0.4092836380004883, 0.0, -8.35352611541748, 9.592389106750488, 0.9287942051887512, 0.0, -4.172760486602783, -3.2439661026000977, 10.890304565429688, 0.0, -0.4224165976047516, 10.467887878417969)
(-2.235445737838745, -3.566598653793335, 0.0, -1.0, 0.0, 0.0, 2.5609755516052246, 3.75, 0.0, 7.412674427032471, 21.39959144592285, 0.0, 1201, 1210, 1241, 1202, -3.69620418548584, -19.621389389038086, 0.0, -8.394993782043457, 9.663883209228516, 2.9110193252563477, 0.0, -0.6800726056098938, 2.2309467792510986, 10.589755058288574, 0.0, -2.9796364307403564, 7.610118389129639)
(-1.451353669166565, -1.8486783504486084, 0.0, -1.0, 0.0, 0.0, -1.9817073345184326, 4.5731706619262695, 0.0, 2.7081220149993896, 11.092069625854492, 0.0, 1242, 1267, 1280, 1253, 10.539746284484863, -10.262067794799805, 0.0, -8.281274795532227, 10.330347061157227, 2.8138976097106934, 0.0, 0.10176635533571243, 2.915663957595825, 3.911339282989502, 0.0, -3.614166021347046, 0.297173410654068)
(-1.3379465341567993, -2.449308395385742, 0.0, -1.0, 0.0, 0.0, 1.8292683362960815, -0.792682945728302, 0.0, 2.027679204940796, 14.695850372314453, 0.0, 1310, 1307, 1309, 1264, 0.34862852096557617, 3.577359199523926, 0.0, -8.191333770751953, 10.369370460510254, 0.11904652416706085, 0.0, 0.6249619126319885, 0.7440084218978882, 9.293119430541992, 0.0, 2.4817419052124023, 11.774861335754395)
(-1.8325339555740356, -1.5114238262176514, 0.0, -1.0, 0.0, 0.0, -6.737804889678955, 1.1280487775802612, 0.0, 4.995203971862793, 9.06854248046875, 0.0, 1310, 1345, 1391, 1324, -41.648075103759766, 34.00859451293945, 0.0, -8.652005195617676, 11.346048355102539, 7.0398054122924805, 0.0, 8.326362609863281, 15.366168975830078, 4.764296054840088, 0.0, 3.167893409729004, 7.932189464569092)
(0.5807206034660339, -0.11027982831001282, 0.0, -1.0, 0.0, 0.0, 3.2317073345184326, -12.92682933807373, 0.0, -9.484323501586914, 0.6616789698600769, 0.0, 1370, 1329, 1358, 1313, 14.097163200378418, -28.99962043762207, 0.0, -6.8506317138671875, 11.375470161437988, -7.6296186447143555, 0.0, -1.4538311958312988, -9.083449363708496, 8.153104782104492, 0.0, 13.32827377319336, 21.48137855529785)
(-1.2094976902008057, 0.6582580208778381, 0.0, -1.0, 0.0, 0.0, -0.060975611209869385, 5.853658676147461, 0.0, 1.256986141204834, -3.9495482444763184, 0.0, 1318, 1347, 1339, 1366, 9.29288101196289, 8.138254165649414, 0.0, -8.918770790100098, 11.672725677490234, 0.7907770276069641, 0.0, -10.065107345581055, -9.274330139160156, -5.881924629211426, 0.0, -7.947605609893799, -13.829529762268066)
(-10.797515869140625, -2.461035966873169, 0.0, -1.0, 0.0, 0.0, -28.231706619262695, 21.280487060546875, 0.0, 58.78509521484375, 14.766216278076172, 0.0, 1208, 1307, 1468, 1386, -14.468875885009766, -24.114408493041992, 0.0, -18.42228126525879, 12.605345726013184, 52.210079193115234, 0.0, -17.14728546142578, 35.06279373168945, -3.908562421798706, 0.0, -0.4328376054763794, -4.341400146484375)
(0.7551508545875549, -4.019123554229736, 0.0, -1.0, 0.0, 0.0, 19.29878044128418, 19.268293380737305, 0.0, -10.530904769897461, 24.114742279052734, 0.0, 1350, 1409, 1310, 1300, 0.3303647041320801, -15.978174209594727, 0.0, -6.273501873016357, 11.806106567382812, -17.897811889648438, 0.0, 25.074119567871094, 7.176307678222656, 2.907869338989258, 0.0, -15.186834335327148, -12.27896499633789)
(-2.6717734336853027, 1.4018206596374512, 0.0, -1.0, 0.0, 0.0, 11.646341323852539, 15.762195587158203, 0.0, 10.030640602111816, -8.410923957824707, 0.0, 1297, 1376, 1300, 1398, 9.107192993164062, 28.61823272705078, 0.0, -9.948349952697754, 12.21875286102295, -0.9694204330444336, 0.0, -13.999497413635254, -14.968917846679688, -14.503870964050293, 0.0, -29.973913192749023, -44.477783203125)
(-2.890688896179199, -1.0304762125015259, 0.0, -1.0, 0.0, 0.0, -9.84756088256836, -4.1768293380737305, 0.0, 11.344133377075195, 6.182857513427734, 0.0, 1317, 1365, 1394, 1314, -8.414502143859863, 31.405803680419922, 0.0, -9.569082260131836, 11.046954154968262, 12.71501636505127, 0.0, 9.224488258361816, 21.939504623413086, 6.2158122062683105, 0.0, 2.003377914428711, 8.219189643859863)
(-1.7284170389175415, -1.3597970008850098, 0.0, 0.0, 0.0, 0.0, 4.542683124542236, -13.62804889678955, 0.0, 10.370502471923828, 8.158782005310059, 0.0, 1400, 1370, 1434, 1326, -33.379268646240234, 1.1845130920410156, 0.0, -8.32502269744873, 11.749242782592773, 3.4966917037963867, 0.0, 6.271711349487305, 9.768403053283691, 13.072098731994629, 0.0, 21.442359924316406, 34.51445770263672)
(-1.2863820791244507, -0.4238421320915222, 0.0, -1.0, 0.0, 0.0, -6.920731544494629, 11.036585807800293, 0.0, 1.718292474746704, 2.5430526733398438, 0.0, 1343, 1390, 1386, 1399, 27.164400100708008, -36.592529296875, 0.0, -9.182493209838867, 13.485065460205078, 5.183414459228516, 0.0, -6.7382493019104, -1.5548352003097534, -5.0961198806762695, 0.0, -9.537564277648926, -14.633684158325195)
(-11.799601554870605, 0.873161792755127, 0.0, -1.0, 0.0, 0.0, -34.29878234863281, 19.7560977935791, 0.0, 64.797607421875, -5.238970756530762, 0.0, 1213, 1349, 1501, 1456, -15.40455436706543, -11.610795974731445, 0.0, -20.544843673706055, 13.721500396728516, 59.45783233642578, 0.0, -24.23874282836914, 35.21908950805664, -14.997040748596191, 0.0, -7.851600170135498, -22.84864044189453)
(-1.9234051704406738, -2.0255191326141357, 0.0, -1.0, 0.0, 0.0, 26.707317352294922, 28.414634704589844, 0.0, 5.540431022644043, 12.153114318847656, 0.0, 1318, 1472, 1339, 1389, -19.436880111694336, -10.6328125, 0.0, -6.07365608215332, 11.678817749023438, -12.7001314163208, 0.0, 28.660688400268555, 15.960556983947754, -9.756912231445312, 0.0, -41.0341911315918, -50.79110336303711)
(-1.399710774421692, 0.029668061062693596, 0.0, -1.0, 0.0, 0.0, 6.554878234863281, -2.621951103210449, 0.0, 2.3982646465301514, -0.17800836265087128, 0.0, 1371, 1327, 1411, 1409, 40.8288459777832, -22.97684669494629, 0.0, -9.023199081420898, 12.149243354797363, -2.4939680099487305, 0.0, -18.105384826660156, -20.599353790283203, 1.4663656949996948, 0.0, 9.816524505615234, 11.282890319824219)
(-2.388690710067749, 0.9745154976844788, 0.0, -1.0, 0.0, 0.0, -14.268292427062988, 8.841463088989258, 0.0, 8.332143783569336, -5.847093105316162, 0.0, 1332, 1426, 1387, 1378, -55.098480224609375, -20.665456771850586, 0.0, -11.359023094177246, 12.447416305541992, 13.560262680053711, 0.0, 2.195115566253662, 15.755377769470215, -8.81313419342041, 0.0, -12.460596084594727, -21.27372932434082)
(-1.33778977394104, 0.34329649806022644, 0.0, 0.0, 0.0, 0.0, -2.0426828861236572, 7.9268293380737305, 0.0, 8.026739120483398, -2.059778928756714, 0.0, 1355, 1452, 1419, 1375, -60.90380096435547, 16.34084129333496, 0.0, -8.834027290344238, 11.717691421508789, 6.041653156280518, 0.0, 19.331998825073242, 25.373653411865234, -5.991965293884277, 0.0, -7.391684055328369, -13.383648872375488)
(-0.06452174484729767, 1.3259466886520386, 0.0, -1.0, 0.0, 0.0, 6.463414669036865, 6.890244007110596, 0.0, -5.612869739532471, -7.955679893493652, 0.0, 1380, 1429, 1373, 1421, -7.110995292663574, 36.517608642578125, 0.0, -8.415428161621094, 12.383086204528809, -7.245770454406738, 0.0, -2.4471144676208496, -9.692885398864746, -8.907554626464844, 0.0, -15.445686340332031, -24.353240966796875)
(-7.441872596740723, 0.7307289838790894, 0.0, -1.0, 0.0, 0.0, -89.63414764404297, 26.09756088256836, 0.0, 38.65123748779297, -4.384373664855957, 0.0, 1179, 1525, 1528, 1370, -10.619710922241211, -22.792755126953125, 0.0, -16.61359977722168, 13.117538452148438, 76.97122955322266, 0.0, 38.92999267578125, 115.9012222290039, -18.289159774780273, 0.0, -28.71735382080078, -47.00651550292969)
(-0.932555079460144, 2.1042566299438477, 0.0, -1.0, 0.0, 0.0, 74.57317352294922, -2.1341464519500732, 0.0, -0.40466952323913574, -12.625539779663086, 0.0, 1536, 1455, 1280, 1331, 3.7829298973083496, -20.049325942993164, 0.0, -7.510091304779053, 12.904887199401855, -44.9867057800293, 0.0, 2.2359564304351807, -42.75075149536133, -6.294836044311523, 0.0, 13.85258674621582, 7.557750701904297)
(-4.583583354949951, 7.4500508308410645, 0.0, -1.0, 0.0, 0.0, -25.70121955871582, 8.384146690368652, 0.0, 21.50149917602539, -44.7003059387207, 0.0, 1298, 1425, 1440, 1440, -29.160377502441406, 42.38410949707031, 0.0, -13.502470016479492, 15.213271141052246, 28.321632385253906, 0.0, -6.533663749694824, 21.787967681884766, -31.850671768188477, 0.0, 0.10774105787277222, -31.742931365966797)
(-2.627826452255249, 5.367630481719971, 0.0, -1.0, 0.0, 0.0, 13.841463088989258, -8.32317066192627, 0.0, 9.766958236694336, -32.20578384399414, 0.0, 1397, 1438, 1374, 1398, 80.61810302734375, 5.617136001586914, 0.0, -10.255210876464844, 13.165104866027832, -2.4447028636932373, 0.0, -3.1924591064453125, -5.637162208557129, -14.329568862915039, 0.0, -1.9627970457077026, -16.29236602783203)
(-5.1841535568237305, 2.7400429248809814, 0.0, 0.0, 0.0, 0.0, 3.170731782913208, -6.25, 0.0, 31.104921340942383, -16.440258026123047, 0.0, 1377, 1411, 1418, 1396, 32.08317565917969, 28.03195571899414, 0.0, -11.937832832336426, 12.456415176391602, 16.760513305664062, 0.0, -12.843988418579102, 3.916525363922119, -6.114154815673828, 0.0, 2.9244866371154785, -3.1896681785583496)
(-4.835234642028809, 1.6681500673294067, 0.0, -1.0, 0.0, 0.0, -1.1585365533828735, 10.792682647705078, 0.0, 23.01140785217285, -10.00890064239502, 0.0, 1415, 1533, 1493, 1493, -13.966004371643066, -21.73175048828125, 0.0, -9.95033073425293, 12.041932106018066, 14.50196647644043, 0.0, 5.073510646820068, 19.575477600097656, -12.480949401855469, 0.0, -16.758020401000977, -29.238969802856445)
(-1.335654377937317, 1.9454176425933838, 0.0, -1.0, 0.0, 0.0, 6.493902206420898, 3.9939024448394775, 0.0, 2.0139262676239014, -11.672506332397461, 0.0, 1449, 1499, 1483, 1491, 23.963502883911133, 15.804567337036133, 0.0, -7.335086345672607, 11.976078033447266, -2.687985420227051, 0.0, 3.214087724685669, 0.5261024236679077, -9.399845123291016, 0.0, -5.359179496765137, -14.759024620056152)
(-1.94031822681427, 2.2735443115234375, 0.0, -1.0, 0.0, 0.0, -4.390244007110596, 8.079268455505371, 0.0, 5.641909599304199, -13.641265869140625, 0.0, 1456, 1493, 1491, 1486, -11.644330978393555, -27.102811813354492, 0.0, -10.769232749938965, 13.517998695373535, 6.01929235458374, 0.0, -5.6539812088012695, 0.3653111159801483, -13.032320976257324, 0.0, 5.163895130157471, -7.8684258460998535)
(-2.363860845565796, 3.6011009216308594, 0.0, -1.0, 0.0, 0.0, -51.00609588623047, 13.018292427062988, 0.0, 8.183164596557617, -21.606605529785156, 0.0, 1317, 1576, 1525, 1508, 58.77720642089844, 9.87301254272461, 0.0, -11.506274223327637, 12.936290740966797, 35.51355743408203, 0.0, 23.43206787109375, 58.94562530517578, -20.774938583374023, 0.0, -39.543704986572266, -60.31864547729492)
(-7.999396324157715, -2.051645278930664, 0.0, -1.0, 0.0, 0.0, 63.780487060546875, -0.12195122241973877, 0.0, 41.996376037597656, 12.309871673583984, 0.0, 1558, 1532, 1401, 1436, -29.493024826049805, -1.6374456882476807, 0.0, -13.024266242980957, 12.917235374450684, -13.070466995239258, 0.0, -12.003815650939941, -25.074281692504883, 7.4590935707092285, 0.0, -9.88326358795166, -2.4241697788238525)
(-5.059624195098877, -0.1432890146970749, 0.0, -1.0, 0.0, 0.0, -7.713414669036865, 31.737804412841797, 0.0, 24.357746124267578, 0.859734058380127, 0.0, 1378, 1516, 1482, 1550, -59.255714416503906, 20.415725708007812, 0.0, -13.55459976196289, 15.033697128295898, 19.242694854736328, 0.0, -12.133453369140625, 7.1092424392700195, -18.52684211730957, 0.0, -32.940155029296875, -51.46699523925781)
(-0.2179299294948578, 0.015057899057865143, 0.0, -1.0, 0.0, 0.0, 14.054878234863281, -9.664633750915527, 0.0, -4.692420482635498, -0.09034739434719086, 0.0, 1509, 1474, 1478, 1465, 59.5262565612793, 19.45315933227539, 0.0, -8.140422821044922, 13.561441421508789, -11.248379707336426, 0.0, -4.280609607696533, -15.5289888381958, 5.744571685791016, 0.0, 6.722871780395508, 12.467443466186523)
(-2.114354372024536, 1.9807254076004028, 0.0, -1.0, 0.0, 0.0, -6.158536434173584, 10.213414192199707, 0.0, 6.686126232147217, -11.884352684020996, 0.0, 1396, 1504, 1486, 1539, -31.69124984741211, 43.70531463623047, 0.0, -10.73783016204834, 14.375771522521973, 7.7067975997924805, 0.0, -4.104148864746094, 3.6026487350463867, -13.258660316467285, 0.0, -26.906543731689453, -40.16520309448242)
(-2.565030813217163, 2.9354538917541504, 0.0, -1.0, 0.0, 0.0, -39.20731735229492, 7.256097793579102, 0.0, 9.39018440246582, -17.61272430419922, 0.0, 1357, 1531, 1559, 1479, -26.582256317138672, 37.78523254394531, 0.0, -10.760542869567871, 13.855653762817383, 29.15850257873535, 0.0, 24.272214889526367, 53.43071746826172, -14.921293258666992, 0.0, -8.348365783691406, -23.2696590423584)
(-2.1761319637298584, -0.26260486245155334, 0.0, -1.0, 0.0, 0.0, 54.63414764404297, -4.542683124542236, 0.0, 7.05679178237915, 1.5756292343139648, 0.0, 1576, 1437, 1457, 1456, -4.254949569702148, -22.506650924682617, 0.0, -9.64621639251709, 15.146047592163086, -28.54641342163086, 0.0, -16.287830352783203, -44.83424377441406, 3.670987367630005, 0.0, 31.307323455810547, 34.97831344604492)
(-7.572531700134277, 3.123655319213867, 0.0, -1.0, 0.0, 0.0, -19.908536911010742, 36.98170852661133, 0.0, 39.43518829345703, -18.741931915283203, 0.0, 1320, 1538, 1514, 1554, -44.45012283325195, -15.540237426757812, 0.0, -15.255363464355469, 17.84467124938965, 35.60623550415039, 0.0, -1.0915926694869995, 34.514644622802734, -33.43418502807617, 0.0, -31.48607635498047, -64.92025756835938)
(-0.4210962951183319, 3.932119131088257, 0.0, -1.0, 0.0, 0.0, 22.560976028442383, -1.7073171138763428, 0.0, -3.4734222888946533, -23.592714309692383, 0.0, 1454, 1534, 1454, 1484, -36.86764907836914, -16.714622497558594, 0.0, -6.10871696472168, 16.559459686279297, -15.62063980102539, 0.0, 18.161014556884766, 2.540374994277954, -13.131237983703613, 0.0, -14.352945327758789, -27.48418426513672)
(-2.9118030071258545, 2.907243251800537, 0.0, -1.0, 0.0, 0.0, -4.908536434173584, 2.5304877758026123, 0.0, 11.470817565917969, -17.443458557128906, 0.0, 1438, 1464, 1526, 1498, 55.681396484375, -32.209266662597656, 0.0, -8.427313804626465, 17.85062026977539, 9.82761287689209, 0.0, -6.351303577423096, 3.476309061050415, -11.984367370605469, 0.0, 12.122261047363281, 0.13789337873458862)
(-0.32132795453071594, 4.516801834106445, 0.0, -1.0, 0.0, 0.0, -9.695121765136719, -10.792682647705078, 0.0, -4.072032451629639, -27.100811004638672, 0.0, 1456, 1489, 1522, 1459, -27.1563777923584, -20.3005313873291, 0.0, -8.634479522705078, 17.674095153808594, 3.3738536834716797, 0.0, 10.677209854125977, 14.051063537597656, -9.784876823425293, 0.0, 17.2977294921875, 7.512852668762207)
(-6.31366491317749, 2.473060131072998, 0.0, -1.0, 0.0, 0.0, -65.36585235595703, 3.628048896789551, 0.0, 31.881988525390625, -14.838360786437988, 0.0, 1346, 1515, 1631, 1433, 21.645980834960938, -35.82176971435547, 0.0, -14.133715629577637, 18.042543411254883, 58.34870529174805, 0.0, 23.61304473876953, 81.96174621582031, -11.079845428466797, 0.0, 18.475086212158203, 7.39523983001709)
(-2.3696281909942627, 3.4720985889434814, 0.0, -1.0, 0.0, 0.0, 28.231706619262695, 19.115854263305664, 0.0, 8.217769622802734, -20.832592010498047, 0.0, 1408, 1550, 1464, 1508, -10.32908821105957, -42.30915832519531, 0.0, -5.7578043937683105, 17.920291900634766, -12.00836181640625, 0.0, 26.320825576782227, 14.31246280670166, -23.96906852722168, 0.0, -22.549802780151367, -46.51887130737305)
(-4.824924945831299, 6.959716320037842, 0.0, 0.0, 0.0, 0.0, 9.268292427062988, -9.786585807800293, 0.0, 28.94955062866211, -41.758296966552734, 0.0, 1447, 1471, 1487, 1521, 22.133085250854492, 41.2423210144043, 0.0, -12.774418830871582, 17.862825393676758, 11.808755874633789, 0.0, -24.172534942626953, -12.363779067993164, -19.183025360107422, 0.0, 4.768563747406006, -14.41446304321289)
(-4.375572681427002, 5.445756435394287, 0.0, -1.0, 0.0, 0.0, -17.987804412841797, -32.0121955871582, 0.0, 20.253437042236328, -32.674537658691406, 0.0, 1455, 1480, 1566, 1425, -13.260009765625, 65.05195617675781, 0.0, -14.239204406738281, 18.203989028930664, 22.944744110107422, 0.0, 8.483440399169922, 31.428184509277344, -0.3974052369594574, 0.0, 29.463638305664062, 29.066232681274414)
(-2.2142786979675293, 3.7779488563537598, 0.0, -1.0, 0.0, 0.0, 21.128047943115234, -17.5, 0.0, 7.285672187805176, -22.667694091796875, 0.0, 1538, 1473, 1484, 1432, 28.8461856842041, 31.320968627929688, 0.0, -9.623808860778809, 18.53173065185547, -8.305425643920898, 0.0, -5.144364833831787, -13.449790000915527, -3.100616455078125, 0.0, 32.4945182800293, 29.39389991760254)
(-6.357514381408691, 5.804214000701904, 0.0, -1.0, 0.0, 0.0, -21.40243911743164, -1.9817073345184326, 0.0, 32.14508819580078, -34.82528305053711, 0.0, 1387, 1510, 1541, 1488, -37.08903503417969, 39.681549072265625, 0.0, -13.96435832977295, 20.327762603759766, 32.128517150878906, 0.0, 2.0160040855407715, 34.1445198059082, -19.706144332885742, 0.0, 2.078007698059082, -17.628137588500977)
(-7.998933792114258, 9.481850624084473, 0.0, -1.0, 0.0, 0.0, 32.92683029174805, -12.65243911743164, 0.0, 41.99360275268555, -56.89110565185547, 0.0, 1460, 1562, 1434, 1469, 9.289860725402832, 54.68775939941406, 0.0, -8.762982368469238, 17.657943725585938, 5.4400634765625, 0.0, 1.3987849950790405, 6.83884859085083, -26.54319953918457, 0.0, -7.688491344451904, -34.231689453125)
(-3.349592447280884, 3.6878163814544678, 0.0, -1.0, 0.0, 0.0, -9.420731544494629, 18.780487060546875, 0.0, 14.097555160522461, -22.12689781188965, 0.0, 1366, 1499, 1514, 1547, -20.914613723754883, 10.816370010375977, 0.0, -7.438588619232178, 16.642549514770508, 14.11097240447998, 0.0, 0.7654205560684204, 14.87639331817627, -24.544431686401367, 0.0, -16.860414505004883, -41.40484619140625)
(-0.6688034534454346, 1.454319953918457, 0.0, -1.0, 0.0, 0.0, -7.408536434173584, -7.0731706619262695, 0.0, -1.9871792793273926, -8.725919723510742, 0.0, 1465, 1442, 1522, 1497, 4.415309906005859, -24.30989646911621, 0.0, -10.50855541229248, 16.31663703918457, 3.252814292907715, 0.0, -12.846324920654297, -9.593510627746582, -0.9916494488716125, 0.0, 12.793792724609375, 11.802143096923828)
(-1.2556883096694946, 4.177556991577148, 0.0, -1.0, 0.0, 0.0, -10.853658676147461, -7.652439117431641, 0.0, 1.5341298580169678, -25.06534194946289, 0.0, 1420, 1471, 1523, 1511, 15.307861328125, 28.387954711914062, 0.0, -12.76236629486084, 17.195755004882812, 7.432673454284668, 0.0, -1.515089750289917, 5.917583465576172, -10.447741508483887, 0.0, 0.5440714955329895, -9.903670310974121)
(-0.6734188199043274, 4.785425662994385, 0.0, -1.0, 0.0, 0.0, 3.7195122241973877, -3.079268217086792, 0.0, -1.9594870805740356, -28.712554931640625, 0.0, 1444, 1495, 1477, 1510, 46.4909782409668, 33.59156036376953, 0.0, -11.189501762390137, 16.453073501586914, -3.4073996543884277, 0.0, -1.9361228942871094, -5.343522548675537, -15.379972457885742, 0.0, -5.366029262542725, -20.746002197265625)
(-2.0936617851257324, 0.5650267004966736, 0.0, -1.0, 0.0, 0.0, -6.890244007110596, -1.0670732259750366, 0.0, 6.5619707107543945, -3.390160083770752, 0.0, 1468, 1481, 1518, 1459, -0.9521284103393555, -21.084630966186523, 0.0, -12.559016227722168, 16.48645782470703, 8.071329116821289, 0.0, -0.04649917781352997, 8.024829864501953, -1.3938519954681396, 0.0, 12.738916397094727, 11.345064163208008)
(-2.2359209060668945, 1.5532753467559814, 0.0, -9.0, -1.0, 0.0, -1.8292683362960815, -16.0060977935791, 0.0, -40.58447265625, -15.319652557373047, 0.0, 1553, 1433, 1448, 1496, -8.177010536193848, 37.183197021484375, 0.0, -11.33919620513916, 16.9962158203125, -23.253122329711914, 0.0, -28.553508758544922, -51.8066291809082, 0.4118671417236328, 0.0, 17.6153507232666, 18.027217864990234)
(-9.192052841186523, 5.758484840393066, 0.0, -15.0, -1.0, 0.0, -29.60365867614746, -24.908536911010742, 0.0, -34.84768295288086, -40.55091094970703, 0.0, 1456, 1417, 1555, 1498, 4.8784589767456055, 11.56812858581543, 0.0, -17.79117774963379, 18.862525939941406, -3.1464145183563232, 0.0, -2.560476064682007, -5.70689058303833, -9.385424613952637, 0.0, 33.288780212402344, 23.90335464477539)
(-3.980473279953003, 4.672134876251221, 0.0, -1.0, -1.0, 0.0, 26.036584854125977, -29.725608825683594, 0.0, 17.88283920288086, -34.03281021118164, 0.0, 1560, 1477, 1489, 1400, -27.185007095336914, 9.338135719299316, 0.0, -13.36267375946045, 19.46039390563965, -4.892247200012207, 0.0, -3.4032013416290283, -8.295448303222656, -2.5843207836151123, 0.0, 45.433406829833984, 42.84908676147461)
(-7.239410400390625, 7.406594276428223, 0.0, -1.0, -1.0, 0.0, -2.2560975551605225, -9.786585807800293, 0.0, 37.43646240234375, -50.43956756591797, 0.0, 1456, 1495, 1497, 1478, -1.946345567703247, 15.277748107910156, 0.0, -14.704440116882324, 20.629602432250977, 23.815534591674805, 0.0, -19.382883071899414, 4.432651519775391, -24.391788482666016, 0.0, 19.66162872314453, -4.730158805847168)
(-5.8377814292907715, 6.912648677825928, 0.0, -15.0, -1.0, 0.0, -9.420731544494629, -29.024391174316406, 0.0, -54.97331237792969, -47.47589111328125, 0.0, 1500, 1425, 1510, 1491, -0.29364800453186035, 17.425153732299805, 0.0, -12.405659675598145, 18.827003479003906, -27.3315486907959, 0.0, 3.418611764907837, -23.91293716430664, -11.070899963378906, 0.0, 34.65550231933594, 23.58460235595703)
(8.344594955444336, -0.5116978883743286, 0.0, -1.0, 0.0, 0.0, 28.871952056884766, 3.445122003555298, 0.0, -56.067569732666016, 3.0701873302459717, 0.0, 1523, 1516, 1435, 1452, 7.0950446128845215, 14.490280151367188, 0.0, -2.9067232608795166, 18.077301025390625, -50.963714599609375, 0.0, 34.84791564941406, -16.115798950195312, -0.2249608039855957, 0.0, -2.3294782638549805, -2.554439067840576)
(-1.6822552680969238, 1.51993727684021, 0.0, -1.0, -1.0, 0.0, -18.689023971557617, -2.0731706619262695, 0.0, 4.093531608581543, -15.119623184204102, 0.0, 1384, 1424, 1571, 1547, -1.1771209239959717, 70.20491790771484, 0.0, -13.842240333557129, 20.445436477661133, 13.669532775878906, 0.0, -7.844362735748291, 5.825170040130615, -7.827871322631836, 0.0, 3.8818917274475098, -3.9459798336029053)
(1.5014991760253906, 4.816126823425293, 0.0, -1.0, -1.0, 0.0, 3.9634146690368652, -4.237804889678955, 0.0, -15.008995056152344, -34.896759033203125, 0.0, 1501, 1504, 1457, 1463, 4.085468292236328, -6.994525909423828, 0.0, -11.563429832458496, 21.50229263305664, -11.383445739746094, 0.0, 0.6672260165214539, -10.716219902038574, -18.39537239074707, 0.0, 16.17748260498047, -2.2178897857666016)
(-0.42419227957725525, 6.189122676849365, 0.0, -5.0, -1.0, 0.0, -3.0182926654815674, -18.810976028442383, 0.0, -27.454845428466797, -43.134735107421875, 0.0, 1521, 1443, 1453, 1510, 25.02217674255371, 29.703022003173828, 0.0, -13.008248329162598, 20.804880142211914, -14.661931037902832, 0.0, -29.268505096435547, -43.93043518066406, -14.594255447387695, 0.0, 19.861005783081055, 5.266750335693359)
(-9.132843017578125, 4.577301979064941, 0.0, -15.0, 0.0, 0.0, -36.585365295410156, 23.262195587158203, 0.0, -35.20294189453125, -27.46381187438965, 0.0, 1366, 1530, 1496, 1534, -33.69208526611328, -28.439729690551758, 0.0, -18.96693992614746, 22.044357299804688, 0.8294540643692017, 0.0, 20.685985565185547, 21.515439987182617, -30.435604095458984, 0.0, -20.391544342041016, -50.8271484375)
(-8.751026153564453, 0.8635785579681396, 0.0, 0.0, 0.0, 0.0, 31.371952056884766, 1.8597561120986938, 0.0, 10.506156921386719, -5.181471347808838, 0.0, 1492, 1567, 1443, 1424, 23.301685333251953, -37.575984954833984, 0.0, -15.464350700378418, 20.090993881225586, -12.519476890563965, 0.0, 26.014629364013672, 13.49515151977539, -4.224736213684082, 0.0, -9.501397132873535, -13.726133346557617)
(-5.931914806365967, 6.4135518074035645, 0.0, -1.0, -1.0, 0.0, 30.15243911743164, -4.72560977935791, 0.0, 29.591487884521484, -44.4813117980957, 0.0, 1490, 1540, 1412, 1484, 11.784018516540527, 2.2503790855407715, 0.0, -11.62319278717041, 20.214773178100586, -0.33657073974609375, 0.0, -15.074951171875, -15.411521911621094, -23.853422164916992, 0.0, -6.7207722663879395, -30.574193954467773)
(-3.26058292388916, 5.664739608764648, 0.0, -1.0, -1.0, 0.0, -6.79878044128418, 6.493902206420898, 0.0, 13.563497543334961, -39.98843765258789, 0.0, 1410, 1549, 1472, 1495, 0.07214546203613281, 25.39069938659668, 0.0, -9.519682884216309, 18.863704681396484, 12.217367172241211, 0.0, 6.760153770446777, 18.977519989013672, -27.889402389526367, 0.0, -12.632152557373047, -40.52155303955078)
(-0.739635705947876, 1.6626287698745728, 0.0, 2.0, -1.0, 0.0, -3.2317073345184326, -5.152439117431641, 0.0, 16.437814712524414, -15.975772857666016, 0.0, 1441, 1510, 1537, 1438, -8.007707595825195, 1.6002721786499023, 0.0, -8.632944107055664, 18.092517852783203, 11.801712989807129, 0.0, 20.055835723876953, 31.857547760009766, -6.494000434875488, 0.0, 14.158163070678711, 7.664162635803223)
(2.3687219619750977, 3.888016939163208, 0.0, 13.0, -1.0, 0.0, 28.079267501831055, 2.7134146690368652, 0.0, 63.78766632080078, -29.328102111816406, 0.0, 1417, 1530, 1464, 1515, 36.655147552490234, 43.151100158691406, 0.0, -6.219837188720703, 18.995107650756836, 21.425037384033203, 0.0, -15.674644470214844, 5.750393390655518, -19.22490882873535, 0.0, -21.67678451538086, -40.901695251464844)
(8.218435287475586, 1.4228297472000122, 0.0, 11.0, 0.0, 0.0, -14.085366249084473, 8.658536911010742, 0.0, 16.689388275146484, -8.536978721618652, 0.0, 1413, 1488, 1543, 1483, 38.87126541137695, -54.76560974121094, 0.0, -3.2157208919525146, 19.30486297607422, 18.46485137939453, 0.0, 5.296476364135742, 23.761327743530273, -10.31730842590332, 0.0, 6.493474960327148, -3.823834180831909)
(8.506669998168945, 2.1087608337402344, 0.0, -1.0, -1.0, 0.0, -3.9634146690368652, 12.682927131652832, 0.0, -57.04001998901367, -18.652565002441406, 0.0, 1408, 1430, 1481, 1607, 63.75529098510742, 21.733022689819336, 0.0, -4.087062358856201, 20.21004295349121, -31.845964431762695, 0.0, -4.232914924621582, -36.078880310058594, -18.801294326782227, 0.0, -18.099035263061523, -36.90032958984375)
(-3.65791916847229, 0.8647602200508118, 0.0, -1.0, -1.0, 0.0, -40.51829147338867, 46.67683029174805, 0.0, 15.947515487670898, -11.18856143951416, 0.0, 1244, 1533, 1513, 1636, -21.54069709777832, 42.645118713378906, 0.0, -15.602615356445312, 19.709741592407227, 33.87948226928711, 0.0, -2.389655113220215, 31.48982810974121, -34.719234466552734, 0.0, -68.49470520019531, -103.21393585205078)
(-2.0717625617980957, -3.0454864501953125, 0.0, -1.0, -1.0, 0.0, 18.810976028442383, 27.89634132385254, 0.0, 6.430575370788574, 12.272918701171875, 0.0, 1457, 1532, 1441, 1497, 9.695415496826172, -85.48383331298828, 0.0, -12.26724910736084, 19.66127586364746, -7.4282402992248535, 0.0, 2.3088181018829346, -5.11942195892334, -9.374053955078125, 0.0, -23.509902954101562, -32.88395690917969)
(-1.2055068016052246, 0.7611085772514343, 0.0, -1.0, -1.0, 0.0, -9.329268455505371, 5.3353657722473145, 0.0, 1.2330408096313477, -10.566651344299316, 0.0, 1456, 1507, 1489, 1478, -5.582890033721924, -9.274673461914062, 0.0, -13.292097091674805, 21.132150650024414, 6.337385654449463, 0.0, -0.693678617477417, 5.643706798553467, -9.541210174560547, 0.0, -0.3537147641181946, -9.894925117492676)
(-3.1769227981567383, -0.1196167841553688, 0.0, -1.0, -1.0, 0.0, 10.060976028442383, 8.353658676147461, 0.0, 13.06153678894043, -5.282299518585205, 0.0, 1479, 1521, 1455, 1479, 12.306557655334473, -6.3032989501953125, 0.0, -13.335694313049316, 21.284442901611328, 1.800336480140686, 0.0, -7.631020545959473, -5.830684185028076, -8.181574821472168, 0.0, -8.301855087280273, -16.483430862426758)
(-2.1686313152313232, -0.025507716462016106, 0.0, -15.0, 0.0, 0.0, -13.719511985778809, 25.670732498168945, 0.0, -76.98821258544922, 0.15304629504680634, 0.0, 1465, 1460, 1427, 1574, 22.68470573425293, -0.9797353744506836, 0.0, -13.371672630310059, 21.911117553710938, -37.961219787597656, 0.0, -9.91790771484375, -47.879127502441406, -15.310611724853516, 0.0, -20.195575714111328, -35.506187438964844)
(-15.197673797607422, -7.467831611633301, 0.0, -12.0, -1.0, 0.0, -19.45121955871582, 16.707317352294922, 0.0, 19.18604278564453, 38.80699157714844, 0.0, 1369, 1512, 1522, 1526, -21.301822662353516, 58.6029167175293, 0.0, -25.38645362854004, 16.624834060668945, 23.182355880737305, 0.0, 1.5896633863449097, 24.77202033996582, 13.259804725646973, 0.0, -49.869564056396484, -36.60976028442383)
(-5.6421403884887695, -3.952609062194824, 0.0, -1.0, -1.0, 0.0, 45.975608825683594, 30.579267501831055, 0.0, 27.852842330932617, 17.715654373168945, 0.0, 1539, 1631, 1355, 1405, -12.160150527954102, -23.336320877075195, 0.0, -15.330362319946289, 18.552278518676758, -10.87366008758545, 0.0, 11.483559608459473, 0.6098996996879578, -7.718167781829834, 0.0, -28.0484619140625, -35.76662826538086)
(-0.9360314011573792, -0.12664365768432617, 0.0, -1.0, -1.0, 0.0, 23.932926177978516, 14.939023971557617, 0.0, -0.3838115930557251, -5.240138053894043, 0.0, 1480, 1550, 1404, 1496, -7.006610870361328, 74.93185424804688, 0.0, -10.18356704711914, 19.39114761352539, -14.590043067932129, 0.0, -0.8682361841201782, -15.45827865600586, -12.10749626159668, 0.0, -28.363300323486328, -40.47079849243164)
(-2.4356112480163574, 2.0910592079162598, 0.0, -1.0, -1.0, 0.0, -7.8353657722473145, 6.128048896789551, 0.0, 8.613667488098145, -18.546356201171875, 0.0, 1404, 1487, 1504, 1539, -13.883221626281738, 9.800090789794922, 0.0, -12.243624687194824, 19.899076461791992, 9.869420051574707, 0.0, -7.7261528968811035, 2.1432673931121826, -14.804642677307129, 0.0, -14.5150728225708, -29.31971549987793)
(0.5582373738288879, -0.2182028740644455, 0.0, -1.0, -1.0, 0.0, -10.762195587158203, 16.219512939453125, 0.0, -9.349424362182617, -4.69078254699707, 0.0, 1412, 1467, 1527, 1525, 1.9910743236541748, -37.593082427978516, 0.0, -12.16618537902832, 20.7071533203125, 0.8476627469062805, 0.0, 3.5669121742248535, 4.414575099945068, -12.54617691040039, 0.0, -0.604484498500824, -13.15066146850586)
(-1.3557777404785156, 2.88108491897583, 0.0, -15.0, -1.0, 0.0, -30.30487823486328, 24.725608825683594, 0.0, -81.8653335571289, -23.286510467529297, 0.0, 1379, 1485, 1446, 1620, 19.14388084411621, 2.5383739471435547, 0.0, -16.057035446166992, 21.11432647705078, -30.9362735748291, 0.0, 3.801567792892456, -27.13470458984375, -28.80727195739746, 0.0, -41.12062454223633, -69.92789459228516)
(-12.930732727050781, 0.061226945370435715, 0.0, -1.0, -1.0, 0.0, -8.079268455505371, 15.762195587158203, 0.0, 71.58439636230469, -6.367361545562744, 0.0, 1332, 1589, 1570, 1440, -20.423051834106445, 46.78797912597656, 0.0, -26.60840606689453, 20.865999221801758, 47.79819869995117, 0.0, 39.089378356933594, 86.8875732421875, -13.27773380279541, 0.0, -18.640727996826172, -31.918460845947266)
(0.9752883315086365, 1.0044718980789185, 0.0, -1.0, -1.0, 0.0, 81.15853881835938, -0.3353658616542816, 0.0, -11.851730346679688, -12.02683162689209, 0.0, 1663, 1604, 1267, 1391, 75.7288589477539, 11.110553741455078, 0.0, -10.022730827331543, 19.551822662353516, -55.80615997314453, 0.0, 0.14976519346237183, -55.656394958496094, -7.01487922668457, 0.0, -9.089093208312988, -16.103973388671875)
(-5.456302642822266, 5.723506450653076, 0.0, -1.0, 0.0, 0.0, -49.35975646972656, 1.4939024448394775, 0.0, 26.737815856933594, -34.34103775024414, 0.0, 1349, 1473, 1602, 1502, -2.093505382537842, -25.399799346923828, 0.0, -17.301849365234375, 23.600749969482422, 45.65854263305664, 0.0, 0.5741366744041443, 46.23268127441406, -21.500965118408203, 0.0, 15.675751686096191, -5.8252129554748535)
(-0.17999455332756042, 9.405171394348145, 0.0, -1.0, -1.0, 0.0, 35.79268264770508, 1.9817073345184326, 0.0, -4.920032501220703, -62.4310302734375, 0.0, 1424, 1525, 1430, 1551, -33.20512008666992, -45.001983642578125, 0.0, -11.658097267150879, 24.030780792236328, -24.427629470825195, 0.0, 9.34067153930664, -15.086957931518555, -38.647640228271484, 0.0, -16.838777542114258, -55.486419677734375)
(0.23770178854465485, 7.90324592590332, 0.0, -1.0, -1.0, 0.0, -30.975608825683594, 1.0060975551605225, 0.0, -7.426210880279541, -53.41947555541992, 0.0, 1331, 1505, 1552, 1538, -42.16902542114258, -8.107254028320312, 0.0, -14.702303886413574, 20.457304000854492, 14.129638671875, 0.0, 22.944520950317383, 37.074161529541016, -32.65534210205078, 0.0, -7.51530647277832, -40.170650482177734)
(1.3410711288452148, -0.8641887307167053, 0.0, -1.0, -1.0, 0.0, 18.719512939453125, 9.817072868347168, 0.0, -14.046426773071289, -0.8148676156997681, 0.0, 1472, 1514, 1449, 1491, -15.272407531738281, -21.594188690185547, 0.0, -13.546964645385742, 20.460506439208984, -19.659563064575195, 0.0, 9.72391414642334, -9.935648918151855, -6.379164695739746, 0.0, -14.273028373718262, -20.652193069458008)
(-0.06986699253320694, -0.7071014642715454, 0.0, -1.0, -1.0, 0.0, -1.1280487775802612, 11.40243911743164, 0.0, -5.580798149108887, -1.7573912143707275, 0.0, 1436, 1486, 1466, 1538, 31.30738067626953, 34.023834228515625, 0.0, -15.474710464477539, 20.336416244506836, -2.67164945602417, 0.0, -13.093713760375977, -15.765362739562988, -7.89589786529541, 0.0, -22.561119079589844, -30.457015991210938)
(-5.765102863311768, -2.2820091247558594, 0.0, -15.0, 0.0, 0.0, -30.030487060546875, -28.231706619262695, 0.0, -55.40938186645508, 13.692054748535156, 0.0, 1540, 1394, 1578, 1414, 1.6892027854919434, 5.004136085510254, 0.0, -18.933401107788086, 20.58260726928711, -15.227336883544922, 0.0, 9.797273635864258, -5.430063247680664, 25.154254913330078, 0.0, 52.27383804321289, 77.42809295654297)
(-11.884881973266602, 3.9257099628448486, 0.0, -1.0, -1.0, 0.0, 6.067073345184326, -25.579267501831055, 0.0, 65.30929565429688, -29.55426025390625, 0.0, 1499, 1563, 1533, 1330, -14.294891357421875, -6.930328845977783, 0.0, -24.6885929107666, 25.033063888549805, 35.54533386230469, 0.0, 21.13885498046875, 56.68418884277344, -2.384995698928833, 0.0, 37.29145431518555, 34.90645980834961)
(0.9875599145889282, 2.572664737701416, 0.0, -1.0, -1.0, 0.0, 63.29268264770508, -42.469512939453125, 0.0, -11.925359725952148, -21.435989379882812, 0.0, 1655, 1433, 1438, 1400, -8.654206275939941, 68.56112670898438, 0.0, -8.41298770904541, 23.676965713500977, -45.13082504272461, 0.0, -10.76766586303711, -55.89849090576172, 12.62011432647705, 0.0, 52.41559982299805, 65.03571319580078)
(-8.049769401550293, 6.612502098083496, 0.0, -1.0, -1.0, 0.0, -52.378047943115234, 54.725608825683594, 0.0, 42.298614501953125, -45.675010681152344, 0.0, 1211, 1536, 1502, 1677, -23.857187271118164, 32.468387603759766, 0.0, -20.610395431518555, 27.293127059936523, 56.805999755859375, 0.0, -29.628488540649414, 27.17751121520996, -60.24037170410156, 0.0, -64.67044067382812, -124.91081237792969)
(-6.337924957275391, 2.75227952003479, 0.0, -1.0, -1.0, 0.0, 6.493902206420898, 11.280488014221191, 0.0, 32.027549743652344, -22.5136775970459, 0.0, 1434, 1591, 1459, 1441, -31.493301391601562, 45.04220962524414, 0.0, -17.73036766052246, 24.191604614257812, 15.320188522338867, 0.0, 18.416149139404297, 33.73633575439453, -20.276500701904297, 0.0, -14.339909553527832, -34.61640930175781)
(-4.078942775726318, 3.8277854919433594, 0.0, 0.0, -1.0, 0.0, 14.207317352294922, 15.0, 0.0, 24.473655700683594, -28.966712951660156, 0.0, 1442, 1573, 1426, 1489, -8.533108711242676, -9.103538513183594, 0.0, -14.511621475219727, 23.244495391845703, 6.1598029136657715, 0.0, 0.6191481351852417, 6.778951168060303, -26.380027770996094, 0.0, -22.0852108001709, -48.46523666381836)
(-2.4245219230651855, 2.680691719055176, 0.0, -1.0, -1.0, 0.0, 2.22560977935791, 7.560975551605225, 0.0, 8.547131538391113, -22.084150314331055, 0.0, 1423, 1477, 1495, 1535, 25.463464736938477, 2.5062942504882812, 0.0, -14.770617485046387, 22.553186416625977, 3.7929129600524902, 0.0, -10.467794418334961, -6.6748809814453125, -17.78707504272461, 0.0, -5.606001377105713, -23.393077850341797)
(-3.970745086669922, 3.451496124267578, 0.0, -1.0, -1.0, 0.0, -1.1280487775802612, 16.432926177978516, 0.0, 17.82447052001953, -26.70897674560547, 0.0, 1397, 1507, 1467, 1555, 25.333209991455078, 42.87171936035156, 0.0, -18.830829620361328, 24.331384658813477, 11.371511459350586, 0.0, -15.674400329589844, -4.302889347076416, -25.885141372680664, 0.0, -23.483570098876953, -49.368709564208984)
(-2.285078763961792, 3.820638656616211, 0.0, -1.0, -1.0, 0.0, 0.060975611209869385, 23.932926177978516, 0.0, 7.710472583770752, -28.923831939697266, 0.0, 1417, 1555, 1436, 1518, 0.126883864402771, -15.013435363769531, 0.0, -17.69896697998047, 25.25470542907715, 4.589698314666748, 0.0, -0.35461193323135376, 4.235086441040039, -31.714054107666016, 0.0, -23.351051330566406, -55.06510543823242)
(-1.543674111366272, 5.094114303588867, 0.0, -1.0, -1.0, 0.0, 10.731707572937012, -17.012195587158203, 0.0, 3.262044668197632, -36.5646858215332, 0.0, 1490, 1480, 1489, 1471, 17.873050689697266, 30.31285858154297, 0.0, -15.6282320022583, 24.219951629638672, -4.481797695159912, 0.0, -3.891839027404785, -8.373636245727539, -11.731493949890137, 0.0, 18.771465301513672, 7.039971828460693)
(-2.1700525283813477, 4.760167598724365, 0.0, -1.0, -1.0, 0.0, -0.4878048896789551, 0.9756097793579102, 0.0, 7.020315170288086, -34.561004638671875, 0.0, 1100, 1100, 1100, 1100, 5.81845760345459, 16.575380325317383, 0.0, -16.75704002380371, 25.744041442871094, 4.504871845245361, 0.0, -11.505828857421875, -7.000957012176514, -21.32196807861328, 0.0, 3.5589094161987305, -17.763059616088867)
(-2.38388729095459, 5.509555816650391, 0.0, -1.0, -1.0, 0.0, 2.408536672592163, -15.731707572937012, 0.0, 8.303323745727539, -39.057334899902344, 0.0, 1000, 1000, 1000, 1000, -8.533867835998535, 6.273613929748535, 0.0, -17.13935661315918, 24.04175567626953, 3.536872148513794, 0.0, -4.039481163024902, -0.5026090741157532, -13.995375633239746, 0.0, 7.588668346405029, -6.406707763671875)
(-2.135037660598755, 1.9616057872772217, 0.0, -1.0, -1.0, 0.0, -0.6097561120986938, -2.5, 0.0, 6.810225963592529, -17.769634246826172, 0.0, 1000, 1000, 1000, 1000, -0.04057002067565918, 14.74884033203125, 0.0, -17.465574264526367, 23.2359619140625, 4.45198917388916, 0.0, -1.6132087707519531, 2.838780403137207, -9.16178035736084, 0.0, 3.626037359237671, -5.535743236541748)
(-2.321502208709717, -1.3792599439620972, 0.0, -1.0, -1.0, 0.0, -2.5304877758026123, -7.286585330963135, 0.0, 7.929013252258301, 2.275559663772583, 0.0, 1000, 1000, 1000, 1000, -4.514384746551514, 1.30232572555542, 0.0, -17.891035079956055, 21.795719146728516, 6.275700569152832, 0.0, 0.616020679473877, 6.891721248626709, 5.7372870445251465, 0.0, 1.9043126106262207, 7.641599655151367)
(-2.458406925201416, -4.1044464111328125, 0.0, -1.0, 0.0, 0.0, 0.8536585569381714, -1.0670732259750366, 0.0, 8.750441551208496, 24.626678466796875, 0.0, 1000, 1000, 1000, 1000, -3.8992934226989746, -11.066085815429688, 0.0, -17.657804489135742, 21.30776596069336, 4.738069534301758, 0.0, 1.2038261890411377, 5.941895961761475, 15.416251182556152, 0.0, 6.832319736480713, 22.248571395874023)
(-2.4720630645751953, -4.797102451324463, 0.0, -1.0, -1.0, 0.0, -1.7987804412841797, -1.3414634466171265, 0.0, 8.832378387451172, 22.782615661621094, 0.0, 1000, 1000, 1000, 1000, -3.528414726257324, -9.984301567077637, 0.0, -17.716188430786133, 21.755176544189453, 6.378695487976074, 0.0, 0.9644135236740112, 7.343108654022217, 14.474447250366211, 0.0, 4.9270920753479, 19.401538848876953)
(-3.7016375064849854, -5.815378189086914, 0.0, -1.0, -1.0, 0.0, 2.317073106765747, -1.097561001777649, 0.0, 16.20982551574707, 28.892269134521484, 0.0, 1000, 1000, 1000, 1000, -6.477996826171875, -2.2517952919006348, 0.0, -17.603839874267578, 21.435510635375977, 8.335651397705078, 0.0, 0.8744708299636841, 9.210122108459473, 17.993898391723633, 0.0, 0.05869772285223007, 18.052595138549805)
(-2.888929605484009, -6.709905624389648, 0.0, -1.0, -1.0, 0.0, -2.7439024448394775, 0.8231707215309143, 0.0, 11.333578109741211, 34.25943374633789, 0.0, 1000, 1000, 1000, 1000, -2.4792075157165527, -11.53256607055664, 0.0, -17.07305145263672, 21.44587516784668, 8.446488380432129, 0.0, 2.396588087081909, 10.843076705932617, 20.061758041381836, 0.0, 3.7094006538391113, 23.77115821838379)
(-4.105193138122559, -6.83335018157959, 0.0, -1.0, -1.0, 0.0, -1.4634146690368652, -2.7439024448394775, 0.0, 18.63115882873535, 35.000099182128906, 0.0, 1000, 1000, 1000, 1000, -4.179098606109619, -8.230731010437012, 0.0, -18.25613021850586, 21.476367950439453, 12.056744575500488, 0.0, -0.9556095600128174, 11.10113525390625, 22.64640235900879, 0.0, 1.316250205039978, 23.9626522064209)
(-3.247344732284546, -6.85537576675415, 0.0, -1.0, -1.0, 0.0, 1.2195122241973877, 2.378048896789551, 0.0, 13.484067916870117, 35.13225555419922, 0.0, 1000, 1000, 1000, 1000, -1.7200922966003418, -7.193694114685059, 0.0, -17.739368438720703, 21.716917037963867, 7.358733654022217, 0.0, -3.169877052307129, 4.188856601715088, 19.652524948120117, 0.0, -1.9499516487121582, 17.702573776245117)
(-2.618802070617676, -6.07755184173584, 0.0, -1.0, -1.0, 0.0, -0.9146341681480408, 1.2804877758026123, 0.0, 9.712812423706055, 30.46531105041504, 0.0, 1000, 1000, 1000, 1000, -2.245995044708252, -5.1243109703063965, 0.0, -17.86863136291504, 22.452438354492188, 6.376467704772949, 0.0, -0.5485405325889587, 5.827927112579346, 17.510894775390625, 0.0, 0.11453267186880112, 17.62542724609375)
(-2.4044039249420166, -5.982847690582275, 0.0, -1.0, -1.0, 0.0, 0.3353658616542816, -0.09146341681480408, 0.0, 8.426424026489258, 29.89708709716797, 0.0, 1000, 1000, 1000, 1000, -1.5809388160705566, -6.382430076599121, 0.0, -17.970460891723633, 22.36250114440918, 4.854634761810303, 0.0, -0.7179043292999268, 4.136730194091797, 17.99312973022461, 0.0, -0.196573406457901, 17.79655647277832)
(-1.4350019693374634, -6.330428600311279, 0.0, -1.0, -1.0, 0.0, 0.6402438879013062, -0.7012194991111755, 0.0, 2.6100118160247803, 31.98257064819336, 0.0, 1000, 1000, 1000, 1000, -1.311314582824707, -6.685909271240234, 0.0, -17.314664840698242, 22.342683792114258, 1.1818608045578003, 0.0, 1.7424739599227905, 2.924334764480591, 19.610273361206055, 0.0, 0.926615297794342, 20.536888122558594)
(-3.429821729660034, -6.319218158721924, 0.0, -1.0, 0.0, 0.0, -6.158536434173584, 1.1890244483947754, 0.0, 14.578929901123047, 37.91530990600586, 0.0, 1000, 1000, 1000, 1000, -5.435065269470215, -6.125309944152832, 0.0, -18.654457092285156, 22.569509506225586, 12.442480087280273, 0.0, 1.7156375646591187, 14.158117294311523, 22.035770416259766, 0.0, 1.5770814418792725, 23.612852096557617)
(-3.565220355987549, -6.375552177429199, 0.0, -1.0, -1.0, 0.0, 2.5, -1.402438998222351, 0.0, 15.391322135925293, 32.25331115722656, 0.0, 1000, 1000, 1000, 1000, -2.8095126152038574, -6.003391742706299, 0.0, -18.751562118530273, 22.639934539794922, 7.734793186187744, 0.0, -1.0573927164077759, 6.677400588989258, 20.193450927734375, 0.0, 1.9282329082489014, 22.12168312072754)
(-3.9642608165740967, -7.407135963439941, 0.0, -1.0, -1.0, 0.0, -6.5853657722473145, -0.18292683362960815, 0.0, 17.785564422607422, 38.44281768798828, 0.0, 1000, 1000, 1000, 1000, -5.2541608810424805, -7.9422736167907715, 0.0, -19.333120346069336, 22.200912475585938, 14.622557640075684, 0.0, 2.8290975093841553, 17.451656341552734, 23.175445556640625, 0.0, 0.4477671682834625, 23.623212814331055)
(-5.400097846984863, -7.882510185241699, 0.0, -1.0, -1.0, 0.0, 0.24390244483947754, -1.9817073345184326, 0.0, 26.40058708190918, 41.29505920410156, 0.0, 1000, 1000, 1000, 1000, -6.115581512451172, -8.397346496582031, 0.0, -19.918176651000977, 22.145118713378906, 15.694010734558105, 0.0, 0.35623496770858765, 16.05024528503418, 25.966060638427734, 0.0, 0.7973757982254028, 26.763437271118164)
(-3.8864645957946777, -7.842118263244629, 0.0, -1.0, -1.0, 0.0, -4.146341323852539, -0.396341472864151, 0.0, 17.31878662109375, 41.052711486816406, 0.0, 1000, 1000, 1000, 1000, 1.1406468152999878, -5.616128921508789, 0.0, -20.27716827392578, 22.135971069335938, 12.879076957702637, 0.0, -0.28278493881225586, 12.596291542053223, 24.86943244934082, 0.0, -0.7301976084709167, 24.13923454284668)
(-5.8679280281066895, -7.6772074699401855, 0.0, -1.0, -1.0, 0.0, 3.0182926654815674, -14.085366249084473, 0.0, 29.207569122314453, 40.0632438659668, 0.0, 1000, 1000, 1000, 1000, -16.079286575317383, -6.11036491394043, 0.0, -20.703079223632812, 22.652742385864258, 15.713565826416016, 0.0, -2.016068696975708, 13.69749641418457, 32.489166259765625, 0.0, 9.365374565124512, 41.85454177856445)
(-8.581100463867188, -13.909707069396973, 0.0, -1.0, -1.0, 0.0, 3.75, -0.396341472864151, 0.0, 45.486602783203125, 77.45824432373047, 0.0, 1000, 1000, 1000, 1000, -11.091010093688965, -17.594593048095703, 0.0, -20.128082275390625, 19.748626708984375, 25.041961669921875, 0.0, -0.04251284524798393, 24.999448776245117, 46.71274948120117, 0.0, -2.490170955657959, 44.22257995605469)
(-9.019835472106934, -13.28566837310791, 0.0, -1.0, -1.0, 0.0, -18.475608825683594, 5.97560977935791, 0.0, 48.11901092529297, 73.7140121459961, 0.0, 1000, 1000, 1000, 1000, -5.65720272064209, -14.86209487915039, 0.0, -21.960094451904297, 20.984455108642578, 39.95677185058594, 0.0, 5.464273452758789, 45.42104721069336, 40.643043518066406, 0.0, -0.9353976249694824, 39.707645416259766)
(-11.373892784118652, -17.192138671875, 0.0, -1.0, -1.0, 0.0, -2.8353657722473145, -22.439023971557617, 0.0, 62.24335479736328, 97.15283203125, 0.0, 1000, 1000, 1000, 1000, -9.460657119750977, -26.27399444580078, 0.0, -25.405519485473633, 19.754730224609375, 39.04723358154297, 0.0, -5.9533891677856445, 33.093841552734375, 71.75511169433594, 0.0, 15.153499603271484, 86.90861511230469)
(-12.637957572937012, -13.724215507507324, 0.0, -1.0, -1.0, 0.0, 9.268292427062988, 2.8353657722473145, 0.0, 69.82774353027344, 76.34529113769531, 0.0, 1000, 1000, 1000, 1000, -27.250743865966797, 1.3951168060302734, 0.0, -22.003997802734375, 20.016016006469727, 36.335670471191406, 0.0, 11.211159706115723, 47.54682922363281, 44.10595703125, 0.0, -7.537245273590088, 36.56871032714844)
(-13.113096237182617, -17.81275177001953, 0.0, -1.0, -1.0, 0.0, 43.84146499633789, 23.871952056884766, 0.0, 72.67857360839844, 100.87651062011719, 0.0, 1000, 1000, 1000, 1000, -0.3660242557525635, -13.796277046203613, 0.0, -21.343175888061523, 17.394065856933594, 17.302265167236328, 0.0, -38.60667419433594, -21.304407119750977, 46.202735900878906, 0.0, -28.908803939819336, 17.293933868408203)
(-6.862938404083252, -17.93037986755371, 0.0, -1.0, -1.0, 0.0, 7.1646342277526855, -8.170731544494629, 0.0, 35.17763137817383, 101.582275390625, 0.0, 1000, 1000, 1000, 1000, -3.23836088180542, -18.193862915039062, 0.0, -17.68403434753418, 17.70762825012207, 16.807798385620117, 0.0, -0.2791843116283417, 16.528614044189453, 65.851806640625, 0.0, 12.875868797302246, 78.72767639160156)
(-2.639068841934204, -18.725915908813477, 0.0, -1.0, -1.0, 0.0, 2.0426828861236572, -1.0060975551605225, 0.0, 9.834413528442383, 106.35549926757812, 0.0, 1000, 1000, 1000, 1000, -2.9588913917541504, -9.518951416015625, 0.0, -17.64348602294922, 18.982175827026367, 4.6750383377075195, 0.0, -3.934394598007202, 0.7406439781188965, 64.41695404052734, 0.0, -0.21065253019332886, 64.20630645751953)
(-1.5802959203720093, -17.723735809326172, 0.0, -1.0, -1.0, 0.0, -0.8841463327407837, 10.304878234863281, 0.0, 3.4817755222320557, 100.34241485595703, 0.0, 1000, 1000, 1000, 1000, -0.3744826316833496, -12.438998222351074, 0.0, -17.6959285736084, 20.26373291015625, 2.6195530891418457, 0.0, -0.2530078589916229, 2.3665452003479004, 54.02252197265625, 0.0, -4.044302463531494, 49.97821807861328)
(-1.1419342756271362, -13.811710357666016, 0.0, 0.0, -1.0, 0.0, -3.7804877758026123, -1.9817073345184326, 0.0, 6.851605415344238, 76.8702621459961, 0.0, 1000, 1000, 1000, 1000, 1.4259450435638428, -1.7627513408660889, 0.0, -17.528249740600586, 22.899097442626953, 6.379256248474121, 0.0, 7.319006443023682, 13.698262214660645, 47.311180114746094, 0.0, 0.6686298847198486, 47.97980880737305)
(-0.9330233335494995, -12.35229778289795, 0.0, -1.0, -1.0, 0.0, -3.75, -0.9451219439506531, 0.0, -0.40185999870300293, 68.11378479003906, 0.0, 1000, 1000, 1000, 1000, 2.468839406967163, 3.1326770782470703, 0.0, -17.581600189208984, 23.482938766479492, 2.0088839530944824, 0.0, 3.0936455726623535, 5.102529525756836, 41.43534469604492, 0.0, 13.073896408081055, 54.509239196777344)
(-0.4455302357673645, -10.906208992004395, 0.0, -1.0, -1.0, 0.0, 0.0, 1.5548779964447021, 0.0, -3.3268184661865234, 59.437255859375, 0.0, 1000, 1000, 1000, 1000, -1.8077831268310547, -7.675156116485596, 0.0, -17.508277893066406, 23.778976440429688, -1.9960911273956299, 0.0, 0.9626347422599792, -1.0334563255310059, 34.729427337646484, 0.0, -0.7387115955352783, 33.99071502685547)
(-0.08672555536031723, -9.208426475524902, 0.0, -1.0, -1.0, 0.0, 1.7987804412841797, 3.9024391174316406, 0.0, -5.479646682739258, 49.25055694580078, 0.0, 1000, 1000, 1000, 1000, 2.6129696369171143, -3.5696163177490234, 0.0, -17.068344116210938, 24.723337173461914, -4.367056369781494, 0.0, 0.6020583510398865, -3.764997959136963, 27.20886993408203, 0.0, 0.27746665477752686, 27.486337661743164)
(0.22013503313064575, -8.220242500305176, 0.0, -1.0, -1.0, 0.0, 0.21341463923454285, 1.0670732259750366, 0.0, -7.320810317993164, 43.32145690917969, 0.0, 1000, 1000, 1000, 1000, 0.9535839557647705, -6.63800048828125, 0.0, -17.18282127380371, 24.786447525024414, -4.520534992218018, 0.0, -0.4370461404323578, -4.957581043243408, 25.352630615234375, 0.0, -1.0102323293685913, 24.342397689819336)
(0.34388768672943115, -7.786632537841797, 0.0, -1.0, -1.0, 0.0, -0.060975611209869385, 0.3048780560493469, 0.0, -8.063325881958008, 40.71979522705078, 0.0, 1000, 1000, 1000, 1000, 0.13384747505187988, -6.866152763366699, 0.0, -17.256450653076172, 24.890409469604492, -4.801409721374512, 0.0, -3.857288122177124, -8.658698081970215, 24.248950958251953, 0.0, -0.19349023699760437, 24.05545997619629)
(0.40878719091415405, -7.599348545074463, 0.0, -1.0, -1.0, 0.0, -0.09146341681480408, 0.3353658616542816, 0.0, -8.452723503112793, 39.596092224121094, 0.0, 1000, 1000, 1000, 1000, 0.5381976366043091, -7.589208126068115, 0.0, -17.313617706298828, 25.02029037475586, -5.016756057739258, 0.0, -0.16679932177066803, -5.183555603027344, 23.55643653869629, 0.0, 0.060944825410842896, 23.617380142211914)
(0.46896371245384216, -7.4619035720825195, 0.0, -1.0, -1.0, 0.0, -0.6402438879013062, 0.6402438879013062, 0.0, -8.813782691955566, 38.77142333984375, 0.0, 1000, 1000, 1000, 1000, 0.006147503852844238, -8.355239868164062, 0.0, -17.3717041015625, 25.167705535888672, -4.904123306274414, 0.0, 0.23557068407535553, -4.668552875518799, 22.878707885742188, 0.0, -0.18205349147319794, 22.6966552734375)
(0.4111257791519165, -7.417740345001221, 0.0, -1.0, -1.0, 0.0, -0.030487805604934692, 1.25, 0.0, -8.466754913330078, 38.50644302368164, 0.0, 1000, 1000, 1000, 1000, -0.15564417839050293, -8.196147918701172, 0.0, -17.419422149658203, 25.2835636138916, -5.061759948730469, 0.0, 0.3083547055721283, -4.753405570983887, 22.353866577148438, 0.0, -1.2110580205917358, 21.142807006835938)
(0.39210638403892517, -7.477919578552246, 0.0, -1.0, 0.0, 0.0, -0.21341463923454285, 1.585365891456604, 0.0, -8.352638244628906, 44.867515563964844, 0.0, 1000, 1000, 1000, 1000, -0.13170528411865234, -6.200771808624268, 0.0, -17.503572463989258, 25.4146671295166, -4.8835344314575195, 0.0, 0.1400018185377121, -4.743532657623291, 25.969289779663086, 0.0, 2.462568521499634, 28.43185806274414)
(0.3939197063446045, -7.441885471343994, 0.0, -1.0, -1.0, 0.0, -0.4268292784690857, 0.3353658616542816, 0.0, -8.363517761230469, 38.65131378173828, 0.0, 1000, 1000, 1000, 1000, 0.79079270362854, -7.630754470825195, 0.0, -17.56911849975586, 25.540122985839844, -4.762012958526611, 0.0, -0.05371960625052452, -4.815732479095459, 22.98956871032715, 0.0, 0.2036956250667572, 23.19326400756836)
(0.3689124286174774, -7.370319843292236, 0.0, -1.0, -1.0, 0.0, -0.18292683362960815, 0.5487805008888245, 0.0, -8.21347427368164, 38.221920013427734, 0.0, 1000, 1000, 1000, 1000, 0.5256359577178955, -8.132336616516113, 0.0, -17.6050968170166, 25.681896209716797, -4.818328380584717, 0.0, 0.06901330500841141, -4.749314785003662, 22.6038818359375, 0.0, -0.02941354364156723, 22.5744686126709)
(0.3836640417575836, -7.337478160858154, 0.0, -1.0, -1.0, 0.0, -0.030487805604934692, 0.7317073345184326, 0.0, -8.301983833312988, 38.02486801147461, 0.0, 1000, 1000, 1000, 1000, 0.9694072008132935, -7.430951118469238, 0.0, -17.65311622619629, 25.82671356201172, -4.962897300720215, 0.0, -0.16423720121383667, -5.127134799957275, 22.375896453857422, 0.0, -0.1517152339220047, 22.224180221557617)
(0.38548988103866577, -7.320077419281006, 0.0, -1.0, -1.0, 0.0, -0.12195122241973877, 0.6707317233085632, 0.0, -8.312939643859863, 37.92046356201172, 0.0, 1000, 1000, 1000, 1000, 0.795730710029602, -7.271770477294922, 0.0, -17.705720901489258, 25.959035873413086, -4.91459321975708, 0.0, -0.12578614056110382, -5.040379047393799, 22.34984016418457, 0.0, -0.01815408281981945, 22.33168601989746)
(0.3694860339164734, -7.342508316040039, 0.0, -1.0, 0.0, 0.0, -0.3048780560493469, 0.27439025044441223, 0.0, -8.21691608428955, 44.055049896240234, 0.0, 1000, 1000, 1000, 1000, 0.11882948875427246, -7.731274604797363, 0.0, -17.748247146606445, 26.060876846313477, -4.747222900390625, 0.0, 0.3573070168495178, -4.389915466308594, 26.268394470214844, 0.0, 0.735166072845459, 27.00356101989746)
(0.47460368275642395, -7.251327991485596, 0.0, -1.0, -1.0, 0.0, -0.21341463923454285, -0.7012194991111755, 0.0, -8.84762191772461, 37.50796890258789, 0.0, 1000, 1000, 1000, 1000, 0.9328038692474365, -7.53327751159668, 0.0, -17.77766990661621, 26.220630645751953, -5.180524826049805, 0.0, 0.11806982010602951, -5.062454700469971, 22.925512313842773, 0.0, 1.496981143951416, 24.42249298095703)
(0.4165380001068115, -7.349225997924805, 0.0, -1.0, -1.0, 0.0, 0.12195122241973877, 0.4878048896789551, 0.0, -8.499227523803711, 38.09535598754883, 0.0, 1000, 1000, 1000, 1000, 0.7318242788314819, -7.36876106262207, 0.0, -17.84916114807129, 26.341815948486328, -5.1727070808410645, 0.0, -0.31280577182769775, -5.485512733459473, 22.564531326293945, 0.0, 0.14733602106571198, 22.71186637878418)
(0.4343803822994232, -7.37011194229126, 0.0, -1.0, -1.0, 0.0, -0.27439025044441223, 0.6097561120986938, 0.0, -8.606282234191895, 38.220672607421875, 0.0, 1000, 1000, 1000, 1000, 0.25799286365509033, -8.041831016540527, 0.0, -17.896259307861328, 26.47734832763672, -4.9991350173950195, 0.0, 0.1033414825797081, -4.895793914794922, 22.56654930114746, 0.0, -0.039805784821510315, 22.526744842529297)
(0.4426480829715729, -7.357762336730957, 0.0, -1.0, -1.0, 0.0, -0.21341463923454285, 0.5487805008888245, 0.0, -8.655888557434082, 38.146575927734375, 0.0, 1000, 1000, 1000, 1000, 0.2742513418197632, -7.061868190765381, 0.0, -17.945194244384766, 26.607690811157227, -5.065484523773193, 0.0, -0.015019400976598263, -5.080503940582275, 22.55867576599121, 0.0, -0.026625029742717743, 22.53205108642578)
(0.4279499351978302, -7.3620991706848145, 0.0, 0.0, -1.0, 0.0, -0.27439025044441223, 0.5792682766914368, 0.0, -2.567699670791626, 38.1725959777832, 0.0, 1000, 1000, 1000, 1000, 0.11810147762298584, -7.580430030822754, 0.0, -18.00037384033203, 26.73377227783203, -1.3759856224060059, 0.0, 1.1424975395202637, -0.23348818719387054, 22.55599594116211, 0.0, -1.091353178024292, 21.464643478393555)
(0.4147982895374298, -7.357006549835205, 0.0, -1.0, -1.0, 0.0, -0.24390244483947754, 0.5792682766914368, 0.0, -8.488789558410645, 38.14204025268555, 0.0, 1000, 1000, 1000, 1000, 0.3305666446685791, -7.573572158813477, 0.0, -18.048080444335938, 26.86122703552246, -4.946932315826416, 0.0, 0.030194519087672234, -4.916738033294678, 22.537662506103516, 0.0, -0.009031524881720543, 22.52863121032715)
(0.3989870548248291, -7.338860034942627, 0.0, -1.0, -1.0, 0.0, -0.24390244483947754, 0.5487805008888245, 0.0, -8.393922805786133, 38.03316116333008, 0.0, 1000, 1000, 1000, 1000, 0.12555336952209473, -7.392854690551758, 0.0, -18.094575881958008, 26.99477195739746, -4.890012264251709, 0.0, 0.1499796062707901, -4.74003267288208, 22.49062728881836, 0.0, 0.022557251155376434, 22.51318359375)
(0.45461127161979675, -7.307441234588623, 0.0, -1.0, -1.0, 0.0, -0.3353658616542816, 0.3353658616542816, 0.0, -8.727667808532715, 37.84464645385742, 0.0, 1000, 1000, 1000, 1000, 1.5293391942977905, -7.505899429321289, 0.0, -18.129179000854492, 27.124042510986328, -5.035380840301514, 0.0, 0.18251346051692963, -4.852867603302002, 22.505569458007812, 0.0, 0.13596636056900024, 22.64153480529785)
(0.42995408177375793, -7.341626167297363, 0.0, -1.0, -1.0, 0.0, -0.12195122241973877, 0.4268292784690857, 0.0, -8.579724311828613, 38.04975891113281, 0.0, 1000, 1000, 1000, 1000, 0.61066734790802, -7.641935348510742, 0.0, -18.19808006286621, 27.252256393432617, -5.074664115905762, 0.0, -0.17845405638217926, -5.25311803817749, 22.57375717163086, 0.0, 0.08336792141199112, 22.65712547302246)
(0.4167807400226593, -7.412544250488281, 0.0, -1.0, -1.0, 0.0, -0.060975611209869385, 0.27439025044441223, 0.0, -8.50068473815918, 38.47526550292969, 0.0, 1000, 1000, 1000, 1000, -0.254666805267334, -7.940738677978516, 0.0, -18.252342224121094, 27.34296417236328, -5.0638251304626465, 0.0, -5.138415336608887, -10.202240943908691, 22.92052459716797, 0.0, -0.16837924718856812, 22.752145767211914)
(0.4373250901699066, -7.4364447593688965, 0.0, -1.0, -1.0, 0.0, -0.18292683362960815, 0.5792682766914368, 0.0, -8.623950958251953, 38.61866760253906, 0.0, 1000, 1000, 1000, 1000, 0.2105036973953247, -7.202641487121582, 0.0, -18.300518035888672, 27.47726821899414, -5.064614295959473, 0.0, -0.035175032913684845, -5.099789142608643, 22.823638916015625, 0.0, -0.03383108600974083, 22.78980827331543)
(0.46118491888046265, -7.432186603546143, 0.0, -1.0, -1.0, 0.0, -0.15243902802467346, 0.4878048896789551, 0.0, -8.767109870910645, 38.59312057495117, 0.0, 1000, 1000, 1000, 1000, 0.9091520309448242, -7.53574275970459, 0.0, -18.344728469848633, 27.613405227661133, -5.168802261352539, 0.0, -0.12052174657583237, -5.2893242835998535, 22.863189697265625, 0.0, 0.08749798685312271, 22.950687408447266)
(0.4547896385192871, -7.468660354614258, 0.0, -1.0, -1.0, 0.0, -0.3048780560493469, 0.5182926654815674, 0.0, -8.728737831115723, 38.81196212768555, 0.0, 1000, 1000, 1000, 1000, 0.5532498359680176, -7.437107086181641, 0.0, -18.396100997924805, 27.745418548583984, -5.054315567016602, 0.0, 0.09662893414497375, -4.957686901092529, 22.9762020111084, 0.0, 0.05752386525273323, 23.03372573852539)
(0.46726328134536743, -7.449580192565918, 0.0, -1.0, -1.0, 0.0, -0.27439025044441223, 0.4878048896789551, 0.0, -8.803579330444336, 38.697479248046875, 0.0, 1000, 1000, 1000, 1000, 0.7163692712783813, -7.537315368652344, 0.0, -18.439697265625, 27.884292602539062, -5.117513656616211, 0.0, 0.06547615677118301, -5.052037239074707, 22.925804138183594, 0.0, 0.019452514126896858, 22.94525718688965)
(0.44611990451812744, -7.447451591491699, 0.0, -1.0, -1.0, 0.0, -0.3048780560493469, 0.5792682766914368, 0.0, -8.676719665527344, 38.68470764160156, 0.0, 1000, 1000, 1000, 1000, 0.7298681735992432, -7.785977363586426, 0.0, -18.496400833129883, 28.01006317138672, -5.023104667663574, 0.0, -3.0018486976623535, -8.024953842163086, 22.863262176513672, 0.0, -0.1901794821023941, 22.673084259033203)
(0.4838227927684784, -7.448025703430176, 0.0, -1.0, -1.0, 0.0, -0.15243902802467346, 0.5182926654815674, 0.0, -8.902936935424805, 38.68815612792969, 0.0, 1000, 1000, 1000, 1000, 0.15707576274871826, -7.787851333618164, 0.0, -18.54867935180664, 28.146955490112305, -5.250298500061035, 0.0, -0.0305826123803854, -5.280881404876709, 22.901918411254883, 0.0, 0.10616473108530045, 23.00808334350586)
(0.45857271552085876, -7.45568323135376, 0.0, -1.0, -1.0, 0.0, -0.3048780560493469, 0.5487805008888245, 0.0, -8.751436233520508, 38.734100341796875, 0.0, 1000, 1000, 1000, 1000, 0.6067150831222534, -7.419589996337891, 0.0, -18.603097915649414, 28.27393913269043, -5.067934989929199, 0.0, 0.06514795869588852, -5.002786636352539, 22.911190032958984, 0.0, -0.05770593136548996, 22.853485107421875)
(0.46246537566185, -7.435011386871338, 0.0, -1.0, -1.0, 0.0, -0.3048780560493469, 0.5487805008888245, 0.0, -8.774792671203613, 38.610069274902344, 0.0, 1000, 1000, 1000, 1000, 0.4732780456542969, -8.20741081237793, 0.0, -18.65308952331543, 28.412504196166992, -5.081948757171631, 0.0, 0.11438055336475372, -4.9675679206848145, 22.836772918701172, 0.0, -0.014469604939222336, 22.822301864624023)
(0.42159971594810486, -7.431337833404541, 0.0, -1.0, -1.0, 0.0, -0.21341463923454285, 0.4573170840740204, 0.0, -8.529598236083984, 38.58802795410156, 0.0, 1000, 1000, 1000, 1000, 0.43868470191955566, -7.783291816711426, 0.0, -18.706743240356445, 28.544227600097656, -4.989710330963135, 0.0, 0.056054145097732544, -4.933656215667725, 22.87842559814453, 0.0, 0.11347140371799469, 22.991897583007812)
(0.42975154519081116, -7.437097549438477, 0.0, -1.0, -1.0, 0.0, -0.24390244483947754, 0.4573170840740204, 0.0, -8.578509330749512, 38.62258529663086, 0.0, 1000, 1000, 1000, 1000, 0.20843958854675293, -7.444760322570801, 0.0, -18.755216598510742, 28.67913818359375, -5.0007643699646, 0.0, -0.8551476001739502, -5.855911731719971, 22.899160385131836, 0.0, 0.052900299429893494, 22.95206069946289)
(0.4545038044452667, -7.469011306762695, 0.0, -1.0, -1.0, 0.0, -0.15243902802467346, 0.5487805008888245, 0.0, -8.727023124694824, 38.81406784057617, 0.0, 1000, 1000, 1000, 1000, 0.6529821157455444, -7.58873176574707, 0.0, -18.80902671813965, 28.80781364440918, -5.144750595092773, 0.0, -0.1852540522813797, -5.330004692077637, 22.959171295166016, 0.0, -0.013755706138908863, 22.945415496826172)
(0.43887224793434143, -7.471679210662842, 0.0, -1.0, -1.0, 0.0, -0.15243902802467346, 0.5792682766914368, 0.0, -8.633233070373535, 38.830074310302734, 0.0, 1000, 1000, 1000, 1000, 0.1936091184616089, -7.786765098571777, 0.0, -18.85719871520996, 28.943191528320312, -5.088476181030273, 0.0, -0.08315709978342056, -5.171633243560791, 22.950483322143555, 0.0, -0.054950956255197525, 22.895532608032227)
(0.42042359709739685, -7.468259811401367, 0.0, -1.0, -1.0, 0.0, 0.0, 0.8231707215309143, 0.0, -8.522541999816895, 38.8095588684082, 0.0, 1000, 1000, 1000, 1000, 0.6483891010284424, -7.947233200073242, 0.0, -18.904144287109375, 29.07964515686035, -5.113525390625, 0.0, -0.1790553629398346, -5.292580604553223, 22.791833877563477, 0.0, -0.21878330409526825, 22.573049545288086)
(0.4273515045642853, -7.424797534942627, 0.0, -1.0, 0.0, 0.0, -0.21341463923454285, 0.6402438879013062, 0.0, -8.564108848571777, 44.54878616333008, 0.0, 1000, 1000, 1000, 1000, 0.3364146947860718, -7.480400085449219, 0.0, -18.954891204833984, 29.227821350097656, -5.0104169845581055, 0.0, 0.06324702501296997, -4.947169780731201, 26.345125198364258, 0.0, 7.497171401977539, 33.8422966003418)