
(-7.176909446716309, -6.767912864685059, 0.0, 0.0, 0.0, 0.0, -0.18292683362960815, 0.7012194991111755, 0.0, 28.707637786865234, 27.071651458740234, 0.0, 1000, 1000, 1000, 1000, -7.176909446716309, -6.767912864685059, 0.0, -0.0009146341471932828, 0.003506097476929426, 0.0, 0.0, 21.771928787231445, 21.771928787231445, 0.0, 0.0, 19.872756958007812, 19.872756958007812)
(-7.103617191314697, -6.185295581817627, 0.0, -1.0, -1.0, 0.0, -0.18292683362960815, 0.792682945728302, 0.0, 24.41446876525879, 20.741182327270508, 0.0, 1000, 1000, 1000, 1000, -7.003871917724609, -5.771206855773926, 0.0, -0.048475611954927444, 0.14588408172130585, 0.0, 0.0, 17.443904876708984, 17.443904876708984, 0.0, 0.0, 14.132414817810059, 14.132414817810059)
(-6.972650051116943, -5.712501049041748, 0.0, -1.0, -1.0, 0.0, -1.2195122241973877, 0.5182926654815674, 0.0, 23.890600204467773, 18.850004196166992, 0.0, 1000, 1000, 1000, 1000, -8.321878433227539, -7.320763111114502, 0.0, -0.009451216086745262, 0.3650912642478943, 0.0, 0.0, 17.84532928466797, 17.84532928466797, 0.0, 0.0, 12.939640045166016, 12.939640045166016)
(-6.904345989227295, -5.513882637023926, 0.0, -1.0, 0.0, 0.0, -0.792682945728302, 0.18292683362960815, 0.0, 23.61738395690918, 22.055530548095703, 0.0, 1000, 1000, 1000, 1000, -6.647077560424805, -5.287145137786865, 0.0, -0.10457316786050797, 0.46844482421875, 0.0, 0.0, 17.31279182434082, 17.31279182434082, 0.0, 0.0, 15.517241477966309, 15.517241477966309)
(-7.0319318771362305, -5.496384620666504, 0.0, -1.0, -1.0, 0.0, -1.8597561120986938, -1.0060975551605225, 0.0, 24.127727508544922, 17.985538482666016, 0.0, 1000, 1000, 1000, 1000, -6.333731651306152, -2.407777786254883, 0.0, -0.3327743113040924, 0.38658514618873596, 0.0, 0.0, 18.42746925354004, 18.42746925354004, 0.0, 0.0, 13.458683967590332, 13.458683967590332)
(-7.044732093811035, -5.37642240524292, 0.0, -1.0, -1.0, 0.0, 5.884146213531494, 11.737804412841797, 0.0, 24.17892837524414, 17.50568962097168, 0.0, 1000, 1000, 1000, 1000, -12.556144714355469, -5.937089920043945, 0.0, -0.4117376506328583, 0.632164478302002, 0.0, 0.0, 12.844298362731934, 12.844298362731934, 0.0, 0.0, 4.179615497589111, 4.179615497589111)
(-7.504292964935303, -6.432555675506592, 0.0, -1.0, -1.0, 0.0, -1.0060975551605225, 3.1097559928894043, 0.0, 26.01717185974121, 21.730222702026367, 0.0, 1000, 1000, 1000, 1000, -7.210630416870117, -10.681944847106934, 0.0, -0.5823168754577637, 0.2986278831958771, 0.0, 0.0, 19.148277282714844, 19.148277282714844, 0.0, 0.0, 13.170853614807129, 13.170853614807129)
(-7.459352016448975, -8.330442428588867, 0.0, -1.0, -1.0, 0.0, -0.5182926654815674, 2.5, 0.0, 25.8374080657959, 29.32176971435547, 0.0, 1000, 1000, 1000, 1000, -8.520458221435547, -11.531671524047852, 0.0, -0.6314022541046143, -0.4518294334411621, 0.0, 0.0, 18.675722122192383, 18.675722122192383, 0.0, 0.0, 19.001039505004883, 19.001039505004883)
(-7.575297832489014, -13.106359481811523, 0.0, -1.0, -1.0, 0.0, 1.0365853309631348, -5.9146342277526855, 0.0, 26.301191329956055, 48.425437927246094, 0.0, 1000, 1000, 1000, 1000, -4.989035606384277, -23.079883575439453, 0.0, -0.4283536374568939, -3.796494722366333, 0.0, 0.0, 17.891807556152344, 17.891807556152344, 0.0, 0.0, 38.46102523803711, 38.46102523803711)
(-7.077704429626465, -12.928571701049805, 0.0, -1.0, -1.0, 0.0, -0.4268292784690857, 12.835366249084473, 0.0, 24.31081771850586, 47.71428680419922, 0.0, 1000, 1000, 1000, 1000, -5.630239009857178, -9.242462158203125, 0.0, -0.5545732975006104, -1.0047268867492676, 0.0, 0.0, 17.540924072265625, 17.540924072265625, 0.0, 0.0, 24.785526275634766, 26.204614639282227)
(-7.0732421875, -15.947196960449219, 0.0, -1.0, -1.0, 0.0, 0.27439025044441223, -6.829268455505371, 0.0, 24.29296875, 59.788787841796875, 0.0, 1000, 1000, 1000, 1000, -4.431110858917236, -21.269786834716797, 0.0, -0.28414660692214966, -4.355184555053711, 0.0, 0.0, 17.01288414001465, 17.01288414001465, 0.0, 0.0, 47.21033477783203, 47.21033477783203)
(-6.612223148345947, -17.971750259399414, 0.0, -1.0, -1.0, 0.0, -0.5182926654815674, -5.579268455505371, 0.0, 22.44889259338379, 67.88700103759766, 0.0, 1000, 1000, 1000, 1000, -9.47815227508545, -25.851442337036133, 0.0, -0.2978661060333252, -4.785977363586426, 0.0, 0.0, 16.310401916503906, 16.310401916503906, 0.0, 0.0, 52.08363723754883, 52.08363723754883)
(-6.737276554107666, -19.199045181274414, 0.0, 0.0, -1.0, 0.0, -0.7317073345184326, 9.542682647705078, 0.0, 26.949106216430664, 72.79618072509766, 0.0, 1000, 1000, 1000, 1000, -3.1725010871887207, -29.273509979248047, 0.0, -0.33643314242362976, -4.839788436889648, 0.0, 0.0, 19.631025314331055, 19.631025314331055, 0.0, 0.0, 44.647552490234375, 44.647552490234375)
(-6.34763765335083, -17.012523651123047, 0.0, -1.0, -1.0, 0.0, -1.4634146690368652, 4.0853657722473145, 0.0, 21.39055061340332, 64.05009460449219, 0.0, 1000, 1000, 1000, 1000, -9.194835662841797, -11.343315124511719, 0.0, -0.31356731057167053, -2.9358253479003906, 0.0, 0.0, 16.205717086791992, 16.205717086791992, 0.0, 0.0, 42.4764289855957, 42.4764289855957)
(-6.349351406097412, -18.792917251586914, 0.0, -1.0, -1.0, 0.0, -1.5548779964447021, -21.189023971557617, 0.0, 21.39740562438965, 71.17166900634766, 0.0, 1000, 1000, 1000, 1000, -9.559322357177734, -19.977432250976562, 0.0, -0.1426832228899002, -5.3948187828063965, 0.0, 0.0, 16.2607421875, 16.2607421875, 0.0, 0.0, 65.40049743652344, 65.40049743652344)
(-6.012720108032227, -23.08293342590332, 0.0, -1.0, -1.0, 0.0, 0.792682945728302, 3.8109755516052246, 0.0, 20.050880432128906, 88.33173370361328, 0.0, 1000, 1000, 1000, 1000, -3.248427391052246, -27.774900436401367, 0.0, -0.3714941740036011, -6.658385753631592, 0.0, 0.0, 13.626912117004395, 13.626912117004395, 0.0, 0.0, 59.887611389160156, 59.887611389160156)
(-6.04529333114624, -21.18073844909668, 0.0, -1.0, -1.0, 0.0, 0.4878048896789551, 10.15243911743164, 0.0, 20.18117332458496, 80.72295379638672, 0.0, 1000, 1000, 1000, 1000, -8.70535945892334, -25.378631591796875, 0.0, -0.805640697479248, -4.269209384918213, 0.0, 0.0, 13.9441499710083, 13.9441499710083, 0.0, 0.0, 50.032859802246094, 50.032859802246094)
(-5.679764270782471, -16.037792205810547, 0.0, -1.0, -1.0, 0.0, -0.030487805604934692, -5.884146213531494, 0.0, 18.719057083129883, 60.15116882324219, 0.0, 1000, 1000, 1000, 1000, -6.092609405517578, -6.0881147384643555, 0.0, -0.7701221108436584, -0.901374340057373, 0.0, 0.0, 13.32777214050293, 13.32777214050293, 0.0, 0.0, 46.89149475097656, 46.89149475097656)
(-6.30562686920166, -19.271862030029297, 0.0, -1.0, -1.0, 0.0, -9.969511985778809, 21.036584854125977, 0.0, 21.22250747680664, 73.08744812011719, 0.0, 1000, 1000, 1000, 1000, -4.060410022735596, -18.676910400390625, 0.0, -1.0080796480178833, -3.4199724197387695, 0.0, 0.0, 22.126501083374023, 22.126501083374023, 0.0, 0.0, 36.879764556884766, 36.879764556884766)
(-7.963046073913574, -18.785207748413086, 0.0, -1.0, -1.0, 0.0, 1.9512195587158203, -8.292682647705078, 0.0, 27.852184295654297, 71.14083099365234, 0.0, 1000, 1000, 1000, 1000, -10.803141593933105, -22.500377655029297, 0.0, -1.500914454460144, -3.724545955657959, 0.0, 0.0, 18.384544372558594, 18.384544372558594, 0.0, 0.0, 56.27879333496094, 56.27879333496094)
(-7.455803871154785, -17.13773536682129, 0.0, -1.0, -1.0, 0.0, 0.7012194991111755, -2.408536672592163, 0.0, 25.82321548461914, 64.55094146728516, 0.0, 1000, 1000, 1000, 1000, -10.28303050994873, -10.634880065917969, 0.0, -0.9141764044761658, -1.7932956218719482, 0.0, 0.0, 17.997652053833008, 17.997652053833008, 0.0, 0.0, 47.614036560058594, 47.614036560058594)
(-3.9629523754119873, -17.648412704467773, 0.0, -1.0, 0.0, 0.0, 7.469511985778809, -7.682926654815674, 0.0, 11.85180950164795, 70.5936508178711, 0.0, 1000, 1000, 1000, 1000, -1.702932596206665, -15.40116024017334, 0.0, 1.0204273462295532, -1.2144848108291626, 0.0, 0.0, 3.1039576530456543, 3.1039576530456543, 0.0, 0.0, 55.47591018676758, 55.47591018676758)
(1.0207439661026, -17.558204650878906, 0.0, -1.0, -1.0, 0.0, 12.34756088256836, -2.22560977935791, 0.0, -8.082975387573242, 66.23281860351562, 0.0, 1000, 1000, 1000, 1000, 6.017681121826172, -14.24957275390625, 0.0, 3.86844539642334, -1.896039605140686, -0.0, 0.0, -14.505939483642578, -14.505939483642578, 0.0, 0.0, 48.5411376953125, 48.5411376953125)
(5.1918745040893555, -17.05038833618164, 0.0, -1.0, -1.0, 0.0, 0.9756097793579102, 15.0, 0.0, -24.767498016357422, 64.20155334472656, 0.0, 1000, 1000, 1000, 1000, 6.697388648986816, -16.01108169555664, 0.0, 5.851677417755127, -1.9445149898529053, -0.0, 0.0, -18.200334548950195, -18.200334548950195, 0.0, 0.0, 34.8550910949707, 34.8550910949707)
(4.6532979011535645, -14.816496849060059, 0.0, -1.0, -1.0, 0.0, -1.1890244483947754, 13.140243530273438, 0.0, -22.613191604614258, 55.265987396240234, 0.0, 1000, 1000, 1000, 1000, 5.750189781188965, -7.353361129760742, 0.0, 4.428050518035889, 0.11950942873954773, -0.0, 0.0, -15.21105670928955, -15.21105670928955, 0.0, 0.0, 29.825220108032227, 29.825220108032227)
(6.583707332611084, -10.031787872314453, 0.0, -1.0, -1.0, 0.0, -3.5975608825683594, -1.5548779964447021, 0.0, -30.334829330444336, 36.12715148925781, 0.0, 1000, 1000, 1000, 1000, 8.572546005249023, -13.819345474243164, 0.0, 4.756709098815918, 1.3076192140579224, -0.0, 0.0, -18.953800201416016, -18.953800201416016, 0.0, 0.0, 26.704912185668945, 26.704912185668945)
(6.468466758728027, -9.380867004394531, 0.0, 0.0, -1.0, 0.0, -14.939023971557617, 1.0060975551605225, 0.0, -25.87386703491211, 33.523468017578125, 0.0, 1000, 1000, 1000, 1000, 8.062355041503906, -10.010435104370117, 0.0, 3.417228937149048, 2.4429850578308105, -0.0, 0.0, -7.7217020988464355, -7.7217020988464355, 0.0, 0.0, 23.078458786010742, 23.078458786010742)
(0.7677261233329773, -8.079940795898438, 0.0, -1.0, -1.0, 0.0, -1.0060975551605225, 6.341463565826416, 0.0, -7.070904731750488, 28.31976318359375, 0.0, 1000, 1000, 1000, 1000, -3.9586758613586426, -7.346539497375488, 0.0, -0.34801462292671204, 3.1576194763183594, -0.0, 0.0, -4.3199968338012695, -4.3199968338012695, 0.0, 0.0, 15.58536434173584, 15.58536434173584)
(-0.43616461753845215, -6.283565998077393, 0.0, -1.0, -1.0, 0.0, 3.4146342277526855, -2.4695122241973877, 0.0, -2.2553415298461914, 21.13426399230957, 0.0, 1000, 1000, 1000, 1000, -4.430545806884766, -6.308753967285156, 0.0, 0.3268328905105591, 3.9423749446868896, -0.0, 0.0, -4.0411696434021, -4.0411696434021, 0.0, 0.0, 16.731874465942383, 16.731874465942383)
(-0.22172929346561432, -4.27584171295166, 0.0, -1.0, -1.0, 0.0, -4.237804889678955, -6.189024448394775, 0.0, -3.1130828857421875, 13.10336685180664, 0.0, 1000, 1000, 1000, 1000, 0.9439566135406494, 4.058772087097168, 0.0, 1.2844551801681519, 3.968137502670288, 0.0, 0.0, 0.8075605630874634, 0.8075605630874634, 0.0, 0.0, 13.663191795349121, 13.663191795349121)
(-0.8792200088500977, -7.401345252990723, 0.0, -1.0, -1.0, 0.0, 9.756097793579102, 9.45121955871582, 0.0, -0.4831199645996094, 25.60538101196289, 0.0, 1000, 1000, 1000, 1000, 0.6451208591461182, -13.486492156982422, 0.0, 1.206254005432129, 2.9711859226226807, -0.0, 0.0, -7.281430244445801, -7.281430244445801, 0.0, 0.0, 11.434308052062988, 11.434308052062988)
(2.716304063796997, -7.591929912567139, 0.0, 0.0, -1.0, 0.0, 4.45121955871582, -2.591463327407837, 0.0, -10.865216255187988, 26.367719650268555, 0.0, 1000, 1000, 1000, 1000, 6.815366268157959, -7.7670392990112305, 0.0, 2.7365894317626953, 3.3201193809509277, -0.0, 0.0, -10.875236511230469, -10.875236511230469, 0.0, 0.0, 20.511472702026367, 20.511472702026367)
(3.407057046890259, -7.159401893615723, 0.0, -1.0, -1.0, 0.0, -9.29878044128418, 7.347560882568359, 0.0, -17.62822723388672, 24.63760757446289, 0.0, 1000, 1000, 1000, 1000, 0.6097413301467896, -9.050169944763184, 0.0, 2.51021671295166, 3.7635650634765625, -0.0, 0.0, -5.868038654327393, -5.868038654327393, 0.0, 0.0, 12.230006217956543, 12.230006217956543)
(0.38601580262184143, -6.145301818847656, 0.0, -1.0, -1.0, 0.0, 0.060975611209869385, -3.7195122241973877, 0.0, -5.544063091278076, 20.581207275390625, 0.0, 1000, 1000, 1000, 1000, -2.135995388031006, -2.756559371948242, 0.0, 0.9698203206062317, 4.2355146408081055, -0.0, 0.0, -3.973485231399536, -3.973485231399536, 0.0, 0.0, 17.232402801513672, 17.232402801513672)
(-1.2847672700881958, -7.784282207489014, 0.0, -1.0, -1.0, 0.0, -12.804878234863281, 0.6402438879013062, 0.0, 1.1390690803527832, 27.137128829956055, 0.0, 1000, 1000, 1000, 1000, -1.2893333435058594, -10.472715377807617, 0.0, 0.05914983153343201, 3.3460333347320557, 0.0, 0.0, 9.902983665466309, 9.902983665466309, 0.0, 0.0, 18.78705596923828, 18.78705596923828)
(-3.1762635707855225, -7.452691078186035, 0.0, -1.0, -1.0, 0.0, 6.067073345184326, -4.512195110321045, 0.0, 8.70505428314209, 25.81076431274414, 0.0, 1000, 1000, 1000, 1000, -4.202084541320801, -7.331167221069336, 0.0, -1.027588129043579, 3.4271304607391357, 0.0, 0.0, 1.8502368927001953, 1.8502368927001953, 0.0, 0.0, 21.496009826660156, 21.496009826660156)
(-0.7619169354438782, -7.954809188842773, 0.0, -1.0, -1.0, 0.0, 5.609755992889404, -2.896341562271118, 0.0, -0.9523322582244873, 27.819236755371094, 0.0, 1000, 1000, 1000, 1000, 0.587297797203064, -8.230416297912598, 0.0, 1.1750034093856812, 3.1015212535858154, -0.0, 0.0, -4.641046524047852, -4.641046524047852, 0.0, 0.0, 21.763160705566406, 21.763160705566406)
(-0.19366714358329773, -9.30020809173584, 0.0, -1.0, -1.0, 0.0, -6.189024448394775, 6.036585330963135, 0.0, -3.2253313064575195, 33.20083236694336, 0.0, 1000, 1000, 1000, 1000, 0.8265804052352905, -6.046548366546631, 0.0, 1.1740888357162476, 3.1905455589294434, 0.0, 0.0, 2.144460916519165, 2.144460916519165, 0.0, 0.0, 19.226634979248047, 19.226634979248047)
(-1.7402445077896118, -9.49368667602539, 0.0, -1.0, -1.0, 0.0, -5.396341323852539, 6.280488014221191, 0.0, 2.9609780311584473, 33.97474670410156, 0.0, 1000, 1000, 1000, 1000, -2.464815139770508, -12.020055770874023, 0.0, -0.614325761795044, 2.984448194503784, 0.0, 0.0, 5.942467212677002, 5.942467212677002, 0.0, 0.0, 19.581663131713867, 19.581663131713867)
(-5.271536827087402, -8.21983528137207, 0.0, -1.0, -1.0, 0.0, -7.22560977935791, 0.9756097793579102, 0.0, 17.08614730834961, 28.87934112548828, 0.0, 1000, 1000, 1000, 1000, -9.825018882751465, -7.091178894042969, 0.0, -2.921795129776001, 4.43414306640625, 0.0, 0.0, 17.223831176757812, 17.223831176757812, 0.0, 0.0, 19.777421951293945, 19.777421951293945)
(-6.461813926696777, -8.207565307617188, 0.0, -1.0, 0.0, 0.0, 15.731707572937012, -6.158536434173584, 0.0, 21.84725570678711, 32.83026123046875, 0.0, 1000, 1000, 1000, 1000, -6.777789115905762, -7.353520393371582, 0.0, -1.8156975507736206, 4.1742353439331055, 0.0, 0.0, 4.299389362335205, 4.299389362335205, 0.0, 0.0, 27.635547637939453, 27.635547637939453)
(-1.9737266302108765, -9.415802001953125, 0.0, -1.0, -1.0, 0.0, -1.1890244483947754, -6.097560882568359, 0.0, 3.894906520843506, 33.6632080078125, 0.0, 1000, 1000, 1000, 1000, 1.1196033954620361, -12.060735702514648, 0.0, 1.2602169513702393, 3.7749972343444824, 0.0, 0.0, 3.630671501159668, 3.630671501159668, 0.0, 0.0, 28.186174392700195, 28.186174392700195)
(-2.7698566913604736, -7.471047401428223, 0.0, -1.0, -1.0, 0.0, -7.134146213531494, 0.7317073345184326, 0.0, 7.0794267654418945, 25.88418960571289, 0.0, 1000, 1000, 1000, 1000, -3.8748550415039062, -5.735047340393066, 0.0, -0.8736246228218079, 5.774845123291016, 0.0, 0.0, 10.049503326416016, 10.049503326416016, 0.0, 0.0, 17.83492660522461, 17.83492660522461)
(-2.209935426712036, -6.482555389404297, 0.0, -1.0, -1.0, 0.0, 4.878048896789551, 0.3048780560493469, 0.0, 4.8397417068481445, 21.930221557617188, 0.0, 1000, 1000, 1000, 1000, -1.5876898765563965, -5.641931533813477, 0.0, -0.13642972707748413, 5.949997901916504, -0.0, 0.0, -0.03300570324063301, -0.03300570324063301, 0.0, 0.0, 15.301863670349121, 15.301863670349121)
(-2.0043742656707764, -5.091684341430664, 0.0, -1.0, -1.0, 0.0, -3.3841464519500732, 2.591463327407837, 0.0, 4.0174970626831055, 16.366737365722656, 0.0, 1000, 1000, 1000, 1000, -0.8186182975769043, -4.351015567779541, 0.0, -0.5147834420204163, 6.942376136779785, 0.0, 0.0, 5.23368501663208, 5.23368501663208, 0.0, 0.0, 9.769960403442383, 9.769960403442383)
(-2.3234853744506836, -4.8389201164245605, 0.0, 0.0, -1.0, 0.0, -2.0731706619262695, -6.493902206420898, 0.0, 9.293941497802734, 15.355680465698242, 0.0, 1000, 1000, 1000, 1000, -2.6510915756225586, -3.4617228507995605, 0.0, -0.755942165851593, 6.425150394439697, 0.0, 0.0, 8.050131797790527, 8.050131797790527, 0.0, 0.0, 15.516502380371094, 15.516502380371094)
(-3.2645721435546875, -6.756344318389893, 0.0, -1.0, -1.0, 0.0, -0.4878048896789551, 3.9939024448394775, 0.0, 9.05828857421875, 23.02537727355957, 0.0, 1000, 1000, 1000, 1000, -4.335051536560059, -8.68563461303711, 0.0, -1.5666130781173706, 5.837499141693115, 0.0, 0.0, 6.761085033416748, 6.761085033416748, 0.0, 0.0, 13.481485366821289, 13.481485366821289)
(-3.8474977016448975, -6.298059463500977, 0.0, -1.0, -1.0, 0.0, 1.3109755516052246, -2.378048896789551, 0.0, 11.38999080657959, 21.192237854003906, 0.0, 1000, 1000, 1000, 1000, -5.438915252685547, -6.641666412353516, 0.0, -1.449691891670227, 6.03872013092041, 0.0, 0.0, 7.148220539093018, 7.148220539093018, 0.0, 0.0, 16.71251678466797, 16.71251678466797)
(-3.458967447280884, -7.510276794433594, 0.0, -1.0, -1.0, 0.0, 0.09146341681480408, 1.4634146690368652, 0.0, 9.835869789123535, 26.041107177734375, 0.0, 1000, 1000, 1000, 1000, -2.9079527854919434, -8.792009353637695, 0.0, -1.2492343187332153, 5.662044525146484, 0.0, 0.0, 6.915536403656006, 6.915536403656006, 0.0, 0.0, 17.42115020751953, 17.42115020751953)
(-3.390899658203125, -7.375065803527832, 0.0, -1.0, -1.0, 0.0, -1.097561001777649, -0.3353658616542816, 0.0, 9.5635986328125, 25.500263214111328, 0.0, 1000, 1000, 1000, 1000, -3.6528825759887695, -8.012381553649902, 0.0, -1.1748439073562622, 6.100002765655518, 0.0, 0.0, 7.5652971267700195, 7.5652971267700195, 0.0, 0.0, 18.32843780517578, 18.32843780517578)
(-2.743304967880249, -7.308143138885498, 0.0, -1.0, -1.0, 0.0, 2.9573171138763428, 1.0060975551605225, 0.0, 6.973219871520996, 25.232572555541992, 0.0, 1000, 1000, 1000, 1000, -1.9808104038238525, -8.140154838562012, 0.0, -0.7163074612617493, 6.296497821807861, 0.0, 0.0, 2.850421905517578, 2.850421905517578, 0.0, 0.0, 17.17275619506836, 17.17275619506836)
(-3.4567909240722656, -6.842246055603027, 0.0, -1.0, -1.0, 0.0, -6.554878234863281, 1.0365853309631348, 0.0, 9.827163696289062, 23.36898422241211, 0.0, 1000, 1000, 1000, 1000, -4.447357177734375, -6.7714619636535645, 0.0, -1.7946614027023315, 6.7647905349731445, 0.0, 0.0, 11.624218940734863, 11.624218940734863, 0.0, 0.0, 15.821619987487793, 15.821619987487793)
(-4.289103984832764, -6.363757610321045, 0.0, -1.0, -1.0, 0.0, 3.567073106765747, 0.21341463923454285, 0.0, 13.156415939331055, 21.45503044128418, 0.0, 1000, 1000, 1000, 1000, -4.723137855529785, -5.849880218505859, 0.0, -1.9349055290222168, 6.992535591125488, 0.0, 0.0, 6.789785861968994, 6.789785861968994, 0.0, 0.0, 15.06135082244873, 15.06135082244873)
(-4.021039962768555, -6.345229148864746, 0.0, -1.0, -1.0, 0.0, -2.9268293380737305, 2.4695122241973877, 0.0, 12.084159851074219, 21.380916595458984, 0.0, 1000, 1000, 1000, 1000, -3.6355175971984863, -6.3952507972717285, 0.0, -1.7690519094467163, 7.112963676452637, 0.0, 0.0, 10.646472930908203, 10.646472930908203, 0.0, 0.0, 13.40284252166748, 13.40284252166748)
(-4.554829120635986, -6.102749347686768, 0.0, -1.0, 0.0, 0.0, -2.5304877758026123, -0.7621951103210449, 0.0, 14.219316482543945, 24.41099739074707, 0.0, 1000, 1000, 1000, 1000, -4.334364891052246, -5.767192840576172, 0.0, -2.24908185005188, 7.225310802459717, 0.0, 0.0, 11.885542869567871, 11.885542869567871, 0.0, 0.0, 17.834877014160156, 17.834877014160156)
(-5.4711103439331055, -6.285370826721191, 0.0, -1.0, -1.0, 0.0, 3.8109755516052246, -0.24390244483947754, 0.0, 17.884441375732422, 21.141483306884766, 0.0, 1000, 1000, 1000, 1000, -6.3679704666137695, -6.646735191345215, 0.0, -2.6057891845703125, 7.452445983886719, 0.0, 0.0, 9.985801696777344, 9.985801696777344, 0.0, 0.0, 15.141152381896973, 15.141152381896973)
(-5.058643817901611, -6.331122398376465, 0.0, -1.0, -1.0, 0.0, -2.22560977935791, 1.097561001777649, 0.0, 16.234575271606445, 21.32448959350586, 0.0, 1000, 1000, 1000, 1000, -4.589658260345459, -4.517414093017578, 0.0, -2.2349045276641846, 7.498635768890381, 0.0, 0.0, 13.09865665435791, 13.09865665435791, 0.0, 0.0, 14.323155403137207, 14.323155403137207)
(-5.5136027336120605, -6.121006011962891, 0.0, -1.0, -1.0, 0.0, 0.7621951103210449, 2.2560975551605225, 0.0, 18.054410934448242, 20.484024047851562, 0.0, 1000, 1000, 1000, 1000, -6.227189064025879, -5.214152812957764, 0.0, -2.8696603775024414, 7.8971123695373535, 0.0, 0.0, 12.251070022583008, 12.251070022583008, 0.0, 0.0, 12.930198669433594, 12.930198669433594)
(-4.5492730140686035, -5.852079391479492, 0.0, -1.0, -1.0, 0.0, 3.5975608825683594, -2.0731706619262695, 0.0, 14.197092056274414, 19.40831756591797, 0.0, 1000, 1000, 1000, 1000, -3.4306044578552246, -6.450178623199463, 0.0, -1.9835325479507446, 7.906867980957031, 0.0, 0.0, 7.511904716491699, 7.511904716491699, 0.0, 0.0, 15.24592399597168, 15.24592399597168)
(-3.4459433555603027, -6.285938262939453, 0.0, 0.0, 0.0, 0.0, -2.195122003555298, 2.896341562271118, 0.0, 9.783773422241211, 25.143753051757812, 0.0, 1000, 1000, 1000, 1000, -2.764468193054199, -6.991086959838867, 0.0, -1.433685302734375, 7.917842388153076, 0.0, 0.0, 8.502190589904785, 8.502190589904785, 0.0, 0.0, 15.765552520751953, 15.765552520751953)
(-3.643778085708618, -6.472043514251709, 0.0, -1.0, -1.0, 0.0, -0.4878048896789551, -1.2195122241973877, 0.0, 10.575112342834473, 21.888174057006836, 0.0, 1000, 1000, 1000, 1000, -3.363650321960449, -6.616550922393799, 0.0, -1.895576000213623, 7.83827018737793, 0.0, 0.0, 7.839209079742432, 7.839209079742432, 0.0, 0.0, 16.380279541015625, 16.380279541015625)
(-3.180208206176758, -5.446882724761963, 0.0, -1.0, -1.0, 0.0, 2.804877996444702, -1.3719512224197388, 0.0, 8.720832824707031, 17.78753089904785, 0.0, 1000, 1000, 1000, 1000, -1.9750580787658691, -3.5801894664764404, 0.0, -1.3972529172897339, 8.762508392333984, 0.0, 0.0, 4.195999622344971, 4.195999622344971, 0.0, 0.0, 13.582212448120117, 13.582212448120117)
(-3.1426193714141846, -6.004353046417236, 0.0, -1.0, -1.0, 0.0, -1.097561001777649, 0.8536585569381714, 0.0, 8.570477485656738, 20.017412185668945, 0.0, 1000, 1000, 1000, 1000, -2.6837196350097656, -4.9690165519714355, 0.0, -2.0499980449676514, 8.992837905883789, 0.0, 0.0, 6.850371360778809, 6.850371360778809, 0.0, 0.0, 13.579313278198242, 13.579313278198242)
(-2.775339365005493, -6.234165668487549, 0.0, -1.0, -1.0, 0.0, 5.640244007110596, 1.2804877758026123, 0.0, 7.101357460021973, 20.936662673950195, 0.0, 1000, 1000, 1000, 1000, -2.282142162322998, -9.766899108886719, 0.0, -1.6900886297225952, 9.161130905151367, 0.0, 0.0, 1.0290236473083496, 1.0290236473083496, 0.0, 0.0, 13.91214370727539, 13.91214370727539)
(-1.8777039051055908, -5.108274459838867, 0.0, -1.0, -1.0, 0.0, -4.512195110321045, 3.3841464519500732, 0.0, 3.5108156204223633, 16.43309783935547, 0.0, 1000, 1000, 1000, 1000, -1.0850341320037842, -5.542340278625488, 0.0, -1.5347535610198975, 10.083996772766113, 0.0, 0.0, 5.681247711181641, 5.681247711181641, 0.0, 0.0, 9.250814437866211, 9.250814437866211)
(-2.3745510578155518, -4.7287278175354, 0.0, 0.0, -1.0, 0.0, -0.9756097793579102, -1.1890244483947754, 0.0, 9.498204231262207, 14.914911270141602, 0.0, 1000, 1000, 1000, 1000, -2.267090320587158, -4.6422505378723145, 0.0, -1.7396315336227417, 10.067076683044434, 0.0, 0.0, 7.437215328216553, 7.437215328216553, 0.0, 0.0, 11.406625747680664, 11.406625747680664)
(-2.048309087753296, -4.897698879241943, 0.0, -1.0, -1.0, 0.0, -0.030487805604934692, 0.792682945728302, 0.0, 4.193236351013184, 15.590795516967773, 0.0, 1000, 1000, 1000, 1000, -1.189685344696045, -5.607256889343262, 0.0, -1.6853634119033813, 10.146040916442871, 0.0, 0.0, 3.0035481452941895, 3.0035481452941895, 0.0, 0.0, 10.487533569335938, 10.487533569335938)
(-2.1351571083068848, -4.656394958496094, 0.0, -1.0, -1.0, 0.0, 2.0426828861236572, -2.317073106765747, 0.0, 4.540628433227539, 14.625579833984375, 0.0, 1000, 1000, 1000, 1000, -1.5082733631134033, -4.627009868621826, 0.0, -1.7463395595550537, 10.220125198364258, 0.0, 0.0, 1.7647318840026855, 1.7647318840026855, 0.0, 0.0, 12.007756233215332, 12.007756233215332)
(-1.7180964946746826, -5.1602959632873535, 0.0, -1.0, -1.0, 0.0, 0.9756097793579102, 0.3658536672592163, 0.0, 2.8723859786987305, 16.641183853149414, 0.0, 1000, 1000, 1000, 1000, -0.8477320671081543, -5.608901500701904, 0.0, -1.6666138172149658, 10.256555557250977, 0.0, 0.0, 1.3393555879592896, 1.3393555879592896, 0.0, 0.0, 11.545440673828125, 11.545440673828125)
(-1.6486995220184326, -4.784761428833008, 0.0, -1.0, -1.0, 0.0, -1.4634146690368652, 0.060975611209869385, 0.0, 2.5947980880737305, 15.139045715332031, 0.0, 1000, 1000, 1000, 1000, -1.8389620780944824, -4.2388482093811035, 0.0, -1.900912880897522, 10.614328384399414, 0.0, 0.0, 2.875892162322998, 2.875892162322998, 0.0, 0.0, 10.693530082702637, 10.693530082702637)
(-1.6718839406967163, -4.797000408172607, 0.0, -1.0, -1.0, 0.0, 4.207316875457764, -1.5243902206420898, 0.0, 2.6875357627868652, 15.18800163269043, 0.0, 1000, 1000, 1000, 1000, -1.7087271213531494, -4.437994003295898, 0.0, -1.6173758506774902, 10.59740924835205, -0.0, 0.0, -1.0804815292358398, -1.0804815292358398, 0.0, 0.0, 11.865331649780273, 11.865331649780273)
(-1.2604535818099976, -5.072776794433594, 0.0, -1.0, -1.0, 0.0, -5.640244007110596, 1.5548779964447021, 0.0, 1.0418143272399902, 16.291107177734375, 0.0, 1000, 1000, 1000, 1000, -0.42014336585998535, -6.9983811378479, 0.0, -1.7152416706085205, 10.786432266235352, 0.0, 0.0, 4.749587535858154, 4.749587535858154, 0.0, 0.0, 10.455530166625977, 10.455530166625977)
(-1.6861035823822021, -4.742859363555908, 0.0, -1.0, -1.0, 0.0, 1.4939024448394775, -0.6707317233085632, 0.0, 2.7444143295288086, 14.971437454223633, 0.0, 1100, 1100, 1100, 1100, -1.6715824604034424, -5.198741912841797, 0.0, -1.8339916467666626, 10.975760459899902, 0.0, 0.0, 0.8967536687850952, 0.8967536687850952, 0.0, 0.0, 11.074994087219238, 11.074994087219238)
(-2.1250715255737305, -5.101232528686523, 0.0, -1.0, -1.0, 0.0, 2.987804889678955, -2.103658437728882, 0.0, 4.500286102294922, 16.404930114746094, 0.0, 1100, 1100, 1100, 1100, -0.45729994773864746, 1.060741901397705, 0.0, -2.0826194286346436, 11.162801742553711, 0.0, 0.0, 1.063230037689209, 1.063230037689209, 0.0, 0.0, 13.121068954467773, 13.121068954467773)
(-1.9992371797561646, -4.123408794403076, 0.0, -1.0, -1.0, 0.0, -3.47560977935791, 2.5609755516052246, 0.0, 3.996948719024658, 12.493635177612305, 0.0, 1100, 1100, 1100, 1100, -0.5969884395599365, -5.0, 0.0, -2.2743875980377197, 11.63719367980957, 0.0, 0.0, 5.366337299346924, 5.366337299346924, 0.0, 0.0, 6.966466903686523, 6.966466903686523)
(-3.0076746940612793, -5.1118388175964355, 0.0, -1.0, -1.0, 0.0, 1.737804889678955, 0.6097561120986938, 0.0, 8.030698776245117, 16.447355270385742, 0.0, 1128, 1134, 1168, 1116, -9.540602684020996, -16.71818733215332, 0.0, -2.586735486984253, 11.249540328979492, 0.0, 0.0, 4.470381259918213, 4.470381259918213, 0.0, 0.0, 11.17546272277832, 11.17546272277832)
(-2.4937000274658203, -5.210177898406982, 0.0, -1.0, -1.0, 0.0, -4.146341323852539, 0.6097561120986938, 0.0, 5.974800109863281, 16.84071159362793, 0.0, 1192, 1204, 1240, 1182, 5.346803665161133, -11.155181884765625, 0.0, -2.2800278663635254, 11.486888885498047, 0.0, 0.0, 7.283946514129639, 7.283946514129639, 0.0, 0.0, 11.492796897888184, 11.492796897888184)
(-3.0719871520996094, -3.462989330291748, 0.0, -1.0, -1.0, 0.0, 2.408536672592163, -4.878048896789551, 0.0, 8.287948608398438, 9.851957321166992, 0.0, 1264, 1272, 1290, 1240, -6.734922409057617, 1.8911657333374023, 0.0, -2.687650442123413, 12.047712326049805, 0.0, 0.0, 4.164928913116455, 4.164928913116455, 0.0, 0.0, 10.457869529724121, 10.457869529724121)
(-2.439403533935547, -5.1590142250061035, 0.0, -1.0, -1.0, 0.0, -3.6890244483947754, 1.0365853309631348, 0.0, 5.7576141357421875, 16.636056900024414, 0.0, 1317, 1329, 1356, 1300, -23.889326095581055, -9.28355598449707, 0.0, -2.305790901184082, 12.307316780090332, 0.0, 0.0, 6.772059440612793, 6.772059440612793, 0.0, 0.0, 10.951871871948242, 10.951871871948242)
(-3.8355793952941895, -2.264068126678467, 0.0, -1.0, -1.0, 0.0, 0.4573170840740204, 3.445122003555298, 0.0, 11.342317581176758, 5.056272506713867, 0.0, 1348, 1380, 1407, 1370, -44.586456298828125, 4.568531036376953, 0.0, -2.5443577766418457, 12.871644973754883, 0.0, 0.0, 7.463649272918701, 7.463649272918701, 0.0, 0.0, 1.1194266080856323, 1.1194266080856323)
(-1.9424775838851929, -2.6170918941497803, 0.0, -1.0, -1.0, 0.0, 7.1646342277526855, -1.585365891456604, 0.0, 3.7699103355407715, 6.468367576599121, 0.0, 1391, 1393, 1422, 1395, -1.866410255432129, 43.568538665771484, 0.0, -1.72758948802948, 13.096648216247559, -0.0, 0.0, -2.723287343978882, -2.723287343978882, 0.0, 0.0, 6.447764873504639, 6.447764873504639)
(-4.5338311195373535, -1.6313526630401611, 0.0, -1.0, -1.0, 0.0, -3.6890244483947754, 4.756097793579102, 0.0, 14.135324478149414, 2.5254106521606445, 0.0, 1388, 1437, 1436, 1393, -67.97425842285156, -11.724504470825195, 0.0, -2.6303329467773438, 13.734453201293945, 0.0, 0.0, 12.990250587463379, 12.990250587463379, -0.0, 0.0, -1.8494950532913208, -1.8494950532913208)
(-2.244271993637085, -2.230252742767334, 0.0, -1.0, -1.0, 0.0, 0.5182926654815674, -3.871951103210449, 0.0, 4.97708797454834, 4.921010971069336, 0.0, 1410, 1423, 1430, 1391, -26.05944061279297, 10.7389497756958, 0.0, -1.38246750831604, 13.729269981384277, 0.0, 0.0, 3.237400531768799, 3.237400531768799, 0.0, 0.0, 6.534440994262695, 6.534440994262695)
(-2.6837456226348877, -4.068920135498047, 0.0, -1.0, -1.0, 0.0, -2.2560975551605225, 9.329268455505371, 0.0, 6.734982490539551, 12.275680541992188, 0.0, 1477, 1506, 1496, 1459, 7.183750629425049, 22.585168838500977, 0.0, -2.7076196670532227, 14.376224517822266, 0.0, 0.0, 6.290977954864502, 6.290977954864502, 0.0, 0.0, 2.2233967781066895, 2.2233967781066895)
(-1.9890110492706299, 1.3466755151748657, 0.0, -1.0, 0.0, 0.0, -2.2865853309631348, -22.774391174316406, 0.0, 3.9560441970825195, -9.386701583862305, 0.0, 1486, 1494, 1508, 1458, 6.283381462097168, 47.655948638916016, 0.0, -2.2890219688415527, 15.430342674255371, 0.0, 0.0, 4.332254886627197, 4.332254886627197, 0.0, 0.0, 10.77026653289795, 10.77026653289795)
(-1.0930891036987305, -0.39577242732048035, 0.0, -1.0, -1.0, 0.0, -5.457316875457764, 2.22560977935791, 0.0, 0.3723564147949219, -2.416910171508789, 0.0, 1461, 1497, 1502, 1482, 9.213558197021484, -7.681554794311523, 0.0, -1.9256062507629395, 16.026376724243164, 0.0, 0.0, 3.728236198425293, 3.728236198425293, -0.0, 0.0, -4.078570365905762, -4.078570365905762)
(-10.19005298614502, -0.2881295084953308, 0.0, -1.0, -1.0, 0.0, -36.15853500366211, -21.829267501831055, 0.0, 36.76021194458008, -2.8474819660186768, 0.0, 1382, 1475, 1618, 1467, -41.243080139160156, -48.546875, 0.0, -13.76127815246582, 18.67165184020996, 0.0, 0.0, 51.02313232421875, 51.02313232421875, 0.0, 0.0, 14.636292457580566, 14.636292457580566)
(2.163670539855957, -2.965301990509033, 0.0, -1.0, -1.0, 0.0, 0.396341472864151, 29.14634132385254, 0.0, -12.654682159423828, 7.861207962036133, 0.0, 1507, 1546, 1430, 1459, -40.00803756713867, 32.16965103149414, 0.0, 1.276525616645813, 16.29192543029785, -0.0, 0.0, -7.545255661010742, -7.545255661010742, -0.0, 0.0, -17.15737533569336, -17.15737533569336)
(-2.1176557540893555, 2.460665225982666, 0.0, -1.0, -1.0, 0.0, 14.237804412841797, -8.780488014221191, 0.0, 4.470623016357422, -13.842660903930664, 0.0, 1489, 1501, 1475, 1477, -3.0003137588500977, -23.61252212524414, 0.0, -4.0440545082092285, 19.050922393798828, -0.0, 0.0, -7.447826385498047, -7.447826385498047, -0.0, 0.0, -3.162902355194092, -3.162902355194092)
(-1.2194770574569702, 4.883544921875, 0.0, -1.0, 0.0, 0.0, 2.7439024448394775, -0.09146341681480408, 0.0, 0.8779082298278809, -19.5341796875, 0.0, 1490, 1535, 1454, 1464, -0.6510906219482422, 27.514556884765625, 0.0, -2.662346363067627, 18.729887008666992, -0.0, 0.0, -1.2876992225646973, -1.2876992225646973, -0.0, 0.0, -13.715070724487305, -13.715070724487305)
(-18.478925704956055, 3.6825337409973145, 0.0, -1.0, -1.0, 0.0, -47.835365295410156, -4.359755992889404, 0.0, 69.91570281982422, -18.730134963989258, 0.0, 1321, 1531, 1627, 1463, -20.545806884765625, -15.773167610168457, 0.0, -16.736587524414062, 18.850008010864258, 0.0, 0.0, 83.46709442138672, 83.46709442138672, -0.0, 0.0, -11.338850975036621, -11.338850975036621)
(9.117559432983398, 1.2127145528793335, 0.0, -1.0, -1.0, 0.0, 91.82926940917969, 39.817073822021484, 0.0, -40.470237731933594, -8.850858688354492, 0.0, 1589, 1494, 1311, 1548, 15.394120216369629, -3.220602035522461, 0.0, 6.866458892822266, 16.968456268310547, -0.0, 0.0, -93.06201171875, -93.06201171875, -0.0, 0.0, -35.609188079833984, -35.609188079833984)
(-9.195743560791016, -1.8809454441070557, 0.0, -1.0, -1.0, 0.0, -49.75609588623047, 37.682926177978516, 0.0, 32.78297424316406, 3.5237817764282227, 0.0, 1311, 1497, 1612, 1522, -23.387535095214844, 59.14317321777344, 0.0, -13.037656784057617, 19.18506622314453, 0.0, 0.0, 59.030487060546875, 59.030487060546875, -0.0, 0.0, -23.971895217895508, -23.971895217895508)
(5.704424858093262, 1.3588862419128418, 0.0, -1.0, -1.0, 0.0, 2.1646342277526855, 30.792682647705078, 0.0, -26.817699432373047, -9.435544967651367, 0.0, 1467, 1508, 1443, 1524, -6.6880083084106445, -26.873165130615234, 0.0, 1.881854772567749, 14.985369682312012, -0.0, 0.0, -19.995826721191406, -19.995826721191406, -0.0, 0.0, -30.66387939453125, -30.66387939453125)
(-8.55070972442627, -0.10811556130647659, 0.0, -1.0, 0.0, 0.0, 21.829267501831055, -21.64634132385254, 0.0, 30.202838897705078, 0.43246224522590637, 0.0, 1519, 1517, 1485, 1420, 16.004180908203125, 63.70097351074219, 0.0, -10.547565460205078, 14.279884338378906, 0.0, 0.0, 5.631873607635498, 5.631873607635498, 0.0, 0.0, 16.938499450683594, 16.938499450683594)
(3.802456855773926, -4.445754528045654, 0.0, -1.0, -1.0, 0.0, -9.146341323852539, 5.243902206420898, 0.0, -19.209827423095703, 13.783018112182617, 0.0, 1445, 1439, 1539, 1520, 38.055511474609375, -21.96104621887207, 0.0, -2.418755292892456, 14.464640617370605, -0.0, 0.0, -6.960453510284424, -6.960453510284424, 0.0, 0.0, 6.192800521850586, 6.192800521850586)
(-3.6153602600097656, 1.9433119297027588, 0.0, -1.0, -1.0, 0.0, 33.01829147338867, -1.6463414430618286, 0.0, 10.461441040039062, -11.773247718811035, 0.0, 1502, 1504, 1453, 1482, 29.848691940307617, -7.969264030456543, 0.0, -6.151073455810547, 15.467535972595215, -0.0, 0.0, -16.7313232421875, -16.7313232421875, -0.0, 0.0, -7.678959369659424, -7.678959369659424)
(-0.9163791537284851, 1.4179928302764893, 0.0, -1.0, -1.0, 0.0, -17.5, -7.713414669036865, 0.0, -0.33448338508605957, -9.671971321105957, 0.0, 1424, 1469, 1546, 1504, 40.722904205322266, -50.08042526245117, 0.0, -2.3643367290496826, 17.374853134155273, 0.0, 0.0, 11.628482818603516, 11.628482818603516, -0.0, 0.0, -0.6196313500404358, -0.6196313500404358)
(1.2423412799835205, 3.9360294342041016, 0.0, -1.0, -1.0, 0.0, 3.4146342277526855, -8.04878044128418, 0.0, -8.969365119934082, -19.744117736816406, 0.0, 1481, 1500, 1473, 1488, 25.260923385620117, 21.08320426940918, 0.0, -1.5385748147964478, 17.117843627929688, -0.0, 0.0, -8.949158668518066, -8.949158668518066, -0.0, 0.0, -8.426345825195312, -8.426345825195312)
(1.5015233755111694, 5.14859676361084, 0.0, -1.0, 0.0, 0.0, -10.42682933807373, -9.695121765136719, 0.0, -10.006093978881836, -20.59438705444336, 0.0, 1453, 1489, 1504, 1497, -39.084529876708984, 17.698801040649414, 0.0, -2.680037260055542, 15.885990142822266, 0.0, 0.0, 0.8927940130233765, 0.8927940130233765, -0.0, 0.0, -7.279725551605225, -7.279725551605225)
(-7.258264541625977, 2.4180190563201904, 0.0, -1.0, -1.0, 0.0, -63.20121765136719, -25.518293380737305, 0.0, 25.033058166503906, -13.672076225280762, 0.0, 1330, 1457, 1658, 1498, -7.514810562133789, 28.036148071289062, 0.0, -16.005800247192383, 18.869831085205078, 0.0, 0.0, 61.940792083740234, 61.940792083740234, 0.0, 0.0, 8.212519645690918, 8.212519645690918)
(6.024694919586182, 1.8414959907531738, 0.0, -1.0, -1.0, 0.0, 84.05487823486328, 37.04268264770508, 0.0, -28.098779678344727, -11.365983963012695, 0.0, 1638, 1569, 1264, 1472, -5.069859027862549, 26.019210815429688, 0.0, 1.5627979040145874, 17.472875595092773, -0.0, 0.0, -79.39391326904297, -79.39391326904297, -0.0, 0.0, -34.76234436035156, -34.76234436035156)
(-5.824044704437256, 7.559496879577637, 0.0, -1.0, -1.0, 0.0, -46.128047943115234, 46.00609588623047, 0.0, 19.296178817749023, -34.23798751831055, 0.0, 1302, 1527, 1555, 1558, 13.886018753051758, -52.20281982421875, 0.0, -15.087811470031738, 20.822113037109375, 0.0, 0.0, 45.72449493408203, 45.72449493408203, -0.0, 0.0, -56.995784759521484, -56.995784759521484)
(12.660573959350586, 6.869062900543213, 0.0, -1.0, -1.0, 0.0, 100.82317352294922, 6.920731544494629, 0.0, -54.642295837402344, -31.47625160217285, 0.0, 1647, 1500, 1270, 1524, -3.661555767059326, -26.811525344848633, 0.0, 1.518742322921753, 21.50351333618164, -0.0, 0.0, -110.24609375, -110.24609375, -0.0, 0.0, -26.781200408935547, -26.781200408935547)
(-7.582257270812988, 10.211782455444336, 0.0, 0.0, -1.0, 0.0, -42.95731735229492, -29.725608825683594, 0.0, 30.329029083251953, -44.847129821777344, 0.0, 1350, 1492, 1603, 1496, 2.27681040763855, -2.463850736618042, 0.0, -14.220892906188965, 24.255645751953125, 0.0, 0.0, 52.366493225097656, 52.366493225097656, -0.0, 0.0, -8.543234825134277, -8.543234825134277)
(5.787768840789795, 5.376058578491211, 0.0, -1.0, -1.0, 0.0, 20.579267501831055, -12.317072868347168, 0.0, -27.15107536315918, -25.504234313964844, 0.0, 1541, 1509, 1414, 1478, -4.645816326141357, 26.20358657836914, 0.0, 5.741757392883301, 23.10625648498535, -0.0, 0.0, -34.007083892822266, -34.007083892822266, -0.0, 0.0, -8.050670623779297, -8.050670623779297)
(-9.238369941711426, 7.824549198150635, 0.0, -1.0, -1.0, 0.0, 0.21341463923454285, 13.231707572937012, 0.0, 32.9534797668457, -35.298194885253906, 0.0, 1366, 1501, 1537, 1539, -27.0718994140625, -30.438446044921875, 0.0, -6.539339542388916, 25.641468048095703, 0.0, 0.0, 23.317508697509766, 23.317508697509766, -0.0, 0.0, -34.306663513183594, -34.306663513183594)
(1.9793190956115723, 7.777009963989258, 0.0, -1.0, -1.0, 0.0, 2.22560977935791, 4.695121765136719, 0.0, -11.917276382446289, -35.10803985595703, 0.0, 1441, 1496, 1472, 1530, 22.336782455444336, -25.913522720336914, 0.0, 3.104868173599243, 21.165395736694336, -0.0, 0.0, -10.589441299438477, -10.589441299438477, -0.0, 0.0, -28.22569465637207, -28.22569465637207)
(-5.0687785148620605, 0.384788453578949, 0.0, -1.0, -1.0, 0.0, 12.530488014221191, 2.3475608825683594, 0.0, 16.275114059448242, -5.539154052734375, 0.0, 1469, 1506, 1490, 1476, -4.247177600860596, -6.7303853034973145, 0.0, -3.262204647064209, 22.388568878173828, 0.0, 0.0, 2.5456650257110596, 2.5456650257110596, -0.0, 0.0, -5.979918479919434, -5.979918479919434)
(-3.1746182441711426, 3.4470651149749756, 0.0, -1.0, -1.0, 0.0, -3.0182926654815674, 27.073171615600586, 0.0, 8.69847297668457, -17.78826141357422, 0.0, 1391, 1495, 1442, 1470, -18.519899368286133, -71.63684844970703, 0.0, -0.3417777717113495, 23.672571182250977, 0.0, 0.0, 8.978482246398926, 8.978482246398926, -0.0, 0.0, -32.617881774902344, -32.617881774902344)
(-1.2215365171432495, 4.977707386016846, 0.0, -1.0, -1.0, 0.0, -1.4634146690368652, 5.121951103210449, 0.0, 0.886146068572998, -23.910829544067383, 0.0, 1100, 1100, 1100, 1100, 2.815397262573242, -20.164888381958008, 0.0, 0.4681307077407837, 22.448795318603516, 0.0, 0.0, 1.6322590112686157, 1.6322590112686157, -0.0, 0.0, -20.81151580810547, -20.81151580810547)
(-2.8557348251342773, 3.073126792907715, 0.0, -1.0, -1.0, 0.0, -2.8353657722473145, 4.847560882568359, 0.0, 7.422939300537109, -16.29250717163086, 0.0, 1000, 1000, 1000, 1000, -3.0825085639953613, 3.558187484741211, 0.0, -1.0840034484863281, 21.083852767944336, 0.0, 0.0, 7.324985027313232, 7.324985027313232, -0.0, 0.0, -14.795100212097168, -14.795100212097168)
(-2.1064116954803467, 2.262876033782959, 0.0, -1.0, -1.0, 0.0, -0.8536585569381714, -10.884146690368652, 0.0, 4.425646781921387, -13.051504135131836, 0.0, 1000, 1000, 1000, 1000, -4.159685134887695, 4.079865455627441, 0.0, -1.109460711479187, 20.035383224487305, 0.0, 0.0, 3.6794025897979736, 3.6794025897979736, -0.0, 0.0, -1.453675389289856, -1.453675389289856)
(-3.131500482559204, -2.3541741371154785, 0.0, -1.0, 0.0, 0.0, 1.4634146690368652, 2.7134146690368652, 0.0, 8.526001930236816, 9.416696548461914, 0.0, 1000, 1000, 1000, 1000, -1.8788137435913086, -9.242216110229492, 0.0, -1.9324792623519897, 17.62897491455078, 0.0, 0.0, 5.039226531982422, 5.039226531982422, 0.0, 0.0, 4.756189823150635, 4.756189823150635)
(-2.5418052673339844, -5.066961765289307, 0.0, -1.0, -1.0, 0.0, 0.8841463327407837, -7.347560882568359, 0.0, 6.1672210693359375, 16.267847061157227, 0.0, 1000, 1000, 1000, 1000, 3.589844226837158, 2.3323230743408203, 0.0, -1.55305814743042, 17.283241271972656, 0.0, 0.0, 3.706662893295288, 3.706662893295288, 0.0, 0.0, 16.747249603271484, 16.747249603271484)
(-3.670698881149292, -8.912744522094727, 0.0, -1.0, -1.0, 0.0, -7.621951103210449, -0.6097561120986938, 0.0, 10.682795524597168, 31.650978088378906, 0.0, 1000, 1000, 1000, 1000, -7.117688179016113, -12.098920822143555, 0.0, -2.4288203716278076, 15.157173156738281, 0.0, 0.0, 12.985995292663574, 12.985995292663574, 0.0, 0.0, 22.805908203125, 22.805908203125)
(-6.990694522857666, -11.959121704101562, 0.0, -1.0, -1.0, 0.0, 0.6097561120986938, 2.378048896789551, 0.0, 23.962778091430664, 43.83648681640625, 0.0, 1000, 1000, 1000, 1000, -10.56361198425293, -18.094932556152344, 0.0, -3.215710163116455, 14.731412887573242, 0.0, 0.0, 16.55261993408203, 16.55261993408203, 0.0, 0.0, 29.324316024780273, 29.324316024780273)
(-6.639487266540527, -12.264079093933105, 0.0, -1.0, -1.0, 0.0, -1.6463414430618286, -0.4268292784690857, 0.0, 22.55794906616211, 45.05631637573242, 0.0, 1000, 1000, 1000, 1000, -5.281363010406494, -12.965795516967773, 0.0, -2.8583931922912598, 15.764795303344727, 0.0, 0.0, 17.16826057434082, 17.16826057434082, 0.0, 0.0, 32.232704162597656, 32.232704162597656)
(-6.689643859863281, -12.132694244384766, 0.0, 0.0, -1.0, 0.0, -1.737804889678955, 4.72560977935791, 0.0, 26.758575439453125, 44.53077697753906, 0.0, 1000, 1000, 1000, 1000, -4.870523929595947, -11.323188781738281, 0.0, -3.4853739738464355, 16.12104606628418, 0.0, 0.0, 20.178953170776367, 20.178953170776367, 0.0, 0.0, 28.26177406311035, 28.26177406311035)
(-6.279731750488281, -13.665271759033203, 0.0, -1.0, -1.0, 0.0, 3.8109755516052246, 4.634146213531494, 0.0, 21.118927001953125, 50.66108703613281, 0.0, 1000, 1000, 1000, 1000, -12.230551719665527, -14.289376258850098, 0.0, -3.352294921875, 15.556105613708496, 0.0, 0.0, 12.25650691986084, 12.25650691986084, 0.0, 0.0, 32.59701156616211, 32.59701156616211)
(-9.195526123046875, -13.349189758300781, 0.0, -1.0, -1.0, 0.0, -3.9634146690368652, -2.77439022064209, 0.0, 32.7821044921875, 49.396759033203125, 0.0, 1000, 1000, 1000, 1000, -9.802393913269043, -17.272907257080078, 0.0, -3.7336971759796143, 15.37332820892334, 0.0, 0.0, 26.06191635131836, 26.06191635131836, 0.0, 0.0, 36.97065734863281, 36.97065734863281)
(-7.3179240226745605, -14.690712928771973, 0.0, -1.0, -1.0, 0.0, 10.243902206420898, -16.981706619262695, 0.0, 25.271696090698242, 54.76285171508789, 0.0, 1000, 1000, 1000, 1000, -4.50142240524292, -19.020700454711914, 0.0, -2.641014337539673, 13.871499061584473, 0.0, 0.0, 10.635369300842285, 10.635369300842285, 0.0, 0.0, 50.83456039428711, 50.83456039428711)
(-6.930361747741699, -16.09603500366211, 0.0, -1.0, -1.0, 0.0, 25.0, -15.97560977935791, 0.0, 23.721446990966797, 60.38414001464844, 0.0, 1000, 1000, 1000, 1000, -8.066540718078613, -16.58707046508789, 0.0, -2.763575792312622, 13.960674285888672, -0.0, 0.0, -0.9894077777862549, -0.9894077777862549, 0.0, 0.0, 54.272132873535156, 54.272132873535156)
(-5.172799587249756, -15.904447555541992, 0.0, -1.0, -1.0, 0.0, -2.1341464519500732, 4.756097793579102, 0.0, 16.691198348999023, 59.61779022216797, 0.0, 1000, 1000, 1000, 1000, -5.194808006286621, -5.054445743560791, 0.0, -2.944063663482666, 15.290703773498535, 0.0, 0.0, 13.290384292602539, 13.290384292602539, 0.0, 0.0, 38.97308349609375, 38.97308349609375)
(-6.15101957321167, -15.064384460449219, 0.0, -1.0, -1.0, 0.0, -0.18292683362960815, 10.792682647705078, 0.0, 20.60407829284668, 56.257537841796875, 0.0, 1000, 1000, 1000, 1000, -4.362783908843994, -15.5531005859375, 0.0, -2.9661669731140137, 15.950611114501953, 0.0, 0.0, 14.80549430847168, 14.80549430847168, 0.0, 0.0, 32.15960693359375, 32.15960693359375)
(-6.266103267669678, -12.243795394897461, 0.0, -1.0, -1.0, 0.0, -2.7439024448394775, 2.8353657722473145, 0.0, 21.06441307067871, 44.975181579589844, 0.0, 1000, 1000, 1000, 1000, -7.932538032531738, -12.993158340454102, 0.0, -3.2183010578155518, 17.376066207885742, 0.0, 0.0, 16.901121139526367, 16.901121139526367, 0.0, 0.0, 29.89130401611328, 29.89130401611328)
(-6.060880661010742, -10.984543800354004, 0.0, -1.0, -1.0, 0.0, -0.6707317233085632, 3.0487804412841797, 0.0, 20.24352264404297, 39.938175201416016, 0.0, 1000, 1000, 1000, 1000, -6.897243499755859, -7.592171669006348, 0.0, -3.0798864364624023, 17.968286514282227, 0.0, 0.0, 14.832700729370117, 14.832700729370117, 0.0, 0.0, 26.12767791748047, 26.12767791748047)
(-5.746873378753662, -9.60145092010498, 0.0, -1.0, 0.0, 0.0, -0.7012194991111755, -2.1646342277526855, 0.0, 18.98749351501465, 38.40580368041992, 0.0, 1000, 1000, 1000, 1000, -5.200818061828613, -9.165901184082031, 0.0, -3.0974159240722656, 18.44161033630371, 0.0, 0.0, 13.941588401794434, 13.941588401794434, 0.0, 0.0, 28.727584838867188, 28.727584838867188)
(-5.8588762283325195, -8.498519897460938, 0.0, -1.0, -1.0, 0.0, 0.9146341681480408, 2.5, 0.0, 19.435504913330078, 29.99407958984375, 0.0, 1000, 1000, 1000, 1000, -6.139965057373047, -7.036299705505371, 0.0, -2.9711966514587402, 19.27545738220215, 0.0, 0.0, 13.12365436553955, 13.12365436553955, 0.0, 0.0, 19.487091064453125, 19.487091064453125)
(-5.631476402282715, -7.783518314361572, 0.0, -1.0, -1.0, 0.0, 2.5609755516052246, 3.47560977935791, 0.0, 18.52590560913086, 27.13407325744629, 0.0, 1000, 1000, 1000, 1000, -3.1603455543518066, -4.704185485839844, 0.0, -2.9408609867095947, 19.615243911743164, 0.0, 0.0, 11.303726196289062, 11.303726196289062, 0.0, 0.0, 16.757463455200195, 16.757463455200195)
(-5.322268009185791, -7.117861747741699, 0.0, -1.0, -1.0, 0.0, -1.2195122241973877, 0.24390244483947754, 0.0, 17.289072036743164, 24.471446990966797, 0.0, 1000, 1000, 1000, 1000, -4.621143341064453, -6.938052654266357, 0.0, -2.9439096450805664, 19.870725631713867, 0.0, 0.0, 13.128557205200195, 13.128557205200195, 0.0, 0.0, 17.14841651916504, 17.14841651916504)
(-5.370517730712891, -6.895654678344727, 0.0, -1.0, -1.0, 0.0, -0.12195122241973877, 0.9146341681480408, 0.0, 17.482070922851562, 23.582618713378906, 0.0, 1000, 1000, 1000, 1000, -5.086297035217285, -7.0416975021362305, 0.0, -2.9961962699890137, 20.013107299804688, 0.0, 0.0, 12.478580474853516, 12.478580474853516, 0.0, 0.0, 16.05377769470215, 16.05377769470215)
(-5.39992618560791, -6.7524733543396, 0.0, 0.0, -1.0, 0.0, 1.6463414430618286, 2.591463327407837, 0.0, 21.59970474243164, 23.0098934173584, 0.0, 1000, 1000, 1000, 1000, -5.697476863861084, -5.196778774261475, 0.0, -3.015251636505127, 20.20670509338379, 0.0, 0.0, 14.142414093017578, 14.142414093017578, 0.0, 0.0, 14.479334831237793, 14.479334831237793)
(-5.305160999298096, -6.6048383712768555, 0.0, -1.0, -1.0, 0.0, -0.030487805604934692, 0.8231707215309143, 0.0, 17.220643997192383, 22.419353485107422, 0.0, 1000, 1000, 1000, 1000, -4.9031758308410645, -6.198399543762207, 0.0, -3.053056001663208, 20.354421615600586, 0.0, 0.0, 12.23297119140625, 12.23297119140625, 0.0, 0.0, 15.315119743347168, 15.315119743347168)
(-5.263289928436279, -6.557915687561035, 0.0, -1.0, -1.0, 0.0, -0.4268292784690857, 0.27439025044441223, 0.0, 17.053159713745117, 22.23166275024414, 0.0, 1000, 1000, 1000, 1000, -4.891589164733887, -6.4387526512146, 0.0, -3.1169281005859375, 20.47821044921875, 0.0, 0.0, 12.394400596618652, 12.394400596618652, 0.0, 0.0, 15.564048767089844, 15.564048767089844)
(-5.2867841720581055, -6.56373929977417, 0.0, -1.0, -1.0, 0.0, -0.15243902802467346, 0.6402438879013062, 0.0, 17.147136688232422, 22.25495719909668, 0.0, 1000, 1000, 1000, 1000, -5.584669589996338, -7.239087104797363, 0.0, -3.1759235858917236, 20.615257263183594, 0.0, 0.0, 12.26256275177002, 12.26256275177002, 0.0, 0.0, 15.324420928955078, 15.324420928955078)
(-5.266279697418213, -6.514730453491211, 0.0, -1.0, -1.0, 0.0, -0.27439025044441223, 0.5182926654815674, 0.0, 17.06511878967285, 22.058921813964844, 0.0, 1000, 1000, 1000, 1000, -5.382691383361816, -6.676953315734863, 0.0, -3.223026990890503, 20.75534439086914, 0.0, 0.0, 12.288790702819824, 12.288790702819824, 0.0, 0.0, 15.268940925598145, 15.268940925598145)
(-5.2499918937683105, -6.486260890960693, 0.0, -1.0, -1.0, 0.0, -0.24390244483947754, 0.6402438879013062, 0.0, 16.999967575073242, 21.945043563842773, 0.0, 1000, 1000, 1000, 1000, -5.119682788848877, -6.1277618408203125, 0.0, -3.27805757522583, 20.88874626159668, 0.0, 0.0, 12.222060203552246, 12.222060203552246, 0.0, 0.0, 15.100898742675781, 15.100898742675781)
(-5.244088649749756, -6.463994979858398, 0.0, -1.0, -1.0, 0.0, -0.24390244483947754, 0.6097561120986938, 0.0, 16.976354598999023, 21.855979919433594, 0.0, 1000, 1000, 1000, 1000, -5.221041202545166, -6.291599750518799, 0.0, -3.329124927520752, 21.02914810180664, 0.0, 0.0, 12.208434104919434, 12.208434104919434, 0.0, 0.0, 15.056864738464355, 15.056864738464355)