
(-3.55448317527771, -4.156058311462402, 0.0, -1.0, 0.0, 0.0, 1.1585365533828735, 5.457316875457764, 0.0, 15.326898574829102, 24.936349868774414, 0.0, 1000, 1000, 1000, 1000, -4.1042914390563965, -4.482108116149902, 0.0, -2.2277486324310303, 6.85975980758667, 1.8418869972229004, 15.819238662719727, -1.1451416015625, 16.51598358154297, 2.5322742462158203, 18.22418212890625, -1.9814469814300537, 18.77501106262207)
(-3.4927539825439453, -4.131797790527344, 0.0, 0.0, 0.0, 0.0, -2.591463327407837, 1.4939024448394775, 0.0, 20.956523895263672, 24.790786743164062, 0.0, 1000, 1000, 1000, 1000, -3.1943068504333496, -5.151230335235596, 0.0, -2.4254627227783203, 7.409912586212158, 3.0612382888793945, 16.958866119384766, 4.282304763793945, 24.30240821838379, 3.028594970703125, 19.805143356323242, 0.6561247110366821, 23.4898624420166)
(-3.5639333724975586, -4.190765380859375, 0.0, -1.0, 0.0, 0.0, -2.3475608825683594, 1.585365891456604, 0.0, 15.383600234985352, 25.14459228515625, 0.0, 1000, 1000, 1000, 1000, -2.817732810974121, -4.878559589385986, 0.0, -2.696803569793701, 7.9170756340026855, 2.305050849914551, 18.18471336364746, 0.6677435040473938, 21.157506942749023, 3.062699556350708, 21.435903549194336, 0.16303938627243042, 24.66164207458496)
(-3.888123035430908, -4.424221038818359, 0.0, -1.0, 0.0, 0.0, 0.9451219439506531, 2.7439024448394775, 0.0, 17.328739166259766, 26.545326232910156, 0.0, 1000, 1000, 1000, 1000, -2.9987082481384277, -5.336910724639893, 0.0, -3.2007668018341064, 8.265552520751953, 2.1298701763153076, 19.511320114135742, -1.4839885234832764, 20.157201766967773, 3.0941851139068604, 23.130783081054688, -0.3174748718738556, 25.90749168395996)
(-3.6686043739318848, -4.205425262451172, 0.0, -1.0, 0.0, 0.0, -0.3048780560493469, 2.682926893234253, 0.0, 16.011627197265625, 25.23255157470703, 0.0, 1000, 1000, 1000, 1000, -2.8951663970947266, -4.288547515869141, 0.0, -3.2242417335510254, 8.920581817626953, 2.121145725250244, 20.76882553100586, 0.26708877086639404, 23.157058715820312, 2.9314513206481934, 24.771488189697266, -0.2119329869747162, 27.491004943847656)
(-3.6224446296691895, -4.212913990020752, 0.0, -1.0, 0.0, 0.0, -0.7012194991111755, 1.7987804412841797, 0.0, 15.734667778015137, 25.277484893798828, 0.0, 1000, 1000, 1000, 1000, -3.6096010208129883, -7.225885391235352, 0.0, -3.39192533493042, 9.553664207458496, 2.1366653442382812, 21.930477142333984, -0.28080976009368896, 23.786333084106445, 3.052231550216675, 26.358470916748047, 0.8428856134414673, 30.253589630126953)
(-4.825414657592773, -7.963401794433594, 0.0, -1.0, 0.0, 0.0, -5.365853786468506, -72.80487823486328, 0.0, 22.95248794555664, 47.78041076660156, 0.0, 1000, 1000, 1000, 1000, -3.807455062866211, -5.347575664520264, 0.0, -5.053662300109863, 5.795740604400635, 3.681384563446045, 23.845645904541016, -0.8504725694656372, 26.676559448242188, 15.676087379455566, 29.589672088623047, 22.105548858642578, 67.37130737304688)
(-6.372260570526123, -19.05921173095703, 0.0, -1.0, 0.0, 0.0, -6.5853657722473145, 61.49390411376953, 0.0, 32.23356246948242, 114.35527038574219, 0.0, 1000, 1000, 1000, 1000, -8.903417587280273, -20.83230209350586, 0.0, -6.248632431030273, -7.747703552246094, 5.0464606285095215, 26.09450912475586, 3.3413286209106445, 34.4822998046875, 6.871977806091309, 40.69569396972656, -32.289608001708984, 15.278064727783203)
(-4.893990516662598, -13.398815155029297, 0.0, 0.0, 0.0, 0.0, -5.54878044128418, -21.371952056884766, 0.0, 29.363943099975586, 80.39289093017578, 0.0, 1000, 1000, 1000, 1000, -0.9776949882507324, -11.205337524414062, 0.0, -6.749240875244141, -2.5772769451141357, 4.53865385055542, 28.460956573486328, 3.1352603435516357, 36.13487243652344, 13.229430198669434, 44.78395462036133, 1.2953027486801147, 59.308685302734375)
(-4.837204456329346, -18.51612663269043, 0.0, -1.0, 0.0, 0.0, -4.603658676147461, -45.73170852661133, 0.0, 23.02322769165039, 111.09675598144531, 0.0, 1000, 1000, 1000, 1000, -0.1132805347442627, -29.24383544921875, 0.0, -7.627593994140625, -7.761119842529297, 3.5914952754974365, 30.397855758666992, 0.2625909745693207, 34.2519416809082, 20.387699127197266, 53.04668426513672, 10.644108772277832, 84.0784912109375)
(-3.4295220375061035, -24.9167423248291, 0.0, -1.0, 0.0, 0.0, 56.067073822021484, 70.42682647705078, 0.0, 14.577132225036621, 149.50045776367188, 0.0, 1000, 1000, 1000, 1000, -4.6533613204956055, -21.005111694335938, 0.0, -4.452898025512695, -14.251827239990234, -5.393692493438721, 31.533050537109375, -4.69139289855957, 21.447965621948242, 10.279572486877441, 65.14048767089844, -32.2723503112793, 43.14771270751953)
(-20.38810920715332, 13.216413497924805, 0.0, -1.0, 0.0, 0.0, -75.73170471191406, 173.53659057617188, 0.0, 116.32865905761719, -79.29847717285156, 0.0, 1000, 1000, 1000, 1000, -14.61990737915039, 6.954228401184082, 0.0, -24.284299850463867, 26.046497344970703, 24.96784782409668, 41.25025177001953, -6.581916332244873, 59.63618087768555, -32.86855697631836, 55.37746047973633, -14.574466705322266, 7.934435844421387)
(-13.459529876708984, 26.697044372558594, 0.0, -1.0, 0.0, 0.0, 50.85365676879883, 45.7621955871582, 0.0, 74.7571792602539, -160.18226623535156, 0.0, 1000, 1000, 1000, 1000, -10.369500160217285, 14.380847930908203, 0.0, -20.49985122680664, 46.08216857910156, 3.1074578762054443, 47.87696075439453, -6.188381195068359, 44.79603958129883, -26.77277946472168, 39.5989875793457, -2.5744781494140625, 10.251730918884277)
(-5.33273458480835, 26.627058029174805, 0.0, -1.0, 0.0, 0.0, 10.731707572937012, -15.365853309631348, 0.0, 25.99640655517578, -159.76234436035156, 0.0, 1000, 1000, 1000, 1000, -4.997913360595703, 19.989229202270508, 0.0, -13.354425430297852, 53.11493682861328, 1.9844108819961548, 48.92981719970703, 1.9158002138137817, 52.83002853393555, -18.771543502807617, 25.842124938964844, 14.594062805175781, 21.66464614868164)
(-5.907812595367432, 5.244198799133301, 0.0, -1.0, 0.0, 0.0, 15.670731544494629, -127.19512176513672, 0.0, 29.446876525878906, -31.465192794799805, 0.0, 1000, 1000, 1000, 1000, -7.915921211242676, 6.464365005493164, 0.0, -13.268905639648438, 33.525306701660156, 1.7908987998962402, 50.97760009765625, -2.459609270095825, 50.30889129638672, 12.444890975952148, 24.60165023803711, 25.944364547729492, 62.99090576171875)
(-2.2626752853393555, -15.5422945022583, 0.0, -1.0, 0.0, 0.0, 12.408536911010742, -40.975608825683594, 0.0, 7.576051712036133, 93.25376892089844, 0.0, 1000, 1000, 1000, 1000, -2.5619869232177734, -8.20400619506836, 0.0, -9.064793586730957, 9.848937034606934, -0.6282230615615845, 51.10285949707031, -2.083691358566284, 48.39094543457031, 17.449817657470703, 35.11962127685547, -5.312194347381592, 47.25724411010742)
(-3.449378728866577, -12.423221588134766, 0.0, -1.0, 0.0, 0.0, -16.890243530273438, -1.1280487775802612, 0.0, 14.696271896362305, 74.5393295288086, 0.0, 1000, 1000, 1000, 1000, -3.941248893737793, -7.003995418548584, 0.0, -10.192537307739258, 9.341011047363281, 4.1062469482421875, 51.98529052734375, 2.784790277481079, 58.87632751464844, 9.836759567260742, 41.45807647705078, 2.417387008666992, 53.712223052978516)
(-5.471438407897949, -5.160720348358154, 0.0, -1.0, 0.0, 0.0, 9.054878234863281, 68.14024353027344, 0.0, 26.828630447387695, 30.96432113647461, 0.0, 1000, 1000, 1000, 1000, -5.559021949768066, -5.056883811950684, 0.0, -12.15991497039795, 15.38918399810791, 2.3105878829956055, 54.298744201660156, -3.9485466480255127, 52.66078567504883, -4.832870006561279, 43.938987731933594, -13.391077041625977, 25.71504020690918)
(-0.7427963018417358, 11.174041748046875, 0.0, -1.0, 0.0, 0.0, 23.658536911010742, 42.469512939453125, 0.0, -1.543222188949585, -67.04425048828125, 0.0, 1000, 1000, 1000, 1000, -2.836972713470459, 6.944734573364258, 0.0, -6.852903842926025, 33.93339920043945, -3.276228666305542, 53.76776885986328, -1.5890655517578125, 48.90247344970703, -14.23678970336914, 36.7216796875, 5.847574234008789, 28.33246421813965)
(-0.06996844708919525, 3.0945987701416016, 0.0, -1.0, 0.0, 0.0, -15.914633750915527, -59.664634704589844, 0.0, -5.580189228057861, -18.56759262084961, 0.0, 1000, 1000, 1000, 1000, 0.21366500854492188, 1.3854451179504395, 0.0, -5.620892524719238, 27.9981746673584, 1.343477725982666, 52.82680130004883, 5.354557514190674, 59.524837493896484, 5.342615604400635, 34.69380569458008, 11.387228012084961, 51.423648834228516)
(-4.502460956573486, -6.803969860076904, 0.0, -1.0, 0.0, 0.0, -22.164634704589844, -33.84146499633789, 0.0, 21.014766693115234, 40.82381820678711, 0.0, 1000, 1000, 1000, 1000, -3.54636287689209, -5.1210432052612305, 0.0, -10.626530647277832, 17.83841896057129, 5.6133222579956055, 55.013423919677734, 2.4861392974853516, 63.112884521484375, 9.706486701965332, 39.0493278503418, 5.656609058380127, 54.41242599487305)
(-8.190787315368652, -10.322735786437988, 0.0, -1.0, 0.0, 0.0, -14.085366249084473, 2.591463327407837, 0.0, 43.14472198486328, 61.93641662597656, 0.0, 1000, 1000, 1000, 1000, -6.621969223022461, -7.2764482498168945, 0.0, -15.39832592010498, 12.788111686706543, 7.439911365509033, 58.80203628540039, -0.039384156465530396, 66.20256042480469, 7.71484375, 44.5250244140625, -4.052516937255859, 48.18735122680664)
(-7.47785758972168, -3.3449344635009766, 0.0, 0.0, 0.0, 0.0, 6.554878234863281, 52.56097412109375, 0.0, 44.86714553833008, 20.06960678100586, 0.0, 1000, 1000, 1000, 1000, -7.164095878601074, -5.090646743774414, 0.0, -15.568605422973633, 19.45625114440918, 4.980594635009766, 61.96405792236328, -0.009105789475142956, 66.935546875, -4.223877906799316, 45.786643981933594, -8.0951509475708, 33.46761703491211)
(-4.23138427734375, 5.54265832901001, 0.0, -1.0, 0.0, 0.0, 22.439023971557617, 29.268293380737305, 0.0, 19.3883056640625, -33.255950927734375, 0.0, 1000, 1000, 1000, 1000, -4.510035037994385, 2.096130847930908, 0.0, -12.432324409484863, 30.235366821289062, -0.3965933918952942, 63.204734802246094, -3.7630698680877686, 59.04507064819336, -8.128151893615723, 41.821434020996094, 1.577268362045288, 35.27055358886719)
(-0.9514812231063843, 1.8177670240402222, 0.0, -1.0, 0.0, 0.0, -5.853658676147461, -43.68902587890625, 0.0, -0.29111266136169434, -10.906601905822754, 0.0, 1000, 1000, 1000, 1000, -0.9409182071685791, 1.1267127990722656, 0.0, -8.910219192504883, 28.29130744934082, 0.7231309413909912, 62.538211822509766, 4.701750755310059, 67.96309661865234, 4.261715412139893, 40.228736877441406, 10.307228088378906, 54.79767990112305)
(-5.736412525177002, -7.263970375061035, 0.0, -1.0, 0.0, 0.0, -19.69512176513672, -23.841463088989258, 0.0, 28.418476104736328, 43.583824157714844, 0.0, 1000, 1000, 1000, 1000, -3.399704933166504, -6.043143272399902, 0.0, -13.985371589660645, 19.187198638916016, 6.254767894744873, 65.0774917602539, -0.38190415501594543, 70.95035552978516, 8.765287399291992, 44.45863342285156, 0.7022405862808228, 53.92616271972656)
(-6.762557506561279, -7.147365570068359, 0.0, -1.0, 0.0, 0.0, 2.8658535480499268, 22.65243911743164, 0.0, 34.57534408569336, 42.884193420410156, 0.0, 1000, 1000, 1000, 1000, -5.6635847091674805, -6.928544998168945, 0.0, -15.838878631591797, 18.536128997802734, 4.122233867645264, 68.06597900390625, -1.4384093284606934, 70.74980163574219, 2.6301281452178955, 48.031280517578125, -7.1315484046936035, 43.52985763549805)
(-4.82119607925415, 1.2004574537277222, 0.0, -1.0, 0.0, 0.0, 16.95121955871582, 34.878047943115234, 0.0, 22.92717742919922, -7.202744483947754, 0.0, 1000, 1000, 1000, 1000, -5.6263532638549805, -1.3556082248687744, 0.0, -13.920741081237793, 27.702434539794922, 0.7768745422363281, 69.67366027832031, -3.3342466354370117, 67.11628723144531, -5.470502853393555, 46.51691818237305, -0.595781147480011, 40.45063400268555)
(-0.2575816810131073, 3.2480838298797607, 0.0, -1.0, 0.0, 0.0, 18.5060977935791, -8.932927131652832, 0.0, -4.454509735107422, -19.488502502441406, 0.0, 1000, 1000, 1000, 1000, -0.7689158916473389, 1.2639575004577637, 0.0, -9.052449226379395, 31.522098541259766, -2.9848790168762207, 68.88152313232422, -0.818347156047821, 65.07829284667969, -1.3722248077392578, 44.080322265625, 6.670239448547363, 49.378334045410156)
(-2.0908544063568115, -6.611302852630615, 0.0, 0.0, 0.0, 0.0, -30.426828384399414, -36.46341323852539, 0.0, 12.545125961303711, 39.667816162109375, 0.0, 1000, 1000, 1000, 1000, -1.1023108959197998, -5.352699279785156, 0.0, -10.73979663848877, 22.050762176513672, 5.5863542556762695, 69.17391967773438, 7.7169647216796875, 82.47723388671875, 9.897059440612793, 47.49410629272461, -0.3014468848705292, 57.089717864990234)
(-7.1944074630737305, -7.355507850646973, 0.0, -1.0, 0.0, 0.0, -6.920731544494629, 16.341463088989258, 0.0, 37.16644287109375, 44.13304901123047, 0.0, 1000, 1000, 1000, 1000, -5.812743663787842, -6.668153285980225, 0.0, -16.599857330322266, 20.585664749145508, 5.731332778930664, 72.7656021118164, -2.5945653915405273, 75.90237426757812, 3.6129062175750732, 51.23383331298828, -5.952190399169922, 48.89455032348633)
(-4.815535545349121, -0.0071026976220309734, 0.0, -1.0, 0.0, 0.0, 16.707317352294922, 42.10365676879883, 0.0, 22.893213272094727, 0.042616184800863266, 0.0, 1000, 1000, 1000, 1000, -5.898100852966309, -3.3390278816223145, 0.0, -14.636747360229492, 28.45716094970703, 0.8041664958000183, 74.41848754882812, -2.614382743835449, 72.60826873779297, -5.467935085296631, 50.53807830810547, -5.244790554046631, 39.825355529785156)
(-1.3095359802246094, 4.681975364685059, 0.0, -1.0, 0.0, 0.0, 8.59756088256836, -9.969511985778809, 0.0, 1.8572158813476562, -28.09185218811035, 0.0, 1000, 1000, 1000, 1000, -1.8841257095336914, 0.8805537223815918, 0.0, -10.817695617675781, 35.12972640991211, -0.876244843006134, 74.11579895019531, 0.7037503719329834, 73.94330596923828, -2.3559043407440186, 47.01401901245117, 8.605812072753906, 53.2639274597168)
(-3.672856569290161, -4.599667072296143, 0.0, -1.0, 0.0, 0.0, -22.65243911743164, -46.18902587890625, 0.0, 16.037139892578125, 27.598003387451172, 0.0, 1000, 1000, 1000, 1000, -3.2813425064086914, -4.382191181182861, 0.0, -13.32303237915039, 26.645444869995117, 5.0296454429626465, 75.25594329833984, 2.8974950313568115, 83.1830825805664, 9.592314720153809, 49.317169189453125, 4.512801170349121, 63.42228317260742)
(-6.8239874839782715, -8.712301254272461, 0.0, -1.0, 0.0, 0.0, -12.865853309631348, 12.22560977935791, 0.0, 34.94392395019531, 52.273807525634766, 0.0, 1000, 1000, 1000, 1000, -3.994443416595459, -8.453577995300293, 0.0, -17.329282760620117, 21.703222274780273, 6.21527099609375, 78.47161865234375, 1.0450336933135986, 85.73191833496094, 5.206265926361084, 54.180870056152344, -6.003843784332275, 53.38329315185547)
(-7.8926825523376465, 0.4766877293586731, 0.0, -1.0, 0.0, 0.0, 0.4573170840740204, 80.67073059082031, 0.0, 41.35609436035156, -2.860126495361328, 0.0, 1000, 1000, 1000, 1000, -6.615006446838379, -1.2368741035461426, 0.0, -19.096664428710938, 31.44376564025879, 5.316841125488281, 81.770263671875, -2.129398822784424, 84.95770263671875, -10.859010696411133, 53.52473449707031, -13.705113410949707, 28.96061134338379)
(-4.976646423339844, 8.8495454788208, 0.0, 0.0, 0.0, 0.0, 16.890243530273438, -23.140243530273438, 0.0, 29.859878540039062, -53.09727478027344, 0.0, 1000, 1000, 1000, 1000, -5.365410804748535, 6.009311676025391, 0.0, -16.757638931274414, 42.26297378540039, 1.6860525608062744, 83.47722625732422, -1.121282935142517, 84.0419921875, -3.894413948059082, 47.30189514160156, 16.01813507080078, 59.42561721801758)
(-3.460113525390625, -6.18048620223999, 0.0, -1.0, 0.0, 0.0, -16.067073822021484, -63.07926940917969, 0.0, 14.76068115234375, 37.082916259765625, 0.0, 1000, 1000, 1000, 1000, -3.8164234161376953, -5.938006401062012, 0.0, -15.149103164672852, 28.067842483520508, 4.007607936859131, 84.05265045166016, 5.133167743682861, 93.19342803955078, 13.02108383178711, 50.72895431518555, 3.7122585773468018, 67.46229553222656)
(-8.680153846740723, -1.0255743265151978, 0.0, -1.0, 0.0, 0.0, -6.006097793579102, 93.4756088256836, 0.0, 46.08092498779297, 6.153446197509766, 0.0, 1000, 1000, 1000, 1000, -7.717289924621582, -5.056887149810791, 0.0, -21.051843643188477, 33.28567886352539, 6.771312713623047, 88.10652160644531, -4.519873142242432, 90.35796356201172, -11.35188102722168, 51.834251403808594, -21.533401489257812, 18.948970794677734)
(-5.960677623748779, 11.231471061706543, 0.0, -1.0, 0.0, 0.0, 15.182927131652832, -21.09756088256836, 0.0, 29.76406478881836, -67.38882446289062, 0.0, 1000, 1000, 1000, 1000, -5.296611309051514, 8.898262977600098, 0.0, -18.65717887878418, 47.564353942871094, 1.895547866821289, 90.27212524414062, -1.4579293727874756, 90.7097396850586, -6.017864227294922, 44.217628479003906, 18.341476440429688, 56.54124069213867)
(-7.624957084655762, -12.224727630615234, 0.0, -1.0, 0.0, 0.0, -20.762195587158203, -115.51829528808594, 0.0, 39.74974060058594, 73.3483657836914, 0.0, 1000, 1000, 1000, 1000, -6.180970191955566, -9.598297119140625, 0.0, -20.499862670898438, 24.322284698486328, 7.866551876068115, 92.93109130859375, 1.5624417066574097, 102.3600845336914, 24.55266761779785, 50.599151611328125, 4.871647834777832, 80.02346801757812)
(-4.591187953948975, -6.596921443939209, 0.0, -1.0, 0.0, 0.0, 32.28658676147461, 79.29878234863281, 0.0, 21.54712677001953, 39.58152770996094, 0.0, 1000, 1000, 1000, 1000, -5.45086145401001, -6.474110126495361, 0.0, -18.329593658447266, 27.992097854614258, -1.396129846572876, 94.9359130859375, -6.85445499420166, 86.6853256225586, -5.163243293762207, 54.952903747558594, -12.458250999450684, 37.3314094543457)
(-1.042631983757019, -0.638523519039154, 0.0, -1.0, 0.0, 0.0, -2.0426828861236572, -36.219512939453125, 0.0, 0.25579190254211426, 3.8311409950256348, 0.0, 1000, 1000, 1000, 1000, -1.9009039402008057, 0.022701263427734375, 0.0, -13.64377212524414, 34.44560623168945, 0.2988017201423645, 94.00196075439453, 4.610086441040039, 98.91085052490234, 5.20658540725708, 53.482582092285156, 13.713988304138184, 72.40315246582031)
(-4.928179740905762, -6.365448951721191, 0.0, 0.0, 0.0, 0.0, -4.146341323852539, 39.969512939453125, 0.0, 29.56907844543457, 38.19269561767578, 0.0, 1000, 1000, 1000, 1000, -3.8883800506591797, -7.529433250427246, 0.0, -17.43874168395996, 28.96831703186035, 4.383004665374756, 96.06405639648438, -0.7525703310966492, 99.69449615478516, -0.23098625242710114, 57.32720947265625, -16.636926651000977, 40.45929718017578)
(-2.4854812622070312, 14.779789924621582, 0.0, -1.0, 0.0, 0.0, 18.871952056884766, 122.95731353759766, 0.0, 8.912887573242188, -88.67874145507812, 0.0, 1000, 1000, 1000, 1000, -3.1468143463134766, 5.412330627441406, 0.0, -14.610536575317383, 53.11237716674805, -1.2946783304214478, 96.53270721435547, -1.7204411029815674, 93.51758575439453, -27.512685775756836, 48.65485382080078, -11.158470153808594, 9.983696937561035)
(1.0466701984405518, 26.064634323120117, 0.0, -1.0, 0.0, 0.0, 14.542682647705078, -2.378048896789551, 0.0, -12.280021667480469, -156.38780212402344, 0.0, 1000, 1000, 1000, 1000, 0.5969991683959961, 17.60805892944336, 0.0, -10.8966646194458, 69.86740112304688, -3.4869515895843506, 95.2955551147461, -1.2240111827850342, 90.5845947265625, -20.02126693725586, 33.83839797973633, 14.720168113708496, 28.53730010986328)
(2.543297529220581, 18.384851455688477, 0.0, -1.0, 0.0, 0.0, -5.7317070960998535, -8.414633750915527, 0.0, -21.259784698486328, -110.30911254882812, 0.0, 1000, 1000, 1000, 1000, 1.4416265487670898, 12.583747863769531, 0.0, -8.88202953338623, 66.58263397216797, -2.0186500549316406, 93.38966369628906, 3.3816306591033936, 94.75264739990234, -13.246282577514648, 25.481863021850586, 0.6177514791488647, 12.85333251953125)
(0.26323840022087097, 17.984663009643555, 0.0, -1.0, 0.0, 0.0, -6.829268455505371, 11.067072868347168, 0.0, -7.57943058013916, -107.90797424316406, 0.0, 1000, 1000, 1000, 1000, 0.5731621980667114, 15.257501602172852, 0.0, -10.81800365447998, 68.7182846069336, -0.09752107411623001, 92.97826385498047, 0.3325295150279999, 93.21327209472656, -15.466755867004395, 17.3703556060791, 3.305830478668213, 5.209429740905762)
(-0.468901664018631, 16.165237426757812, 0.0, -1.0, 0.0, 0.0, 0.060975611209869385, -2.8353657722473145, 0.0, -3.1865899562835693, -96.99142456054688, 0.0, 1000, 1000, 1000, 1000, -0.1929459571838379, 13.520536422729492, 0.0, -11.481568336486816, 68.62408447265625, -0.4221835136413574, 92.91032409667969, -1.6167192459106445, 90.87142181396484, -12.240287780761719, 10.117780685424805, 0.5100583434104919, -1.6124482154846191)
(-1.074375033378601, 15.557939529418945, 0.0, -1.0, 0.0, 0.0, -2.317073106765747, 0.4268292784690857, 0.0, 0.44625020027160645, -93.34764099121094, 0.0, 1000, 1000, 1000, 1000, -0.26596641540527344, 14.102140426635742, 0.0, -12.25351619720459, 69.1324691772461, 0.3592320382595062, 93.02984619140625, -0.5862119793891907, 92.80286407470703, -12.190680503845215, 3.3101210594177246, 1.455488920211792, -7.425070762634277)
(-0.6171378493309021, 12.118317604064941, 0.0, -1.0, 0.0, 0.0, -4.1768293380737305, -48.20121765136719, 0.0, -2.297173023223877, -72.70990753173828, 0.0, 1000, 1000, 1000, 1000, 1.196466088294983, 12.699310302734375, 0.0, -12.287206649780273, 66.15090942382812, 0.24435532093048096, 93.00163269042969, 1.441033124923706, 94.68701934814453, -3.186129570007324, -1.9106390476226807, 15.395163536071777, 10.298395156860352)
(-2.991292953491211, -3.4040045738220215, 0.0, -1.0, 0.0, 0.0, -24.664634704589844, -94.84756469726562, 0.0, 11.947757720947266, 20.424026489257812, 0.0, 1000, 1000, 1000, 1000, -2.325819492340088, 3.6311416625976562, 0.0, -15.13278865814209, 48.27439498901367, 4.759611129760742, 94.16886901855469, 6.5052103996276855, 105.4336929321289, 14.985306739807129, 1.8028620481491089, 18.249265670776367, 35.03743362426758)
(-5.03739070892334, -9.081101417541504, 0.0, -1.0, 0.0, 0.0, -10.609756469726562, 13.384146690368652, 0.0, 24.22434425354004, 54.486610412597656, 0.0, 1000, 1000, 1000, 1000, -2.8583531379699707, -4.72559928894043, 0.0, -17.7567195892334, 38.81417465209961, 4.528432846069336, 96.47534942626953, 2.102367639541626, 103.10614776611328, 5.343320369720459, 8.289240837097168, -10.418469429016113, 3.214092254638672)
(-20.933349609375, 0.5302929878234863, 0.0, -1.0, 0.0, 0.0, -166.40243530273438, 36.09756088256836, 0.0, 119.60009765625, -3.181757926940918, 0.0, 1000, 1000, 1000, 1000, -12.648327827453613, 1.0932574272155762, 0.0, -36.349098205566406, 46.73506164550781, 37.180328369140625, 105.99407958984375, 29.487886428833008, 172.66229248046875, -5.106311798095703, 7.791806697845459, -3.3012452125549316, -0.6157500743865967)
(-41.3317756652832, 5.707845687866211, 0.0, -1.0, 0.0, 0.0, 41.280487060546875, 1.097561001777649, 0.0, 241.99066162109375, -34.247074127197266, 0.0, 1000, 1000, 1000, 1000, -28.976062774658203, 4.614672660827637, 0.0, -64.33795928955078, 52.15030288696289, 26.092323303222656, 129.23292541503906, -38.944549560546875, 116.38069152832031, -4.594802379608154, 4.4816718101501465, 4.127996444702148, 4.014865398406982)
(-4.189094543457031, 0.9729459285736084, 0.0, 0.0, 0.0, 0.0, 170.36585998535156, -13.993902206420898, 0.0, 25.134567260742188, -5.83767557144165, 0.0, 1000, 1000, 1000, 1000, -8.826497077941895, 0.8119473457336426, 0.0, -29.21768569946289, 47.898780822753906, -18.880067825317383, 128.4190673828125, -15.556951522827148, 93.98204803466797, 1.0603095293045044, 4.273891448974609, 1.4266037940979004, 6.760804653167725)
(13.872312545776367, 0.41961973905563354, 0.0, -1.0, 0.0, 0.0, 14.542682647705078, 6.371951103210449, 0.0, -89.23387145996094, -2.5177183151245117, 0.0, 1000, 1000, 1000, 1000, 5.34892463684082, 1.2673168182373047, 0.0, -5.8280534744262695, 47.374088287353516, -13.490951538085938, 117.44657897949219, 14.568218231201172, 118.52384185791016, -1.1556570529937744, 4.3383049964904785, -1.2562793493270874, 1.9263685941696167)
(-6.096439838409424, 3.261443614959717, 0.0, -1.0, 0.0, 0.0, -150.48780822753906, 26.64634132385254, 0.0, 30.57863998413086, -19.568660736083984, 0.0, 1000, 1000, 1000, 1000, -5.166632652282715, 1.8582038879394531, 0.0, -22.973175048828125, 50.749698638916016, 23.538639068603516, 119.39379119873047, 26.211315155029297, 169.1437530517578, -6.007950305938721, 2.6871984004974365, -4.7600998878479, -8.080851554870605)
(-29.40582847595215, 6.610864162445068, 0.0, -1.0, -1.0, 0.0, -59.60365676879883, 5.121951103210449, 0.0, 170.43496704101562, -45.665184020996094, 0.0, 1000, 1000, 1000, 1000, -21.33853530883789, 4.655435562133789, 0.0, -49.86295700073242, 55.47393035888672, 29.905019760131836, 135.7968292236328, -2.9941446781158447, 162.70770263671875, -6.602327823638916, -1.1740576028823853, -1.2177681922912598, -8.994153022766113)
(-20.685224533081055, 2.869626998901367, 0.0, -1.0, 0.0, 0.0, 122.2256088256836, -40.914634704589844, 0.0, 118.11134338378906, -17.217761993408203, 0.0, 1000, 1000, 1000, 1000, -18.131988525390625, 2.5710883140563965, 0.0, -44.90898895263672, 52.65990447998047, -0.534854531288147, 146.11376953125, -31.27649688720703, 114.30242156982422, 3.0805933475494385, -2.8003649711608887, 9.233315467834473, 9.513544082641602)
(8.388449668884277, -2.1876237392425537, 0.0, -1.0, 0.0, 0.0, 74.0243911743164, 5.5182929039001465, 0.0, -56.33069610595703, 13.125741958618164, 0.0, 1000, 1000, 1000, 1000, 1.6009690761566162, -0.9324159622192383, 0.0, -13.66340446472168, 47.328189849853516, -16.9461612701416, 138.1366424560547, 5.878186225891113, 127.06866455078125, 0.9889683723449707, -0.9243990778923035, -4.121849060058594, -4.057279586791992)
(0.16970385611057281, 2.5100948810577393, 0.0, -1.0, 0.0, 0.0, -101.89024353027344, 21.890243530273438, 0.0, -7.018223285675049, -15.060569763183594, 0.0, 1000, 1000, 1000, 1000, -1.1988842487335205, 2.862484931945801, 0.0, -18.77849769592285, 51.92820358276367, 12.333362579345703, 136.08468627929688, 21.723955154418945, 170.1420135498047, -4.803605556488037, -2.32015061378479, -1.836619257926941, -8.960375785827637)
(-20.265689849853516, 3.357332468032837, 0.0, 0.0, 0.0, 0.0, -9.359756469726562, -2.7134146690368652, 0.0, 121.5941390991211, -20.14399528503418, 0.0, 1000, 1000, 1000, 1000, -16.33284568786621, 1.702268123626709, 0.0, -40.407920837402344, 53.58919143676758, 17.024005889892578, 147.48248291015625, -13.008519172668457, 151.4979705810547, -2.2659754753112793, -4.27039098739624, 1.9856489896774292, -4.550717830657959)
(-4.297901630401611, -2.5643391609191895, 0.0, -1.0, -1.0, 0.0, 79.1463394165039, -58.20121765136719, 0.0, 19.787410736083984, 9.386034965515137, 0.0, 1000, 1000, 1000, 1000, -5.055191516876221, -3.2848849296569824, 0.0, -24.945735931396484, 47.72365188598633, -7.716660499572754, 148.197265625, -5.5627360343933105, 134.91787719726562, 8.78634262084961, -3.158442258834839, 9.602170944213867, 15.230071067810059)
(0.9876916408538818, -11.354155540466309, 0.0, -1.0, 0.0, 0.0, -13.780488014221191, -40.73170852661133, 0.0, -11.926149368286133, 68.12493133544922, 0.0, 1000, 1000, 1000, 1000, 1.3561488389968872, -8.614165306091309, 0.0, -18.612964630126953, 37.67409896850586, 0.24106402695178986, 145.7576141357422, 5.00960636138916, 151.00828552246094, 14.151363372802734, 3.023392915725708, 4.101648807525635, 21.276405334472656)
(0.6057181358337402, -18.07387924194336, 0.0, -1.0, 0.0, 0.0, 49.75609588623047, -43.96341323852539, 0.0, -9.634308815002441, 108.44327545166016, 0.0, 1000, 1000, 1000, 1000, -2.821199893951416, -16.533119201660156, 0.0, -17.561288833618164, 28.614042282104492, -7.720752716064453, 145.14895629882812, -17.210493087768555, 120.21770477294922, 19.812870025634766, 11.624858856201172, 0.09155139327049255, 31.529279708862305)
(19.713191986083984, -7.233701229095459, 0.0, -1.0, 0.0, 0.0, 23.963415145874023, 23.35365867614746, 0.0, -124.2791519165039, 43.40220642089844, 0.0, 1000, 1000, 1000, 1000, 14.193093299865723, -8.121315002441406, 0.0, 5.266455173492432, 38.8865966796875, -19.271533966064453, 133.1500701904297, 19.17046356201172, 133.04901123046875, 2.606311321258545, 14.51511001586914, 13.355853080749512, 30.47727394104004)
(1.2858344316482544, -1.9524365663528442, 0.0, -1.0, 0.0, 0.0, -139.1768341064453, 50.54878234863281, 0.0, -13.715006828308105, 11.714619636535645, 0.0, 1000, 1000, 1000, 1000, 5.058833599090576, -6.813222885131836, 0.0, -11.317538261413574, 46.206722259521484, 16.31003761291504, 132.48086547851562, 24.6252498626709, 173.41615295410156, -5.048441410064697, 14.47559642791748, -8.25607681274414, 1.1710777282714844)
(-23.26228141784668, 9.70080280303955, 0.0, -1.0, -1.0, 0.0, -27.926828384399414, 28.384145736694336, 0.0, 133.5736846923828, -64.20481872558594, 0.0, 1000, 1000, 1000, 1000, -19.637643814086914, 4.2379608154296875, 0.0, -40.75487518310547, 60.82379150390625, 20.995067596435547, 146.58128356933594, -17.812667846679688, 149.76368713378906, -12.036565780639648, 7.960116386413574, 0.6848387122154236, -3.3916103839874268)
(-12.59250259399414, 1.8301944732666016, 0.0, -1.0, 0.0, 0.0, 60.36585235595703, 7.1646342277526855, 0.0, 69.55501556396484, -10.98116683959961, 0.0, 1000, 1000, 1000, 1000, -11.869150161743164, -2.5869154930114746, 0.0, -32.04039001464844, 55.925479888916016, 1.1945911645889282, 151.6334686279297, -7.832949161529541, 144.9951171875, -2.3589541912078857, 6.853586196899414, -10.18354606628418, -5.6889142990112305)
(-8.421296119689941, 4.885781764984131, 0.0, -1.0, 0.0, 0.0, -9.939023971557617, 36.61585235595703, 0.0, 44.52777862548828, -29.31468963623047, 0.0, 1000, 1000, 1000, 1000, -7.970977783203125, 6.986922264099121, 0.0, -28.15532875061035, 59.79835510253906, 7.080684661865234, 153.98251342773438, 3.613877296447754, 164.67706298828125, -8.57097053527832, 4.836230754852295, -2.956075429916382, -6.690814971923828)
(1.7899177074432373, 6.492495536804199, 0.0, -1.0, 0.0, 0.0, 38.84146499633789, 2.22560977935791, 0.0, -16.739505767822266, -38.95497131347656, 0.0, 1000, 1000, 1000, 1000, -0.11263847351074219, 7.109984397888184, 0.0, -17.269657135009766, 64.50703430175781, -7.225526332855225, 152.2675018310547, 5.382917881011963, 150.42489624023438, -5.353475570678711, 0.9092599749565125, 5.462172985076904, 1.0179574489593506)
(-1.2997866868972778, 6.49363899230957, 0.0, -1.0, 0.0, 0.0, -24.69512176513672, -30.365854263305664, 0.0, 1.798720121383667, -38.96183395385742, 0.0, 1000, 1000, 1000, 1000, -0.27390217781066895, 6.793535232543945, 0.0, -20.361120223999023, 65.60002136230469, 3.444199323654175, 152.34788513183594, 1.180344820022583, 156.97242736816406, -1.1174774169921875, -2.2684731483459473, 15.618520736694336, 12.232569694519043)
(0.48623475432395935, 1.026114821434021, 0.0, -1.0, -1.0, 0.0, 11.219511985778809, 2.804877996444702, 0.0, -8.91740894317627, -12.156688690185547, 0.0, 1000, 1000, 1000, 1000, 2.2996675968170166, -1.5667691230773926, 0.0, -18.75319480895996, 61.568763732910156, -2.617799758911133, 151.99642944335938, 1.0270076990127563, 150.4056396484375, -1.9450037479400635, -2.187195062637329, -3.3643195629119873, -7.496518135070801)
(-0.04544878751039505, -0.925211489200592, 0.0, 0.0, 0.0, 0.0, -9.054878234863281, -24.664634704589844, 0.0, 0.2726927399635315, 5.551269054412842, 0.0, 1000, 1000, 1000, 1000, -0.627091646194458, -0.5976262092590332, 0.0, -19.771947860717773, 59.29619598388672, 1.2125842571258545, 151.58700561523438, 4.26725435256958, 157.06683349609375, 3.928067445755005, -1.8024972677230835, 3.5506014823913574, 5.676171779632568)
(0.6979193091392517, -4.306729793548584, 0.0, -1.0, 0.0, 0.0, 11.554878234863281, -4.329268455505371, 0.0, -10.187516212463379, 25.840377807617188, 0.0, 1000, 1000, 1000, 1000, -1.4887452125549316, -5.1477370262146, 0.0, -18.557920455932617, 55.27317810058594, -2.8265111446380615, 150.89834594726562, -0.8678205013275146, 147.2040252685547, 3.9220540523529053, 0.7634829878807068, -0.9410489797592163, 3.74448823928833)
(0.3826916813850403, -2.7693002223968506, 0.0, -1.0, 0.0, 0.0, -19.176828384399414, 9.512195587158203, 0.0, -8.296150207519531, 16.615800857543945, 0.0, 1000, 1000, 1000, 1000, 0.18684935569763184, -1.020725965499878, 0.0, -18.242223739624023, 56.36371994018555, 1.4144881963729858, 149.92576599121094, 6.004699230194092, 157.34495544433594, 0.9234687089920044, 2.0539090633392334, -1.936102032661438, 1.0412757396697998)
(-5.342581748962402, -1.5418479442596436, 0.0, -1.0, 0.0, 0.0, -16.4939022064209, 6.737804889678955, 0.0, 26.055490493774414, 9.251087188720703, 0.0, 1000, 1000, 1000, 1000, -3.9397974014282227, -2.179823637008667, 0.0, -24.74055290222168, 57.679264068603516, 5.531421184539795, 152.60821533203125, -2.810828447341919, 155.32879638671875, 0.3267267048358917, 2.4709625244140625, -2.644723892211914, 0.15296541154384613)
(-3.383288860321045, -2.3343656063079834, 0.0, -1.0, 0.0, 0.0, 5.304878234863281, 1.1280487775802612, 0.0, 14.29973316192627, 14.006193161010742, 0.0, 1000, 1000, 1000, 1000, -3.522110939025879, -3.151723861694336, 0.0, -23.293148040771484, 57.44954299926758, 1.1693311929702759, 153.77325439453125, 2.105741262435913, 157.04832458496094, 1.6741588115692139, 3.2594285011291504, -1.4734549522399902, 3.460132360458374)
(-5.832835674285889, -1.505468487739563, 0.0, 0.0, 0.0, 0.0, -17.408536911010742, 7.713414669036865, 0.0, 34.997013092041016, 9.032811164855957, 0.0, 1000, 1000, 1000, 1000, -4.122413158416748, -4.253274917602539, 0.0, -26.363271713256836, 59.0507698059082, 6.812721252441406, 156.14175415039062, 1.9430546760559082, 164.8975372314453, 0.17152154445648193, 3.658536195755005, 0.215110182762146, 4.045167922973633)
(-5.163977146148682, -1.455631971359253, 0.0, -1.0, 0.0, 0.0, 20.15243911743164, -6.493902206420898, 0.0, 24.983863830566406, 8.73379135131836, 0.0, 1000, 1000, 1000, 1000, -5.906267166137695, -0.23163652420043945, 0.0, -25.86981773376465, 59.87485122680664, 0.628085196018219, 158.22201538085938, -4.564449310302734, 154.28565979003906, 1.979600191116333, 3.9523606300354004, 2.266305923461914, 8.198266983032227)
(-3.418159008026123, -2.995818853378296, 0.0, -1.0, 0.0, 0.0, -7.77439022064209, 1.676829218864441, 0.0, 14.508954048156738, 17.974912643432617, 0.0, 1000, 1000, 1000, 1000, -2.6485581398010254, -3.3662471771240234, 0.0, -23.931251525878906, 58.601539611816406, 2.8968348503112793, 158.809326171875, 3.651859760284424, 165.3580322265625, 2.118751049041748, 5.359480857849121, -0.9475219249725342, 6.530710220336914)
(-4.433109283447266, -2.180426836013794, 0.0, -1.0, 0.0, 0.0, 1.8292683362960815, 1.8902438879013062, 0.0, 20.598655700683594, 13.082561492919922, 0.0, 1000, 1000, 1000, 1000, -1.9351427555084229, -1.5981082916259766, 0.0, -26.214027404785156, 58.91860580444336, 2.4400205612182617, 160.99363708496094, -2.9306039810180664, 160.5030517578125, 1.4550013542175293, 6.362429141998291, -1.2543590068817139, 6.5630717277526855)
(-4.00944709777832, -1.8799318075180054, 0.0, -1.0, 0.0, 0.0, -0.8231707215309143, 1.9512195587158203, 0.0, 18.056682586669922, 11.279590606689453, 0.0, 1000, 1000, 1000, 1000, -2.9851274490356445, -2.906325578689575, 0.0, -26.40457534790039, 59.93247985839844, 2.454380989074707, 162.3444061279297, -0.6700959801673889, 164.12869262695312, 1.2126882076263428, 6.890676021575928, 0.0721551775932312, 8.175518989562988)
(-3.335548162460327, -1.539010763168335, 0.0, -1.0, 0.0, 0.0, 1.4329267740249634, 2.9573171138763428, 0.0, 14.013288497924805, 9.234064102172852, 0.0, 1000, 1000, 1000, 1000, -3.119999885559082, -3.619152069091797, 0.0, -26.291465759277344, 61.02944564819336, 1.6354470252990723, 163.46656799316406, -1.6478532552719116, 163.45416259765625, 0.8159770965576172, 7.201193809509277, -0.18744784593582153, 7.829722881317139)
(-3.311570405960083, -0.8016320466995239, 0.0, -1.0, 0.0, 0.0, -1.4329267740249634, 8.384146690368652, 0.0, 13.869422912597656, 4.809792518615723, 0.0, 1000, 1000, 1000, 1000, -4.030888557434082, -1.9579746723175049, 0.0, -26.04451560974121, 62.57152557373047, 1.9893054962158203, 164.30917358398438, 0.34368905425071716, 166.64218139648438, -0.4646660387516022, 7.278719902038574, -0.2842675447463989, 6.529786109924316)
(-4.429943084716797, -1.0109894275665283, 0.0, -1.0, 0.0, 0.0, -1.7073171138763428, -0.7317073345184326, 0.0, 20.57965850830078, 6.06593656539917, 0.0, 1000, 1000, 1000, 1000, -3.9812440872192383, -2.051097869873047, 0.0, -26.9314022064209, 63.0169563293457, 2.8973069190979004, 165.81716918945312, -0.7416115403175354, 167.9728546142578, 0.8836936950683594, 7.443982124328613, -0.11212356388568878, 8.21555233001709)
(-3.238492488861084, -1.891299843788147, 0.0, -1.0, 0.0, 0.0, 2.4695122241973877, -4.237804889678955, 0.0, 13.430954933166504, 11.347799301147461, 0.0, 1000, 1000, 1000, 1000, -1.2951676845550537, -3.128444194793701, 0.0, -26.053638458251953, 65.06526947021484, 1.424987554550171, 170.87831115722656, -0.31931889057159424, 171.98397827148438, 2.0261285305023193, 9.323002815246582, 1.3665846586227417, 12.715715408325195)
(-2.3042290210723877, -2.9072349071502686, 0.0, -1.0, 0.0, 0.0, 2.3475608825683594, 3.262195110321045, 0.0, 7.825374126434326, 17.443408966064453, 0.0, 1000, 1000, 1000, 1000, -1.9568979740142822, -5.999195098876953, 0.0, -25.362627029418945, 64.75932312011719, 0.7121157050132751, 171.4656524658203, -0.7593308091163635, 171.41844177246094, 1.8435577154159546, 10.494585990905762, -0.8391143083572388, 11.499029159545898)
(-2.097212553024292, -2.4753081798553467, 0.0, -1.0, 0.0, 0.0, -1.8292683362960815, -2.8353657722473145, 0.0, 6.583275318145752, 14.851848602294922, 0.0, 1000, 1000, 1000, 1000, 0.09054696559906006, -1.4103941917419434, 0.0, -25.127872467041016, 65.25050354003906, 1.0936306715011597, 171.86093139648438, 0.6373375654220581, 173.59188842773438, 2.299337863922119, 11.366369247436523, 0.49345067143440247, 14.159157752990723)
(-2.88266658782959, -2.3399252891540527, 0.0, -1.0, 0.0, 0.0, -1.0365853309631348, 6.737804889678955, 0.0, 11.295999526977539, 14.039551734924316, 0.0, 1000, 1000, 1000, 1000, -2.7875123023986816, -3.0899224281311035, 0.0, -26.037172317504883, 65.86087799072266, 1.6032359600067139, 172.85687255859375, -0.8549757599830627, 173.60513305664062, 0.9492270946502686, 12.287906646728516, -0.7010670304298401, 12.536067008972168)
(-2.6818671226501465, -2.62894868850708, 0.0, -1.0, 0.0, 0.0, -0.6097561120986938, 0.4878048896789551, 0.0, 10.091202735900879, 15.77369213104248, 0.0, 1000, 1000, 1000, 1000, -2.674838066101074, -3.9118590354919434, 0.0, -26.038541793823242, 66.04548645019531, 1.3911247253417969, 173.61737060546875, 0.30402281880378723, 175.31251525878906, 1.9871653318405151, 13.168517112731934, -0.21048961579799652, 14.94519329071045)
(-3.0869498252868652, -2.606661558151245, 0.0, 0.0, 0.0, 0.0, -7.5, -0.3658536672592163, 0.0, 18.521697998046875, 15.639968872070312, 0.0, 1000, 1000, 1000, 1000, -2.6140823364257812, -3.601767063140869, 0.0, -26.695552825927734, 66.53556060791016, 3.3828208446502686, 174.6221160888672, 4.618692874908447, 182.62362670898438, 2.080756902694702, 14.141339302062988, 1.3752927780151367, 17.597389221191406)
(-3.240912675857544, -2.9924471378326416, 0.0, -1.0, 0.0, 0.0, 0.0, 3.170731782913208, 0.0, 13.445476531982422, 17.954683303833008, 0.0, 1100, 1202, 1270, 1100, -2.882845878601074, -3.6698050498962402, 0.0, -27.040369033813477, 66.53189086914062, 1.7479119300842285, 175.81163024902344, 0.14853383600711823, 177.70806884765625, 1.921913743019104, 15.34589672088623, -0.5900981426239014, 16.677711486816406)
(-3.896444320678711, -2.2298922538757324, 0.0, -1.0, 0.0, 0.0, -16.371952056884766, 13.32317066192627, 0.0, 17.378665924072266, 13.379353523254395, 0.0, 1100, 1216, 1272, 1100, -5.840198516845703, -4.906210422515869, 0.0, -27.96033477783203, 67.88629150390625, 4.387580394744873, 177.04238891601562, 4.280398845672607, 185.7103729248047, 0.0073037720285356045, 16.116981506347656, -1.0700457096099854, 15.054240226745605)
(2.0358927249908447, -0.8643995523452759, 0.0, -1.0, 0.0, 0.0, 105.1219482421875, 4.207316875457764, 0.0, -18.215356826782227, 5.186397552490234, 0.0, 1100, 1245, 1176, 1100, -7.8950042724609375, -8.19001293182373, 0.0, -21.469478607177734, 70.16357421875, -16.033849716186523, 176.31556701660156, -19.310237884521484, 140.9714813232422, 0.12728048861026764, 16.032493591308594, 4.508206844329834, 20.66798210144043)
(6.924319267272949, -3.5437963008880615, 0.0, -1.0, 0.0, 0.0, 35.51829147338867, -18.59756088256836, 0.0, -47.54591369628906, 21.26277732849121, 0.0, 1100, 1100, 1432, 1100, 3.9605743885040283, 2.442497730255127, 0.0, -14.375580787658691, 67.54009246826172, -10.798347473144531, 170.37686157226562, -19.8610897064209, 139.71742248535156, 5.1818437576293945, 17.698074340820312, -2.011960029602051, 20.867958068847656)
(12.354113578796387, 3.51241135597229, 0.0, 0.0, 0.0, 0.0, -15.914633750915527, -36.7378044128418, 0.0, -74.12467956542969, -21.0744686126709, 0.0, 1100, 1116, 1339, 1100, 1.7788549661636353, 14.073556900024414, 0.0, -5.267348766326904, 74.56754302978516, -7.567306041717529, 162.47711181640625, 9.382987976074219, 164.2928009033203, 2.03623366355896, 15.690730094909668, 35.829471588134766, 53.556434631347656)
(2.0645337104797363, -0.7669298648834229, 0.0, -1.0, 0.0, 0.0, -63.01829147338867, 42.835365295410156, 0.0, -16.32535743713379, 4.303953170776367, 0.0, 1100, 1233, 1236, 1100, 3.4371399879455566, -12.998905181884766, 0.0, -15.919937133789062, 71.23175811767578, 7.413679599761963, 161.93016052246094, 10.651849746704102, 179.99569702148438, -5.009083271026611, 15.929025650024414, -31.293485641479492, -20.373544692993164)
(1.8984456062316895, -2.2687458992004395, 0.0, -1.0, 0.0, 0.0, 3.7804877758026123, -9.695121765136719, 0.0, -17.390674591064453, 13.612475395202637, 0.0, 1100, 1290, 1161, 1100, 8.150856018066406, -15.374438285827637, 0.0, -16.286556243896484, 68.93479919433594, -2.752250909805298, 161.50608825683594, 2.2548017501831055, 161.00863647460938, 3.0299878120422363, 17.07682991027832, -1.103903889656067, 19.002912521362305)
(-3.887019157409668, -2.7275662422180176, 0.0, -1.0, 0.0, 0.0, -11.920731544494629, 39.48170852661133, 0.0, 17.322114944458008, 16.365398406982422, 0.0, 1100, 1167, 1275, 1100, -13.603740692138672, -4.663588523864746, 0.0, -23.091283798217773, 69.31712341308594, 3.801570177078247, 163.2764129638672, -11.036956787109375, 156.04103088378906, -3.005120277404785, 18.753555297851562, -1.2687783241271973, 14.479657173156738)
(1.1170381307601929, 0.641905665397644, 0.0, -1.0, 0.0, 0.0, 0.7621951103210449, -17.19512176513672, 0.0, -12.702228546142578, -3.8514339923858643, 0.0, 1100, 1167, 1297, 1100, 11.746582984924316, -3.4423933029174805, 0.0, -19.864002227783203, 72.51072692871094, -1.7503751516342163, 162.5399627685547, 3.880113124847412, 164.66969299316406, 1.7346794605255127, 17.400344848632812, -1.5264151096343994, 17.608610153198242)
(-6.7256646156311035, -0.4445004463195801, 0.0, 0.0, 0.0, 0.0, -43.10975646972656, 56.067073822021484, 0.0, 40.35398864746094, 2.6670026779174805, 0.0, 1100, 1267, 1228, 1100, -10.994123458862305, -0.8395810127258301, 0.0, -29.379392623901367, 71.8697509765625, 10.850286483764648, 165.7421417236328, 2.31758975982666, 178.91001892089844, -6.942008972167969, 18.167015075683594, -24.035810470581055, -12.81080436706543)
(-0.316365122795105, -3.9864017963409424, 0.0, -1.0, 0.0, 0.0, 13.780488014221191, -3.9634146690368652, 0.0, -4.101809501647949, 23.918411254882812, 0.0, 1100, 1236, 1253, 1100, -3.7848238945007324, -13.544200897216797, 0.0, -24.327409744262695, 67.99524688720703, -2.3246986865997314, 165.8394775390625, 12.42005729675293, 175.93484497070312, 3.6246373653411865, 19.91107940673828, -8.306102752685547, 15.229613304138184)
(-3.3649418354034424, -4.871519565582275, 0.0, -1.0, 0.0, 0.0, 9.29878044128418, 5.853658676147461, 0.0, 14.189651489257812, 29.22911834716797, 0.0, 1100, 1213, 1312, 1100, -9.131446838378906, -6.8201212882995605, 0.0, -27.8402156829834, 67.17924499511719, 0.6358132362365723, 167.12075805664062, -13.695878028869629, 154.06069946289062, 3.0388097763061523, 22.56671142578125, 9.674846649169922, 35.28036880493164)
(0.7439641952514648, -3.6727452278137207, 0.0, -1.0, 0.0, 0.0, 13.079268455505371, -23.780487060546875, 0.0, -10.463785171508789, 22.03647232055664, 0.0, 1100, 1273, 1330, 1100, 12.55309772491455, -23.213302612304688, 0.0, -23.692811965942383, 69.25211334228516, -3.0605969429016113, 166.08995056152344, -0.13315030932426453, 162.89620971679688, 5.956204891204834, 23.26561737060547, 12.602747917175293, 41.82456970214844)
(3.6245622634887695, -3.738405227661133, 0.0, -1.0, 0.0, 0.0, 17.7439022064209, 28.231706619262695, 0.0, -27.747373580932617, 22.430431365966797, 0.0, 1100, 1281, 1332, 1100, -23.779624938964844, 18.330352783203125, 0.0, -19.26750373840332, 69.5920639038086, -5.91386604309082, 163.2391815185547, -2.4060869216918945, 154.9192352294922, -0.754165768623352, 25.35049057006836, -6.328358173370361, 18.26796531677246)
(12.383895874023438, -3.544782876968384, 0.0, 0.0, 0.0, 0.0, 27.34756088256836, 13.47560977935791, 0.0, -74.30337524414062, 21.26869773864746, 0.0, 1100, 1283, 1339, 1100, 1.2193737030029297, 2.948556423187256, 0.0, -8.686558723449707, 68.55014038085938, -13.214622497558594, 156.35018920898438, 6.114418983459473, 149.24998474121094, 1.0131014585494995, 26.976890563964844, -20.115550994873047, 7.874440670013428)
(11.076434135437012, -3.4313883781433105, 0.0, -1.0, 0.0, 0.0, 39.57316970825195, 10.487804412841797, 0.0, -72.45860290527344, 20.588329315185547, 0.0, 1100, 1271, 1327, 1100, 0.0332033634185791, 27.460933685302734, 0.0, -7.330768585205078, 70.52667236328125, -14.564129829406738, 150.5438690185547, -15.74388313293457, 120.23585510253906, 1.3130682706832886, 28.281402587890625, 6.7539896965026855, 36.34846115112305)
(17.131580352783203, -1.7898489236831665, 0.0, -1.0, 0.0, 0.0, 31.219512939453125, -2.987804889678955, 0.0, -108.78948211669922, 10.739093780517578, 0.0, 1100, 1258, 1359, 1100, 6.326874732971191, -27.61067008972168, 0.0, 0.9509386420249939, 72.90227508544922, -18.201169967651367, 141.4569549560547, -4.275231838226318, 118.98054504394531, 1.784496784210205, 28.412418365478516, 5.080745220184326, 35.27766036987305)
(21.934303283691406, -1.6299275159835815, 0.0, -1.0, 0.0, 0.0, -3.658536672592163, 14.634146690368652, 0.0, -137.60581970214844, 9.77956485748291, 0.0, 1100, 1289, 1355, 1100, 26.053585052490234, -15.375213623046875, 0.0, 9.309477806091309, 74.01905059814453, -17.41314697265625, 130.07081604003906, 12.841026306152344, 125.49870300292969, -0.6310956478118896, 28.95013427734375, -3.792987108230591, 24.526052474975586)
(23.49711036682129, 0.4794294834136963, 0.0, -1.0, 0.0, 0.0, 73.32317352294922, 44.085365295410156, 0.0, -146.982666015625, -2.8765769004821777, 0.0, 1121, 1275, 1253, 1100, 29.28702735900879, -11.466361045837402, 0.0, 13.169544219970703, 76.14311981201172, -28.639760971069336, 119.34561157226562, -23.670337677001953, 67.03551483154297, -6.105052471160889, 28.402050018310547, -22.052295684814453, 0.2447028011083603)
(25.465408325195312, -0.5851719379425049, 0.0, -1.0, 0.0, 0.0, -28.140243530273438, 24.69512176513672, 0.0, -158.79244995117188, 3.5110316276550293, 0.0, 1100, 1188, 1380, 1178, 34.40688705444336, 0.4691600799560547, 0.0, 16.7308292388916, 74.75684356689453, -16.984786987304688, 106.71148681640625, -1.0657103061676025, 88.6609878540039, -2.753931760787964, 28.597412109375, -23.137807846069336, 2.7056727409362793)
(22.10187530517578, 0.7003089189529419, 0.0, -1.0, 0.0, 0.0, 26.432926177978516, -30.30487823486328, 0.0, -138.6112518310547, -4.2018537521362305, 0.0, 1138, 1171, 1348, 1100, 21.25804901123047, 19.30036735534668, 0.0, 16.09210968017578, 78.3481216430664, -21.45574188232422, 96.67940521240234, -11.148350715637207, 64.07530975341797, 3.393393039703369, 27.6487979888916, 26.496862411499023, 57.53905487060547)
(18.830930709838867, 1.1661823987960815, 0.0, -1.0, 0.0, 0.0, -11.006097793579102, -8.47560977935791, 0.0, -118.98558044433594, -6.99709415435791, 0.0, 1100, 1146, 1374, 1161, 36.488609313964844, -17.35974884033203, 0.0, 13.515737533569336, 79.02876281738281, -14.037332534790039, 87.82547760009766, -10.34882926940918, 63.43931198120117, 0.19220703840255737, 26.775310516357422, 6.309321403503418, 33.27684020996094)
(19.140562057495117, 0.6437921524047852, 0.0, -1.0, 0.0, 0.0, -10.213414192199707, -20.335365295410156, 0.0, -120.84336853027344, -3.862752914428711, 0.0, 1100, 1173, 1361, 1118, 7.7189226150512695, 37.673397064208984, 0.0, 13.227779388427734, 80.26412200927734, -14.3818941116333, 79.5334701538086, 6.21784782409668, 71.36942291259766, 2.14143967628479, 25.994966506958008, 12.215397834777832, 40.351802825927734)
(18.72456932067871, -0.22809070348739624, 0.0, -1.0, 0.0, 0.0, 6.402439117431641, -10.70121955871582, 0.0, -118.347412109375, 1.3685442209243774, 0.0, 1116, 1172, 1324, 1131, 36.49879837036133, -17.46123504638672, 0.0, 12.496225357055664, 79.3023910522461, -16.217479705810547, 71.43136596679688, -2.8866524696350098, 52.327232360839844, 1.5690693855285645, 26.151880264282227, 6.4944305419921875, 34.21538162231445)
(14.416093826293945, 1.0091747045516968, 0.0, -1.0, 0.0, 0.0, -6.189024448394775, -17.378047943115234, 0.0, -86.49656677246094, -6.055047988891602, 0.0, 1131, 1166, 1321, 1124, 15.892898559570312, 16.465579986572266, 0.0, 7.5876851081848145, 80.19383239746094, -10.439980506896973, 65.43356323242188, -6.84027099609375, 48.15331268310547, 1.4719899892807007, 25.794300079345703, 13.208316802978516, 40.474609375)
(14.440732955932617, 1.416102647781372, 0.0, -1.0, 0.0, 0.0, -5.670731544494629, -28.384145736694336, 0.0, -92.64439392089844, -8.49661636352539, 0.0, 1155, 1177, 1307, 1103, 16.942960739135742, 24.60440444946289, 0.0, 6.290124893188477, 81.11259460449219, -11.306575775146484, 59.276084899902344, -1.4929325580596924, 46.4765739440918, 2.585378885269165, 25.110931396484375, 18.212635040283203, 45.90894317626953)
(10.176021575927734, 2.7049593925476074, 0.0, -1.0, 0.0, 0.0, -14.146341323852539, -2.0731706619262695, 0.0, -67.0561294555664, -16.229755401611328, 0.0, 1105, 1142, 1320, 1156, 19.298696517944336, -4.751564979553223, 0.0, -0.3694785237312317, 83.1956787109375, -6.878272533416748, 55.50088882446289, -8.484894752502441, 40.13772201538086, -1.8403559923171997, 23.791967391967773, 9.635120391845703, 31.58673095703125)
(7.353659152984619, 3.6546854972839355, 0.0, -1.0, 0.0, 0.0, -44.085365295410156, 4.29878044128418, 0.0, -50.12195587158203, -21.928112030029297, 0.0, 1100, 1160, 1311, 1125, 17.1124210357666, -7.884943962097168, 0.0, -5.836704254150391, 84.84965515136719, -0.7847567796707153, 53.03666687011719, 13.006940841674805, 65.25885009765625, -3.4094960689544678, 21.72523307800293, -0.7142642140388489, 17.601472854614258)
(9.477823257446289, 0.7787164449691772, 0.0, -1.0, 0.0, 0.0, 16.40243911743164, 12.713414192199707, 0.0, -62.866939544677734, -4.672298431396484, 0.0, 1100, 1157, 1224, 1106, 16.90179443359375, -18.882625579833984, 0.0, -5.389906883239746, 83.4214859008789, -10.30501937866211, 49.35614776611328, -0.3926868438720703, 38.658443450927734, -2.2601425647735596, 21.337751388549805, -8.681168556213379, 10.396441459655762)
(5.334814071655273, 1.0564463138580322, 0.0, -1.0, 0.0, 0.0, -35.121952056884766, 15.12195110321045, 0.0, -32.00888442993164, -6.338677883148193, 0.0, 1117, 1226, 1287, 1132, 5.115460395812988, -7.654140472412109, 0.0, -11.586246490478516, 85.69712829589844, 0.40469878911972046, 47.3968505859375, 8.032909393310547, 55.83445739746094, -2.789881706237793, 20.20368194580078, -6.007565498352051, 11.406233787536621)
(13.267791748046875, 0.019857151433825493, 0.0, -1.0, 0.0, 0.0, 16.067073822021484, 17.65243911743164, 0.0, -85.60675048828125, -0.11914290487766266, 0.0, 1209, 1307, 1316, 1202, -1.821899175643921, 32.589168548583984, 0.0, -3.494479179382324, 84.66070556640625, -13.217597961425781, 41.040855407714844, 15.082808494567871, 42.90606689453125, -2.310305595397949, 20.4240779876709, -14.110547065734863, 4.003225803375244)
(15.852811813354492, 2.1954963207244873, 0.0, -1.0, 0.0, 0.0, 26.707317352294922, -4.146341323852539, 0.0, -101.11686706542969, -13.172977447509766, 0.0, 1240, 1252, 1320, 1227, 40.95874786376953, -6.420560836791992, 0.0, 0.06253330409526825, 88.5452880859375, -16.617143630981445, 33.63215255737305, -0.9664546251296997, 16.048551559448242, -1.1734627485275269, 18.608827590942383, 2.9144861698150635, 20.349849700927734)
(11.177153587341309, 4.94797945022583, 0.0, -1.0, 0.0, 0.0, -32.59146499633789, 15.243902206420898, 0.0, -73.06291961669922, -29.687877655029297, 0.0, 1264, 1297, 1279, 1190, 16.10248565673828, 2.227875232696533, 0.0, -5.23502779006958, 91.14710235595703, -5.261289119720459, 28.5152587890625, -2.815612554550171, 20.438358306884766, -5.841131210327148, 16.84817123413086, 3.0822365283966064, 14.089276313781738)
(4.126777172088623, 6.11255407333374, 0.0, -1.0, 0.0, 0.0, -24.786584854125977, -19.7560977935791, 0.0, -30.760662078857422, -36.675323486328125, 0.0, 1000, 1000, 1000, 1000, 2.82010817527771, 4.873303413391113, 0.0, -12.829538345336914, 94.34861755371094, -0.7766300439834595, 27.183446884155273, -6.677413463592529, 19.729402542114258, -2.1994993686676025, 13.426383972167969, 24.213274002075195, 35.44015884399414)
(-9.089888572692871, 0.7324123978614807, 0.0, 0.0, 0.0, 0.0, -59.78658676147461, -2.591463327407837, 0.0, 54.539329528808594, -4.394474506378174, 0.0, 1000, 1000, 1000, 1000, -9.279865264892578, -5.564863204956055, 0.0, -30.36140251159668, 89.5675277709961, 14.8623685836792, 33.08860397338867, 1.7734894752502441, 49.72446060180664, -0.234391450881958, 13.270682334899902, -4.252083778381348, 8.784207344055176)
(-3.779207468032837, -0.17095333337783813, 0.0, -1.0, 0.0, 0.0, 45.274391174316406, -30.182926177978516, 0.0, 16.67524528503418, 1.0257200002670288, 0.0, 1000, 1000, 1000, 1000, -6.075986862182617, -3.6673336029052734, 0.0, -29.000131607055664, 89.97042083740234, -3.7178890705108643, 35.77898406982422, -10.909564971923828, 21.151531219482422, 4.057124137878418, 12.74459457397461, 5.9795989990234375, 22.78131866455078)
(-1.8229179382324219, -1.4084389209747314, 0.0, -1.0, 0.0, 0.0, -42.9878044128418, 12.286585807800293, 0.0, 4.937507629394531, 8.450634002685547, 0.0, 1000, 1000, 1000, 1000, 2.2105607986450195, -1.0935142040252686, 0.0, -29.349828720092773, 88.8393325805664, 6.230290412902832, 35.73228454589844, 6.7053608894348145, 48.66793441772461, -0.4986737370491028, 13.843573570251465, -0.39309051632881165, 12.95180892944336)
(-3.55253005027771, -0.9711665511131287, 0.0, -1.0, 0.0, 0.0, 23.292682647705078, -10.640243530273438, 0.0, 15.315179824829102, 5.826999187469482, 0.0, 1000, 1000, 1000, 1000, -1.50883150100708, -1.9143562316894531, 0.0, -32.80364227294922, 89.2940673828125, -1.037075400352478, 38.1458740234375, -8.801030158996582, 28.307769775390625, 2.1407415866851807, 13.884385108947754, 2.121868133544922, 18.146995544433594)
(-0.6320254802703857, -1.8489640951156616, 0.0, -1.0, 0.0, 0.0, -8.567072868347168, 2.22560977935791, 0.0, -2.2078471183776855, 11.09378433227539, 0.0, 1000, 1000, 1000, 1000, -0.7469472885131836, -0.8466696739196777, 0.0, -30.29738998413086, 88.57501220703125, 0.8266993761062622, 37.48877716064453, 3.0713753700256348, 41.3868522644043, 1.1528626680374146, 14.922780990600586, 0.8828285336494446, 16.958471298217773)
(-1.9264888763427734, -2.561835289001465, 0.0, 0.0, 0.0, 0.0, 2.22560977935791, -9.29878044128418, 0.0, 11.55893325805664, 15.371011734008789, 0.0, 1000, 1000, 1000, 1000, 1.5923089981079102, -0.4007420539855957, 0.0, -32.86262893676758, 87.8239517211914, 1.2133320569992065, 38.575439453125, -0.8483380675315857, 38.940433502197266, 3.2070729732513428, 15.963888168334961, 1.9247485399246216, 21.0957088470459)
(0.38393157720565796, -7.504164218902588, 0.0, -1.0, 0.0, 0.0, 5.182926654815674, -12.957317352294922, 0.0, -8.303589820861816, 45.024986267089844, 0.0, 1000, 1000, 1000, 1000, -0.523385763168335, -6.85020637512207, 0.0, -31.129545211791992, 82.67668151855469, -1.7532472610473633, 37.94426727294922, 0.9179478287696838, 37.10896682739258, 7.5376996994018555, 19.603744506835938, -3.187268018722534, 23.95417594909668)
(-2.7252280712127686, -8.113422393798828, 0.0, -1.0, 0.0, 0.0, -18.658536911010742, 17.439023971557617, 0.0, 10.351367950439453, 48.68053436279297, 0.0, 1000, 1000, 1000, 1000, -2.564624309539795, -6.891365051269531, 0.0, -33.83198547363281, 81.61538696289062, 3.771287679672241, 38.671234130859375, 2.006293296813965, 44.448814392089844, 4.06139612197876, 23.649641036987305, -3.7548155784606934, 23.956222534179688)
(-6.556215763092041, -7.11566686630249, 0.0, -1.0, 0.0, 0.0, -21.64634132385254, -7.77439022064209, 0.0, 33.33729553222656, 42.694000244140625, 0.0, 1000, 1000, 1000, 1000, -3.5311508178710938, -7.5709228515625, 0.0, -38.343719482421875, 82.12226104736328, 7.147872447967529, 41.704566955566406, 2.35146164894104, 51.20390319824219, 6.5608906745910645, 26.354427337646484, 0.02895837277173996, 32.94427490234375)
(-7.1504998207092285, -9.273930549621582, 0.0, -1.0, 0.0, 0.0, 8.90243911743164, -13.292682647705078, 0.0, 36.90299987792969, 55.643585205078125, 0.0, 1000, 1000, 1000, 1000, -5.043210029602051, -8.23129940032959, 0.0, -40.586551666259766, 79.96480560302734, 3.640072822570801, 45.18498229980469, -4.562215805053711, 44.262840270996094, 8.961714744567871, 30.376239776611328, 0.8427729606628418, 40.180728912353516)
(-4.286220550537109, -7.791896343231201, 0.0, 0.0, 0.0, 0.0, 12.896341323852539, 27.80487823486328, 0.0, 25.717323303222656, 46.75137710571289, 0.0, 1000, 1000, 1000, 1000, -2.048985004425049, -4.807351112365723, 0.0, -39.11750793457031, 80.46160125732422, 1.6667276620864868, 46.74713897705078, -0.9613890051841736, 47.452476501464844, 2.4630448818206787, 34.21803283691406, -9.168148040771484, 27.512929916381836)
(-2.8204402923583984, -13.045598983764648, 0.0, -1.0, 0.0, 0.0, 0.060975611209869385, -2.77439022064209, 0.0, 10.92264175415039, 78.27359008789062, 0.0, 1000, 1000, 1000, 1000, -3.0940685272216797, -11.938614845275879, 0.0, -38.01919174194336, 75.4552230834961, 1.41201651096344, 47.40050506591797, 0.9150012135505676, 49.72751998901367, 10.536237716674805, 39.79111099243164, -6.534646034240723, 43.792701721191406)
(1.2415249347686768, -8.81521224975586, 0.0, -1.0, 0.0, 0.0, 22.89634132385254, -19.115854263305664, 0.0, -13.449150085449219, 52.891273498535156, 0.0, 1000, 1000, 1000, 1000, -2.428821086883545, -10.12626838684082, 0.0, -33.477569580078125, 79.80827331542969, -4.724913597106934, 46.08487319946289, -0.6487054228782654, 40.71125411987305, 9.360926628112793, 43.085121154785156, 13.373665809631348, 65.81970977783203)
(-3.7998132705688477, -21.41072654724121, 0.0, -1.0, 0.0, 0.0, -55.45731735229492, -23.5060977935791, 0.0, 16.798879623413086, 128.46435546875, 0.0, 1000, 1000, 1000, 1000, -1.58311128616333, -18.80653190612793, 0.0, -37.14937973022461, 65.62549591064453, 9.393305778503418, 46.79289627075195, 11.043298721313477, 67.22949981689453, 19.75615882873535, 53.87083435058594, -11.145639419555664, 62.481353759765625)
(-18.51700782775879, -22.072219848632812, 0.0, -1.0, 0.0, 0.0, -53.17073059082031, -10.457317352294922, 0.0, 105.10205078125, 132.43331909179688, 0.0, 1000, 1000, 1000, 1000, -12.454771041870117, -17.27265167236328, 0.0, -53.987335205078125, 62.39713668823242, 20.575462341308594, 56.26250076293945, -2.177330493927002, 74.66062927246094, 18.575782775878906, 63.888946533203125, -4.520965576171875, 77.94376373291016)
(-3.6440398693084717, -20.266429901123047, 0.0, -1.0, 0.0, 0.0, -13.262195587158203, 94.54268646240234, 0.0, 15.864238739013672, 121.59857940673828, 0.0, 1000, 1000, 1000, 1000, 7.141674518585205, -27.746692657470703, 0.0, -41.85503005981445, 62.746055603027344, 3.7864365577697754, 58.56449890136719, 71.16336059570312, 133.51429748535156, 3.517266035079956, 72.78157043457031, -61.79694747924805, 14.501885414123535)
(-8.02144718170166, -0.11859884113073349, 0.0, -1.0, 0.0, 0.0, -39.60365676879883, 44.725608825683594, 0.0, 42.128684997558594, 0.7115930318832397, 0.0, 1000, 1000, 1000, 1000, 13.639823913574219, 9.424373626708984, 0.0, -44.945579528808594, 86.85657501220703, 10.625205039978027, 62.18254852294922, 18.541791915893555, 91.34954833984375, -5.7218217849731445, 70.02106475830078, 36.634273529052734, 100.93351745605469)
(-9.50821304321289, -1.5393797159194946, 0.0, -1.0, 0.0, 0.0, -22.19512176513672, 2.408536672592163, 0.0, 51.049278259277344, 9.236278533935547, 0.0, 1000, 1000, 1000, 1000, -5.4347357749938965, -6.780358791351318, 0.0, -46.86052703857422, 88.21859741210938, 9.521772384643555, 65.72565460205078, 1.9795281887054443, 77.2269515991211, 0.8876063823699951, 70.91163635253906, 8.336398124694824, 80.13563537597656)
(-5.383224010467529, -0.764966607093811, 0.0, -1.0, 0.0, 0.0, -8.567072868347168, -3.871951103210449, 0.0, 26.29934310913086, 4.589799880981445, 0.0, 1000, 1000, 1000, 1000, -4.095483779907227, -2.1119117736816406, 0.0, -42.872562408447266, 91.5477066040039, 4.532634258270264, 67.2453384399414, 8.182777404785156, 79.96074676513672, 1.1000276803970337, 70.57951354980469, 7.931161403656006, 79.61070251464844)
(-6.272855758666992, -2.6248953342437744, 0.0, -1.0, 0.0, 0.0, 2.682926893234253, 3.8109755516052246, 0.0, 31.637134552001953, 15.749372482299805, 0.0, 1000, 1000, 1000, 1000, -6.703310012817383, -5.302616119384766, 0.0, -43.632022857666016, 91.631103515625, 3.764047145843506, 69.61071014404297, -2.491347312927246, 70.88340759277344, 1.551991581916809, 71.39451599121094, -0.8857661485671997, 72.06073760986328)
(-6.198678493499756, -3.2027573585510254, 0.0, -1.0, 0.0, 0.0, 2.896341562271118, 4.786585330963135, 0.0, 31.19207000732422, 19.21654510498047, 0.0, 1000, 1000, 1000, 1000, -5.775603294372559, -5.385368824005127, 0.0, -43.671051025390625, 92.35211944580078, 3.6784446239471436, 71.83910369873047, -1.1930392980575562, 74.32450866699219, 1.8758947849273682, 72.44239807128906, 0.22116334736347198, 74.5394515991211)
(-6.080312728881836, -3.4257049560546875, 0.0, -1.0, 0.0, 0.0, -6.006097793579102, -3.170731782913208, 0.0, 30.481876373291016, 20.554229736328125, 0.0, 1000, 1000, 1000, 1000, -5.218645095825195, -5.133325576782227, 0.0, -43.71953201293945, 93.04481506347656, 4.743436813354492, 74.12257385253906, 2.920428514480591, 81.78644561767578, 3.084245204925537, 73.62784576416016, 3.6747775077819824, 80.38687133789062)
(-6.660303115844727, -3.7397501468658447, 0.0, -1.0, 0.0, 0.0, -21.310976028442383, -3.567073106765747, 0.0, 33.96181869506836, 22.438501358032227, 0.0, 1000, 1000, 1000, 1000, -7.181085586547852, -4.518074035644531, 0.0, -44.53905487060547, 93.36830139160156, 7.1854634284973145, 76.61282348632812, 7.707414627075195, 91.50569915771484, 3.3807246685028076, 75.10787963867188, 2.002580165863037, 80.49118041992188)
(-7.037624359130859, -3.9468345642089844, 0.0, -1.0, 0.0, 0.0, 1.7682926654815674, 2.8658535480499268, 0.0, 36.225746154785156, 23.681007385253906, 0.0, 1000, 1000, 1000, 1000, -5.405497074127197, -5.122317314147949, 0.0, -45.02593994140625, 93.90931701660156, 4.479469299316406, 79.35283660888672, -3.287606716156006, 80.5447006225586, 2.70596981048584, 76.59634399414062, -0.767825722694397, 78.53449249267578)
(-6.892881870269775, -3.827853202819824, 0.0, -1.0, 0.0, 0.0, -2.5609755516052246, 3.2317073345184326, 0.0, 35.35729217529297, 22.967119216918945, 0.0, 1000, 1000, 1000, 1000, -5.710832595825195, -4.954867362976074, 0.0, -45.210693359375, 94.61875915527344, 4.929374694824219, 81.93058013916016, 1.4043564796447754, 88.26431274414062, 2.565603733062744, 78.00144958496094, 0.7355542182922363, 81.30260467529297)
(-6.848135948181152, -3.8645122051239014, 0.0, -1.0, 0.0, 0.0, -2.5609755516052246, 2.5609755516052246, 0.0, 35.08881378173828, 23.18707275390625, 0.0, 1000, 1000, 1000, 1000, -6.848613739013672, -5.8632121086120605, 0.0, -45.40200424194336, 95.18659973144531, 4.894472599029541, 84.4598388671875, 0.5439972281455994, 89.89830780029297, 2.6813926696777344, 79.43203735351562, -1.0591403245925903, 81.05429077148438)