
(-3.57293438911438, -7.1594648361206055, 0.0, -1.0, 0.0, 0.0, -7.786076545715332, 4.992015361785889, 0.0, 25.72934341430664, 71.59465026855469, 0.0, 1000, 1000, 1000, 1000, -4.172430038452148, -8.181747436523438, 0.0, -6.9085893630981445, 16.303430557250977, 5.027312755584717, 30.919509887695312, -2.152087688446045, 33.794734954833984, 9.990395545959473, 42.53490447998047, -1.2670270204544067, 51.25827407836914)
(-3.311657190322876, -6.538389205932617, 0.0, 0.0, 0.0, 0.0, 10.137587547302246, 3.511099338531494, 0.0, 33.116573333740234, 65.38389587402344, 0.0, 1000, 1000, 1000, 1000, -3.7012877464294434, -6.89764404296875, 0.0, -6.2247314453125, 17.337926864624023, 3.446847677230835, 31.333200454711914, -1.0298885107040405, 33.750160217285156, 9.280919075012207, 43.28792190551758, -0.14293046295642853, 52.42591094970703)
(-0.7527371644973755, -6.295000076293945, 0.0, 0.0, 0.0, 0.0, -0.5036335587501526, 1.6485037803649902, 0.0, 7.527371406555176, 62.95000076293945, 0.0, 1000, 1000, 1000, 1000, -0.44154906272888184, -6.865917682647705, 0.0, -3.984842300415039, 17.938602447509766, 1.2046507596969604, 31.4378719329834, 0.8310620188713074, 33.47358322143555, 9.19522476196289, 44.025394439697266, 0.431388258934021, 53.652008056640625)
(-1.1410465240478516, -6.150537967681885, 0.0, 0.0, 0.0, 0.0, 4.00018310546875, -0.6110381484031677, 0.0, 11.410465240478516, 61.50537872314453, 0.0, 1000, 1000, 1000, 1000, -0.8506228923797607, -7.076913833618164, 0.0, -4.481288909912109, 18.19814109802246, 1.1115423440933228, 31.592281341552734, -0.8820897936820984, 31.821735382080078, 9.317462921142578, 44.735965728759766, 0.06750765442848206, 54.120933532714844)
(0.44123196601867676, -5.994487762451172, 0.0, 0.0, 0.0, 0.0, 4.427664279937744, 1.26682448387146, 0.0, -4.412319660186768, 59.94487762451172, 0.0, 1000, 1000, 1000, 1000, 1.660568356513977, -5.864035606384277, 0.0, -3.5004067420959473, 18.66928482055664, -1.3259975910186768, 31.576059341430664, -0.9315763115882874, 29.318485260009766, 8.801708221435547, 45.44483184814453, 0.019023697823286057, 54.26556396484375)
(0.37153297662734985, -5.620444297790527, 0.0, 0.0, 0.0, 0.0, -5.343328475952148, 1.8164427280426025, 0.0, -3.715329647064209, 56.204444885253906, 0.0, 1000, 1000, 1000, 1000, -0.1569995880126953, -5.258172512054443, 0.0, -3.782578229904175, 19.272785186767578, 0.24419982731342316, 31.496570587158203, 0.5894842743873596, 32.33025360107422, 8.15820026397705, 46.10349655151367, -0.04244576767086983, 54.2192497253418)
(-0.12303776293992996, -5.724497318267822, 0.0, 0.0, 0.0, 0.0, -0.6868396997451782, -0.30569466948509216, 0.0, 1.2303776741027832, 57.244972229003906, 0.0, 1000, 1000, 1000, 1000, 0.21258330345153809, -5.575525283813477, 0.0, -3.9951305389404297, 19.444992065429688, 0.2875826060771942, 31.508167266845703, 0.13057781755924225, 31.926326751708984, 8.632599830627441, 46.75537109375, 0.2007453888654709, 55.588714599609375)
(0.5004346966743469, -6.254349708557129, 0.0, 0.0, 0.0, 0.0, 1.8780457973480225, 1.7859083414077759, 0.0, -5.00434684753418, 62.543495178222656, 0.0, 1000, 1000, 1000, 1000, 0.9300419092178345, -6.612590789794922, 0.0, -3.579362392425537, 19.19857406616211, -1.0323588848114014, 31.476184844970703, -0.14737705886363983, 30.29644775390625, 9.113637924194336, 47.44511795043945, -0.6440375447273254, 55.91471862792969)
(0.6459376215934753, -6.1585235595703125, 0.0, 0.0, 0.0, 0.0, 1.9391144514083862, -0.6110381484031677, 0.0, -6.459376335144043, 61.585235595703125, 0.0, 1000, 1000, 1000, 1000, 0.7314897775650024, -6.555499076843262, 0.0, -3.6339759826660156, 19.58147430419922, -1.2597736120224, 31.414196014404297, -0.47894287109375, 29.675479888916016, 9.32944107055664, 48.13864517211914, 0.10171245783567429, 57.56979751586914)
(0.7801074385643005, -6.1575703620910645, 0.0, 0.0, 0.0, 0.0, -0.04561832174658775, 1.6485037803649902, 0.0, -7.801074504852295, 61.57570266723633, 0.0, 1000, 1000, 1000, 1000, 1.0940746068954468, -6.52509069442749, 0.0, -3.7806499004364014, 19.962684631347656, -1.163318395614624, 31.321208953857422, -0.2366924285888672, 29.921199798583984, 8.989080429077148, 48.8485107421875, 0.002998130861669779, 57.8405876159668)
(0.7824334502220154, -5.715346336364746, 0.0, 0.0, 0.0, 0.0, -2.1219542026519775, 2.0301833152770996, 0.0, -7.824334621429443, 57.153465270996094, 0.0, 1000, 1000, 1000, 1000, 0.9317969083786011, -5.41200065612793, 0.0, -3.944652557373047, 20.638790130615234, -0.8553570508956909, 31.2254695892334, 0.14085134863853455, 30.510963439941406, 8.268492698669434, 49.49791717529297, -0.0357583686709404, 57.730648040771484)
(0.46268853545188904, -5.538394927978516, 0.0, 0.0, 0.0, 0.0, -1.3127938508987427, 1.495832085609436, 0.0, -4.626885414123535, 55.383949279785156, 0.0, 1000, 1000, 1000, 1000, 0.4256758689880371, -6.271513938903809, 0.0, -4.2450666427612305, 21.007482528686523, -0.49711376428604126, 31.17019271850586, 0.17716604471206665, 30.85024642944336, 8.08321762084961, 50.13557434082031, -0.0637800469994545, 58.15501022338867)
(-0.3535476326942444, -4.944540500640869, 0.0, 0.0, 0.0, 0.0, -2.885313034057617, 2.304992437362671, 0.0, 3.5354762077331543, 49.445404052734375, 0.0, 1000, 1000, 1000, 1000, -0.582817792892456, -5.092764377593994, 0.0, -5.086854934692383, 21.856182098388672, 0.9631183743476868, 31.19773292541504, 0.09570091962814331, 32.256553649902344, 7.071061611175537, 50.697998046875, -0.052749376744031906, 57.71630859375)
(-0.3303047716617584, -4.729480266571045, 0.0, 0.0, 0.0, 0.0, 0.9772824645042419, 3.8164427280426025, 0.0, 3.3030476570129395, 47.294803619384766, 0.0, 1000, 1000, 1000, 1000, -0.07782149314880371, -4.787714004516602, 0.0, -4.952766418457031, 22.275644302368164, 0.34886476397514343, 31.242990493774414, 0.0731668770313263, 31.665021896362305, 6.521753787994385, 51.25098419189453, -0.4189668893814087, 57.3537712097168)
(-0.22218871116638184, -4.3380126953125, 0.0, 0.0, 0.0, 0.0, -1.2059236764907837, 3.022549629211426, 0.0, 2.2218871116638184, 43.380126953125, 0.0, 1000, 1000, 1000, 1000, 0.4787254333496094, -4.9849395751953125, 0.0, -5.017760753631592, 22.89120864868164, 0.5141716003417969, 31.267528533935547, 0.10688522458076477, 31.888586044311523, 6.05363655090332, 51.7471809387207, -0.33905109763145447, 57.46176528930664)
(-0.6800495386123657, -3.6236824989318848, 0.0, 0.0, 0.0, 0.0, -2.1982901096343994, 4.992015361785889, 0.0, 6.800495147705078, 36.23682403564453, 0.0, 1000, 1000, 1000, 1000, -0.7693088054656982, -4.087357521057129, 0.0, -5.691840171813965, 23.872344970703125, 1.3498177528381348, 31.349964141845703, 0.09207094460725784, 32.79185104370117, 4.686721324920654, 52.15735626220703, -0.3503081500530243, 56.49376678466797)
(-1.5866007804870605, -2.924177885055542, 0.0, 0.0, 0.0, 0.0, -7.43493127822876, 8.763007164001465, 0.0, 15.866007804870605, 29.241779327392578, 0.0, 1000, 1000, 1000, 1000, -1.0833454132080078, -3.11126446723938, 0.0, -6.586378574371338, 24.703716278076172, 3.49514102935791, 31.518884658813477, 0.9836180806159973, 35.997642517089844, 3.0718157291412354, 52.51872634887695, -1.4141936302185059, 54.17634582519531)
(-4.102206707000732, -0.8971149325370789, 0.0, 0.0, 0.0, 0.0, -12.717373847961426, 3.5569007396698, 0.0, 41.02206802368164, 8.971149444580078, 0.0, 1000, 1000, 1000, 1000, -4.119404315948486, 0.07313108444213867, 0.0, -9.170458793640137, 27.04584503173828, 8.06091594696045, 31.95903968811035, 1.1626614332199097, 41.1826171875, 0.812137246131897, 52.6120719909668, 0.14015692472457886, 53.56436538696289)
(-3.9887287616729736, -1.454845666885376, 0.0, 0.0, 0.0, 0.0, 5.969648838043213, -1.3896641731262207, 0.0, 39.88728713989258, 14.548456192016602, 0.0, 1000, 1000, 1000, 1000, -3.621023654937744, -2.140143871307373, 0.0, -9.001941680908203, 26.611406326293945, 5.087645530700684, 32.486793518066406, -0.4125130772590637, 37.16192626953125, 2.3907179832458496, 52.751792907714844, 0.32712504267692566, 55.46963882446289)
(-4.338298797607422, -1.1159956455230713, 0.0, 0.0, 0.0, 0.0, -3.205923557281494, 0.5339999794960022, 0.0, 43.38298797607422, 11.159955978393555, 0.0, 1000, 1000, 1000, 1000, -4.411320686340332, -1.1032512187957764, 0.0, -9.50716495513916, 27.120868682861328, 6.98833703994751, 32.979270935058594, 0.20188571512699127, 40.16949462890625, 1.59389328956604, 52.886817932128906, 0.41399869322776794, 54.89470672607422)
(-4.486329078674316, -1.318091630935669, 0.0, 0.0, 0.0, 0.0, 0.6108702421188354, 0.335526704788208, 0.0, 44.86328887939453, 13.180915832519531, 0.0, 1000, 1000, 1000, 1000, -4.556784152984619, -1.637199878692627, 0.0, -9.47376537322998, 27.176660537719727, 6.637862682342529, 33.52154541015625, 0.08746324479579926, 40.24687194824219, 1.9268083572387695, 53.028961181640625, 0.14878088235855103, 55.104549407958984)
(-4.628661632537842, -1.3593775033950806, 0.0, 0.0, 0.0, 0.0, -1.1295877695083618, 2.0301833152770996, 0.0, 46.286617279052734, 13.593774795532227, 0.0, 1000, 1000, 1000, 1000, -4.45948600769043, -1.9117732048034668, 0.0, -9.748530387878418, 27.44244956970215, 7.112431049346924, 34.06834030151367, -0.005769874434918165, 41.17500305175781, 1.7345386743545532, 53.181968688964844, -0.031996630132198334, 54.88451385498047)
(-4.368014812469482, -1.5343194007873535, 0.0, 0.0, 0.0, 0.0, -0.09141984581947327, 0.5950686931610107, 0.0, 43.68014907836914, 15.343194007873535, 0.0, 1000, 1000, 1000, 1000, -4.157111644744873, -2.378305196762085, 0.0, -9.644519805908203, 27.505876541137695, 6.565735340118408, 34.58762741088867, 0.019039267674088478, 41.172401428222656, 2.212218761444092, 53.34864044189453, -0.0645870789885521, 55.49626922607422)
(-4.206681728363037, -1.4563422203063965, 0.0, 0.0, 0.0, 0.0, 0.8398778438568115, 0.9462137222290039, 0.0, 42.06681823730469, 14.563422203063965, 0.0, 1000, 1000, 1000, 1000, -3.771355628967285, -1.8750531673431396, 0.0, -9.598673820495605, 27.852819442749023, 6.1840410232543945, 35.08952713012695, -0.20100292563438416, 41.07256317138672, 2.04258131980896, 53.49396514892578, 0.027664732187986374, 55.564208984375)
(-3.934678554534912, -1.7750310897827148, 0.0, 0.0, 0.0, 0.0, -0.3967633545398712, -0.07668702304363251, 0.0, 39.34678649902344, 17.75031089782715, 0.0, 1000, 1000, 1000, 1000, -3.4547629356384277, -1.83880615234375, 0.0, -9.425577163696289, 27.804410934448242, 5.9615325927734375, 35.5555534362793, 0.07140174508094788, 41.5884895324707, 2.6740496158599854, 53.684242248535156, 0.22466157376766205, 56.582950592041016)
(-3.6431546211242676, -1.8083492517471313, 0.0, 0.0, 0.0, 0.0, 0.9772824645042419, 1.0836182832717896, 0.0, 36.43154525756836, 18.083492279052734, 0.0, 1000, 1000, 1000, 1000, -3.401792526245117, -2.005458116531372, 0.0, -9.259501457214355, 28.075927734375, 5.31813907623291, 35.99567413330078, -0.12953530251979828, 41.18427658081055, 2.549981117248535, 53.87882614135742, 0.007533656898885965, 56.43634033203125)
(-3.7033395767211914, -1.9107716083526611, 0.0, 0.0, 0.0, 0.0, 0.5498015284538269, -0.07668702304363251, 0.0, 37.03339385986328, 19.107715606689453, 0.0, 1000, 1000, 1000, 1000, -3.6600871086120605, -2.5364184379577637, 0.0, -9.2594575881958, 28.15401268005371, 5.472538948059082, 36.4254150390625, -0.13517341017723083, 41.762779235839844, 2.8776602745056152, 54.092857360839844, 0.07944327592849731, 57.04996109008789)
(-4.5580668449401855, -2.000399112701416, 0.0, 0.0, 0.0, 0.0, -15.3280611038208, 3.755373954772949, 0.0, 45.58066940307617, 20.003990173339844, 0.0, 1000, 1000, 1000, 1000, -4.174698829650879, -2.960531234741211, 0.0, -10.469489097595215, 28.4511775970459, 9.136309623718262, 36.92058181762695, 2.0967857837677, 48.1536750793457, 2.4372923374176025, 54.311973571777344, -0.31444260478019714, 56.4348258972168)
(-7.435977458953857, -1.875557780265808, 0.0, 0.0, 0.0, 0.0, -2.1677558422088623, -1.2522594928741455, 0.0, 74.35977172851562, 18.755577087402344, 0.0, 1000, 1000, 1000, 1000, -7.653409004211426, -2.4329757690429688, 0.0, -13.195631980895996, 28.650480270385742, 11.47912883758545, 37.79560470581055, -0.47437065839767456, 48.80036544799805, 3.00117564201355, 54.5016975402832, 0.15768814086914062, 57.660560607910156)
(-7.413683891296387, -2.169893741607666, 0.0, 0.0, 0.0, 0.0, -4.244091510772705, 1.3278931379318237, 0.0, 74.1368408203125, 21.698936462402344, 0.0, 1000, 1000, 1000, 1000, -7.082602500915527, -2.986274242401123, 0.0, -13.299099922180176, 28.654438018798828, 11.757140159606934, 38.65959167480469, 0.4847126007080078, 50.90144348144531, 3.055656671524048, 54.75545120239258, -0.06179407611489296, 57.74931335449219)
(-7.821855068206787, -1.97178316116333, 0.0, 0.0, 0.0, 0.0, 1.2062901258468628, -1.2064579725265503, 0.0, 78.21855163574219, 19.717830657958984, 0.0, 1000, 1000, 1000, 1000, -8.133031845092773, -2.306838274002075, 0.0, -13.823410034179688, 29.03557777404785, 11.551838874816895, 39.57776641845703, -0.5435659885406494, 50.58604049682617, 3.138643264770508, 54.9665412902832, 0.20201806724071503, 58.30720138549805)
(-4.407853603363037, -3.0292129516601562, 0.0, 0.0, 0.0, 0.0, 13.526900291442871, 0.3813282549381256, 0.0, 44.07853698730469, 30.292129516601562, 0.0, 1000, 1000, 1000, 1000, -3.6979165077209473, -4.144435882568359, 0.0, -10.242300033569336, 28.321680068969727, 4.582745552062988, 40.15936279296875, -0.5245075821876526, 44.21760177612305, 4.48661994934082, 55.28532028198242, -0.4785090982913971, 59.29343032836914)
(-3.673215627670288, -3.049197196960449, 0.0, 0.0, 0.0, 0.0, 0.671938955783844, 0.3813282549381256, 0.0, 36.732154846191406, 30.491971969604492, 0.0, 1000, 1000, 1000, 1000, -3.560396671295166, -3.76450252532959, 0.0, -9.756989479064941, 28.66448974609375, 5.409032344818115, 40.57695007324219, -0.3771631717681885, 45.60881805419922, 4.51659631729126, 55.62932586669922, 0.3976098597049713, 60.54353332519531)
(-2.3526618480682373, -3.6641006469726562, 0.0, 0.0, 0.0, 0.0, 3.7406411170959473, -0.7179083824157715, 0.0, 23.52661895751953, 36.64100646972656, 0.0, 1000, 1000, 1000, 1000, -1.705902338027954, -4.062791347503662, 0.0, -8.709615707397461, 28.34837532043457, 2.9678966999053955, 40.8912353515625, -0.2447483241558075, 43.614383697509766, 5.603837013244629, 56.02910232543945, 0.04379450902342796, 61.676734924316406)
(-1.9516204595565796, -3.923068046569824, 0.0, 0.0, 0.0, 0.0, 1.053618311882019, 0.27445802092552185, 0.0, 19.516204833984375, 39.230682373046875, 0.0, 1000, 1000, 1000, 1000, -1.5220346450805664, -4.286914825439453, 0.0, -8.571483612060547, 28.40317726135254, 2.769388198852539, 41.12548065185547, -0.46175524592399597, 43.4331169128418, 5.843433380126953, 56.476722717285156, 0.24630069732666016, 62.56645584106445)
(-0.8843528032302856, -4.1001386642456055, 0.0, 0.0, 0.0, 0.0, 1.6337709426879883, 0.915679395198822, 0.0, 8.843527793884277, 41.00138854980469, 0.0, 1000, 1000, 1000, 1000, -0.5449638366699219, -4.45155668258667, 0.0, -7.668540000915527, 28.530494689941406, 1.0814635753631592, 41.23600387573242, -0.08590219169855118, 42.2315673828125, 6.012856483459473, 56.94376754760742, 0.16128337383270264, 63.1179084777832)
(-0.6237031817436218, -4.199530601501465, 0.0, 0.0, 0.0, 0.0, 2.5192670822143555, 0.014916030690073967, 0.0, 6.237031936645508, 41.99530792236328, 0.0, 1000, 1000, 1000, 1000, -0.41027188301086426, -4.53314208984375, 0.0, -7.632314205169678, 28.637439727783203, 0.5576647520065308, 41.32563018798828, -0.5988625884056091, 41.2844352722168, 6.297059059143066, 57.41070556640625, 0.049122389405965805, 63.75688552856445)
(1.0389498472213745, -4.737950325012207, 0.0, 0.0, 0.0, 0.0, 1.358961820602417, 1.1294198036193848, 0.0, -10.389498710632324, 47.37950134277344, 0.0, 1000, 1000, 1000, 1000, 1.621843695640564, -6.104276657104492, 0.0, -6.222957611083984, 28.452396392822266, -1.762269139289856, 41.227203369140625, 0.29748332500457764, 39.76241683959961, 6.937511920928955, 57.944618225097656, -0.02669450268149376, 64.85543060302734)
(0.3752090334892273, -4.5135297775268555, 0.0, 0.0, 0.0, 0.0, -0.9616488814353943, 0.014916030690073967, 0.0, -3.7520904541015625, 45.13529968261719, 0.0, 1000, 1000, 1000, 1000, 0.4209176301956177, -4.371500015258789, 0.0, -6.938717365264893, 28.934362411499023, -0.4185662269592285, 41.17538070678711, -0.17943866550922394, 40.57737731933594, 6.768057823181152, 58.452484130859375, 0.23381946980953217, 65.45436096191406)
(0.8540568947792053, -4.505623817443848, 0.0, 0.0, 0.0, 0.0, 3.358961820602417, 5.007282257080078, 0.0, -8.540569305419922, 45.056236267089844, 0.0, 1000, 1000, 1000, 1000, 1.4869723320007324, -5.045266628265381, 0.0, -6.534018516540527, 29.338096618652344, -1.7849297523498535, 41.09239959716797, -0.5795900225639343, 38.727882385253906, 6.007343292236328, 58.97606658935547, -0.5264480710029602, 64.45696258544922)
(1.2684106826782227, -3.1155245304107666, 0.0, 0.0, 0.0, 0.0, -1.4501985311508179, 5.831709861755371, 0.0, -12.684106826782227, 31.155244827270508, 0.0, 1000, 1000, 1000, 1000, 1.6787205934524536, -3.1638131141662598, 0.0, -6.360235214233398, 30.941370010375977, -1.6850862503051758, 40.93488311767578, 0.14540813863277435, 39.39520263671875, 3.798530340194702, 59.344200134277344, -0.27910885214805603, 62.863624572753906)
(0.4073992371559143, -1.659307837486267, 0.0, 0.0, 0.0, 0.0, -5.984549522399902, 9.602702140808105, 0.0, -4.0739922523498535, 16.59307861328125, 0.0, 1000, 1000, 1000, 1000, 0.9517529010772705, -2.0668299198150635, 0.0, -7.313321113586426, 32.60800552368164, 0.2865836024284363, 40.873069763183594, 0.6271482706069946, 41.78680419921875, 1.0485564470291138, 59.5389404296875, -0.9038238525390625, 59.68367385864258)
(-0.12917305529117584, -0.1963811069726944, 0.0, 0.0, 0.0, 0.0, 2.9162137508392334, 0.4118625819683075, 0.0, 1.291730523109436, 1.9638110399246216, 0.0, 1000, 1000, 1000, 1000, 0.4970698356628418, 0.6367545127868652, 0.0, -7.865797996520996, 34.06739807128906, -0.24367249011993408, 40.91134262084961, -0.5292539000511169, 40.1384162902832, 0.23279225826263428, 59.55516815185547, 0.27923592925071716, 60.06719970703125)
(-0.4654500186443329, 0.5540162920951843, 0.0, 0.0, 0.0, 0.0, -10.457832336425781, 10.99201488494873, 0.0, 4.6545000076293945, -5.540163040161133, 0.0, 1000, 1000, 1000, 1000, 0.2417389154434204, 0.2962608337402344, 0.0, -8.417510032653809, 35.19441223144531, 2.2668497562408447, 40.93494415283203, 1.5533827543258667, 44.75517654418945, -2.4798264503479004, 59.5052375793457, -1.2322745323181152, 55.79313659667969)
(-1.5919489860534668, 1.527640461921692, 0.0, 0.0, 0.0, 0.0, 1.3284274339675903, -3.160656452178955, 0.0, 15.919489860534668, -15.27640438079834, 0.0, 1000, 1000, 1000, 1000, -1.3870415687561035, 1.2155823707580566, 0.0, -9.574028015136719, 36.12470245361328, 2.188659429550171, 41.152381896972656, -0.2803126573562622, 43.06072998046875, -1.8173620700836182, 59.30791473388672, 0.9488733410835266, 58.43942642211914)
(-1.589200496673584, 0.7341306805610657, 0.0, 0.0, 0.0, 0.0, -5.037984848022461, 1.0988855361938477, 0.0, 15.89200496673584, -7.341306686401367, 0.0, 1000, 1000, 1000, 1000, -1.7807447910308838, -0.02111196517944336, 0.0, -9.498946189880371, 35.63507080078125, 3.139498233795166, 41.321685791015625, 0.9788088202476501, 45.43999481201172, -1.266028881072998, 59.21435546875, 0.2276037037372589, 58.17593002319336)
(-2.009984254837036, 0.26029521226882935, 0.0, 0.0, 0.0, 0.0, 1.664305329322815, 1.068351149559021, 0.0, 20.099842071533203, -2.602952003479004, 0.0, 1000, 1000, 1000, 1000, -2.0175671577453613, 0.9342861175537109, 0.0, -9.736002922058105, 35.4994010925293, 2.7653305530548096, 41.573081970214844, -0.3445700407028198, 43.99384307861328, -0.5506954789161682, 59.1600227355957, -0.4065243899822235, 58.20280075073242)
(-1.1805553436279297, -0.025306880474090576, 0.0, 0.0, 0.0, 0.0, -1.404396891593933, -1.6950076818466187, 0.0, 11.805553436279297, 0.25306880474090576, 0.0, 1000, 1000, 1000, 1000, -0.6780672073364258, -0.37508630752563477, 0.0, -9.258477210998535, 35.456722259521484, 1.981492519378662, 41.73161697387695, 0.2230825424194336, 43.93619155883789, 0.29221147298812866, 59.128684997558594, 0.5471667647361755, 59.96806335449219)
(-1.7252182960510254, -0.5897512435913086, 0.0, 0.0, 0.0, 0.0, 0.5498015284538269, -1.4201984405517578, 0.0, 17.252182006835938, 5.897512435913086, 0.0, 1000, 1000, 1000, 1000, -1.700880765914917, -1.1327099800109863, 0.0, -10.024847030639648, 35.156105041503906, 2.505357265472412, 41.934654235839844, -0.41428107023239136, 44.02573013305664, 1.0976566076278687, 59.18903350830078, 0.48740601539611816, 60.77409362792969)
(-1.8001689910888672, -0.9085086584091187, 0.0, 0.0, 0.0, 0.0, -0.48836642503738403, -0.25989311933517456, 0.0, 18.001689910888672, 9.085086822509766, 0.0, 1000, 1000, 1000, 1000, -1.6747519969940186, -1.2649214267730713, 0.0, -10.226484298706055, 35.105648040771484, 2.7735085487365723, 42.14703369140625, -0.11546516418457031, 44.805076599121094, 1.4017469882965088, 59.27399826049805, 0.22139513492584229, 60.89714050292969)
(-1.8457945585250854, -1.56174635887146, 0.0, 0.0, 0.0, 0.0, 1.893312931060791, -5.11485481262207, 0.0, 18.457944869995117, 15.617464065551758, 0.0, 1000, 1000, 1000, 1000, -2.257725715637207, -2.2087621688842773, 0.0, -10.279496192932129, 34.783206939697266, 2.4846949577331543, 42.36344909667969, -0.3688874840736389, 44.47925567626953, 3.1098477840423584, 59.422996520996094, 0.8454513549804688, 63.3782958984375)
(-2.334696054458618, -2.582814931869507, 0.0, 0.0, 0.0, 0.0, -1.9540152549743652, 0.2897251844406128, 0.0, 23.346960067749023, 25.828149795532227, 0.0, 1000, 1000, 1000, 1000, -2.8510031700134277, -3.4971976280212402, 0.0, -10.969910621643066, 34.100215911865234, 3.7951464653015137, 42.62866973876953, -0.20945411920547485, 46.214359283447266, 3.830763816833496, 59.71588134765625, -0.02295193262398243, 63.5236930847168)
(-2.185455322265625, -2.7884531021118164, 0.0, 0.0, 0.0, 0.0, 1.6185038089752197, 3.373694658279419, 0.0, 21.85455322265625, 27.884531021118164, 0.0, 1000, 1000, 1000, 1000, -1.8390846252441406, -3.604874849319458, 0.0, -10.667881965637207, 34.22975540161133, 3.035407543182373, 42.89366149902344, -0.03549065813422203, 45.893577575683594, 3.6766252517700195, 60.03546142578125, -0.2015952467918396, 63.51049041748047)
(-2.5652332305908203, -2.726052761077881, 0.0, 0.0, 0.0, 0.0, 1.3131603002548218, 1.3278931379318237, 0.0, 25.652332305908203, 27.260528564453125, 0.0, 1000, 1000, 1000, 1000, -2.8971710205078125, -3.2725276947021484, 0.0, -11.074782371520996, 34.609676361083984, 3.6508758068084717, 43.18388748168945, -0.3062076270580292, 46.52855682373047, 3.889895439147949, 60.34543991088867, 0.13096369802951813, 64.36630249023438)
(-1.3771175146102905, -3.1263108253479004, 0.0, 0.0, 0.0, 0.0, 0.9772824645042419, 0.5034656524658203, 0.0, 13.771175384521484, 31.263107299804688, 0.0, 1117, 1100, 1242, 1100, -1.1818132400512695, -4.015610218048096, 0.0, -10.132755279541016, 34.467071533203125, 1.9190839529037476, 43.373291015625, 0.1701163649559021, 45.46249008178711, 4.613946437835693, 60.682472229003906, -0.07421242445707321, 65.22220611572266)
(-1.0915610790252686, -2.6363918781280518, 0.0, 0.0, 0.0, 0.0, 9.206290245056152, 11.007282257080078, 0.0, 10.915611267089844, 26.36391830444336, 0.0, 1130, 1111, 1218, 1100, 1.519981861114502, 0.1415705680847168, 0.0, -10.028363227844238, 35.30760955810547, 0.25639814138412476, 43.531986236572266, -1.853695273399353, 41.934688568115234, 2.303495407104492, 60.99406051635742, -2.0263638496398926, 61.27119445800781)
(1.52859365940094, -0.4630063474178314, 0.0, 0.0, 0.0, 0.0, -11.847145080566406, 2.472931385040283, 0.0, -15.28593635559082, 4.630063533782959, 0.0, 1118, 1108, 1238, 1100, 0.4185333251953125, 9.813756942749023, 0.0, -7.920383453369141, 36.95845031738281, -0.51581871509552, 43.328651428222656, 2.660402774810791, 45.47323226928711, 0.3235698342323303, 61.1019287109375, -1.3119654655456543, 60.11353302001953)
(-0.9918776154518127, -1.830421805381775, 0.0, 0.0, 0.0, 0.0, -4.702106952667236, -7.466000080108643, 0.0, 9.918776512145996, 18.304218292236328, 0.0, 1120, 1101, 1246, 1100, -2.013092041015625, -7.817946910858154, 0.0, -10.336065292358398, 35.51004409790039, 2.1931326389312744, 43.43689727783203, 0.4751923382282257, 46.105224609375, 3.865532636642456, 61.29340362548828, 0.1302240490913391, 65.2891616821289)
(-1.5611448287963867, -3.2522995471954346, 0.0, 0.0, 0.0, 0.0, -4.137221336364746, -3.7102746963500977, 0.0, 15.611448287963867, 32.52299499511719, 0.0, 1177, 1154, 1302, 1100, -5.435709476470947, 4.196016311645508, 0.0, -10.834725379943848, 34.72064208984375, 2.9623003005981445, 43.601318359375, -0.10218679159879684, 46.46143341064453, 5.434990406036377, 61.642921447753906, 0.6496277451515198, 67.7275390625)
(-2.78078293800354, -3.128009557723999, 0.0, 0.0, 0.0, 0.0, 2.6872060298919678, 6.045450210571289, 0.0, 27.807828903198242, 31.28009605407715, 0.0, 1236, 1224, 1334, 1100, -8.677200317382812, -7.472204208374023, 0.0, -11.571704864501953, 35.16895294189453, 3.7680933475494385, 43.92090606689453, -0.14558541774749756, 47.54341506958008, 3.7851967811584473, 61.998619079589844, -2.42179012298584, 63.36202621459961)
(-1.5485483407974243, -2.5343565940856934, 0.0, 0.0, 0.0, 0.0, 17.175756454467773, -0.626305341720581, 0.0, 15.485483169555664, 25.34356689453125, 0.0, 1286, 1253, 1372, 1135, -7.27577018737793, -3.465606212615967, 0.0, -9.856927871704102, 36.13780212402344, -0.2535409927368164, 44.092063903808594, -2.907865285873413, 40.93065643310547, 3.8954806327819824, 62.25885009765625, 1.3380532264709473, 67.49238586425781)
(-0.4205358624458313, -2.1744887828826904, 0.0, 0.0, 0.0, 0.0, -4.5189008712768555, 20.778274536132812, 0.0, 4.205358505249023, 21.744888305664062, 0.0, 1318, 1312, 1448, 1224, 5.497119903564453, -10.48796272277832, 0.0, -9.148565292358398, 36.70306396484375, 1.3086389303207397, 44.12214279174805, -0.890633761882782, 44.5401496887207, 0.14499206840991974, 62.46758270263672, -5.241391181945801, 57.371185302734375)
(1.5565924644470215, 1.4477039575576782, 0.0, 0.0, 0.0, 0.0, 17.35896110534668, 26.259191513061523, 0.0, -15.565924644470215, -14.477039337158203, 0.0, 1373, 1368, 1487, 1290, -6.34453010559082, -7.32435417175293, 0.0, -6.929742336273193, 39.38085174560547, -4.938732624053955, 44.00695037841797, -1.1694165468215942, 37.8988037109375, -6.110434532165527, 62.3953857421875, -5.500955581665039, 50.78399658203125)
(0.6764060258865356, 2.134244203567505, 0.0, 0.0, 0.0, 0.0, -9.389129638671875, 23.114152908325195, 0.0, -6.764060020446777, -21.34244155883789, 0.0, 1404, 1420, 1575, 1363, -32.73899459838867, -10.454477310180664, 0.0, -7.296874523162842, 40.46664810180664, 0.39376044273376465, 43.7911491394043, 2.721498966217041, 46.906410217285156, -6.668489456176758, 62.077720642089844, -6.32936954498291, 49.079864501953125)
(1.9119031429290771, 2.8883655071258545, 0.0, 0.0, 0.0, 0.0, 7.099420070648193, 25.90804672241211, 0.0, -19.11903190612793, -28.883655548095703, 0.0, 1454, 1466, 1561, 1373, 46.147769927978516, 40.89741897583008, 0.0, -5.1314873695373535, 41.219913482666016, -3.932767868041992, 43.56517791748047, 0.25099194049835205, 39.883399963378906, -8.218755722045898, 61.8439826965332, -9.514687538146973, 44.110538482666016)
(0.40495070815086365, 6.991518974304199, 0.0, 0.0, 0.0, 0.0, 5.496366500854492, 21.434762954711914, 0.0, -4.049507141113281, -69.91519165039062, 0.0, 1497, 1513, 1605, 1427, -2.824687957763672, -2.0777242183685303, 0.0, -7.258619785308838, 41.97249984741211, -1.431881070137024, 43.49118423461914, -3.352571487426758, 38.706729888916016, -13.702492713928223, 61.11783981323242, -6.742936611175537, 40.67241287231445)
(4.196419715881348, 7.261359214782715, 0.0, 0.0, 0.0, 0.0, -1.7250076532363892, 0.8240763545036316, 0.0, -41.964195251464844, -72.61359405517578, 0.0, 1500, 1492, 1628, 1422, 30.130720138549805, -6.233206748962402, 0.0, -4.485062599182129, 43.50248336791992, -6.0358781814575195, 43.00949478149414, 2.4883203506469727, 39.461936950683594, -11.015649795532227, 60.13945770263672, 4.457018852233887, 53.58082962036133)
(6.61503267288208, 11.222627639770508, 0.0, 0.0, 0.0, 0.0, 7.4810991287231445, 8.534000396728516, 0.0, -66.15032958984375, -112.22627258300781, 0.0, 1518, 1521, 1585, 1422, -21.406984329223633, 59.22229766845703, 0.0, -2.7260122299194336, 48.50919723510742, -11.04471492767334, 42.353214263916016, 0.05973023921251297, 31.368228912353516, -18.11404037475586, 58.83640670776367, -0.42943820357322693, 40.292930603027344)
(9.672310829162598, 12.512552261352539, 0.0, 0.0, 0.0, 0.0, 33.038352966308594, -6.672106742858887, 0.0, -96.72310638427734, -125.12551879882812, 0.0, 1547, 1495, 1576, 1429, 41.553958892822266, 21.71634292602539, 0.0, -0.32482391595840454, 51.99262237548828, -19.464218139648438, 41.26018524169922, -7.948558330535889, 13.847406387329102, -17.76801300048828, 57.23017120361328, 10.4447021484375, 49.9068603515625)
(7.901888370513916, 16.56044578552246, 0.0, 0.0, 0.0, 0.0, -3.6181373596191406, 41.11415100097656, 0.0, -79.01888275146484, -165.60446166992188, 0.0, 1481, 1523, 1571, 1467, -11.488285064697266, -3.665933132171631, 0.0, -1.4781397581100464, 54.21847915649414, -11.310111045837402, 40.20087814331055, -2.664644718170166, 26.226123809814453, -31.00779151916504, 55.41357421875, -8.938857078552246, 15.466925621032715)
(11.76671028137207, 20.15798568725586, 0.0, 0.0, 0.0, 0.0, 18.244457244873047, 31.007282257080078, 0.0, -117.66709899902344, -201.57986450195312, 0.0, 1448, 1505, 1582, 1508, -24.224870681762695, -9.828946113586426, 0.0, 5.016941070556641, 55.16900634765625, -20.386734008789062, 38.70539093017578, 4.652572154998779, 22.971227645874023, -34.8880729675293, 53.169227600097656, -13.918201446533203, 4.362952709197998)
(13.058086395263672, 18.79026985168457, 0.0, 0.0, 0.0, 0.0, -22.992183685302734, 11.327893257141113, 0.0, -130.58087158203125, -187.90269470214844, 0.0, 1443, 1478, 1616, 1505, -16.4660701751709, 18.104921340942383, 0.0, 5.4883575439453125, 56.42670440673828, -16.138301849365234, 37.116695404052734, 5.643409252166748, 26.621803283691406, -29.88458824157715, 50.83101272583008, -1.748972773551941, 19.197450637817383)
(12.506285667419434, 18.25164222717285, 0.0, 0.0, 0.0, 0.0, -18.213558197021484, 12.625602722167969, 0.0, -125.06285858154297, -182.51641845703125, 0.0, 1463, 1499, 1592, 1488, -37.20138931274414, 40.36639404296875, 0.0, 2.584050416946411, 58.72440719604492, -16.027395248413086, 35.69712448120117, 5.389932155609131, 25.059661865234375, -29.271305084228516, 48.54784393310547, -2.1871142387390137, 17.08942413330078)
(9.877769470214844, 19.51091957092285, 0.0, 0.0, 0.0, 0.0, -14.244091987609863, 18.4271297454834, 0.0, -98.77769470214844, -195.10919189453125, 0.0, 1469, 1520, 1572, 1485, -31.21866226196289, 42.2153434753418, 0.0, -1.6736170053482056, 59.420806884765625, -12.68004035949707, 34.57590103149414, 2.6455514430999756, 24.541412353515625, -32.03044891357422, 46.263057708740234, -5.105226039886475, 9.127385139465332)
(9.054971694946289, 19.032758712768555, 0.0, 0.0, 0.0, 0.0, -4.335694789886475, -22.641572952270508, 0.0, -90.54971313476562, -190.3275909423828, 0.0, 1487, 1502, 1580, 1474, -7.920778274536133, 35.24982833862305, 0.0, -4.022504806518555, 57.51271057128906, -12.932103157043457, 33.49412155151367, -0.32693159580230713, 20.235088348388672, -25.152902603149414, 43.99756622314453, 3.9071335792541504, 22.751798629760742)
(7.115591049194336, 15.331278800964355, 0.0, 0.0, 0.0, 0.0, 10.54980182647705, 4.2133893966674805, 0.0, -71.15591430664062, -153.3127899169922, 0.0, 1509, 1530, 1547, 1455, 5.529799938201904, 7.062891006469727, 0.0, -5.025820732116699, 56.58216857910156, -12.255857467651367, 32.67597198486328, -2.0546884536743164, 18.365427017211914, -23.62892723083496, 42.07256317138672, -0.5143417119979858, 17.929292678833008)
(8.068354606628418, 13.546798706054688, 0.0, 0.0, 0.0, 0.0, 5.175755500793457, -26.702640533447266, 0.0, -80.68354797363281, -135.46798706054688, 0.0, 1521, 1501, 1570, 1450, 64.86664581298828, 10.709369659423828, 0.0, -4.908984661102295, 55.96781921386719, -12.87889575958252, 31.77463722229004, -3.7789862155914307, 15.116754531860352, -16.314802169799805, 40.387996673583984, 10.871603012084961, 34.94479751586914)
(4.797476768493652, 16.028390884399414, 0.0, 0.0, 0.0, 0.0, -9.984549522399902, 9.114152908325195, 0.0, -47.974769592285156, -160.28390502929688, 0.0, 1472, 1528, 1566, 1476, -14.084745407104492, 42.55259323120117, 0.0, -6.888330936431885, 55.3423957824707, -5.698533058166504, 31.191326141357422, 0.9685088396072388, 26.4613037109375, -25.40970802307129, 38.67469024658203, -4.889337062835693, 8.375646591186523)
(10.837486267089844, 15.212924003601074, 0.0, 0.0, 0.0, 0.0, 22.00018310546875, 20.747739791870117, 0.0, -108.37486267089844, -152.12924194335938, 0.0, 1480, 1507, 1547, 1507, 31.59113121032715, -11.394935607910156, 0.0, -2.2230963706970215, 53.08620071411133, -19.556257247924805, 30.18509864807129, -3.727734327316284, 6.901106834411621, -25.931547164916992, 37.06570053100586, -7.97127628326416, 3.1628775596618652)
(9.460819244384766, 14.604559898376465, 0.0, 0.0, 0.0, 0.0, -26.473098754882812, -24.122488021850586, 0.0, -94.60819244384766, -146.04559326171875, 0.0, 1472, 1496, 1598, 1476, 27.335988998413086, -5.628171920776367, 0.0, -2.496030569076538, 53.397178649902344, -10.220264434814453, 28.761577606201172, 7.905672073364258, 26.44698715209961, -18.28846549987793, 35.15158462524414, 7.968552112579346, 24.8316707611084)
(8.699576377868652, 14.881426811218262, 0.0, 0.0, 0.0, 0.0, 3.8475115299224854, 7.3889617919921875, 0.0, -86.99576568603516, -148.81427001953125, 0.0, 1491, 1516, 1546, 1492, 9.707867622375488, 22.071523666381836, 0.0, -5.751101970672607, 53.48014450073242, -13.62649154663086, 27.962814331054688, -4.792505264282227, 9.543817520141602, -23.430484771728516, 33.389915466308594, -2.806159257888794, 7.1532697677612305)
(8.534022331237793, 16.365758895874023, 0.0, 0.0, 0.0, 0.0, -10.625770568847656, -6.977450370788574, 0.0, -85.34022521972656, -163.6575927734375, 0.0, 1493, 1526, 1541, 1482, 32.37820053100586, 16.177047729492188, 0.0, -8.296631813049316, 53.31089401245117, -11.207168579101562, 26.975879669189453, -2.6764936447143555, 13.092217445373535, -23.50202178955078, 31.52813148498535, -1.296859860420227, 6.729249477386475)
(5.790364742279053, 13.641395568847656, 0.0, 0.0, 0.0, 0.0, 8.168122291564941, -28.824779510498047, 0.0, -57.903648376464844, -136.41395568847656, 0.0, 1528, 1516, 1546, 1452, 58.31541061401367, -9.262815475463867, 0.0, -10.914143562316895, 53.059444427490234, -9.910765647888184, 26.368865966796875, -5.999662399291992, 10.4584379196167, -16.138376235961914, 29.742340087890625, 12.675646781921387, 26.279611587524414)
(3.415199041366577, 15.429317474365234, 0.0, 0.0, 0.0, 0.0, -4.152488708496094, 0.5645343661308289, 0.0, -34.1519889831543, -154.29318237304688, 0.0, 1487, 1535, 1544, 1476, -13.034646034240723, 19.946117401123047, 0.0, -12.837687492370605, 54.18567657470703, -4.499925136566162, 25.940027236938477, -2.116978645324707, 19.323123931884766, -23.228656768798828, 27.95599937438965, 0.28645026683807373, 5.013793468475342)
(6.897498607635498, 11.545042991638184, 0.0, 0.0, 0.0, 0.0, 27.206289291381836, -17.740808486938477, 0.0, -68.97498321533203, -115.45043182373047, 0.0, 1514, 1506, 1547, 1475, 29.433361053466797, 3.3145246505737305, 0.0, -9.161004066467285, 52.84786605834961, -14.427190780639648, 25.29866600036621, -4.9364013671875, 5.9350738525390625, -14.65644359588623, 26.438343048095703, 8.207104682922363, 19.989002227783203)
(4.324156284332275, 12.245687484741211, 0.0, 0.0, 0.0, 0.0, -29.251724243164062, -27.160655975341797, 0.0, -43.24156188964844, -122.45687866210938, 0.0, 1461, 1503, 1589, 1489, 11.249563217163086, 50.94953155517578, 0.0, -11.487675666809082, 52.38664627075195, -2.098475694656372, 24.730693817138672, 2.8445498943328857, 25.47676658630371, -14.294432640075684, 25.15420150756836, 3.4788498878479004, 14.338617324829102)
(5.44383430480957, 10.821824073791504, 0.0, 0.0, 0.0, 0.0, 7.343694686889648, 13.862244606018066, 0.0, -54.4383430480957, -108.2182388305664, 0.0, 1468, 1518, 1560, 1497, -3.627070426940918, -19.627704620361328, 0.0, -8.748397827148438, 51.548465728759766, -9.267305374145508, 24.066898345947266, 3.4945220947265625, 18.29411506652832, -18.31207275390625, 23.724002838134766, -2.142179489135742, 3.2697503566741943)
(-0.5600121021270752, 10.029876708984375, 0.0, 0.0, 0.0, 0.0, -38.68684005737305, -15.0232515335083, 0.0, 5.600121021270752, -100.29876708984375, 0.0, 1484, 1548, 1611, 1503, -9.197125434875488, 12.656883239746094, 0.0, -15.39408016204834, 49.7255744934082, 6.6430439949035645, 23.976123809814453, 2.2033088207244873, 32.82247543334961, -12.791326522827148, 22.595014572143555, 1.2353042364120483, 11.038991928100586)
(9.344671249389648, 9.266237258911133, 0.0, 0.0, 0.0, 0.0, 52.3513298034668, 4.854610919952393, 0.0, -93.44671630859375, -92.66236877441406, 0.0, 1547, 1540, 1542, 1517, 42.50721740722656, -4.136291027069092, 0.0, -7.989151477813721, 49.470218658447266, -21.869707107543945, 23.27039909362793, -6.860705375671387, -5.460013389587402, -14.627547264099121, 21.515018463134766, 0.9394438862800598, 7.826914310455322)
(2.73197603225708, 10.777398109436035, 0.0, 0.0, 0.0, 0.0, -44.656307220458984, 2.549267292022705, 0.0, -27.319759368896484, -107.77397918701172, 0.0, 1515, 1558, 1578, 1491, 66.40413665771484, 17.500957489013672, 0.0, -16.273685455322266, 51.26547622680664, 2.600482225418091, 22.91889762878418, -2.9463272094726562, 22.57305335998535, -16.548486709594727, 20.261287689208984, 6.978199005126953, 10.690999984741211)
(6.584479808807373, 13.77358627319336, 0.0, 0.0, 0.0, 0.0, 10.824610710144043, 9.572168350219727, 0.0, -65.84479522705078, -137.73587036132812, 0.0, 1513, 1566, 1548, 1519, 19.137676239013672, 18.4932804107666, 0.0, -13.93799114227295, 51.72455978393555, -11.500410079956055, 22.421974182128906, -0.31816840171813965, 10.603395462036133, -22.096206665039062, 18.670812606811523, -2.437558174133301, -5.862951755523682)
(3.8291375637054443, 10.653094291687012, 0.0, 0.0, 0.0, 0.0, 0.4276641309261322, -13.450733184814453, 0.0, -38.29137420654297, -106.53094482421875, 0.0, 1543, 1570, 1551, 1482, 11.374967575073242, 10.166899681091309, 0.0, -15.074204444885254, 50.581424713134766, -5.80785608291626, 21.919267654418945, -2.0236520767211914, 14.087759017944336, -13.962032318115234, 17.284385681152344, 6.9979681968688965, 10.320321083068848)
(0.5146751403808594, 7.298054218292236, 0.0, 0.0, 0.0, 0.0, -3.755542039871216, 8.01491641998291, 0.0, -5.146751403808594, -72.98054504394531, 0.0, 1507, 1574, 1574, 1507, -26.471879959106445, -34.11731719970703, 0.0, -16.05652618408203, 50.04669189453125, -0.2086814045906067, 21.64394760131836, 1.9000418186187744, 23.335308074951172, -12.14931869506836, 16.343576431274414, -4.133177757263184, 0.061079178005456924)
(1.2886022329330444, 5.466250896453857, 0.0, 0.0, 0.0, 0.0, 20.32079315185547, -16.45836639404297, 0.0, -12.886022567749023, -54.66250991821289, 0.0, 1540, 1559, 1603, 1521, 6.9061737060546875, 24.769807815551758, 0.0, -12.016790390014648, 49.15303039550781, -4.981022834777832, 21.362462997436523, -1.093549370765686, 15.287891387939453, -5.730621337890625, 15.54261589050293, 5.952645301818848, 15.764639854431152)
(-4.061668395996094, 5.702528476715088, 0.0, 0.0, 0.0, 0.0, -73.54180145263672, -54.97745132446289, 0.0, 40.61668395996094, -57.02528381347656, 0.0, 1536, 1568, 1637, 1473, 25.840652465820312, 1.2411632537841797, 0.0, -21.698732376098633, 48.77165985107422, 17.1237735748291, 21.79372787475586, 0.11867950111627579, 39.03617858886719, -0.3071748614311218, 14.77392292022705, 18.66372299194336, 33.130470275878906)
(-14.52548599243164, 4.062022686004639, 0.0, 0.0, 0.0, 0.0, 59.267356872558594, 36.640869140625, 0.0, 145.25485229492188, -40.6202278137207, 0.0, 1554, 1626, 1541, 1493, -34.1976318359375, 3.0044384002685547, 0.0, -34.36722946166992, 48.7872314453125, 12.898124694824219, 23.987911224365234, -16.745426177978516, 20.140609741210938, -11.589163780212402, 14.267290115356445, -8.627182960510254, -5.949057579040527)
(4.497034549713135, 5.71674919128418, 0.0, 0.0, 0.0, 0.0, 31.93911361694336, -7.77134370803833, 0.0, -44.97034454345703, -57.1674919128418, 0.0, 1576, 1594, 1562, 1482, -3.033385753631592, -32.18572998046875, 0.0, -15.438019752502441, 47.68455505371094, -11.536417961120605, 23.369083404541016, 2.52439022064209, 14.357054710388184, -7.409422397613525, 13.676172256469727, 9.282148361206055, 15.548897743225098)
(0.1354912370443344, 5.69177770614624, 0.0, 0.0, 0.0, 0.0, -13.373862266540527, 7.7095723152160645, 0.0, -1.3549124002456665, -56.91777801513672, 0.0, 1499, 1578, 1608, 1530, -33.110992431640625, 4.238614082336426, 0.0, -16.68461799621582, 48.540504455566406, 1.802842378616333, 23.176036834716797, 4.204386234283447, 29.183265686035156, -9.69410228729248, 12.968220710754395, -3.4809436798095703, -0.20682555437088013)
(0.758679986000061, 1.8591210842132568, 0.0, 0.0, 0.0, 0.0, -80.5188980102539, -50.702640533447266, 0.0, -7.586799621582031, -18.591211318969727, 0.0, 1491, 1556, 1681, 1486, -8.708667755126953, 40.47514343261719, 0.0, -14.69167423248291, 46.52713394165039, 10.939814567565918, 22.939598083496094, 21.060396194458008, 54.9398078918457, 4.816714286804199, 12.573895454406738, 14.981639862060547, 32.372249603271484)
(-16.27284812927246, -0.9398584961891174, 0.0, 0.0, 0.0, 0.0, 38.85514450073242, -12.107221603393555, 0.0, 162.72848510742188, 9.398585319519043, 0.0, 1555, 1589, 1597, 1477, -6.044759750366211, -7.748089790344238, 0.0, -34.155364990234375, 44.706214904785156, 18.58100128173828, 25.053327560424805, -15.413885116577148, 28.220443725585938, 3.2258708477020264, 12.579984664916992, 5.818724155426025, 21.62458038330078)
(0.3864409029483795, 0.02547553926706314, 0.0, 0.0, 0.0, 0.0, 49.09941864013672, 22.50346565246582, 0.0, -3.8644089698791504, -0.2547553777694702, 0.0, 1547, 1588, 1568, 1511, 20.645200729370117, 26.826473236083984, 0.0, -14.913188934326172, 45.3533821105957, -7.944574356079102, 24.856779098510742, -2.4663116931915283, 14.445893287658691, -3.4137330055236816, 12.687178611755371, -5.2533392906188965, 4.020106315612793)
(0.40968242287635803, 4.360554218292236, 0.0, 0.0, 0.0, 0.0, -14.473099708557129, 27.0836181640625, 0.0, -4.0968241691589355, -43.60554122924805, 0.0, 1485, 1569, 1639, 1581, -9.649588584899902, 14.890344619750977, 0.0, -15.522382736206055, 47.87992858886719, 1.5564414262771606, 24.902957916259766, -0.9557347297668457, 25.503664016723633, -10.603374481201172, 12.385595321655273, -8.205251693725586, -6.423030376434326)
(2.8211069107055664, 6.177621364593506, 0.0, 0.0, 0.0, 0.0, -10.396763801574707, 13.266824722290039, 0.0, -28.211069107055664, -61.776214599609375, 0.0, 1526, 1595, 1675, 1610, -0.8954005241394043, 9.629121780395508, 0.0, -14.520814895629883, 50.799076080322266, -2.6721456050872803, 24.658035278320312, 1.6158044338226318, 23.601694107055664, -11.256455421447754, 11.633231163024902, -1.6921005249023438, -1.3153247833251953)
(0.5304908752441406, 7.532260417938232, 0.0, 0.0, 0.0, 0.0, 10.045984268188477, -1.0843206644058228, 0.0, -5.304908752441406, -75.32260131835938, 0.0, 1596, 1638, 1679, 1614, 12.066476821899414, -2.377351760864258, 0.0, -16.72015953063965, 54.413124084472656, -2.3026340007781982, 24.55039405822754, -5.429207801818848, 16.818552017211914, -11.1357421875, 10.487100601196289, 6.449970245361328, 5.801328659057617)
(0.725895881652832, 9.865406036376953, 0.0, 0.0, 0.0, 0.0, 0.00018320610979571939, -8.855313301086426, 0.0, -7.25895881652832, -98.65406036376953, 0.0, 1605, 1666, 1650, 1593, 39.36468505859375, 32.10781478881836, 0.0, -19.337753295898438, 55.86859893798828, -1.0888712406158447, 24.623210906982422, -3.9202866554260254, 19.61405372619629, -13.46981143951416, 9.298705101013184, 3.2642734050750732, -0.9068329334259033)
(-12.215963363647461, 5.16950798034668, 0.0, 0.0, 0.0, 0.0, -119.63340759277344, -26.000350952148438, 0.0, 122.15963745117188, -51.6950798034668, 0.0, 1536, 1702, 1734, 1550, 1.8018006086349487, 13.906696319580078, 0.0, -28.888248443603516, 51.27486801147461, 36.26895523071289, 25.32282257080078, 16.008359909057617, 77.60014343261719, -3.8542094230651855, 8.63317584991455, -0.5062301158905029, 4.272736072540283)
(-4.471583843231201, 2.0210177898406982, 0.0, 0.0, 0.0, 0.0, 80.87041473388672, 22.839344024658203, 0.0, 44.71583938598633, -20.21017837524414, 0.0, 1585, 1664, 1664, 1605, -38.40016174316406, 38.2718505859375, 0.0, -22.666601181030273, 48.701053619384766, -5.423186302185059, 26.61777114868164, 3.328294038772583, 24.522878646850586, -6.457428455352783, 8.348733901977539, -6.937929153442383, -5.046623229980469)
(1.881882905960083, 6.142443656921387, 0.0, 0.0, 0.0, 0.0, 8.351327896118164, 46.8393440246582, 0.0, -18.818828582763672, -61.4244384765625, 0.0, 1572, 1662, 1647, 1636, 14.260024070739746, 31.418468475341797, 0.0, -20.578083038330078, 54.34760665893555, -4.075523376464844, 26.378040313720703, -7.153449058532715, 15.149066925048828, -16.239566802978516, 7.70263147354126, -11.147529602050781, -19.684465408325195)
(6.792856693267822, 6.5822601318359375, 0.0, 0.0, 0.0, 0.0, 21.847511291503906, 34.62560272216797, 0.0, -67.9285659790039, -65.82260131835938, 0.0, 1565, 1645, 1653, 1655, 7.40589714050293, 17.358190536499023, 0.0, -14.79666805267334, 54.94325637817383, -13.466411590576172, 25.67279624938965, -2.5022857189178467, 9.704099655151367, -15.067230224609375, 6.977211952209473, -12.299010276794434, -20.389028549194336)
(-6.43062686920166, -2.3979015350341797, 0.0, 0.0, 0.0, 0.0, -124.93111419677734, -21.618671417236328, 0.0, 64.30626678466797, 23.979015350341797, 0.0, 1572, 1689, 1715, 1542, 2.7631640434265137, -20.122535705566406, 0.0, -30.702119827270508, 48.60385513305664, 28.38560676574707, 26.012248992919922, 7.9702606201171875, 62.36811828613281, 6.839653015136719, 6.789322853088379, 0.47263023257255554, 14.101606369018555)
(-3.175309419631958, 1.5893104076385498, 0.0, 0.0, 0.0, 0.0, 87.93911743164062, 58.71720504760742, 0.0, 31.753093719482422, -15.893104553222656, 0.0, 1619, 1711, 1596, 1591, -2.3861050605773926, -19.956981658935547, 0.0, -23.85574722290039, 48.56216049194336, -8.427903175354004, 26.674991607666016, -4.031805515289307, 14.21528148651123, -11.191545486450195, 6.8945417404174805, -17.669557571411133, -21.966562271118164)
(1.7918789386749268, 1.9554938077926636, 0.0, 0.0, 0.0, 0.0, 9.358962059020996, 8.534000396728516, 0.0, -17.91878890991211, -19.5549373626709, 0.0, 1583, 1632, 1681, 1622, -1.1885895729064941, 3.2242231369018555, 0.0, -19.811128616333008, 50.98542785644531, -4.091662883758545, 26.4856014251709, -5.432565212249756, 16.961374282836914, -4.213340759277344, 6.631855010986328, 0.3163004219532013, 2.7348146438598633)
(0.4187113344669342, 4.877272129058838, 0.0, 0.0, 0.0, 0.0, -13.099053382873535, 0.19812214374542236, 0.0, -4.187113285064697, -48.77272033691406, 0.0, 1627, 1701, 1721, 1648, 0.2664008140563965, 47.2266845703125, 0.0, -22.53803062438965, 51.95382308959961, 1.336790919303894, 26.349788665771484, -0.8886918425559998, 26.797887802124023, -7.3456268310546875, 6.121690273284912, 1.1126431226730347, -0.11129314452409744)
(2.097666025161743, 5.060588359832764, 0.0, 0.0, 0.0, 0.0, 10.00018310546875, -0.9469160437583923, 0.0, -20.976659774780273, -50.60588455200195, 0.0, 1656, 1721, 1694, 1631, 23.162841796875, 57.0871467590332, 0.0, -21.226993560791016, 54.90251541137695, -4.646526336669922, 26.11379623413086, 0.6098872423171997, 22.077157974243164, -7.448845386505127, 5.316187381744385, 1.453853964805603, -0.6788042783737183)
(2.58332896232605, 6.623744964599609, 0.0, 0.0, 0.0, 0.0, 9.099419593811035, 13.159954071044922, 0.0, -25.833290100097656, -66.2374496459961, 0.0, 1625, 1707, 1708, 1659, -44.46763610839844, -44.15217971801758, 0.0, -19.192293167114258, 57.47815704345703, -5.239906311035156, 25.54022979736328, 2.3425018787384033, 22.642826080322266, -11.9096097946167, 4.38012170791626, -0.9218360185623169, -8.451324462890625)
(-2.5298638343811035, 3.621325969696045, 0.0, 0.0, 0.0, 0.0, -111.43492889404297, -24.85531234741211, 0.0, 25.29863739013672, -36.213260650634766, 0.0, 1577, 1695, 1804, 1622, 3.2798547744750977, -82.33045196533203, 0.0, -23.883392333984375, 56.79838943481445, 20.510034561157227, 25.37535285949707, 19.334714889526367, 65.22010040283203, -1.7036921977996826, 3.758134365081787, 13.997302055358887, 16.05174446105957)
(-9.201804161071777, -0.43076708912849426, 0.0, 0.0, 0.0, 0.0, 84.19865417480469, -1.6797404289245605, 0.0, 92.0180435180664, 4.307671070098877, 0.0, 1654, 1692, 1700, 1652, 39.430908203125, 17.204259872436523, 0.0, -33.153194427490234, 53.093414306640625, 1.1729084253311157, 27.093408584594727, -16.580785751342773, 11.685530662536621, 0.8981117010116577, 4.045519828796387, -2.44745135307312, 2.4961800575256348)
(0.3316643238067627, 5.571073055267334, 0.0, 0.0, 0.0, 0.0, 8.19865608215332, 26.70193862915039, 0.0, -3.316643238067627, -55.710731506347656, 0.0, 1622, 1726, 1700, 1647, -27.80363655090332, 21.92976188659668, 0.0, -20.95895767211914, 58.299442291259766, -1.7272948026657104, 26.926807403564453, 4.136000156402588, 29.335512161254883, -12.36190128326416, 3.53728985786438, -3.911196231842041, -12.735807418823242)
(4.201381206512451, 8.343326568603516, 0.0, 0.0, 0.0, 0.0, 3.2978930473327637, 27.587434768676758, 0.0, -42.01381301879883, -83.43326568603516, 0.0, 1576, 1679, 1727, 1715, 2.4694972038269043, 12.49626350402832, 0.0, -18.178302764892578, 58.978519439697266, -6.796755790710449, 26.41459083557129, -0.8427622318267822, 18.77507209777832, -16.653104782104492, 2.5626235008239746, -8.834769248962402, -22.925251007080078)
(2.8096697330474854, 9.408232688903809, 0.0, 0.0, 0.0, 0.0, -33.786075592041016, -9.771343231201172, 0.0, -28.096696853637695, -94.08232879638672, 0.0, 1587, 1690, 1747, 1674, -6.973015785217285, -17.361717224121094, 0.0, -21.196653366088867, 56.68247604370117, 0.8534067869186401, 26.003713607788086, 7.246661186218262, 34.103782653808594, -12.646648406982422, 1.5138243436813354, 3.305976629257202, -7.826847553253174)
(-13.925074577331543, -4.220492839813232, 0.0, 0.0, 0.0, 0.0, -37.16012191772461, 15.846977233886719, 0.0, 139.25074768066406, 42.20492935180664, 0.0, 1602, 1719, 1739, 1637, -20.234874725341797, 38.36322021484375, 0.0, -42.315086364746094, 47.40934753417969, 26.461631774902344, 27.608394622802734, -9.097960472106934, 44.97206497192383, 3.95369291305542, 1.7819112539291382, -9.65599250793457, -3.9203882217407227)
(0.5147196650505066, 3.486161708831787, 0.0, 0.0, 0.0, 0.0, 25.725374221801758, 36.24392318725586, 0.0, -5.1471967697143555, -34.86161804199219, 0.0, 1629, 1758, 1675, 1640, -3.9220457077026367, 24.570417404174805, 0.0, -26.394054412841797, 49.78361892700195, -4.630885601043701, 27.662212371826172, 7.974921226501465, 31.006248474121094, -10.665831565856934, 1.9305713176727295, -14.921016693115234, -23.65627670288086)
(-7.47321081161499, 6.160253047943115, 0.0, 0.0, 0.0, 0.0, -7.572335720062256, 11.358427047729492, 0.0, 74.73210906982422, -61.60253143310547, 0.0, 1628, 1750, 1700, 1615, -64.80357360839844, 4.6778106689453125, 0.0, -33.32523727416992, 54.153316497802734, 12.345666885375977, 28.364521026611328, 0.9050737619400024, 41.61526107788086, -10.944144248962402, 1.0955702066421509, 0.5257114171981812, -9.32286262512207)
(-6.328086853027344, 13.191231727600098, 0.0, 0.0, 0.0, 0.0, -17.954015731811523, -5.832412242889404, 0.0, 63.28086853027344, -131.91232299804688, 0.0, 1603, 1753, 1715, 1628, -3.5288352966308594, -14.240409851074219, 0.0, -32.99168395996094, 55.25078582763672, 12.185233116149902, 29.08114242553711, 7.972442150115967, 49.23881912231445, -18.9119873046875, -0.2684391736984253, 3.372016668319702, -15.808408737182617)
(-5.0760369300842285, 10.565447807312012, 0.0, 0.0, -1.0, 0.0, 5.878046035766602, 7.144687175750732, 0.0, 50.76036834716797, -115.65447998046875, 0.0, 1601, 1739, 1703, 1656, -25.816516876220703, 12.281246185302734, 0.0, -33.45882034301758, 55.53467559814453, 6.732348442077637, 29.774242401123047, -0.2797185182571411, 36.226871490478516, -18.41987419128418, -1.6510282754898071, -2.6580066680908203, -22.72890853881836)
(-9.700154304504395, 10.131023406982422, 0.0, 0.0, 0.0, 0.0, -14.518900871276855, -4.168290138244629, 0.0, 97.00154113769531, -101.31023406982422, 0.0, 1584, 1725, 1741, 1649, 23.716472625732422, 30.886287689208984, 0.0, -36.55449676513672, 57.352455139160156, 16.728065490722656, 30.828121185302734, 0.6472033858299255, 48.203392028808594, -14.57129192352295, -3.0163044929504395, 5.360803604125977, -12.226792335510254)
(-11.922410011291504, 11.606990814208984, 0.0, 0.0, 0.0, 0.0, -6.747908592224121, -24.443099975585938, 0.0, 119.2240982055664, -116.06990814208984, 0.0, 1567, 1710, 1759, 1666, 36.91579818725586, 40.70441436767578, 0.0, -40.836055755615234, 56.694583892822266, 18.895801544189453, 32.28097915649414, -2.360215187072754, 48.81656265258789, -13.74402141571045, -4.2853803634643555, 5.4999542236328125, -12.529447555541992)
(-9.278754234313965, 6.814140319824219, 0.0, 0.0, 0.0, 0.0, 9.3284273147583, -14.748442649841309, 0.0, 92.78754425048828, -68.14140319824219, 0.0, 1601, 1725, 1730, 1638, 7.264273166656494, -21.910625457763672, 0.0, -39.336307525634766, 54.36624526977539, 12.518867492675781, 33.399147033691406, -1.9044299125671387, 44.01358413696289, -8.008943557739258, -5.32045841217041, 5.211017608642578, -8.11838436126709)
(-9.73879623413086, 7.4376373291015625, 0.0, 0.0, 0.0, 0.0, -13.663938522338867, 7.969114303588867, 0.0, 97.3879623413086, -74.37637329101562, 0.0, 1574, 1734, 1739, 1651, 8.992583274841309, -14.693678855895996, 0.0, -41.824039459228516, 56.39052963256836, 16.657785415649414, 34.55913162231445, 0.45377540588378906, 51.670692443847656, -12.351823806762695, -6.26331090927124, 0.6843883395195007, -17.93074607849121)
(-11.550488471984863, 6.617374420166016, 0.0, 0.0, -1.0, 0.0, 2.2597250938415527, -11.038518905639648, 0.0, 115.5048828125, -76.17374420166016, 0.0, 1605, 1756, 1716, 1620, -23.704349517822266, 12.880552291870117, 0.0, -44.12910461425781, 56.659759521484375, 16.986772537231445, 35.98894119262695, -1.1843514442443848, 51.79136276245117, -9.770283699035645, -7.094867706298828, 2.9676272869110107, -13.897523880004883)
(-16.308351516723633, 6.20164155960083, 0.0, 0.0, 0.0, 0.0, -16.702106475830078, -3.0995876789093018, 0.0, 163.08351135253906, -62.016414642333984, 0.0, 1592, 1768, 1728, 1602, -27.8312931060791, -34.00922393798828, 0.0, -47.22769546508789, 58.24470901489258, 26.96784210205078, 37.82006072998047, 0.7731080651283264, 65.5610122680664, -8.8375244140625, -7.948709964752197, 4.1804351806640625, -12.605798721313477)
(-13.835980415344238, 6.264466285705566, 0.0, 0.0, 0.0, 0.0, 26.427663803100586, -9.679740905761719, 0.0, 138.35980224609375, -62.64466094970703, 0.0, 1507, 1663, 1602, 1502, -38.310916900634766, 43.719200134277344, 0.0, -44.99222946166992, 57.92989730834961, 16.789819717407227, 39.506046295166016, -1.9246994256973267, 54.37116622924805, -7.944737911224365, -8.67268180847168, 2.685532331466675, -13.93188762664795)
(-7.7646613121032715, 3.461268663406372, 0.0, 0.0, -1.0, 0.0, 15.282626152038574, 9.72484016418457, 0.0, 77.64661407470703, -44.61268615722656, 0.0, 1100, 1225, 1219, 1151, 3.6275815963745117, 0.8445858955383301, 0.0, -37.855323791503906, 54.83653259277344, 9.354598045349121, 40.39043426513672, 1.5089378356933594, 51.253971099853516, -8.150629043579102, -9.062078475952148, -10.165863990783691, -27.378570556640625)
(-1.7208545207977295, -0.8381670713424683, 0.0, 0.0, 0.0, 0.0, 10.00018310546875, -15.649206161499023, 0.0, 17.208545684814453, 8.381670951843262, 0.0, 1000, 1000, 1000, 1000, -35.64609909057617, 21.059186935424805, 0.0, -30.23680877685547, 49.481327056884766, 1.0812543630599976, 40.571109771728516, 3.5035128593444824, 45.15587615966797, 3.6046314239501953, -9.031085014343262, 1.3886221647262573, -4.037831783294678)
(-2.57783579826355, -3.1812188625335693, 0.0, 0.0, 0.0, 0.0, -4.931114673614502, -0.30569466948509216, 0.0, 15.778358459472656, 31.81218910217285, 0.0, 1000, 1000, 1000, 1000, -0.8693065643310547, -1.1624255180358887, 0.0, -32.976383209228516, 48.386966705322266, 3.1064209938049316, 40.900634765625, -3.7232413291931152, 40.2838134765625, 4.81768274307251, -8.734579086303711, 0.12430264800786972, -3.792593240737915)
(-0.7292531728744507, -6.01895809173584, 0.0, 0.0, 0.0, 0.0, 11.786442756652832, -11.282793998718262, 0.0, 7.292531967163086, 60.18958282470703, 0.0, 1000, 1000, 1000, 1000, -4.6836466789245605, -5.412016868591309, 0.0, -31.98466682434082, 46.726104736328125, -0.6740866303443909, 41.07735061645508, -1.4503180980682373, 38.952945709228516, 10.720855712890625, -8.138888359069824, 1.4555175304412842, 4.037485122680664)
(2.158437728881836, -9.51355266571045, 0.0, 0.0, 0.0, 0.0, -2.2746260166168213, -13.160656929016113, 0.0, -21.58437728881836, 95.13552856445312, 0.0, 1000, 1000, 1000, 1000, 1.75456964969635, -8.269054412841797, 0.0, -30.002944946289062, 43.69190979003906, -2.8964626789093018, 40.84931182861328, 0.8426796197891235, 38.795528411865234, 16.244428634643555, -7.080770969390869, 1.2335097789764404, 10.397167205810547)
(-0.8431993722915649, -13.915584564208984, 0.0, 0.0, -1.0, 0.0, -18.228824615478516, -9.618671417236328, 0.0, 8.43199348449707, 129.15585327148438, 0.0, 1000, 1000, 1000, 1000, 1.5716252326965332, -17.068567276000977, 0.0, -33.04595184326172, 40.836708068847656, 3.9991226196289062, 40.859336853027344, 2.305330753326416, 47.163787841796875, 20.816177368164062, -5.5724897384643555, -2.7047812938690186, 12.538907051086426)
(-3.851147413253784, -13.861111640930176, 0.0, 0.0, 0.0, 0.0, 6.244458198547363, 0.12178625911474228, 0.0, 38.511474609375, 138.61111450195312, 0.0, 1000, 1000, 1000, 1000, -6.306231498718262, -13.239584922790527, 0.0, -34.53101348876953, 41.45319366455078, 4.840052604675293, 41.273704528808594, -0.44531765580177307, 45.66844177246094, 20.773399353027344, -3.9974722862243652, -0.9340561032295227, 15.84187126159668)
(-3.6913669109344482, -15.96662425994873, 0.0, -1.0, 0.0, 0.0, -11.144854545593262, -21.89348030090332, 0.0, 26.91366958618164, 159.66624450683594, 0.0, 1000, 1000, 1000, 1000, 1.1307215690612793, -14.191001892089844, 0.0, -35.37942886352539, 38.964569091796875, 5.7087788581848145, 41.74728012084961, -2.0260813236236572, 45.42997741699219, 27.233959197998047, -2.1483314037323, 2.2887320518493652, 27.374359130859375)
(-2.8095128536224365, -17.803909301757812, 0.0, 0.0, 0.0, 0.0, -5.465465545654297, 16.259191513061523, 0.0, 28.095129013061523, 178.03909301757812, 0.0, 1000, 1000, 1000, 1000, -1.226680040359497, -21.360546112060547, 0.0, -36.589454650878906, 36.219825744628906, 5.034089088439941, 42.172794342041016, 0.366923063993454, 47.57380676269531, 24.266986846923828, 0.05233468860387802, -3.8926446437835693, 20.42667579650879)
(-5.925537109375, -16.952802658081055, 0.0, 0.0, 0.0, 0.0, -16.45783233642578, -14.580503463745117, 0.0, 59.25537109375, 169.5280303955078, 0.0, 1000, 1000, 1000, 1000, -8.299464225769043, -17.733135223388672, 0.0, -39.58741760253906, 37.6282958984375, 11.356980323791504, 42.796180725097656, 1.5984386205673218, 55.7515983581543, 27.61627960205078, 1.9367116689682007, 2.9875707626342773, 32.54056167602539)
(-7.848901748657227, -22.19072914123535, 0.0, 0.0, 0.0, 0.0, 2.6566717624664307, -21.69500732421875, 0.0, 78.489013671875, 221.90728759765625, 0.0, 1000, 1000, 1000, 1000, -10.162975311279297, -26.8553524017334, 0.0, -40.280967712402344, 35.11958694458008, 11.37485122680664, 43.68315505981445, 0.5590705275535583, 55.6170768737793, 36.54034423828125, 4.330989837646484, 4.371133327484131, 45.24246597290039)
(-9.19333553314209, -18.945419311523438, 0.0, 0.0, 0.0, 0.0, 6.931480884552002, 7.663771152496338, 0.0, 91.93335723876953, 189.45419311523438, 0.0, 1000, 1000, 1000, 1000, -7.1863250732421875, -12.276576042175293, 0.0, -41.98176193237305, 39.787742614746094, 12.75028133392334, 44.81483459472656, -2.730452537536621, 54.83466339111328, 27.26856231689453, 6.539224147796631, -1.0963504314422607, 32.7114372253418)
(-10.352349281311035, -12.555974960327148, 0.0, -1.0, 0.0, 0.0, -5.05325174331665, 51.38896179199219, 0.0, 93.52349090576172, 125.55975341796875, 0.0, 1000, 1000, 1000, 1000, -7.971352577209473, -12.328577041625977, 0.0, -43.04737091064453, 46.27278137207031, 14.786511421203613, 45.99738311767578, -2.864255666732788, 57.919639587402344, 11.125618934631348, 8.151789665222168, -5.522140026092529, 13.755269050598145)
(-9.580564498901367, -10.692078590393066, 0.0, 0.0, 0.0, 0.0, -1.358595371246338, -1.038519024848938, 0.0, 95.80564880371094, 106.92078399658203, 0.0, 1000, 1000, 1000, 1000, -6.322652816772461, -8.897714614868164, 0.0, -43.263885498046875, 47.8413200378418, 14.574636459350586, 47.136810302734375, 0.2780008614063263, 61.98944854736328, 16.19389533996582, 9.289019584655762, -0.40594664216041565, 25.076969146728516)
(-9.554024696350098, -10.289517402648926, 0.0, 0.0, 0.0, 0.0, 0.06125190854072571, 24.930946350097656, 0.0, 95.54024505615234, 102.89517211914062, 0.0, 1000, 1000, 1000, 1000, -9.836477279663086, -11.719745635986328, 0.0, -43.2156867980957, 48.39618682861328, 14.321849822998047, 48.26255416870117, -0.36080580949783325, 62.22359848022461, 11.694633483886719, 10.521200180053711, -3.846222162246704, 18.369611740112305)
(-8.858123779296875, -6.8824663162231445, 0.0, 0.0, 0.0, 0.0, 0.8704122304916382, 5.114152908325195, 0.0, 88.58123779296875, 68.82466125488281, 0.0, 1000, 1000, 1000, 1000, -6.60784912109375, -6.9090576171875, 0.0, -42.65899658203125, 51.28038024902344, 13.156623840332031, 49.30908203125, -0.06330691277980804, 62.40239715576172, 9.5565767288208, 11.343505859375, -0.43493857979774475, 20.46514320373535)
(-7.183224201202393, -4.0549116134643555, 0.0, 0.0, 0.0, 0.0, 19.4352970123291, 17.801176071166992, 0.0, 71.83224487304688, 40.54911804199219, 0.0, 1000, 1000, 1000, 1000, -4.692301273345947, -1.8432867527008057, 0.0, -40.913082122802734, 54.314884185791016, 7.859542369842529, 50.232276916503906, -2.268202781677246, 55.8236198425293, 3.412191390991211, 11.899591445922852, -0.7695990800857544, 14.542183876037598)
(-7.9320902824401855, -4.752349853515625, 0.0, -1.0, 0.0, 0.0, 7.725374221801758, 9.72484016418457, 0.0, 69.3208999633789, 47.52349853515625, 0.0, 1000, 1000, 1000, 1000, -8.75363540649414, -5.5815110206604, 0.0, -41.93975067138672, 53.63679122924805, 9.23932933807373, 51.132667541503906, -5.0454864501953125, 55.32651138305664, 5.669798851013184, 12.411661148071289, -1.9318885803222656, 16.149572372436523)
(-7.449848651885986, -4.221909999847412, 0.0, 0.0, 0.0, 0.0, 2.824610710144043, 3.0683510303497314, 0.0, 74.49848937988281, 42.21910095214844, 0.0, 1000, 1000, 1000, 1000, -8.002141952514648, -4.500148296356201, 0.0, -41.742984771728516, 54.209991455078125, 10.751082420349121, 51.98332977294922, -0.9703595042228699, 61.76405334472656, 5.872612476348877, 12.868494987487793, -0.4232335388660431, 18.317874908447266)
(-7.420708656311035, -4.075632572174072, 0.0, 0.0, 0.0, 0.0, -1.8166106939315796, -0.7179083824157715, 0.0, 74.20708465576172, 40.756324768066406, 0.0, 1000, 1000, 1000, 1000, -7.5990400314331055, 0.16756629943847656, 0.0, -41.865699768066406, 54.468231201171875, 11.403554916381836, 52.859962463378906, 0.41253945231437683, 64.67605590820312, 6.221134662628174, 13.32636833190918, 0.3138969838619232, 19.861400604248047)
(-7.292391300201416, -4.13880729675293, 0.0, 0.0, 0.0, 0.0, -0.5036335587501526, 0.640870213508606, 0.0, 72.92391204833984, 41.3880729675293, 0.0, 1000, 1000, 1000, 1000, -7.555669784545898, -4.222894668579102, 0.0, -41.90809631347656, 54.836238861083984, 11.014131546020508, 53.74306106567383, -0.05759573355317116, 64.69959259033203, 6.1120805740356445, 13.804072380065918, 0.4671478271484375, 20.38330078125)
(-7.087361812591553, -3.870076894760132, 0.0, 0.0, 0.0, 0.0, -2.8089771270751953, -1.2675267457962036, 0.0, 70.87361907958984, 38.700767517089844, 0.0, 1000, 1000, 1000, 1000, -5.27364444732666, -3.5181376934051514, 0.0, -41.87467956542969, 55.21622848510742, 11.052389144897461, 54.580589294433594, 0.6217569708824158, 66.2547378540039, 5.99524450302124, 14.25684642791748, 0.6542345285415649, 20.906326293945312)
(-7.800926685333252, -4.559615612030029, 0.0, 0.0, 0.0, 0.0, 2.1681220531463623, 3.053083896636963, 0.0, 78.00926971435547, 45.59615707397461, 0.0, 1000, 1000, 1000, 1000, -7.969870567321777, -5.48785924911499, 0.0, -42.5306510925293, 54.97066879272461, 11.376172065734863, 55.49858856201172, -0.5915648937225342, 66.28319549560547, 6.381460666656494, 14.774133682250977, -0.41946879029273987, 20.736125946044922)
(-7.857125759124756, -4.728134632110596, 0.0, 0.0, 0.0, 0.0, -0.9005801677703857, 0.5339999794960022, 0.0, 78.57125854492188, 47.28134536743164, 0.0, 1000, 1000, 1000, 1000, -7.481905937194824, -5.210753440856934, 0.0, -42.786781311035156, 55.03303909301758, 11.9207763671875, 56.424964904785156, 0.07104001194238663, 68.41677856445312, 7.012101650238037, 15.308858871459961, 0.14364196360111237, 22.464603424072266)
(-7.73951530456543, -4.791536331176758, 0.0, 0.0, 0.0, 0.0, -1.7555420398712158, -1.3743969202041626, 0.0, 77.39515686035156, 47.91536331176758, 0.0, 1000, 1000, 1000, 1000, -8.730114936828613, -5.645601272583008, 0.0, -42.757965087890625, 55.222129821777344, 11.872604370117188, 57.336456298828125, 0.40300002694129944, 69.612060546875, 7.393464088439941, 15.850459098815918, 0.5253688097000122, 23.7692928314209)
(-7.858554840087891, -4.772519111633301, 0.0, 0.0, 0.0, 0.0, -1.068519115447998, 0.014916030690073967, 0.0, 78.5855484008789, 47.725189208984375, 0.0, 1000, 1000, 1000, 1000, -7.992828369140625, -4.7133469581604, 0.0, -42.82363510131836, 55.35441970825195, 11.948110580444336, 58.25897979736328, 0.13746602833271027, 70.34455108642578, 7.156540870666504, 16.40770721435547, 0.10508310049772263, 23.669330596923828)
(-7.90465784072876, -4.757051467895508, 0.0, 0.0, 0.0, 0.0, -0.2746259570121765, 1.1294198036193848, 0.0, 79.04657745361328, 47.57051467895508, 0.0, 1000, 1000, 1000, 1000, -8.124979019165039, -5.617304801940918, 0.0, -42.960086822509766, 55.56822204589844, 11.898180961608887, 59.183372497558594, -0.062463656067848206, 71.01908874511719, 6.9661641120910645, 16.95784568786621, -0.021087532863020897, 23.902921676635742)
(-7.928513050079346, -4.7414751052856445, 0.0, 0.0, 0.0, 0.0, -1.0379847288131714, -3.6034045219421387, 0.0, 79.2851333618164, 47.41474914550781, 0.0, 1000, 1000, 1000, 1000, -8.183455467224121, -4.370609760284424, 0.0, -43.0816535949707, 55.7393684387207, 12.048467636108398, 60.11646270751953, -0.004805633332580328, 72.16012573242188, 7.65272331237793, 17.491838455200195, 1.0047942399978638, 26.149354934692383)
(-7.815279006958008, -4.61053466796875, 0.0, 0.0, 0.0, 0.0, 0.4734656512737274, 2.014915943145752, 0.0, 78.15278625488281, 46.1053466796875, 0.0, 1000, 1000, 1000, 1000, -7.242330551147461, -3.8901004791259766, 0.0, -43.041526794433594, 56.21950149536133, 11.651898384094238, 61.04100799560547, -0.07159579545259476, 72.6213150024414, 6.613564491271973, 18.019840240478516, -0.07209169119596481, 24.561311721801758)
(-7.850240707397461, -4.630786418914795, 0.0, 0.0, 0.0, 0.0, 0.36659541726112366, 1.9385801553726196, 0.0, 78.50241088867188, 46.307865142822266, 0.0, 1000, 1000, 1000, 1000, -6.7598114013671875, -5.030297756195068, 0.0, -43.168643951416016, 56.45070266723633, 11.720373153686523, 61.969566345214844, -0.19728969037532806, 73.4926528930664, 6.655392646789551, 18.54229736328125, -0.17760002613067627, 25.020090103149414)
(-7.856122016906738, -4.6353607177734375, 0.0, 0.0, 0.0, 0.0, -0.7173740267753601, 0.763007640838623, 0.0, 78.56121826171875, 46.353607177734375, 0.0, 1000, 1000, 1000, 1000, -7.859665870666504, -4.787045001983643, 0.0, -43.280521392822266, 56.69841384887695, 11.891789436340332, 62.8974609375, 0.1584421694278717, 74.94769287109375, 6.838589668273926, 19.074359893798828, 0.12677673995494843, 26.03972816467285)
(-7.8583526611328125, -4.657397747039795, 0.0, 0.0, 0.0, 0.0, -0.2746259570121765, 1.0225496292114258, 0.0, 78.58352661132812, 46.573978424072266, 0.0, 1000, 1000, 1000, 1000, -7.842859268188477, -5.211938381195068, 0.0, -43.38420486450195, 56.94607925415039, 11.828722953796387, 63.81574249267578, -0.04955360293388367, 75.59490966796875, 6.832714557647705, 19.60796356201172, 0.0470765195786953, 26.487754821777344)
(-7.8506646156311035, -4.653543472290039, 0.0, 0.0, 0.0, 0.0, -0.5952366590499878, 1.0530840158462524, 0.0, 78.50664520263672, 46.53543472290039, 0.0, 1000, 1000, 1000, 1000, -7.759945869445801, -5.0456719398498535, 0.0, -43.4858283996582, 57.205970764160156, 11.86528205871582, 64.74522399902344, 0.030170561745762825, 76.64067840576172, 6.822352409362793, 20.14047622680664, 0.05749990791082382, 27.020328521728516)
(-7.86246919631958, -4.662765026092529, 0.0, 0.0, 0.0, 0.0, -0.09141984581947327, 1.3584275245666504, 0.0, 78.62469482421875, 46.62765121459961, 0.0, 1000, 1000, 1000, 1000, -7.751758575439453, -4.9848127365112305, 0.0, -43.58882522583008, 57.465110778808594, 11.807417869567871, 65.67399597167969, -0.10383138805627823, 77.37757873535156, 6.790383338928223, 20.674945831298828, -0.0774950310587883, 27.387832641601562)
(-7.851563453674316, -4.649570465087891, 0.0, 0.0, 0.0, 0.0, -0.7326412200927734, 0.7019389271736145, 0.0, 78.51563262939453, 46.495704650878906, 0.0, 1000, 1000, 1000, 1000, -8.131719589233398, -5.3800578117370605, 0.0, -43.70090103149414, 57.72507095336914, 11.88724136352539, 66.5910415649414, 0.07412558048963547, 78.55240631103516, 6.869064807891846, 21.209774017333984, 0.09895868599414825, 28.177797317504883)
(-7.8616814613342285, -4.6354827880859375, 0.0, 0.0, 0.0, 0.0, -0.41203054785728455, 1.068351149559021, 0.0, 78.61681365966797, 46.354827880859375, 0.0, 1000, 1000, 1000, 1000, -7.546513557434082, -4.361422538757324, 0.0, -43.78764724731445, 58.00657272338867, 11.854327201843262, 67.51824951171875, 0.031023407354950905, 79.40360260009766, 6.792971611022949, 21.743122100830078, 0.0029526138678193092, 28.539047241210938)
(-7.852306365966797, -4.6280670166015625, 0.0, 0.0, 0.0, 0.0, -0.3051603138446808, 1.2057557106018066, 0.0, 78.52306365966797, 46.280670166015625, 0.0, 1000, 1000, 1000, 1000, -7.92604923248291, -5.015171527862549, 0.0, -43.88744354248047, 58.27472686767578, 11.824234008789062, 68.44532775878906, -0.017919311299920082, 80.25164794921875, 6.761237144470215, 22.273578643798828, -0.034311410039663315, 29.000503540039062)
(-7.83821439743042, -4.626231670379639, 0.0, 0.0, 0.0, 0.0, -0.6257709860801697, 0.9309465885162354, 0.0, 78.38214111328125, 46.2623176574707, 0.0, 1000, 1000, 1000, 1000, -7.715736389160156, -5.0, 0.0, -43.98937225341797, 58.54405975341797, 11.851186752319336, 69.39098358154297, 0.04580444470047951, 81.28797912597656, 6.799705505371094, 22.81618309020996, 0.04904932528734207, 29.66493797302246)
(-7.858364105224609, -4.625699996948242, 0.0, 0.0, 0.0, 0.0, -0.16775572299957275, 1.0378167629241943, 0.0, 78.5836410522461, 46.25699996948242, 0.0, 1000, 1000, 1000, 1000, -7.618696212768555, -5.257112503051758, 0.0, -44.08855438232422, 58.797080993652344, 11.81270980834961, 70.3177719116211, -0.0866834744811058, 82.0438003540039, 6.7828779220581055, 23.34738540649414, 0.0031239015515893698, 30.133386611938477)
(-7.86320161819458, -4.636486053466797, 0.0, 0.0, 0.0, 0.0, -1.2211908102035522, 0.3813282549381256, 0.0, 78.63201904296875, 46.36486053466797, 0.0, 1000, 1000, 1000, 1000, -8.04367733001709, -5.136053562164307, 0.0, -44.19926452636719, 59.05608367919922, 11.977981567382812, 71.23799133300781, 0.21056629717350006, 83.42654418945312, 6.897529602050781, 23.87992286682129, 0.21958822011947632, 30.997039794921875)