
(-8.854260444641113, -1.1334843635559082, 0.0, -1.0, 0.0, 0.0, 5.792683124542236, -0.09146341681480408, 0.0, 47.12556457519531, 6.800906181335449, 0.0, 1000, 1000, 1000, 1000, -8.997864723205566, -0.6890740394592285, 0.0, -2.8995420932769775, 3.0516769886016846, 6.199932098388672, 0.0, -3.269071578979492, 2.9308605194091797, 0.0, 0.0, 0.0, 0.0)
(-7.346959590911865, -1.833335041999817, 0.0, -1.0, 0.0, 0.0, 12.804878234863281, -0.9146341681480408, 0.0, 38.081756591796875, 11.00001049041748, 0.0, 1000, 1000, 1000, 1000, -6.311814308166504, 0.5004024505615234, 0.0, -0.9661574959754944, 2.7702744007110596, 3.791531801223755, 0.0, -4.810935020446777, -1.019403338432312, 0.0, 0.0, 0.0, 0.0)
(-5.179393291473389, -2.6757404804229736, 0.0, -1.0, 0.0, 0.0, -4.756097793579102, -1.5243902206420898, 0.0, 25.076358795166016, 16.054443359375, 0.0, 1000, 1000, 1000, 1000, -3.985201835632324, -3.1440117359161377, 0.0, 0.11234862357378006, 2.536585569381714, 4.474868297576904, 0.0, 0.1409468799829483, 4.615815162658691, 0.0, 0.0, 0.0, 0.0)
(-5.42013692855835, -3.516514301300049, 0.0, -1.0, 0.0, 0.0, -0.4878048896789551, 0.15243902802467346, 0.0, 26.52082061767578, 21.09908676147461, 0.0, 1000, 1000, 1000, 1000, -3.9659109115600586, -4.470982074737549, 0.0, -0.38780373334884644, 2.417377233505249, 4.051293849945068, 0.0, -0.41430023312568665, 3.636993408203125, 0.0, 0.0, 0.0, 0.0)
(-4.680981159210205, -3.3698010444641113, 0.0, -1.0, 0.0, 0.0, 0.27439025044441223, 1.6463414430618286, 0.0, 22.085887908935547, 20.218807220458984, 0.0, 1000, 1000, 1000, 1000, -3.086750030517578, -1.6264543533325195, 0.0, -0.17789530754089355, 2.7185966968536377, 3.2717244625091553, 0.0, 0.2987757623195648, 3.570500373840332, 0.0, 0.0, -0.0, 0.0)
(-5.374244689941406, -2.996959686279297, 0.0, -1.0, 0.0, 0.0, -3.658536672592163, -0.3048780560493469, 0.0, 26.245468139648438, 17.98175811767578, 0.0, 1000, 1000, 1000, 1000, -6.703327178955078, -3.0319695472717285, 0.0, -1.063718318939209, 3.1783530712127686, 4.48560094833374, 0.0, 0.483962744474411, 4.9695634841918945, 0.0, 0.0, 0.0, 0.0)
(-5.512343883514404, -3.421038866043091, 0.0, -1.0, 0.0, 0.0, 2.012195110321045, 1.1585365533828735, 0.0, 27.07406234741211, 20.526233673095703, 0.0, 1000, 1000, 1000, 1000, -5.217959403991699, -3.9268088340759277, 0.0, -0.7410047650337219, 2.9249989986419678, 3.75927996635437, 0.0, -0.10366609692573547, 3.655613899230957, 0.0, 0.0, -0.0, 0.0)
(-5.286246299743652, -3.2040398120880127, 0.0, -1.0, 0.0, 0.0, -0.9451219439506531, 0.030487805604934692, 0.0, 25.717477798461914, 19.224239349365234, 0.0, 1000, 1000, 1000, 1000, -5.104866027832031, -2.9242682456970215, 0.0, -0.7483217716217041, 3.27820086479187, 3.999389886856079, 0.0, -0.07772141695022583, 3.921668529510498, 0.0, 0.0, 0.0, 0.0)
(-5.044721603393555, -3.587373733520508, 0.0, -1.0, 0.0, 0.0, 0.09146341681480408, -1.5548779964447021, 0.0, 24.268329620361328, 21.524242401123047, 0.0, 1000, 1000, 1000, 1000, -3.910341739654541, -3.753020763397217, 0.0, -0.7817060947418213, 3.07484769821167, 3.6265299320220947, 0.0, -0.38908863067626953, 3.237441301345825, 0.0, 0.0, 0.0, 0.0)
(-5.314760684967041, -4.02810525894165, 0.0, -1.0, 0.0, 0.0, -1.1585365533828735, -0.3353658616542816, 0.0, 25.888565063476562, 24.16863250732422, 0.0, 1000, 1000, 1000, 1000, -6.551800727844238, -3.99758243560791, 0.0, -1.0608224868774414, 3.0080790519714355, 4.057065486907959, 0.0, 0.2521544396877289, 4.309219837188721, 0.0, 0.0, 0.0, 0.0)
(-5.306326389312744, -4.488365650177002, 0.0, -1.0, 0.0, 0.0, 1.3719512224197388, 2.5, 0.0, 25.83795928955078, 26.930194854736328, 0.0, 1000, 1000, 1000, 1000, -4.866532325744629, -4.713319778442383, 0.0, -0.8807922005653381, 3.063415050506592, 3.669901132583618, 0.0, 0.16942134499549866, 3.839322328567505, 0.0, 0.0, -0.0, 0.0)
(-5.672364234924316, -4.22923469543457, 0.0, -1.0, 0.0, 0.0, -0.9146341681480408, 0.060975611209869385, 0.0, 28.0341854095459, 25.375408172607422, 0.0, 1000, 1000, 1000, 1000, -5.980906009674072, -4.9389238357543945, 0.0, -1.2294206619262695, 3.4381096363067627, 4.342322826385498, 0.0, -5.189085006713867, -0.8467620611190796, 0.0, 0.0, 0.0, 0.0)
(-5.100767612457275, -4.369450569152832, 0.0, -1.0, 0.0, 0.0, 3.4146342277526855, 0.21341463923454285, 0.0, 24.60460662841797, 26.216703414916992, 0.0, 1000, 1000, 1000, 1000, -3.999752998352051, -4.208436965942383, 0.0, -0.6606704592704773, 3.3445117473602295, 3.1784958839416504, 0.0, -1.2359893321990967, 1.9425064325332642, 0.0, 0.0, -0.0, 0.0)
(-4.16679573059082, -4.797824859619141, 0.0, -1.0, 0.0, 0.0, -1.737804889678955, 3.0182926654815674, 0.0, 19.000774383544922, 28.786949157714844, 0.0, 1000, 1000, 1000, 1000, -2.9437437057495117, -5.044887542724609, 0.0, -0.4201216995716095, 3.3736276626586914, 3.1107869148254395, 0.0, 0.5481704473495483, 3.6589572429656982, 0.0, 0.0, -0.0, 0.0)
(-5.298429012298584, -4.052723407745361, 0.0, -1.0, 0.0, 0.0, -1.0060975551605225, 2.3475608825683594, 0.0, 25.790573120117188, 24.316341400146484, 0.0, 1000, 1000, 1000, 1000, -6.2661542892456055, -2.1329219341278076, 0.0, -1.26173734664917, 3.997865915298462, 4.019500732421875, 0.0, -0.75518399477005, 3.2643165588378906, 0.0, 0.0, -0.0, 0.0)
(-4.006565093994141, -3.604814052581787, 0.0, -1.0, 0.0, 0.0, 3.6890244483947754, -1.9817073345184326, 0.0, 18.039390563964844, 21.628883361816406, 0.0, 1000, 1000, 1000, 1000, -2.5935044288635254, -3.1519253253936768, 0.0, -0.21890196204185486, 4.159452438354492, 2.152554988861084, 0.0, -0.47369149327278137, 1.678863525390625, 0.0, 0.0, 0.0, 0.0)
(-3.2058653831481934, -3.746135950088501, 0.0, -1.0, 0.0, 0.0, -1.3109755516052246, 0.396341472864151, 0.0, 13.23519229888916, 22.476816177368164, 0.0, 1000, 1000, 1000, 1000, -3.107846260070801, -3.5057244300842285, 0.0, -0.18536537885665894, 4.232623100280762, 2.181925058364868, 0.0, -0.636799156665802, 1.545125961303711, 0.0, 0.0, 0.0, 0.0)
(-2.6285417079925537, -3.292391061782837, 0.0, -1.0, 0.0, 0.0, -0.6707317233085632, 3.0182926654815674, 0.0, 9.771249771118164, 19.75434684753418, 0.0, 1000, 1000, 1000, 1000, -1.9261527061462402, -2.611344575881958, 0.0, -0.040548358112573624, 4.754421234130859, 1.566297173500061, 0.0, 0.3461757004261017, 1.9124728441238403, 0.0, 0.0, 0.0, 0.0)
(-1.5768626928329468, -3.0083436965942383, 0.0, -1.0, 0.0, 0.0, 9.786585807800293, 5.0, 0.0, 3.4611761569976807, 18.05006217956543, 0.0, 1000, 1000, 1000, 1000, -1.4349932670593262, -2.558061122894287, 0.0, 0.8019821643829346, 4.637499809265137, -0.9488114714622498, 0.0, -3.5027174949645996, -4.451529026031494, 0.0, 0.0, -0.0, 0.0)
(-0.11162964999675751, -3.112253189086914, 0.0, -1.0, 0.0, 0.0, -2.896341562271118, 2.103658437728882, 0.0, -5.330222129821777, 18.673519134521484, 0.0, 1000, 1000, 1000, 1000, 0.8212652206420898, -3.82126522064209, 0.0, 1.3237807750701904, 4.675610065460205, -0.3650820851325989, 0.0, 1.2257710695266724, 0.8606889247894287, 0.0, 0.0, -0.0, 0.0)
(-1.4537737369537354, -2.8301596641540527, 0.0, 0.0, 0.0, 0.0, -0.3048780560493469, -0.060975611209869385, 0.0, 8.72264289855957, 16.98095703125, 0.0, 1000, 1000, 1000, 1000, -2.646996021270752, -3.554006576538086, 0.0, 0.07759188860654831, 4.929268836975098, 1.354128122329712, 0.0, -0.4447019696235657, 0.909426212310791, 0.0, 0.0, 0.0, 0.0)
(-1.4380155801773071, -3.1061007976531982, 0.0, -1.0, 0.0, 0.0, -2.896341562271118, 1.1585365533828735, 0.0, 2.6280934810638428, 18.63660430908203, 0.0, 1000, 1000, 1000, 1000, -1.712796926498413, -3.4097094535827637, 0.0, 0.19054920971393585, 5.0795722007751465, 0.8286652565002441, 0.0, 1.6593097448349, 2.4879748821258545, 0.0, 0.0, 0.0, 0.0)
(-1.7774848937988281, -3.083076238632202, 0.0, -1.0, 0.0, 0.0, 1.7073171138763428, 0.5182926654815674, 0.0, 4.664909362792969, 18.498456954956055, 0.0, 1000, 1000, 1000, 1000, -1.9431188106536865, -3.198996067047119, 0.0, 0.07698213309049606, 5.080639839172363, 0.4436388313770294, 0.0, -0.7076100707054138, -0.2639712691307068, 0.0, 0.0, -0.0, 0.0)
(-1.0704129934310913, -3.6943511962890625, 0.0, -1.0, 0.0, 0.0, -0.030487805604934692, 0.8841463327407837, 0.0, 0.42247796058654785, 22.166107177734375, 0.0, 1000, 1000, 1000, 1000, 0.42692089080810547, -4.382595062255859, 0.0, 0.44039660692214966, 4.862957954406738, 0.06794486194849014, 0.0, 0.17482851445674896, 0.2427733689546585, 0.0, 0.0, 0.0, 0.0)
(-1.3263798952102661, -3.7417221069335938, 0.0, -1.0, 0.0, 0.0, -0.5792682766914368, 0.5792682766914368, 0.0, 1.9582793712615967, 22.450332641601562, 0.0, 1000, 1000, 1000, 1000, -1.4976766109466553, -3.8296170234680176, 0.0, -0.002286164090037346, 5.103354454040527, 0.3806321322917938, 0.0, -0.2818644046783447, 0.0987677276134491, 0.0, 0.0, 0.0, 0.0)
(-0.9028932452201843, -3.5898020267486572, 0.0, -1.0, 0.0, 0.0, 0.4573170840740204, 1.1585365533828735, 0.0, -0.582640528678894, 21.5388126373291, 0.0, 1000, 1000, 1000, 1000, -0.7499988079071045, -3.7160451412200928, 0.0, 0.24085405468940735, 5.457622051239014, -0.15599364042282104, 0.0, -0.698072612285614, -0.8540662527084351, 0.0, 0.0, 0.0, 0.0)
(-0.8560358285903931, -3.401895761489868, 0.0, -1.0, 0.0, 0.0, -0.24390244483947754, -0.12195122241973877, 0.0, -0.8637850284576416, 20.411375045776367, 0.0, 1000, 1000, 1000, 1000, -0.9429543018341064, -3.958104133605957, 0.0, 0.4664635956287384, 5.632927417755127, -0.09298238903284073, 0.0, 0.923821210861206, 0.8308387994766235, 0.0, 0.0, 0.0, 0.0)
(-1.0343140363693237, -3.4157702922821045, 0.0, -1.0, 0.0, 0.0, -2.4390244483947754, -0.15243902802467346, 0.0, 0.20588421821594238, 20.49462127685547, 0.0, 1000, 1000, 1000, 1000, -1.010758399963379, -4.092613220214844, 0.0, -0.315091073513031, 6.199697494506836, 0.3967362940311432, 0.0, 0.5881298184394836, 0.9848661422729492, 0.0, 0.0, 0.0, 0.0)
(-1.8187543153762817, -3.400146722793579, 0.0, -1.0, 0.0, 0.0, 0.9451219439506531, -0.9146341681480408, 0.0, 4.9125261306762695, 20.400880813598633, 0.0, 1000, 1000, 1000, 1000, -2.7089004516601562, -3.8277735710144043, 0.0, -0.8559447526931763, 6.401071071624756, 0.5951105952262878, 0.0, -0.9514732360839844, -0.35636261105537415, 0.0, 0.0, 0.0, 0.0)
(-2.0122733116149902, -3.643221378326416, 0.0, -1.0, 0.0, 0.0, -1.2804877758026123, 0.7317073345184326, 0.0, 6.073639869689941, 21.859329223632812, 0.0, 1000, 1000, 1000, 1000, -2.4411211013793945, -3.586135149002075, 0.0, -0.6951216459274292, 6.243295192718506, 1.103119134902954, 0.0, 1.4513205289840698, 2.5544397830963135, 0.0, 0.0, -0.0, 0.0)
(-2.5588557720184326, -3.9436144828796387, 0.0, -1.0, 0.0, 0.0, 2.7134146690368652, -0.3658536672592163, 0.0, 9.353134155273438, 23.661685943603516, 0.0, 1000, 1000, 1000, 1000, -2.6630730628967285, -4.969753742218018, 0.0, -0.9817072153091431, 6.237044334411621, 0.9959579110145569, 0.0, -6.009974956512451, -5.014017105102539, 0.0, 0.0, 0.0, 0.0)
(-2.011214017868042, -3.646667003631592, 0.0, -1.0, 0.0, 0.0, -5.884146213531494, 8.506097793579102, 0.0, 6.067284107208252, 21.880001068115234, 0.0, 1000, 1000, 1000, 1000, -0.21368670463562012, -0.3819098472595215, 0.0, -0.9323166608810425, 6.84070348739624, 1.7927145957946777, 0.0, 3.2101595401763916, 5.002874374389648, 0.0, 0.0, -0.0, 0.0)
(-1.6981227397918701, -1.8877962827682495, 0.0, -1.0, 0.0, 0.0, 11.09756088256836, -6.219511985778809, 0.0, 4.188736438751221, 11.326777458190918, 0.0, 1000, 1000, 1000, 1000, -1.5127735137939453, -0.07915258407592773, 0.0, -0.2922249734401703, 8.033693313598633, -1.0363236665725708, 0.0, -2.34055495262146, -3.3768787384033203, 0.0, 0.0, 0.0, 0.0)
(-1.6819126605987549, -2.124002695083618, 0.0, -1.0, 0.0, 0.0, -3.262195110321045, 2.378048896789551, 0.0, 4.091475963592529, 12.744016647338867, 0.0, 1000, 1000, 1000, 1000, -1.4227752685546875, -1.3800842761993408, 0.0, -0.45807868242263794, 7.6140289306640625, 1.103050708770752, 0.0, -0.8043470978736877, 0.2987035810947418, 0.0, 0.0, -0.0, 0.0)
(-1.1812825202941895, -2.3927457332611084, 0.0, -1.0, 0.0, 0.0, 2.195122003555298, -0.5182926654815674, 0.0, 1.0876951217651367, 14.356473922729492, 0.0, 1000, 1000, 1000, 1000, 2.378109931945801, 2.0600810050964355, 0.0, -0.27271294593811035, 7.638115406036377, -0.16611403226852417, 0.0, -1.4475218057632446, -1.6136358976364136, 0.0, 0.0, 0.0, 0.0)
(-0.050820667296648026, -2.4571492671966553, 0.0, -1.0, 0.0, 0.0, 1.2195122241973877, 0.6707317233085632, 0.0, -5.695075988769531, 14.742895126342773, 0.0, 1000, 1000, 1000, 1000, -0.24720072746276855, -5.872078895568848, 0.0, 0.23917733132839203, 7.708390712738037, -1.037188172340393, 0.0, -0.4557488262653351, -1.4929369688034058, 0.0, 0.0, 0.0, 0.0)
(0.26777660846710205, -2.290149450302124, 0.0, -1.0, 0.0, 0.0, -1.2195122241973877, -0.8841463327407837, 0.0, -7.606659889221191, 13.740896224975586, 0.0, 1000, 1000, 1000, 1000, -0.18834209442138672, -0.40375566482543945, 0.0, 0.11189085990190506, 7.835830211639404, -0.9580721855163574, 0.0, 0.14918546378612518, -0.808886706829071, 0.0, 0.0, 0.0, 0.0)
(-0.0364907942712307, -2.7254035472869873, 0.0, -1.0, 0.0, 0.0, -0.4573170840740204, -1.7073171138763428, 0.0, -5.781055450439453, 16.352420806884766, 0.0, 1000, 1000, 1000, 1000, -0.5410990715026855, -3.2138266563415527, 0.0, -0.06600548326969147, 7.724701404571533, -0.7985607981681824, 0.0, 0.12456198036670685, -0.6739988327026367, 0.0, 0.0, 0.0, 0.0)
(0.2850431799888611, -3.246203660964966, 0.0, -1.0, 0.0, 0.0, 0.8841463327407837, -1.2804877758026123, 0.0, -7.710258960723877, 19.477222442626953, 0.0, 1000, 1000, 1000, 1000, 1.013227939605713, -3.284363269805908, 0.0, 0.11951281875371933, 7.615859508514404, -1.2891607284545898, 0.0, -0.10173401981592178, -1.3908947706222534, 0.0, 0.0, 0.0, 0.0)
(0.5308765172958374, -3.9421348571777344, 0.0, 0.0, 0.0, 0.0, -0.396341472864151, 0.5182926654815674, 0.0, -3.1852591037750244, 23.652809143066406, 0.0, 1000, 1000, 1000, 1000, 0.7324310541152954, -5.015270709991455, 0.0, 0.030640924349427223, 7.420889854431152, -0.4183376431465149, 0.0, 2.4395592212677, 2.02122163772583, 0.0, 0.0, 0.0, 0.0)
(0.6039257049560547, -4.138062953948975, 0.0, -1.0, 0.0, 0.0, 0.9756097793579102, -0.8536585569381714, 0.0, -9.623554229736328, 24.82837677001953, 0.0, 1100, 1100, 1100, 1100, 0.6907749176025391, -4.568759441375732, 0.0, -0.003657861612737179, 7.521653175354004, -1.5898746252059937, 0.0, -0.5395150184631348, -2.129389524459839, 0.0, 0.0, 0.0, 0.0)
(0.3701052665710449, -4.538897514343262, 0.0, -1.0, 0.0, 0.0, -0.7012194991111755, -0.09146341681480408, 0.0, -8.22063159942627, 27.23338508605957, 0.0, 1100, 1100, 1100, 1100, 0.09915482997894287, -5.185414791107178, 0.0, -0.17652367055416107, 7.507934093475342, -1.1279118061065674, 0.0, -0.19253377616405487, -1.3204455375671387, 0.0, 0.0, 0.0, 0.0)
(-0.13840170204639435, -4.6927900314331055, 0.0, -1.0, 0.0, 0.0, -2.682926893234253, 1.585365891456604, 0.0, -5.169589996337891, 28.156740188598633, 0.0, 1100, 1100, 1100, 1100, -8.041890144348145, 7.034754753112793, 0.0, -0.47576141357421875, 7.614184379577637, -0.3729994595050812, 0.0, 0.19350071251392365, -0.17949876189231873, 0.0, 0.0, 0.0, 0.0)
(0.18003077805042267, -4.076563358306885, 0.0, -1.0, 0.0, 0.0, 3.1097559928894043, 0.3353658616542816, 0.0, -7.080184459686279, 24.459381103515625, 0.0, 1100, 1100, 1100, 1100, -1.8331713676452637, -6.946174144744873, 0.0, 0.09679941087961197, 7.994211673736572, -1.5284910202026367, 0.0, 1.8755494356155396, 0.34705841541290283, 0.0, 0.0, -0.0, 0.0)
(0.2209489345550537, -4.030876159667969, 0.0, -1.0, 0.0, 0.0, -6.219511985778809, 0.792682945728302, 0.0, -7.325693607330322, 24.185256958007812, 0.0, 1000, 1000, 1000, 1000, 4.362008094787598, -10.017387390136719, 0.0, -0.41219452023506165, 8.166467666625977, -0.1659272462129593, 0.0, -2.7571322917938232, -2.9230594635009766, 0.0, 0.0, 0.0, 0.0)
(0.17465296387672424, -4.651760101318359, 0.0, -1.0, 0.0, 0.0, 0.030487805604934692, -0.8841463327407837, 0.0, -7.04791784286499, 27.910560607910156, 0.0, 1100, 1100, 1100, 1100, 0.40644776821136475, -4.4233503341674805, 0.0, -0.6181395649909973, 7.66707706451416, -1.0617609024047852, 0.0, 0.361901193857193, -0.6998596787452698, 0.0, 0.0, 0.0, 0.0)
(-0.5194115042686462, -4.628747940063477, 0.0, -1.0, 0.0, 0.0, 0.9146341681480408, 3.079268217086792, 0.0, -2.883531093597412, 27.77248764038086, 0.0, 1118, 1137, 1159, 1140, 0.6701352596282959, -9.63771915435791, 0.0, -0.8144815564155579, 8.141773223876953, -0.5697247982025146, 0.0, -0.15732072293758392, -0.7270455360412598, 0.0, 0.0, -0.0, 0.0)
(-0.15647800266742706, -5.043776035308838, 0.0, -1.0, 0.0, 0.0, -4.4817070960998535, 3.0487804412841797, 0.0, -5.061131954193115, 30.262657165527344, 0.0, 1158, 1181, 1185, 1162, 7.50734806060791, -3.952536106109619, 0.0, -0.5699692964553833, 7.848632335662842, -0.08691372722387314, 0.0, 1.4042761325836182, 1.3173624277114868, 0.0, 0.0, -0.0, 0.0)
(-0.44909927248954773, -4.301316261291504, 0.0, -1.0, 0.0, 0.0, 0.396341472864151, 0.5182926654815674, 0.0, -3.3054044246673584, 25.807897567749023, 0.0, 1246, 1262, 1227, 1211, 0.2640911340713501, -9.560874938964844, 0.0, -1.0306401252746582, 8.371041297912598, -0.5552619099617004, 0.0, -1.6466642618179321, -2.2019262313842773, 0.0, 0.0, 0.0, 0.0)
(-0.9949243664741516, -5.220339298248291, 0.0, -1.0, 0.0, 0.0, -3.1402440071105957, 1.8597561120986938, 0.0, -0.030453801155090332, 31.322036743164062, 0.0, 1264, 1291, 1293, 1266, -8.424189567565918, -10.764606475830078, 0.0, -1.081554889678955, 9.169363021850586, 0.46646854281425476, 0.0, 3.1258678436279297, 3.592336416244507, 0.0, 0.0, 0.0, 0.0)
(-1.466144323348999, -2.367565631866455, 0.0, -1.0, 0.0, 0.0, 3.567073106765747, 5.945121765136719, 0.0, 2.796865940093994, 14.20539379119873, 0.0, 1307, 1319, 1312, 1300, -20.219694137573242, -8.465733528137207, 0.0, -0.9763720631599426, 9.13841724395752, -0.1155310720205307, 0.0, -3.9481008052825928, -4.063632011413574, 0.0, 0.0, -0.0, 0.0)
(-4.572993755340576, -1.2331043481826782, 0.0, -1.0, 0.0, 0.0, -1.8902438879013062, 6.128048896789551, 0.0, 21.43796157836914, 7.398626327514648, 0.0, 1350, 1385, 1355, 1320, -45.51475524902344, -20.48371124267578, 0.0, -2.5103654861450195, 9.677441596984863, 3.4992308616638184, 0.0, 4.116698265075684, 7.615929126739502, 0.0, 0.0, -0.0, 0.0)
(-1.7969727516174316, 0.9091737270355225, 0.0, -1.0, 0.0, 0.0, 8.719511985778809, 2.4695122241973877, 0.0, 4.78183650970459, -5.455042362213135, 0.0, 1367, 1383, 1380, 1364, -9.618535995483398, 2.909224510192871, 0.0, -0.13551774621009827, 10.575154304504395, -0.5906513333320618, 0.0, -1.3081376552581787, -1.8987889289855957, -0.0, 0.0, -0.0, 0.0)
(-0.7328643202781677, 4.537319183349609, 0.0, 0.0, 0.0, 0.0, -10.70121955871582, 11.280488014221191, 0.0, 4.397185802459717, -27.223915100097656, 0.0, 1323, 1367, 1422, 1378, 33.75236511230469, 26.432743072509766, 0.0, 0.11524450033903122, 11.757317543029785, 2.264760971069336, 0.0, 9.995767593383789, 12.260528564453125, -0.0, 0.0, -0.0, 0.0)
(-7.901762008666992, 5.847965717315674, 0.0, -1.0, 0.0, 0.0, -26.920732498168945, -3.445122003555298, 0.0, 41.41057205200195, -35.08779525756836, 0.0, 1296, 1309, 1449, 1436, 4.488504409790039, -28.626867294311523, 0.0, -9.33719539642334, 11.294515609741211, 10.249695777893066, 0.0, -13.763842582702637, -3.5141468048095703, -0.0, 0.0, -0.0, 0.0)
(-1.6802924871444702, 3.3236424922943115, 0.0, -1.0, 0.0, 0.0, 13.689023971557617, 0.6402438879013062, 0.0, 4.081754684448242, -19.94185447692871, 0.0, 1387, 1422, 1358, 1323, 23.035184860229492, -5.516973495483398, 0.0, -1.9434460401535034, 11.570279121398926, -1.4410903453826904, 0.0, 8.977800369262695, 7.536709785461426, -0.0, 0.0, 0.0, 0.0)
(-2.2041373252868652, 5.735996246337891, 0.0, -1.0, 0.0, 0.0, 5.8231706619262695, 9.146341323852539, 0.0, 7.224823951721191, -34.415977478027344, 0.0, 1348, 1379, 1397, 1366, 8.639811515808105, -18.137697219848633, 0.0, -0.7850626111030579, 12.454273223876953, 0.21024799346923828, 0.0, 5.197154998779297, 5.407402992248535, -0.0, 0.0, -0.0, 0.0)
(-0.11625610291957855, 5.493118762969971, 0.0, -1.0, 0.0, 0.0, 1.1890244483947754, -10.0, 0.0, -5.302463531494141, -32.95871353149414, 0.0, 1381, 1399, 1438, 1420, -22.22218132019043, 38.894264221191406, 0.0, -0.23369060456752777, 11.413416862487793, -0.9737231731414795, 0.0, -0.28693297505378723, -1.2606562376022339, -0.0, 0.0, 0.0, 0.0)
(-0.4588555097579956, 4.9642415046691895, 0.0, -1.0, 0.0, 0.0, -1.7073171138763428, 21.280487060546875, 0.0, -3.2468669414520264, -29.785449981689453, 0.0, 1392, 1419, 1445, 1418, -69.62042999267578, -8.217147827148438, 0.0, 0.07545574009418488, 12.246495246887207, -0.23093247413635254, 0.0, 3.399367570877075, 3.1684350967407227, -0.0, 0.0, -0.0, 0.0)
(0.7117955684661865, 5.8543901443481445, 0.0, -1.0, 0.0, 0.0, -3.3231706619262695, 14.695121765136719, 0.0, -10.270772933959961, -35.1263427734375, 0.0, 1401, 1441, 1436, 1396, -25.45461654663086, -46.195960998535156, 0.0, 1.3757604360580444, 12.961432456970215, -1.0421403646469116, 0.0, 11.219366073608398, 10.177226066589355, -0.0, 0.0, -0.0, 0.0)
(-0.491275429725647, 8.19466495513916, 0.0, -1.0, 0.0, 0.0, -7.317073345184326, 10.15243911743164, 0.0, -3.052347421646118, -49.167991638183594, 0.0, 1416, 1442, 1419, 1393, 8.978830337524414, 6.259392738342285, 0.0, 0.0135651845484972, 14.29664421081543, 0.6397088766098022, 0.0, 2.485619306564331, 3.125328302383423, -0.0, 0.0, -0.0, 0.0)
(-9.964147567749023, 5.8133931159973145, 0.0, -1.0, 0.0, 0.0, -22.012195587158203, 8.658536911010742, 0.0, 53.78488540649414, -34.8803596496582, 0.0, 1405, 1370, 1430, 1465, 2.774991273880005, 19.872217178344727, 0.0, -10.680489540100098, 13.538869857788086, 11.369562149047852, 0.0, -38.87860107421875, -27.5090389251709, -0.0, 0.0, -0.0, 0.0)
(-1.8311864137649536, 11.1708984375, 0.0, -1.0, 0.0, 0.0, 4.969511985778809, 7.317073345184326, 0.0, 4.987118721008301, -67.025390625, 0.0, 1441, 1473, 1396, 1364, -24.76584815979004, -1.319796085357666, 0.0, -5.301986217498779, 11.948171615600586, 0.002641010330989957, 0.0, 5.6863298416137695, 5.688971042633057, -0.0, 0.0, -0.0, 0.0)
(-4.325077533721924, 10.412776947021484, 0.0, -1.0, 0.0, 0.0, 22.65243911743164, 1.5548779964447021, 0.0, 19.95046615600586, -62.476661682128906, 0.0, 1399, 1414, 1438, 1423, -12.42878246307373, -40.621124267578125, 0.0, -2.4597599506378174, 11.477445602416992, -0.4052959382534027, 0.0, -1.6592108011245728, -2.064506769180298, -0.0, 0.0, -0.0, 0.0)
(-2.539586305618286, 8.195531845092773, 0.0, -1.0, 0.0, 0.0, 2.5, 20.640243530273438, 0.0, 9.237518310546875, -49.17319107055664, 0.0, 1415, 1436, 1490, 1469, -16.332210540771484, -23.48770523071289, 0.0, -0.9118939638137817, 11.820734977722168, 1.0106277465820312, 0.0, -0.4676035940647125, 0.5430241227149963, -0.0, 0.0, -0.0, 0.0)
(-0.2246997058391571, 7.66677188873291, 0.0, -1.0, 0.0, 0.0, 8.59756088256836, 1.585365891456604, 0.0, -4.651801586151123, -46.000633239746094, 0.0, 1436, 1418, 1465, 1483, 21.02304458618164, -3.9711921215057373, 0.0, -0.9779003858566284, 12.555030822753906, -1.987404465675354, 0.0, -16.801864624023438, -18.789268493652344, -0.0, 0.0, -0.0, 0.0)
(-3.320511817932129, 10.626232147216797, 0.0, -1.0, 0.0, 0.0, -6.79878044128418, 1.1890244483947754, 0.0, 13.923070907592773, -63.75739288330078, 0.0, 1446, 1460, 1455, 1441, 12.87280559539795, 15.412126541137695, 0.0, -2.731102228164673, 11.511588096618652, 3.1082777976989746, 0.0, -6.3805060386657715, -3.272228240966797, -0.0, 0.0, -0.0, 0.0)
(-10.15561580657959, 11.262876510620117, 0.0, 0.0, 0.0, 0.0, -44.05487823486328, -14.29878044128418, 0.0, 60.933692932128906, -67.57725524902344, 0.0, 1398, 1484, 1503, 1417, -35.3653678894043, 9.975529670715332, 0.0, -9.422261238098145, 10.632927894592285, 15.748285293579102, 0.0, 17.256872177124023, 33.005157470703125, -0.0, 0.0, 0.0, 0.0)
(-1.2001675367355347, 10.062167167663574, 0.0, -1.0, 0.0, 0.0, 38.871952056884766, 1.0060975551605225, 0.0, 1.201005220413208, -60.37300109863281, 0.0, 1470, 1481, 1431, 1420, 37.588165283203125, 19.11643409729004, 0.0, -0.9432998895645142, 8.135367393493652, -5.650642395019531, 0.0, 1.3385964632034302, -4.312045574188232, -0.0, 0.0, -0.0, 0.0)
(-7.088898658752441, 9.090412139892578, 0.0, -1.0, 0.0, 0.0, -10.27439022064209, -7.439024448394775, 0.0, 36.53339385986328, -54.54247283935547, 0.0, 1439, 1462, 1462, 1439, -5.970606803894043, -10.657424926757812, 0.0, -4.170129299163818, 10.42088794708252, 7.021167755126953, 0.0, -5.516608715057373, 1.5045589208602905, -0.0, 0.0, 0.0, 0.0)
(-5.349207878112793, 8.077385902404785, 0.0, -1.0, 0.0, 0.0, -5.121951103210449, 12.62195110321045, 0.0, 26.095247268676758, -48.464317321777344, 0.0, 1432, 1509, 1469, 1392, -29.003807067871094, -10.540647506713867, 0.0, -3.0524468421936035, 10.49436092376709, 4.682579517364502, 0.0, 24.001218795776367, 28.68379783630371, -0.0, 0.0, -0.0, 0.0)
(0.2495236098766327, 4.11287260055542, 0.0, -1.0, 0.0, 0.0, 3.079268217086792, 9.72560977935791, 0.0, -7.4971418380737305, -24.677234649658203, 0.0, 1442, 1493, 1485, 1434, -11.934486389160156, -14.520054817199707, 0.0, -1.0497032403945923, 9.825152397155762, -1.5864615440368652, 0.0, 17.124052047729492, 15.537590026855469, -0.0, 0.0, -0.0, 0.0)
(-0.07235140353441238, 2.3853158950805664, 0.0, -1.0, 0.0, 0.0, -3.7195122241973877, -7.439024448394775, 0.0, -5.565891742706299, -14.311895370483398, 0.0, 1444, 1466, 1487, 1465, 23.18167495727539, -3.935690402984619, 0.0, -1.8881179094314575, 9.91280746459961, -0.2769569158554077, 0.0, 1.2659008502960205, 0.988943874835968, -0.0, 0.0, 0.0, 0.0)
(2.725234031677246, 5.258930206298828, 0.0, -1.0, 0.0, 0.0, -6.006097793579102, -14.603658676147461, 0.0, -22.351404190063477, -31.55358123779297, 0.0, 1469, 1467, 1464, 1466, 35.96947479248047, 22.767610549926758, 0.0, -3.958696126937866, 7.76936149597168, -2.451796054840088, 0.0, -8.333846092224121, -10.785642623901367, -0.0, 0.0, -0.0, 0.0)
(-3.8550095558166504, 4.297760963439941, 0.0, -1.0, 0.0, 0.0, -35.82316970825195, 21.341463088989258, 0.0, 17.13005828857422, -25.78656578063965, 0.0, 1408, 1438, 1525, 1495, -8.3120756149292, 67.91889953613281, 0.0, -13.558391571044922, 10.74238109588623, 7.942984104156494, 0.0, -2.877434015274048, 5.065550327301025, -0.0, 0.0, -0.0, 0.0)
(-1.8916113376617432, 2.4225852489471436, 0.0, -1.0, 0.0, 0.0, 25.54878044128418, 6.463414669036865, 0.0, 5.349668025970459, -14.535511016845703, 0.0, 1463, 1530, 1470, 1403, -3.007354259490967, -26.07515525817871, 0.0, -3.310373544692993, 9.968448638916016, -3.0298666954040527, 0.0, 26.504865646362305, 23.474998474121094, -0.0, 0.0, -0.0, 0.0)
(3.747265338897705, 3.4702200889587402, 0.0, 0.0, 0.0, 0.0, -3.3841464519500732, -4.969511985778809, 0.0, -22.483592987060547, -20.821319580078125, 0.0, 1432, 1477, 1501, 1456, -17.95991325378418, -34.977046966552734, 0.0, 0.2044130265712738, 11.149393081665039, -2.864917039871216, 0.0, 15.288370132446289, 12.423453330993652, -0.0, 0.0, 0.0, 0.0)
(1.6222940683364868, 5.455799579620361, 0.0, -1.0, 0.0, 0.0, -4.207316875457764, -1.7987804412841797, 0.0, -15.7337646484375, -32.734798431396484, 0.0, 1443, 1453, 1490, 1480, 13.795327186584473, -11.367176055908203, 0.0, -2.5670809745788574, 12.693143844604492, -1.7289670705795288, 0.0, -3.205599784851074, -4.934566974639893, -0.0, 0.0, 0.0, 0.0)
(4.284628391265869, 6.984663486480713, 0.0, -1.0, 0.0, 0.0, 4.969511985778809, -9.329268455505371, 0.0, -31.70777130126953, -41.907981872558594, 0.0, 1482, 1494, 1451, 1439, -11.610925674438477, 40.191986083984375, 0.0, -3.330191135406494, 14.64771556854248, -5.501592636108398, 0.0, 1.1907334327697754, -4.310859203338623, -0.0, 0.0, 0.0, 0.0)
(3.602465867996216, 4.543246746063232, 0.0, -1.0, 0.0, 0.0, 9.87804889678955, 7.652439117431641, 0.0, -27.614795684814453, -27.259479522705078, 0.0, 1489, 1469, 1444, 1464, 10.518213272094727, 4.407351493835449, 0.0, -2.3442158699035645, 15.819361686706543, -5.623926639556885, 0.0, -14.241485595703125, -19.86541175842285, -0.0, 0.0, 0.0, 0.0)
(0.5309573411941528, 7.817923069000244, 0.0, -1.0, 0.0, 0.0, -4.1768293380737305, -4.4817070960998535, 0.0, -9.185744285583496, -46.90753936767578, 0.0, 1459, 1451, 1474, 1482, -5.574803352355957, 3.3819761276245117, 0.0, -4.345130920410156, 15.359153747558594, -0.7513372302055359, 0.0, -13.136682510375977, -13.888019561767578, -0.0, 0.0, -0.0, 0.0)
(-5.134796142578125, 4.864307880401611, 0.0, -1.0, 0.0, 0.0, -7.987804889678955, 8.810976028442383, 0.0, 24.80877685546875, -29.185848236083984, 0.0, 1437, 1491, 1496, 1442, -50.51171112060547, -37.41543960571289, 0.0, -3.937203884124756, 16.180797576904297, 4.919486999511719, 0.0, 12.256985664367676, 17.17647361755371, -0.0, 0.0, -0.0, 0.0)
(-2.125736713409424, 5.767126560211182, 0.0, -1.0, 0.0, 0.0, 17.134145736694336, -12.34756088256836, 0.0, 6.754420280456543, -34.602760314941406, 0.0, 1467, 1468, 1466, 1465, 15.53003215789795, 5.4502410888671875, 0.0, -0.9574788808822632, 16.230186462402344, -1.556958794593811, 0.0, -7.599939346313477, -9.156898498535156, -0.0, 0.0, 0.0, 0.0)
(3.2942888736724854, 1.5815460681915283, 0.0, -1.0, 0.0, 0.0, -28.475608825683594, 17.286584854125977, 0.0, -25.76573371887207, -9.489276885986328, 0.0, 1390, 1443, 1543, 1490, -33.76358413696289, -35.759918212890625, 0.0, -3.442845344543457, 18.583539962768555, 0.4064812660217285, 0.0, 16.054046630859375, 16.460527420043945, -0.0, 0.0, 0.0, 0.0)
(5.759843349456787, 5.761877536773682, 0.0, -1.0, 0.0, 0.0, 11.280488014221191, 7.5, 0.0, -40.559059143066406, -34.571266174316406, 0.0, 1461, 1488, 1474, 1447, 8.874370574951172, 29.788040161132812, 0.0, -1.8184539079666138, 19.762205123901367, -7.7759318351745605, 0.0, 11.001561164855957, 3.2256293296813965, -0.0, 0.0, -0.0, 0.0)
(3.0929276943206787, 5.446573734283447, 0.0, -1.0, 0.0, 0.0, -3.932926893234253, 15.853658676147461, 0.0, -24.557565689086914, -32.679443359375, 0.0, 1463, 1462, 1470, 1471, 15.886119842529297, -3.9822516441345215, 0.0, -2.479887008666992, 20.337505340576172, -3.093695878982544, 0.0, -7.559958457946777, -10.653654098510742, -0.0, 0.0, -0.0, 0.0)
(-0.7154563069343567, 4.761622905731201, 0.0, -1.0, 0.0, 0.0, 4.146341323852539, 5.54878044128418, 0.0, -1.7072621583938599, -28.56973648071289, 0.0, 1476, 1504, 1457, 1429, -15.043989181518555, -21.333242416381836, 0.0, -3.8844592571258545, 20.992082595825195, -0.8780404925346375, 0.0, 5.089917182922363, 4.211876392364502, -0.0, -0.0, 0.0, 0.0)
(1.8195812702178955, 8.763727188110352, 0.0, -1.0, 0.0, 0.0, 4.5731706619262695, -8.109756469726562, 0.0, -16.91748809814453, -52.58236312866211, 0.0, 1439, 1472, 1494, 1461, -0.5705850124359131, -4.244177341461182, 0.0, -1.4705872535705566, 19.9147891998291, -3.2235987186431885, 0.0, 9.478106498718262, 6.254507541656494, -0.0, -0.0, -0.0, -0.0)
(0.9912240505218506, 3.815220832824707, 0.0, -1.0, 0.0, 0.0, -12.256097793579102, 11.890243530273438, 0.0, -11.947343826293945, -22.891324996948242, 0.0, 1418, 1460, 1517, 1475, -39.700130462646484, -33.1341552734375, 0.0, -1.8105262517929077, 21.14238739013672, 0.0463130958378315, 0.0, 10.657029151916504, 10.703341484069824, -0.0, -0.0, 0.0, 0.0)
(-3.172693967819214, 4.112110137939453, 0.0, -1.0, 0.0, 0.0, 12.560976028442383, -5.9146342277526855, 0.0, 13.036163330078125, -24.67266082763672, 0.0, 1448, 1461, 1485, 1472, 1.7336161136627197, 79.7812271118164, 0.0, -1.6202815771102905, 20.043148040771484, 0.07127809524536133, 0.0, -3.960092067718506, -3.8888139724731445, -0.0, -0.0, -0.0, -0.0)
(-1.7970409393310547, 5.765382766723633, 0.0, -1.0, 0.0, 0.0, -6.036585330963135, 18.292682647705078, 0.0, 4.782245635986328, -34.5922966003418, 0.0, 1455, 1486, 1478, 1447, -23.886960983276367, 30.713275909423828, 0.0, -1.8106780052185059, 20.834007263183594, 1.6228245496749878, 0.0, 3.793640375137329, 5.416464805603027, -0.0, -0.0, -0.0, -0.0)
(0.12665660679340363, 5.553440093994141, 0.0, -1.0, 0.0, 0.0, -0.15243902802467346, -8.170731544494629, 0.0, -6.759939670562744, -33.320640563964844, 0.0, 1457, 1456, 1476, 1477, 45.240169525146484, 20.892250061035156, 0.0, -1.741623878479004, 20.730655670166016, -0.9911251068115234, 0.0, -9.254088401794434, -10.245213508605957, -0.0, -0.0, 0.0, 0.0)
(-1.3451974391937256, 9.753772735595703, 0.0, -1.0, 0.0, 0.0, 2.195122003555298, -4.847560882568359, 0.0, 2.0711846351623535, -58.52263641357422, 0.0, 1464, 1473, 1469, 1460, 34.14990997314453, 9.122036933898926, 0.0, -2.741014242172241, 20.87898826599121, -0.01859060488641262, 0.0, -5.542229652404785, -5.56082010269165, -0.0, -0.0, 0.0, 0.0)
(1.1060963869094849, 5.234925270080566, 0.0, -1.0, 0.0, 0.0, 2.77439022064209, -4.603658676147461, 0.0, -12.636578559875488, -31.4095516204834, 0.0, 1468, 1460, 1465, 1473, 28.034515380859375, 6.319127082824707, 0.0, -1.4646419286727905, 21.03706932067871, -2.311645269393921, 0.0, -11.966949462890625, -14.278594970703125, -0.0, -0.0, 0.0, 0.0)
(1.5238603353500366, 2.774362802505493, 0.0, -1.0, 0.0, 0.0, -3.5060975551605225, -1.7682926654815674, 0.0, -15.14316177368164, -16.646177291870117, 0.0, 1446, 1467, 1487, 1466, 6.510310173034668, -25.31768226623535, 0.0, -2.3919289112091064, 21.831432342529297, -1.745559573173523, 0.0, 2.329385995864868, 0.5838263630867004, -0.0, -0.0, 0.0, 0.0)
(-1.9797064065933228, 7.16309118270874, 0.0, -1.0, 0.0, 0.0, 8.47560977935791, -6.707316875457764, 0.0, 5.878238677978516, -42.978546142578125, 0.0, 1452, 1459, 1481, 1474, 26.545944213867188, 32.78955841064453, 0.0, -1.1047333478927612, 22.012529373168945, -0.38960567116737366, 0.0, -5.849851131439209, -6.239456653594971, -0.0, -0.0, 0.0, 0.0)
(-3.4814956188201904, 6.263765335083008, 0.0, -1.0, 0.0, 0.0, -1.9817073345184326, -9.054878234863281, 0.0, 14.888973236083984, -37.58259201049805, 0.0, 1463, 1489, 1470, 1444, -14.27779769897461, -11.31144905090332, 0.0, -1.8596116304397583, 23.13005828857422, 2.530601978302002, 0.0, 0.43375515937805176, 2.9643571376800537, -0.0, -0.0, 0.0, 0.0)
(1.208957314491272, 7.674883842468262, 0.0, 0.0, 0.0, 0.0, 0.3353658616542816, 0.7012194991111755, 0.0, -7.253744125366211, -46.04930114746094, 0.0, 1449, 1478, 1484, 1455, -4.790203094482422, 5.314462661743164, 0.0, -0.6840016841888428, 23.092866897583008, -1.138366460800171, 0.0, 5.612247467041016, 4.473880767822266, -0.0, -0.0, 0.0, 0.0)
(0.5921416878700256, 12.804723739624023, 0.0, -1.0, 0.0, 0.0, -6.646341323852539, -6.79878044128418, 0.0, -9.552849769592285, -76.82833862304688, 0.0, 1426, 1452, 1507, 1481, -4.110429286956787, 22.03311538696289, 0.0, -0.23110535740852356, 22.461009979248047, -0.4359762668609619, 0.0, 3.3151516914367676, 2.8791754245758057, -0.0, -0.0, -0.0, -0.0)
(1.3608981370925903, 11.579606056213379, 0.0, -1.0, 0.0, 0.0, -3.932926893234253, 10.884146690368652, 0.0, -14.165389060974121, -69.4776382446289, 0.0, 1440, 1444, 1493, 1489, 38.268592834472656, -25.580934524536133, 0.0, -0.9091542363166809, 22.66954231262207, -1.5348693132400513, 0.0, -6.243748664855957, -7.778617858886719, -0.0, -0.0, -0.0, -0.0)
(0.09014002233743668, 9.272812843322754, 0.0, -1.0, 0.0, 0.0, -7.682926654815674, -17.286584854125977, 0.0, -6.540840148925781, -55.636878967285156, 0.0, 1453, 1461, 1480, 1472, 19.79825782775879, 25.910018920898438, 0.0, -2.9390323162078857, 21.80475425720215, 0.17131297290325165, 0.0, -5.702899932861328, -5.531586647033691, -0.0, -0.0, 0.0, 0.0)
(0.6365561485290527, 10.736604690551758, 0.0, 0.0, 0.0, 0.0, 3.7195122241973877, -19.420732498168945, 0.0, -3.8193368911743164, -64.41963195800781, 0.0, 1470, 1475, 1463, 1458, 4.71517276763916, 52.02788162231445, 0.0, -2.5111355781555176, 21.69668197631836, -1.1308273077011108, 0.0, -6.0833048820495605, -7.214132308959961, -0.0, -0.0, 0.0, 0.0)
(-1.7367963790893555, 5.243679523468018, 0.0, -1.0, 0.0, 0.0, -10.54878044128418, -0.9146341681480408, 0.0, 4.420778274536133, -31.462078094482422, 0.0, 1410, 1481, 1523, 1452, -75.77880859375, -3.697603940963745, 0.0, -3.281562566757202, 22.828998565673828, 2.245433807373047, 0.0, 23.230043411254883, 25.47547721862793, -0.0, -0.0, 0.0, 0.0)
(1.2982386350631714, 8.871068954467773, 0.0, -1.0, 0.0, 0.0, 17.926828384399414, -20.15243911743164, 0.0, -13.78943157196045, -53.22641372680664, 0.0, 1470, 1474, 1463, 1459, 15.904139518737793, 65.91609191894531, 0.0, 0.41889452934265137, 20.850343704223633, -4.757438659667969, 0.0, -2.9478273391723633, -7.70526647567749, -0.0, -0.0, -0.0, -0.0)
(-4.5580034255981445, 3.228687047958374, 0.0, -1.0, 0.0, 0.0, -20.030487060546875, 8.170731544494629, 0.0, 21.348020553588867, -19.372121810913086, 0.0, 1453, 1490, 1480, 1443, -19.601030349731445, 6.309784889221191, 0.0, -4.71982479095459, 17.904001235961914, 6.2067766189575195, 0.0, 2.342604875564575, 8.549381256103516, -0.0, -0.0, -0.0, -0.0)
(-4.492517471313477, 6.3049798011779785, 0.0, 0.0, 0.0, 0.0, 16.40243911743164, 13.62804889678955, 0.0, 26.95510482788086, -37.82987976074219, 0.0, 1471, 1472, 1462, 1461, -16.91448402404785, 3.7603378295898438, 0.0, -4.526838779449463, 20.153850555419922, 1.582899808883667, 0.0, -10.738201141357422, -9.155301094055176, -0.0, -0.0, -0.0, -0.0)
(-0.03527052327990532, 8.179149627685547, 0.0, -1.0, 0.0, 0.0, -0.09146341681480408, -17.957317352294922, 0.0, -5.788376808166504, -49.07489776611328, 0.0, 1455, 1481, 1478, 1452, 34.68524169921875, 12.98768424987793, 0.0, -2.834461212158203, 20.580368041992188, -0.8545370101928711, 0.0, 3.752836227416992, 2.898299217224121, -0.0, -0.0, 0.0, 0.0)
(-0.018279103562235832, 5.41171407699585, 0.0, -1.0, 0.0, 0.0, 3.1097559928894043, 10.518292427062988, 0.0, -5.890325546264648, -32.47028350830078, 0.0, 1458, 1469, 1475, 1464, 29.810304641723633, 8.139582633972168, 0.0, -2.6965043544769287, 17.181747436523438, -1.3500123023986816, 0.0, -3.4662442207336426, -4.816256523132324, -0.0, -0.0, 0.0, 0.0)
(-0.44506606459617615, 4.488460540771484, 0.0, -1.0, 0.0, 0.0, 8.384146690368652, 1.097561001777649, 0.0, -3.329603672027588, -26.930763244628906, 0.0, 1478, 1466, 1455, 1467, 19.92953109741211, -5.9413347244262695, 0.0, -3.8896448612213135, 18.541200637817383, -1.7570626735687256, 0.0, -14.03216552734375, -15.789228439331055, -0.0, -0.0, 0.0, 0.0)
(-3.402738332748413, 4.156993389129639, 0.0, -1.0, 0.0, 0.0, 0.3658536672592163, 3.628048896789551, 0.0, 14.41642951965332, -24.941959381103516, 0.0, 1449, 1451, 1484, 1482, -7.262717247009277, 15.933652877807617, 0.0, -3.9397966861724854, 19.63753890991211, 2.10758638381958, 0.0, -10.866142272949219, -8.758556365966797, -0.0, -0.0, -0.0, -0.0)
(3.8351376056671143, 7.009917259216309, 0.0, -1.0, 0.0, 0.0, 3.932926893234253, -38.50609588623047, 0.0, -29.010826110839844, -42.05950164794922, 0.0, 1466, 1458, 1467, 1475, 47.62554168701172, 32.99785232543945, 0.0, -1.7804971933364868, 17.126873016357422, -4.941562652587891, 0.0, -8.976544380187988, -13.918107986450195, -0.0, -0.0, 0.0, 0.0)
(1.4457178115844727, 1.2088192701339722, 0.0, -1.0, 0.0, 0.0, -3.079268217086792, 20.060976028442383, 0.0, -14.674306869506836, -7.252915382385254, 0.0, 1447, 1477, 1486, 1456, -19.016626358032227, -44.65180969238281, 0.0, -2.9388811588287354, 16.846384048461914, -1.7392557859420776, 0.0, 6.745002269744873, 5.005746841430664, -0.0, -0.0, 0.0, 0.0)
(6.802604675292969, 2.7734785079956055, 0.0, -1.0, 0.0, 0.0, 5.3353657722473145, -19.725608825683594, 0.0, -46.81562805175781, -16.640871047973633, 0.0, 1473, 1477, 1462, 1458, 11.862578392028809, -8.115751266479492, 0.0, -0.02531401626765728, 15.963000297546387, -7.822649002075195, 0.0, -0.222290500998497, -8.044939041137695, 0.0, -0.0, 0.0, 0.0)
(3.599303960800171, -10.748684883117676, 0.0, -1.0, 0.0, 0.0, 19.176828384399414, -31.64634132385254, 0.0, -27.595823287963867, 64.49211120605469, 0.0, 1506, 1449, 1427, 1484, 52.70006561279297, 4.002946853637695, 0.0, -1.6891860961914062, 10.959033966064453, -7.015897750854492, 0.0, -31.675661087036133, -38.691558837890625, 0.0, -0.0, 0.0, 0.0)
(-0.5075774192810059, -5.105978965759277, 0.0, -1.0, 0.0, 0.0, -22.439023971557617, 22.469512939453125, 0.0, -2.954535484313965, 30.635873794555664, 0.0, 1441, 1458, 1492, 1475, 3.9530861377716064, 67.49217224121094, 0.0, -4.726380825042725, 10.380526542663574, 2.922673463821411, 0.0, -4.431958198547363, -1.5092848539352417, 0.0, -0.0, -0.0, 0.0)
(1.908179521560669, -6.7534661293029785, 0.0, -1.0, 0.0, 0.0, 9.115853309631348, 11.52439022064209, 0.0, -17.449077606201172, 40.52079772949219, 0.0, 1456, 1455, 1477, 1478, 61.41721725463867, -29.99335289001465, 0.0, -1.3971143960952759, 13.832807540893555, -3.9847395420074463, 0.0, -6.540572643280029, -10.525312423706055, 0.0, -0.0, -0.0, 0.0)
(0.8497812151908875, -3.6913297176361084, 0.0, -1.0, 0.0, 0.0, 4.054878234863281, 20.975608825683594, 0.0, -11.098687171936035, 22.147977828979492, 0.0, 1451, 1428, 1484, 1507, 20.827146530151367, -17.00035285949707, 0.0, -2.777297019958496, 16.606735229492188, -2.2730348110198975, 0.0, -19.67473793029785, -21.947772979736328, 0.0, -0.0, -0.0, 0.0)
(-0.7369645833969116, -1.8078322410583496, 0.0, -1.0, 0.0, 0.0, -13.414633750915527, -1.5243902206420898, 0.0, -1.5782124996185303, 10.846993446350098, 0.0, 1461, 1481, 1472, 1452, 20.89190101623535, 31.084739685058594, 0.0, -4.612205982208252, 19.128232955932617, 1.7754631042480469, 0.0, -1.4565417766571045, 0.31892141699790955, 0.0, -0.0, 0.0, 0.0)
(6.031631946563721, -3.8215835094451904, 0.0, -1.0, 0.0, 0.0, 10.15243911743164, -12.5, 0.0, -42.18979263305664, 22.929500579833984, 0.0, 1454, 1452, 1479, 1481, 28.95511817932129, -28.940338134765625, 0.0, -1.8795843124389648, 16.201396942138672, -7.851334571838379, 0.0, -3.0752508640289307, -10.92658519744873, 0.0, -0.0, -0.0, 0.0)
(2.820014715194702, -10.20483112335205, 0.0, -1.0, 0.0, 0.0, 14.786585807800293, 9.634146690368652, 0.0, -22.920087814331055, 61.22898864746094, 0.0, 1449, 1429, 1484, 1504, -9.833398818969727, -18.53202247619629, 0.0, -2.0769927501678467, 16.272281646728516, -5.656001091003418, 0.0, -14.301494598388672, -19.957494735717773, 0.0, -0.0, -0.0, 0.0)
(4.220546722412109, -3.5836291313171387, 0.0, -1.0, 0.0, 0.0, -12.256097793579102, 13.262195587158203, 0.0, -31.323280334472656, 21.501773834228516, 0.0, 1434, 1437, 1499, 1496, 16.03314971923828, -7.935514450073242, 0.0, -3.2120540142059326, 20.83066177368164, -2.860077381134033, 0.0, -5.620976448059082, -8.481054306030273, 0.0, -0.0, 0.0, 0.0)
(5.5567240715026855, 0.4329628050327301, 0.0, -1.0, 0.0, 0.0, -2.5609755516052246, 7.0731706619262695, 0.0, -39.3403434753418, -2.5977768898010254, 0.0, 1460, 1487, 1477, 1450, -13.050061225891113, -7.164552688598633, 0.0, -3.2054994106292725, 23.921815872192383, -5.516905307769775, 0.0, 8.810408592224121, 3.2935028076171875, -0.0, -0.0, 0.0, 0.0)
(-3.4310498237609863, 2.0063133239746094, 0.0, -1.0, 0.0, 0.0, 12.530488014221191, -8.445121765136719, 0.0, 14.586298942565918, -12.037879943847656, 0.0, 1497, 1508, 1470, 1459, 21.014768600463867, 57.34290313720703, 0.0, -2.478364944458008, 23.4148006439209, 0.3083716332912445, 0.0, -4.372140884399414, -4.063769340515137, -0.0, -0.0, -0.0, -0.0)
(-2.1499264240264893, 0.7277663350105286, 0.0, -1.0, 0.0, 0.0, 17.957317352294922, 8.780488014221191, 0.0, 6.8995585441589355, -4.366598129272461, 0.0, 1474, 1445, 1517, 1546, -1.1005661487579346, -37.38302993774414, 0.0, -0.4641878008842468, 23.615257263183594, -1.6586637496948242, 0.0, -23.010889053344727, -24.669551849365234, -0.0, -0.0, -0.0, -0.0)
(4.427628040313721, 7.981881618499756, 0.0, 0.0, 0.0, 0.0, -34.32926940917969, -28.567073822021484, 0.0, -26.56576919555664, -47.89128875732422, 0.0, 1442, 1503, 1547, 1486, 19.327667236328125, 30.909107208251953, 0.0, -2.6948280334472656, 23.456872940063477, 1.164525032043457, 0.0, 19.362913131713867, 20.527437210083008, -0.0, -0.0, 0.0, 0.0)
(-6.871880054473877, 8.06235408782959, 0.0, -1.0, 0.0, 0.0, 19.207317352294922, 2.0426828861236572, 0.0, 35.23128128051758, -48.374122619628906, 0.0, 1517, 1478, 1470, 1509, 5.30474853515625, -34.58464050292969, 0.0, -12.217083930969238, 22.386301040649414, 2.403594493865967, 0.0, -31.916419982910156, -29.512826919555664, -0.0, -0.0, 0.0, 0.0)
(-1.898542881011963, 8.624605178833008, 0.0, -1.0, 0.0, 0.0, 13.32317066192627, 12.103658676147461, 0.0, 5.391257286071777, -51.74763107299805, 0.0, 1494, 1509, 1493, 1478, -13.71279239654541, 18.773080825805664, 0.0, -6.060833930969238, 23.355810165405273, -1.1897870302200317, 0.0, -1.2075172662734985, -2.3973042964935303, -0.0, -0.0, -0.0, -0.0)
(0.16333076357841492, 5.777402877807617, 0.0, -1.0, 0.0, 0.0, 12.77439022064209, -11.646341323852539, 0.0, -6.979984760284424, -34.6644172668457, 0.0, 1514, 1531, 1473, 1456, 33.39375686645508, 20.298126220703125, 0.0, -0.19086402654647827, 23.496662139892578, -2.963156223297119, 0.0, 1.5591957569122314, -1.4039605855941772, -0.0, -0.0, 0.0, 0.0)
(2.9647881984710693, 7.837019443511963, 0.0, 0.0, 0.0, 0.0, -11.310976028442383, 8.384146690368652, 0.0, -17.788728713989258, -47.022117614746094, 0.0, 1458, 1485, 1529, 1502, 23.107912063598633, 63.92530822753906, 0.0, -1.2112908363342285, 24.067394256591797, -0.9716628789901733, 0.0, 4.14461088180542, 3.172947883605957, -0.0, -0.0, -0.0, -0.0)
(4.467776298522949, 12.071805000305176, 0.0, -1.0, 0.0, 0.0, -1.9512195587158203, 5.54878044128418, 0.0, -32.80665588378906, -72.43083190917969, 0.0, 1462, 1490, 1525, 1497, -1.4269740581512451, 55.233421325683594, 0.0, -1.1643394231796265, 24.084768295288086, -4.628315448760986, 0.0, 8.667213439941406, 4.038898468017578, -0.0, -0.0, -0.0, -0.0)
(0.8733020424842834, 4.987752914428711, 0.0, -1.0, 0.0, 0.0, 12.804878234863281, -12.77439022064209, 0.0, -11.239811897277832, -29.926517486572266, 0.0, 1474, 1491, 1513, 1496, -9.726228713989258, -13.850451469421387, 0.0, -0.7090039849281311, 24.59147071838379, -3.606703281402588, 0.0, 1.9368596076965332, -1.6698437929153442, -0.0, -0.0, 0.0, 0.0)
(-1.677557349205017, 5.992003917694092, 0.0, -1.0, 0.0, 0.0, -45.54878234863281, -3.7804877758026123, 0.0, 4.065343856811523, -35.952022552490234, 0.0, 1403, 1479, 1586, 1510, 16.910297393798828, 14.231685638427734, 0.0, -4.348638534545898, 23.990861892700195, 7.442119121551514, 0.0, 20.485586166381836, 27.927705764770508, -0.0, -0.0, -0.0, -0.0)
(-2.6330301761627197, 9.42841625213623, 0.0, -1.0, 0.0, 0.0, 31.829267501831055, -0.6402438879013062, 0.0, 9.798181533813477, -56.57049560546875, 0.0, 1528, 1490, 1461, 1499, 8.885480880737305, 70.8243179321289, 0.0, -8.256108283996582, 21.243906021118164, -3.3046629428863525, 0.0, -25.578413009643555, -28.883075714111328, -0.0, -0.0, -0.0, -0.0)
(-4.646970272064209, 10.50389289855957, 0.0, -1.0, 0.0, 0.0, 2.9268293380737305, 2.9268293380737305, 0.0, 21.881820678710938, -63.02335739135742, 0.0, 1476, 1517, 1511, 1470, -37.16950607299805, 38.093040466308594, 0.0, -6.5920867919921875, 22.491315841674805, 2.8432486057281494, 0.0, 7.60595703125, 10.44920539855957, -0.0, -0.0, 0.0, 0.0)
(0.8620837330818176, 7.923574924468994, 0.0, -1.0, 0.0, 0.0, 14.72560977935791, -8.018292427062988, 0.0, -11.172502517700195, -47.54145050048828, 0.0, 1486, 1517, 1503, 1472, -14.118585586547852, -3.861055850982666, 0.0, 0.13611328601837158, 23.124088287353516, -3.8847169876098633, 0.0, 9.09509563446045, 5.210378170013428, -0.0, -0.0, 0.0, 0.0)
(3.0542638301849365, 8.018506050109863, 0.0, -1.0, 0.0, 0.0, -5.091463565826416, -8.810976028442383, 0.0, -24.32558250427246, -48.11103820800781, 0.0, 1486, 1487, 1501, 1500, 15.746138572692871, 14.052976608276367, 0.0, -1.0436121225357056, 23.201221466064453, -2.885118007659912, 0.0, -6.647208213806152, -9.532325744628906, -0.0, -0.0, 0.0, 0.0)
(2.5090129375457764, 11.819978713989258, 0.0, -1.0, 0.0, 0.0, -2.5304877758026123, 6.310975551605225, 0.0, -21.0540771484375, -70.91987609863281, 0.0, 1473, 1481, 1514, 1506, -14.705194473266602, -9.015339851379395, 0.0, -2.5689170360565186, 23.441619873046875, -2.778538465499878, 0.0, -2.980415105819702, -5.75895357131958, -0.0, -0.0, -0.0, -0.0)
(-4.0343427658081055, 9.871817588806152, 0.0, -1.0, 0.0, 0.0, -42.225608825683594, 4.4817070960998535, 0.0, 18.206056594848633, -59.23090362548828, 0.0, 1390, 1528, 1599, 1461, -66.42536926269531, 5.286492347717285, 0.0, -3.5326364040374756, 22.54390525817871, 9.064749717712402, 0.0, 49.96241760253906, 59.02716827392578, -0.0, -0.0, -0.0, -0.0)
(-4.72617244720459, 6.587653636932373, 0.0, -1.0, 0.0, 0.0, -3.7195122241973877, 6.036585330963135, 0.0, 22.35703468322754, -39.52592086791992, 0.0, 1436, 1476, 1553, 1513, 25.39584732055664, 20.971996307373047, 0.0, -4.3070268630981445, 20.526521682739258, 3.911482095718384, 0.0, 5.959733486175537, 9.8712158203125, -0.0, -0.0, -0.0, -0.0)
(-4.297234535217285, 5.600184917449951, 0.0, 0.0, 0.0, 0.0, 22.19512176513672, -16.25, 0.0, 25.78340721130371, -33.60110855102539, 0.0, 1508, 1525, 1479, 1462, -13.115409851074219, -13.936667442321777, 0.0, -5.731265544891357, 20.720273971557617, 0.5382428169250488, 0.0, -2.038010358810425, -1.4997674226760864, -0.0, -0.0, 0.0, 0.0)
(0.5014711618423462, 5.317632675170898, 0.0, -1.0, 0.0, 0.0, 12.530488014221191, 27.89634132385254, 0.0, -9.008827209472656, -31.90579605102539, 0.0, 1500, 1486, 1487, 1501, -7.962313652038574, -6.82960844039917, 0.0, -3.203673839569092, 21.322404861450195, -3.2308971881866455, 0.0, -14.102256774902344, -17.333154678344727, -0.0, -0.0, -0.0, -0.0)
(1.218537449836731, 9.47465991973877, 0.0, -1.0, 0.0, 0.0, -42.95731735229492, -17.621952056884766, 0.0, -13.311224937438965, -56.84796142578125, 0.0, 1425, 1480, 1562, 1507, 1.2599413394927979, 48.01109313964844, 0.0, -5.4516921043396, 23.362346649169922, 4.446913719177246, 0.0, 13.465692520141602, 17.91260528564453, -0.0, -0.0, -0.0, -0.0)
(-1.459316372871399, 10.370561599731445, 0.0, -1.0, 0.0, 0.0, -12.469511985778809, -13.20121955871582, 0.0, 2.7558982372283936, -62.22336959838867, 0.0, 1463, 1512, 1524, 1475, 1.3450169563293457, 78.11287689208984, 0.0, -7.196356773376465, 22.520126342773438, 2.283811569213867, 0.0, 12.258045196533203, 14.54185676574707, -0.0, -0.0, -0.0, -0.0)
(-0.10839619487524033, 12.35823917388916, 0.0, -1.0, 0.0, 0.0, 30.762195587158203, 23.810976028442383, 0.0, -5.34962272644043, -74.1494369506836, 0.0, 1519, 1476, 1468, 1511, -1.1543500423431396, 22.894336700439453, 0.0, -7.825778484344482, 23.391313552856445, -5.416772365570068, 0.0, -25.844284057617188, -31.261056900024414, -0.0, -0.0, -0.0, -0.0)
(0.21138720214366913, 14.935673713684082, 0.0, -1.0, 0.0, 0.0, -18.658536911010742, -12.62195110321045, 0.0, -7.2683234214782715, -89.61404418945312, 0.0, 1519, 1543, 1468, 1444, -16.941530227661133, 31.231670379638672, 0.0, -8.970901489257812, 24.685976028442383, 1.7085319757461548, 0.0, 0.392837792634964, 2.101369857788086, -0.0, -0.0, 0.0, 0.0)
(-0.31556347012519836, 9.931720733642578, 0.0, -1.0, 0.0, 0.0, 19.969512939453125, -11.52439022064209, 0.0, -4.106619358062744, -59.59032440185547, 0.0, 1525, 1554, 1462, 1433, 3.515063762664795, -34.023555755615234, 0.0, -2.329894542694092, 21.74283790588379, -3.611419677734375, 0.0, 8.421111106872559, 4.809690952301025, -0.0, -0.0, 0.0, 0.0)
(0.5049208402633667, 6.337310791015625, 0.0, -1.0, 0.0, 0.0, 10.487804412841797, -13.75, 0.0, -9.029524803161621, -38.02386474609375, 0.0, 1502, 1496, 1489, 1495, 1.6912024021148682, 15.341564178466797, 0.0, -2.8634297847747803, 20.913114547729492, -2.9275994300842285, 0.0, -9.783940315246582, -12.711540222167969, -0.0, -0.0, 0.0, 0.0)
(4.4623494148254395, 6.101861953735352, 0.0, -1.0, 0.0, 0.0, 12.591463088989258, -6.280488014221191, 0.0, -32.77409744262695, -36.61117172241211, 0.0, 1502, 1514, 1487, 1475, -51.785484313964844, -17.85602378845215, 0.0, 0.968582272529602, 18.985824584960938, -6.804834365844727, 0.0, 2.598405361175537, -4.2064290046691895, -0.0, -0.0, 0.0, 0.0)
(3.077662467956543, 1.7577922344207764, 0.0, -1.0, 0.0, 0.0, -41.70731735229492, 33.81097412109375, 0.0, -24.465974807739258, -10.5467529296875, 0.0, 1413, 1496, 1574, 1491, -34.91670608520508, -55.980499267578125, 0.0, -0.4125143885612488, 19.770885467529297, 2.5862014293670654, 0.0, 28.855966567993164, 31.442167282104492, -0.0, -0.0, -0.0, -0.0)
(2.789123773574829, 4.905442237854004, 0.0, -1.0, 0.0, 0.0, -13.079268455505371, 21.0060977935791, 0.0, -22.734743118286133, -29.432653427124023, 0.0, 1445, 1479, 1542, 1508, 1.94786536693573, -20.291048049926758, 0.0, -2.7273008823394775, 23.119966506958008, -1.4483212232589722, 0.0, 8.516120910644531, 7.0677995681762695, -0.0, -0.0, -0.0, -0.0)
(-1.092327356338501, 8.0764741897583, 0.0, 0.0, 0.0, 0.0, -4.939024448394775, 8.810976028442383, 0.0, 6.553964138031006, -48.45884704589844, 0.0, 1471, 1509, 1518, 1480, -17.883344650268555, 50.730472564697266, 0.0, -6.716629981994629, 23.38688850402832, 1.7239482402801514, 0.0, 7.639114856719971, 9.363062858581543, -0.0, -0.0, -0.0, -0.0)
(8.235336303710938, 12.962538719177246, 0.0, -1.0, 0.0, 0.0, 40.4878044128418, -12.164633750915527, 0.0, -55.412017822265625, -77.77523040771484, 0.0, 1522, 1506, 1465, 1481, 47.12263107299805, 16.265766143798828, 0.0, -1.1312639713287354, 21.48215675354004, -14.384973526000977, 0.0, -3.3021457195281982, -17.68712043762207, -0.0, -0.0, -0.0, -0.0)
(9.254687309265137, 7.531474590301514, 0.0, -1.0, 0.0, 0.0, -0.7012194991111755, 1.3719512224197388, 0.0, -61.52812194824219, -45.188846588134766, 0.0, 1490, 1476, 1499, 1513, 35.68841552734375, 24.57394790649414, 0.0, -1.0498614311218262, 21.958221435546875, -9.124035835266113, 0.0, -7.4717631340026855, -16.59579849243164, -0.0, -0.0, 0.0, 0.0)
(6.859701156616211, 5.786395072937012, 0.0, -1.0, 0.0, 0.0, -12.957317352294922, -1.4329267740249634, 0.0, -47.158206939697266, -34.71836853027344, 0.0, 1502, 1503, 1487, 1486, 16.251846313476562, 25.664756774902344, 0.0, -3.512056827545166, 22.927274703979492, -5.130133628845215, 0.0, -4.364823341369629, -9.494956970214844, -0.0, -0.0, 0.0, 0.0)
(2.3139429092407227, 4.73635196685791, 0.0, -1.0, 0.0, 0.0, -2.896341562271118, 19.573171615600586, 0.0, -19.883657455444336, -28.41811180114746, 0.0, 1469, 1492, 1520, 1497, -73.46595001220703, 7.875868797302246, 0.0, -3.1981849670410156, 25.023622512817383, -2.5480973720550537, 0.0, 4.228607654571533, 1.680510401725769, -0.0, -0.0, 0.0, 0.0)
(6.55535888671875, 3.500056743621826, 0.0, -1.0, 0.0, 0.0, -0.09146341681480408, 1.9512195587158203, 0.0, -45.3321533203125, -21.00033950805664, 0.0, 1509, 1495, 1524, 1538, 47.2998046875, -18.766277313232422, 0.0, -1.7387336492538452, 27.62697410583496, -6.786103248596191, 0.0, -10.419058799743652, -17.205162048339844, -0.0, -0.0, 0.0, 0.0)
(-0.3166576623916626, 8.228684425354004, 0.0, -1.0, 0.0, 0.0, 3.1402440071105957, -0.8536585569381714, 0.0, -4.100053787231445, -49.372108459472656, 0.0, 1527, 1523, 1518, 1522, 17.402807235717773, -2.306396007537842, 0.0, -4.508702754974365, 28.365995407104492, -1.0860446691513062, 0.0, -10.621204376220703, -11.707249641418457, -0.0, -0.0, 0.0, 0.0)
(0.09627540409564972, 10.857539176940918, 0.0, -1.0, 0.0, 0.0, -8.32317066192627, -9.817072868347168, 0.0, -6.577652454376221, -65.14523315429688, 0.0, 1487, 1519, 1560, 1528, 14.73448657989502, 70.58024597167969, 0.0, -3.9000134468078613, 28.205018997192383, 0.2618277370929718, 0.0, 5.364997386932373, 5.626825332641602, -0.0, -0.0, 0.0, 0.0)
(-10.014286041259766, 10.749593734741211, 0.0, -1.0, 0.0, 0.0, -8.90243911743164, 14.87804889678955, 0.0, 54.085716247558594, -64.49755859375, 0.0, 1486, 1492, 1561, 1555, 21.93520736694336, 57.489990234375, 0.0, -10.115869522094727, 27.600597381591797, 9.448223114013672, 0.0, -16.416231155395508, -6.9680070877075195, -0.0, -0.0, -0.0, -0.0)
(-1.6298291683197021, 6.151218414306641, 0.0, -1.0, 0.0, 0.0, 2.195122003555298, -0.0, 0.0, 3.778975009918213, -36.907310485839844, 0.0, 1496, 1547, 1551, 1500, -35.07390213012695, -16.118511199951172, 0.0, -4.629892826080322, 26.10410499572754, 0.23757794499397278, 0.0, 15.300986289978027, 15.538564682006836, -0.0, -0.0, -0.0, -0.0)
(2.8037097454071045, 5.141928672790527, 0.0, -1.0, 0.0, 0.0, 11.52439022064209, -14.146341323852539, 0.0, -22.82225799560547, -30.851572036743164, 0.0, 1528, 1550, 1519, 1497, 31.705547332763672, 54.722660064697266, 0.0, 1.3597413301467896, 25.83855438232422, -5.1519975662231445, 0.0, 5.819392204284668, 0.6673946976661682, -0.0, -0.0, 0.0, 0.0)
(1.8309710025787354, 6.164318561553955, 0.0, 0.0, 0.0, 0.0, -15.060976028442383, -4.359755992889404, 0.0, -10.98582649230957, -36.98591232299805, 0.0, 1492, 1509, 1553, 1536, 2.5958356857299805, -13.167489051818848, 0.0, -1.938277244567871, 27.7935848236084, 0.6112724542617798, 0.0, -2.034141778945923, -1.4228694438934326, -0.0, -0.0, 0.0, 0.0)
(5.587100028991699, 4.786192893981934, 0.0, -1.0, 0.0, 0.0, -0.21341463923454285, 20.15243911743164, 0.0, -39.52259826660156, -28.7171573638916, 0.0, 1508, 1509, 1539, 1538, 3.4394330978393555, -38.8364143371582, 0.0, -1.5096184015274048, 27.85272789001465, -5.8963775634765625, 0.0, -3.7788426876068115, -9.675220489501953, -0.0, -0.0, -0.0, -0.0)
(-2.3167622089385986, 2.687997341156006, 0.0, -1.0, 0.0, 0.0, -36.98170852661133, -5.152439117431641, 0.0, 7.900573253631592, -16.12798309326172, 0.0, 1454, 1525, 1593, 1522, -33.40730285644531, -58.477481842041016, 0.0, -7.0693745613098145, 27.58733367919922, 6.73234224319458, 0.0, 18.718358993530273, 25.450702667236328, -0.0, -0.0, 0.0, 0.0)
(-2.4108963012695312, 3.0272934436798096, 0.0, -1.0, 0.0, 0.0, 31.463415145874023, -2.2560975551605225, 0.0, 8.465377807617188, -18.163761138916016, 0.0, 1479, 1488, 1570, 1561, -13.140786170959473, -62.98494338989258, 0.0, -5.055807113647461, 27.414012908935547, -3.4497056007385254, 0.0, -1.9269295930862427, -5.3766350746154785, -0.0, -0.0, 0.0, 0.0)
(-1.9152042865753174, 7.893477916717529, 0.0, -1.0, 0.0, 0.0, 6.737804889678955, -17.042682647705078, 0.0, 5.491225719451904, -47.36086654663086, 0.0, 1505, 1508, 1542, 1539, 36.65964889526367, 42.27967071533203, 0.0, -3.341783285140991, 28.217985153198242, -0.18698687851428986, 0.0, -8.231592178344727, -8.4185791015625, -0.0, -0.0, 0.0, 0.0)
(-0.4194325804710388, 5.3738226890563965, 0.0, -1.0, 0.0, 0.0, -22.042682647705078, 23.109756469726562, 0.0, -3.4834046363830566, -32.24293518066406, 0.0, 1480, 1493, 1565, 1552, 7.0445122718811035, -47.087547302246094, 0.0, -4.703673362731934, 29.939937591552734, 2.7838916778564453, 0.0, -6.126195907592773, -3.342303991317749, -0.0, -0.0, -0.0, -0.0)
(-9.870684623718262, 0.37470170855522156, 0.0, -1.0, 0.0, 0.0, 1.7073171138763428, 0.8231707215309143, 0.0, 53.22410583496094, -2.2482101917266846, 0.0, 1499, 1487, 1548, 1560, 8.487762451171875, -10.991168022155762, 0.0, -10.549562454223633, 28.39618682861328, 7.727518081665039, 0.0, -23.513505935668945, -15.785987854003906, -0.0, -0.0, 0.0, 0.0)
(-2.9591846466064453, -1.4575049877166748, 0.0, -1.0, 0.0, 0.0, 26.707317352294922, -6.646341323852539, 0.0, 11.755107879638672, 8.74502944946289, 0.0, 1552, 1540, 1495, 1507, 9.241960525512695, 37.700199127197266, 0.0, -4.774106502532959, 27.251676559448242, -2.2428314685821533, 0.0, -13.731661796569824, -15.974493026733398, 0.0, -0.0, 0.0, 0.0)
(1.486557126045227, -0.9696300029754639, 0.0, -1.0, 0.0, 0.0, 20.030487060546875, 3.628048896789551, 0.0, -14.919342994689941, 5.817780017852783, 0.0, 1562, 1544, 1485, 1503, 1.829606056213379, -21.84710693359375, 0.0, -2.4486496448516846, 26.763721466064453, -5.242474555969238, 0.0, -13.797266006469727, -19.03973960876465, 0.0, -0.0, -0.0, 0.0)
(6.623775005340576, 2.5661351680755615, 0.0, -1.0, 0.0, 0.0, 21.341463088989258, -20.274391174316406, 0.0, -45.74264907836914, -15.396810531616211, 0.0, 1542, 1528, 1505, 1519, 6.72491455078125, 67.38555145263672, 0.0, 2.014002799987793, 25.49039649963379, -10.062617301940918, 0.0, -6.77578067779541, -16.838397979736328, 0.0, -0.0, 0.0, 0.0)
(2.906296968460083, -1.3690487146377563, 0.0, -1.0, -1.0, 0.0, -34.878047943115234, 13.658536911010742, 0.0, -23.437782287597656, 2.214292287826538, 0.0, 1477, 1496, 1570, 1551, -31.75403594970703, -23.443086624145508, 0.0, -3.5969724655151367, 28.185060501098633, 1.7160398960113525, 0.0, -1.8679324388504028, -0.15189258754253387, -0.0, -0.0, -0.0, -0.0)
(7.468521595001221, 5.5821943283081055, 0.0, -1.0, 0.0, 0.0, 6.402439117431641, -3.4146342277526855, 0.0, -50.81113052368164, -33.4931640625, 0.0, 1515, 1505, 1532, 1542, 17.740764617919922, -9.743330955505371, 0.0, -2.0440762042999268, 29.025148391723633, -8.582035064697266, 0.0, -6.172555923461914, -14.754591941833496, -0.0, -0.0, 0.0, 0.0)
(2.8445894718170166, 6.5243377685546875, 0.0, -1.0, 0.0, 0.0, -14.146341323852539, 16.524391174316406, 0.0, -23.067537307739258, -39.146026611328125, 0.0, 1494, 1520, 1553, 1527, -43.65379333496094, 19.538406372070312, 0.0, -4.988587379455566, 30.651975631713867, -1.338179349899292, 0.0, 4.062482833862305, 2.7243034839630127, -0.0, -0.0, -0.0, -0.0)
(2.2814347743988037, 5.735419750213623, 0.0, -1.0, 0.0, 0.0, -7.439024448394775, -5.670731544494629, 0.0, -19.688608169555664, -34.41251754760742, 0.0, 1477, 1535, 1570, 1512, -39.04693603515625, 43.298194885253906, 0.0, -3.127307415008545, 29.816307067871094, -1.837437629699707, 0.0, 20.51416778564453, 18.676729202270508, -0.0, -0.0, -0.0, -0.0)
(2.1113076210021973, 3.3737382888793945, 0.0, -1.0, 0.0, 0.0, -0.4878048896789551, 8.353658676147461, 0.0, -18.6678466796875, -20.242429733276367, 0.0, 1484, 1497, 1563, 1550, 1.9391119480133057, -21.009788513183594, 0.0, -3.2648069858551025, 30.01463508605957, -2.727006435394287, 0.0, -0.5443518161773682, -3.2713582515716553, -0.0, -0.0, -0.0, -0.0)
(-5.781939506530762, -0.5648941397666931, 0.0, -1.0, -1.0, 0.0, -13.90243911743164, -5.396341323852539, 0.0, 28.69163703918457, -2.610635280609131, 0.0, 1491, 1509, 1556, 1538, -0.8787150382995605, -10.488574981689453, 0.0, -8.728068351745605, 30.873313903808594, 6.389111518859863, 0.0, -7.2589311599731445, -0.8698195815086365, 0.0, -0.0, 0.0, 0.0)
(-0.9262509346008301, 1.5442157983779907, 0.0, -1.0, 0.0, 0.0, -9.390243530273438, 1.8292683362960815, 0.0, -0.44249439239501953, -9.265295028686523, 0.0, 1503, 1550, 1544, 1497, 8.787712097167969, 3.855778694152832, 0.0, -6.751239776611328, 30.8364200592041, 1.3421623706817627, 0.0, 12.128393173217773, 13.470556259155273, -0.0, -0.0, 0.0, 0.0)
(1.8685544729232788, 3.5993447303771973, 0.0, -1.0, 0.0, 0.0, 13.536585807800293, 0.5792682766914368, 0.0, -17.211326599121094, -21.5960693359375, 0.0, 1544, 1538, 1503, 1509, 37.4491081237793, 21.200828552246094, 0.0, -4.2634358406066895, 30.6973934173584, -4.612186908721924, 0.0, -8.605371475219727, -13.217557907104492, -0.0, -0.0, -0.0, -0.0)
(-4.389697074890137, 2.618685722351074, 0.0, -1.0, 0.0, 0.0, 4.542683124542236, 23.140243530273438, 0.0, 20.33818244934082, -15.712114334106445, 0.0, 1510, 1499, 1537, 1548, -35.42510986328125, -21.640108108520508, 0.0, -8.060235023498535, 30.516292572021484, 2.3693249225616455, 0.0, -17.637554168701172, -15.268228530883789, -0.0, -0.0, -0.0, -0.0)
(-2.2812235355377197, 4.717434883117676, 0.0, -1.0, 0.0, 0.0, -12.987804412841797, 11.219511985778809, 0.0, 7.687341213226318, -28.304609298706055, 0.0, 1472, 1535, 1575, 1512, -33.719200134277344, -32.10992431640625, 0.0, -6.620143890380859, 30.285503387451172, 3.101271867752075, 0.0, 18.009220123291016, 21.110492706298828, -0.0, -0.0, -0.0, -0.0)
(-4.2631707191467285, 7.672177791595459, 0.0, -15.0, -1.0, 0.0, -25.15243911743164, 8.47560977935791, 0.0, -64.42097473144531, -52.03306579589844, 0.0, 1445, 1505, 1602, 1542, -15.318267822265625, -11.884321212768555, 0.0, -4.536149024963379, 30.431541442871094, -5.890280246734619, 0.0, 26.231351852416992, 20.34107208251953, -0.0, -0.0, -0.0, -0.0)
(-2.472132444381714, 9.565723419189453, 0.0, -15.0, 0.0, 0.0, -7.957316875457764, 16.768293380737305, 0.0, -75.16720581054688, -57.39434051513672, 0.0, 1480, 1483, 1569, 1566, 22.016643524169922, 54.3765754699707, 0.0, -8.044838905334473, 31.183061599731445, -10.081483840942383, -0.0, 1.42171049118042, -8.659772872924805, -0.0, -0.0, -0.0, -0.0)
(-7.201370716094971, 10.58229923248291, 0.0, -2.0, 0.0, 0.0, 12.042682647705078, -9.84756088256836, 0.0, 31.20822525024414, -63.493797302246094, 0.0, 1501, 1567, 1546, 1480, -42.865596771240234, -4.947689056396484, 0.0, -12.303070068359375, 31.66156578063965, 2.874831438064575, -0.0, 20.039762496948242, 22.914592742919922, -0.0, -0.0, 0.0, 0.0)
(-1.5775482654571533, 10.057782173156738, 0.0, -1.0, 0.0, 0.0, 17.591463088989258, -9.695121765136719, 0.0, 3.46528959274292, -60.34669494628906, 0.0, 1500, 1541, 1547, 1506, 5.058688163757324, -16.571367263793945, 0.0, -2.759014368057251, 30.392362594604492, -2.1189260482788086, -0.0, 12.617509841918945, 10.498583793640137, -0.0, -0.0, 0.0, 0.0)
(1.43238365650177, 12.013893127441406, 0.0, -1.0, 0.0, 0.0, -18.44512176513672, 20.670732498168945, 0.0, -14.5943021774292, -72.08335876464844, 0.0, 1443, 1487, 1604, 1560, -14.603052139282227, 24.569414138793945, 0.0, -3.537977933883667, 31.103490829467773, 0.5776229500770569, -0.0, 11.827054023742676, 12.404677391052246, -0.0, -0.0, -0.0, -0.0)
(3.821531057357788, 10.31668472290039, 0.0, -14.0, -1.0, 0.0, -19.237804412841797, 23.20121955871582, 0.0, -94.92918395996094, -67.90010833740234, 0.0, 1480, 1470, 1567, 1577, -35.1993408203125, -48.680118560791016, 0.0, -5.271820545196533, 31.267208099365234, -11.353706359863281, -0.0, -3.791524887084961, -15.145231246948242, -0.0, -0.0, -0.0, -0.0)
(-7.495687961578369, 7.2198100090026855, 0.0, -15.0, 0.0, 0.0, -7.439024448394775, -1.2804877758026123, 0.0, -45.02587127685547, -43.3188591003418, 0.0, 1520, 1521, 1527, 1526, 5.736833095550537, 32.54472732543945, 0.0, -13.965570449829102, 32.91004180908203, -5.638026714324951, -0.0, -3.7090821266174316, -9.347108840942383, -0.0, -0.0, 0.0, 0.0)
(-8.032812118530273, 6.431206226348877, 0.0, -2.0, -1.0, 0.0, 15.762195587158203, 17.65243911743164, 0.0, 36.19687271118164, -44.58723831176758, 0.0, 1523, 1637, 1524, 1410, -9.749794960021973, -7.918184280395508, 0.0, -11.693010330200195, 33.890995025634766, 3.0652015209198, -0.0, 43.80043029785156, 46.865631103515625, -0.0, -0.0, -0.0, -0.0)
(4.505855083465576, 5.443556308746338, 0.0, -1.0, 0.0, 0.0, 21.737804412841797, -22.987804412841797, 0.0, -33.03512954711914, -32.661338806152344, 0.0, 1547, 1601, 1500, 1446, -1.4559307098388672, -7.2937912940979, 0.0, 1.5036334991455078, 33.4951171875, -8.215940475463867, -0.0, 25.396005630493164, 17.180065155029297, -0.0, -0.0, 0.0, 0.0)
(3.0070366859436035, 10.081536293029785, 0.0, -1.0, -1.0, 0.0, -14.29878044128418, 6.310975551605225, 0.0, -24.042221069335938, -66.48921966552734, 0.0, 1466, 1503, 1581, 1544, -0.28060460090637207, 1.673543930053711, 0.0, -0.8283788561820984, 34.831993103027344, -1.4615161418914795, -0.0, 10.072267532348633, 8.610751152038574, -0.0, -0.0, -0.0, -0.0)
(1.7218176126480103, 8.519876480102539, 0.0, -1.0, -1.0, 0.0, -1.9207316637039185, 4.207316875457764, 0.0, -16.33090591430664, -57.119258880615234, 0.0, 1462, 1475, 1583, 1570, 35.64105987548828, 34.18706130981445, 0.0, -3.2614588737487793, 35.26980972290039, -2.1615262031555176, -0.0, -1.173457384109497, -3.3349835872650146, -0.0, -0.0, -0.0, -0.0)
(1.0876637697219849, 5.254592418670654, 0.0, 12.0, -1.0, 0.0, 9.359756469726562, 10.12195110321045, 0.0, 53.47401809692383, -37.52755355834961, 0.0, 1473, 1548, 1576, 1501, -11.79690170288086, 3.355301856994629, 0.0, -4.308409690856934, 35.32316589355469, 6.6171393394470215, -0.0, 20.921812057495117, 27.538949966430664, -0.0, -0.0, -0.0, -0.0)
(7.916403770446777, 11.075318336486816, 0.0, 12.0, -1.0, 0.0, 10.914633750915527, 26.829267501831055, 0.0, 24.501577377319336, -72.45191192626953, 0.0, 1450, 1505, 1597, 1542, -17.520544052124023, -42.80515670776367, 0.0, 4.310187816619873, 36.58720016479492, 2.038041591644287, -0.0, 15.419655799865723, 17.45769691467285, -0.0, -0.0, -0.0, -0.0)
(9.579145431518555, 10.809321403503418, 0.0, 0.0, -1.0, 0.0, -36.34146499633789, 17.774391174316406, 0.0, -57.47487258911133, -70.85592651367188, 0.0, 1414, 1454, 1631, 1591, 44.32334899902344, 38.680152893066406, 0.0, 0.549821674823761, 37.82851791381836, -3.170011043548584, -0.0, 13.295842170715332, 10.125831604003906, -0.0, -0.0, -0.0, -0.0)
(2.8742589950561523, 10.499737739562988, 0.0, 0.0, -1.0, 0.0, -21.737804412841797, -19.05487823486328, 0.0, -17.245553970336914, -68.99842834472656, 0.0, 1495, 1534, 1552, 1513, -34.86043930053711, 48.180973052978516, 0.0, -9.031885147094727, 38.66129684448242, 0.6738375425338745, -0.0, 8.687484741210938, 9.361322402954102, -0.0, -0.0, 0.0, 0.0)
(0.09208476543426514, 11.182103157043457, 0.0, -1.0, -1.0, 0.0, 12.65243911743164, 7.743902206420898, 0.0, -0.5525085926055908, -73.09262084960938, 0.0, 1524, 1554, 1521, 1491, -24.847698211669922, 31.103721618652344, 0.0, -8.534018516540527, 39.162506103515625, -1.98074209690094, -0.0, 7.170897960662842, 5.190155506134033, -0.0, -0.0, -0.0, -0.0)
(-2.21276593208313, 11.484856605529785, 0.0, -15.0, -1.0, 0.0, -17.865854263305664, 17.469512939453125, 0.0, -76.72340393066406, -74.90914154052734, 0.0, 1519, 1522, 1526, 1523, 29.811779022216797, 46.37351989746094, 0.0, -8.600481986999512, 38.52210998535156, -8.828632354736328, -0.0, 0.23193050920963287, -8.596702575683594, -0.0, -0.0, -0.0, -0.0)
(-6.521152496337891, 9.974102020263672, 0.0, -15.0, -1.0, 0.0, -4.146341323852539, 18.170732498168945, 0.0, -50.873085021972656, -65.84461212158203, 0.0, 1544, 1532, 1503, 1515, 8.291250228881836, -74.2991943359375, 0.0, -15.42471981048584, 39.69086456298828, -7.009011745452881, -0.0, -9.266410827636719, -16.275423049926758, -0.0, -0.0, -0.0, -0.0)
(-6.616243839263916, 12.95850944519043, 0.0, -1.0, -1.0, 0.0, 34.817073822021484, 0.12195122241973877, 0.0, 33.69746398925781, -83.75105285644531, 0.0, 1577, 1579, 1472, 1470, -52.36872100830078, -10.490541458129883, 0.0, -14.927464485168457, 40.80840301513672, -0.16794148087501526, -0.0, -8.75576400756836, -8.9237060546875, -0.0, -0.0, -0.0, -0.0)
(0.24009066820144653, 10.114375114440918, 0.0, -1.0, -1.0, 0.0, 7.22560977935791, 14.695121765136719, 0.0, -7.440544128417969, -66.68624877929688, 0.0, 1526, 1577, 1521, 1470, -46.10768127441406, -3.5204944610595703, 0.0, -3.742403268814087, 41.26039123535156, -2.199923038482666, -0.0, 18.02425765991211, 15.824335098266602, -0.0, -0.0, -0.0, -0.0)
(1.7756773233413696, 11.891082763671875, 0.0, -1.0, -1.0, 0.0, 15.82317066192627, 3.170731782913208, 0.0, -16.654064178466797, -77.34649658203125, 0.0, 1539, 1513, 1508, 1534, 46.05289840698242, 26.331125259399414, 0.0, -1.5000251531600952, 42.31253433227539, -4.871584892272949, -0.0, -18.566455841064453, -23.438039779663086, -0.0, -0.0, 0.0, 0.0)
(-1.2021371126174927, 8.5272855758667, 0.0, 12.0, -1.0, 0.0, -9.939023971557617, -6.402439117431641, 0.0, 79.21282196044922, -57.16371154785156, 0.0, 1471, 1550, 1574, 1495, -2.953172206878662, -15.821183204650879, 0.0, -6.471823692321777, 43.461307525634766, 13.372776985168457, -0.0, 16.284879684448242, 29.657655715942383, -0.0, -0.0, 0.0, 0.0)
(5.451995849609375, 5.130079746246338, 0.0, 12.0, -1.0, 0.0, 24.573171615600586, -0.8841463327407837, 0.0, 39.28802490234375, -36.780479431152344, 0.0, 1461, 1511, 1584, 1534, -4.426550388336182, 29.487903594970703, 0.0, 3.353177070617676, 44.17334747314453, 2.207227945327759, -0.0, 12.788090705871582, 14.995318412780762, -0.0, -0.0, 0.0, 0.0)
(6.594844341278076, 10.544596672058105, 0.0, -1.0, -1.0, 0.0, -32.59146499633789, 10.182927131652832, 0.0, -45.56906509399414, -69.267578125, 0.0, 1401, 1455, 1644, 1590, 9.50318717956543, 14.545602798461914, 0.0, 3.6781771183013916, 46.43174362182617, -1.9466400146484375, -0.0, 18.727500915527344, 16.780860900878906, -0.0, -0.0, 0.0, 0.0)
(4.816293239593506, 9.781304359436035, 0.0, -1.0, -1.0, 0.0, -18.841463088989258, -1.9207316637039185, 0.0, -34.89775848388672, -64.68782806396484, 0.0, 1431, 1464, 1614, 1581, 13.775684356689453, 17.952133178710938, 0.0, -2.9602370262145996, 48.3748893737793, -2.408444404602051, -0.0, 8.922350883483887, 6.513906955718994, -0.0, -0.0, 0.0, 0.0)
(4.3401994705200195, 10.472603797912598, 0.0, -1.0, 0.0, 0.0, -18.018293380737305, 16.219512939453125, 0.0, -32.04119873046875, -62.83562469482422, 0.0, 1513, 1524, 1532, 1521, 51.15768051147461, 33.08234786987305, 0.0, -8.573957443237305, 49.929931640625, -2.103435754776001, -0.0, -2.426111936569214, -4.529547691345215, -0.0, -0.0, -0.0, -0.0)
(2.981515884399414, 14.110289573669434, 0.0, -2.0, -1.0, 0.0, 5.152439117431641, -14.237804412841797, 0.0, -29.889095306396484, -90.66173553466797, 0.0, 1550, 1528, 1495, 1517, -9.035804748535156, 49.24122619628906, 0.0, -9.548651695251465, 50.13740158081055, -5.256230354309082, -0.0, -16.07048797607422, -21.326717376708984, -0.0, -0.0, 0.0, 0.0)
(0.03291364014148712, 13.00863265991211, 0.0, -15.0, 0.0, 0.0, -11.09756088256836, -24.60365867614746, 0.0, -90.19747924804688, -78.05179595947266, 0.0, 1583, 1558, 1462, 1487, 30.090923309326172, 34.075927734375, 0.0, -12.470602035522461, 49.92246627807617, -11.86498737335205, -0.0, -10.817927360534668, -22.68291473388672, -0.0, -0.0, 0.0, 0.0)
(-4.745380401611328, 15.268716812133789, 0.0, -15.0, 0.0, 0.0, -10.884146690368652, -18.810976028442383, 0.0, -61.52771759033203, -91.6123046875, 0.0, 1575, 1576, 1472, 1471, -8.346076965332031, 51.906375885009766, 0.0, -15.804444313049316, 51.497318267822266, -7.596535682678223, -0.0, -2.2855074405670166, -9.88204288482666, -0.0, -0.0, 0.0, 0.0)
(-3.864910125732422, 15.423638343811035, 0.0, -15.0, -1.0, 0.0, 11.768292427062988, -7.621951103210449, 0.0, -66.81053924560547, -98.54183197021484, 0.0, 1617, 1600, 1428, 1445, 49.4276008605957, 7.924862861633301, 0.0, -14.480968475341797, 52.98771667480469, -11.786825180053711, -0.0, -6.402962684631348, -18.189786911010742, -0.0, -0.0, 0.0, 0.0)
(-6.199124813079834, 13.302742004394531, 0.0, -1.0, -1.0, 0.0, 34.63414764404297, -12.07317066192627, 0.0, 31.194747924804688, -85.81645202636719, 0.0, 1660, 1626, 1385, 1419, 25.724281311035156, 30.91936492919922, 0.0, -11.806117057800293, 53.444576263427734, -0.5159099698066711, -0.0, -26.447307586669922, -26.96321678161621, -0.0, -0.0, 0.0, 0.0)
(-5.699422836303711, 9.872726440429688, 0.0, -1.0, -1.0, 0.0, 1.5243902206420898, -8.414633750915527, 0.0, 28.196537017822266, -65.23635864257812, 0.0, 1555, 1593, 1490, 1452, 13.556714057922363, -6.398380279541016, 0.0, -6.937213897705078, 54.253868103027344, 4.000822067260742, -0.0, 5.009041786193848, 9.00986385345459, -0.0, -0.0, 0.0, 0.0)
(0.5881352424621582, 9.92745590209961, 0.0, -1.0, -1.0, 0.0, 8.689023971557617, -4.756097793579102, 0.0, -9.52881145477295, -65.56473541259766, 0.0, 1499, 1521, 1546, 1524, 1.6211848258972168, 2.589794635772705, 0.0, -0.3404152989387512, 52.94182586669922, -2.732675075531006, -0.0, 3.987973928451538, 1.2552987337112427, -0.0, -0.0, 0.0, 0.0)
(-1.2508876323699951, 11.16980266571045, 0.0, -1.0, -1.0, 0.0, -5.243902206420898, -3.628048896789551, 0.0, 1.5053257942199707, -73.01881408691406, 0.0, 1484, 1481, 1561, 1564, 27.98816680908203, 20.158464431762695, 0.0, -2.8158726692199707, 53.683902740478516, 1.0123841762542725, -0.0, -12.332362174987793, -11.319977760314941, -0.0, -0.0, 0.0, 0.0)
(0.7307931780815125, 8.238412857055664, 0.0, -1.0, -1.0, 0.0, -15.82317066192627, 3.353658437728882, 0.0, -10.384758949279785, -55.430477142333984, 0.0, 1477, 1505, 1568, 1540, 6.838039875030518, -18.251148223876953, 0.0, -5.8838605880737305, 53.222320556640625, 0.8157617449760437, -0.0, 3.10029673576355, 3.916058301925659, -0.0, -0.0, 0.0, 0.0)
(3.8772335052490234, 11.73269271850586, 0.0, 0.0, -1.0, 0.0, 11.12804889678955, -4.02439022064209, 0.0, -23.26340103149414, -76.39615631103516, 0.0, 1503, 1526, 1542, 1519, -3.500807762145996, 66.73632049560547, 0.0, -3.305964469909668, 52.776588439941406, -5.158717155456543, -0.0, 6.293788909912109, 1.1350717544555664, -0.0, -0.0, -0.0, -0.0)
(4.177223205566406, 12.93472671508789, 0.0, -1.0, -1.0, 0.0, -9.57317066192627, 2.682926893234253, 0.0, -31.063339233398438, -83.60836029052734, 0.0, 1498, 1511, 1547, 1534, 17.63047218322754, 8.686273574829102, 0.0, -4.120903015136719, 53.75463104248047, -3.2235255241394043, -0.0, -0.27467334270477295, -3.4981987476348877, -0.0, -0.0, -0.0, -0.0)
(1.9334421157836914, 14.099210739135742, 0.0, -1.0, -1.0, 0.0, 3.2012195587158203, 9.84756088256836, 0.0, -17.60065269470215, -90.59526062011719, 0.0, 1511, 1527, 1534, 1518, -17.054218292236328, 57.633262634277344, 0.0, -5.069836139678955, 54.2247428894043, -3.1202807426452637, -0.0, 1.2913020849227905, -1.8289787769317627, -0.0, -0.0, -0.0, -0.0)
(1.9239447116851807, 13.816306114196777, 0.0, -1.0, 0.0, 0.0, -4.1768293380737305, 8.292682647705078, 0.0, -17.543668746948242, -82.89783477783203, 0.0, 1463, 1502, 1582, 1543, -28.11809730529785, -17.970542907714844, 0.0, -5.171513080596924, 54.174591064453125, -2.005025863647461, -0.0, 11.302355766296387, 9.297329902648926, -0.0, -0.0, -0.0, -0.0)
(5.6586995124816895, 15.844552993774414, 0.0, -1.0, -1.0, 0.0, 3.0182926654815674, -5.3353657722473145, 0.0, -39.95219802856445, -101.06732177734375, 0.0, 1480, 1491, 1559, 1548, -9.13308334350586, -14.731371879577637, 0.0, -3.320140838623047, 54.17458724975586, -6.445573329925537, -0.0, 1.8311140537261963, -4.61445951461792, -0.0, -0.0, 0.0, 0.0)
(3.7828285694122314, 15.897056579589844, 0.0, -1.0, -1.0, 0.0, 2.4695122241973877, -28.719512939453125, 0.0, -28.696971893310547, -101.38233947753906, 0.0, 1000, 1000, 1000, 1000, 20.898937225341797, 17.65213394165039, 0.0, -4.952914714813232, 53.8668212890625, -4.6749725341796875, -0.0, -2.7220535278320312, -7.397026062011719, -0.0, -0.0, 0.0, 0.0)
(0.49948781728744507, 7.905867576599121, 0.0, -1.0, -1.0, 0.0, 1.1280487775802612, -12.22560977935791, 0.0, -8.996927261352539, -53.435203552246094, 0.0, 1000, 1000, 1000, 1000, 7.524719715118408, -8.607133865356445, 0.0, -7.525324821472168, 49.67261505126953, -1.5187463760375977, -0.0, -8.297932624816895, -9.816679000854492, -0.0, -0.0, 0.0, 0.0)
(3.1662940979003906, 3.901700258255005, 0.0, -1.0, -1.0, 0.0, -2.987804889678955, -7.469511985778809, 0.0, -24.997764587402344, -29.410202026367188, 0.0, 1000, 1000, 1000, 1000, 2.644707202911377, -4.699141502380371, 0.0, -4.83919620513916, 48.85065841674805, -3.3014941215515137, -0.0, 6.651555061340332, 3.3500611782073975, -0.0, -0.0, 0.0, 0.0)
(0.46767181158065796, 1.087742567062378, 0.0, -1.0, -1.0, 0.0, -5.792683124542236, -9.84756088256836, 0.0, -8.806031227111816, -12.52645492553711, 0.0, 1000, 1000, 1000, 1000, -3.0657620429992676, -7.946187973022461, 0.0, -7.423800468444824, 47.57505416870117, -0.45200222730636597, -0.0, -0.27914777398109436, -0.7311499714851379, -0.0, -0.0, 0.0, 0.0)
(-0.5458070635795593, -2.562612533569336, 0.0, -1.0, -1.0, 0.0, 1.0365853309631348, 1.9817073345184326, 0.0, -2.7251577377319336, 9.375675201416016, 0.0, 1000, 1000, 1000, 1000, -5.770958423614502, -7.986636161804199, 0.0, -6.273036479949951, 46.119571685791016, -0.5642614364624023, -0.0, 6.404877185821533, 5.840615749359131, 0.0, -0.0, -0.0, 0.0)
(-4.958739757537842, -4.534775733947754, 0.0, -1.0, -1.0, 0.0, -9.664633750915527, -12.896341323852539, 0.0, 23.752437591552734, 21.208654403686523, 0.0, 1000, 1000, 1000, 1000, -6.643765449523926, -7.118952751159668, 0.0, -8.99331283569336, 45.50250244140625, 5.012560844421387, -0.0, -2.6326677799224854, 2.3798930644989014, 0.0, -0.0, 0.0, 0.0)
(-5.523746013641357, -8.089747428894043, 0.0, -1.0, -1.0, 0.0, 4.817073345184326, -0.27439025044441223, 0.0, 27.142475128173828, 42.538482666015625, 0.0, 1000, 1000, 1000, 1000, -6.383970260620117, -12.666850090026855, 0.0, -8.93675422668457, 44.0744514465332, 3.3488101959228516, -0.0, -2.65189266204834, 0.6969174742698669, 0.0, -0.0, 0.0, 0.0)
(-4.467835903167725, -9.430998802185059, 0.0, -1.0, -1.0, 0.0, 2.2560975551605225, -0.396341472864151, 0.0, 20.80701446533203, 50.58599090576172, 0.0, 1000, 1000, 1000, 1000, -4.143978118896484, -8.859260559082031, 0.0, -7.575165271759033, 44.8514289855957, 2.782637596130371, -0.0, 1.6402087211608887, 4.42284631729126, 0.0, -0.0, 0.0, 0.0)
(-4.107219219207764, -9.959054946899414, 0.0, 0.0, -1.0, 0.0, 3.170731782913208, -3.9024391174316406, 0.0, 24.643314361572266, 53.754329681396484, 0.0, 1000, 1000, 1000, 1000, -3.5928988456726074, -9.2994384765625, 0.0, -7.607635498046875, 45.05067825317383, 3.2208871841430664, -0.0, -0.06705368310213089, 3.1538336277008057, 0.0, -0.0, -0.0, 0.0)
(-1.5467630624771118, -11.008443832397461, 0.0, -1.0, -1.0, 0.0, -2.77439022064209, 7.560975551605225, 0.0, 3.280578374862671, 60.050662994384766, 0.0, 1000, 1000, 1000, 1000, -1.0175244808197021, -10.819385528564453, 0.0, -6.40794038772583, 44.77383804321289, 0.908245325088501, -0.0, 3.366654872894287, 4.274900436401367, 0.0, -0.0, -0.0, 0.0)
(-3.7227249145507812, -10.922816276550293, 0.0, -1.0, -1.0, 0.0, -3.628048896789551, -5.792683124542236, 0.0, 16.336349487304688, 59.536895751953125, 0.0, 1000, 1000, 1000, 1000, -4.337897300720215, -12.61542797088623, 0.0, -8.443763732910156, 44.44701385498047, 2.994659662246704, -0.0, -1.706162929534912, 1.288496732711792, 0.0, -0.0, 0.0, 0.0)
(-2.018848180770874, -13.075455665588379, 0.0, -1.0, 0.0, 0.0, 8.75, -5.8231706619262695, 0.0, 6.113089084625244, 78.4527359008789, 0.0, 1000, 1000, 1000, 1000, -0.282106876373291, -11.313333511352539, 0.0, -6.635988235473633, 43.26422882080078, -0.3955366313457489, -0.0, -1.6920205354690552, -2.087557315826416, 0.0, -0.0, 0.0, 0.0)
(-0.5311952829360962, -14.399381637573242, 0.0, -1.0, -1.0, 0.0, -3.3841464519500732, 0.4268292784690857, 0.0, -2.812828302383423, 80.39628601074219, 0.0, 1000, 1000, 1000, 1000, 0.36592304706573486, -14.008106231689453, 0.0, -6.1494035720825195, 42.65461730957031, 0.0856977254152298, -0.0, 0.9663196802139282, 1.052017331123352, 0.0, -0.0, -0.0, 0.0)
(-0.8436352014541626, -14.436517715454102, 0.0, -1.0, -1.0, 0.0, -1.0365853309631348, 1.7073171138763428, 0.0, -0.9381887912750244, 80.61911010742188, 0.0, 1000, 1000, 1000, 1000, -1.0101189613342285, -15.408941268920898, 0.0, -6.872572422027588, 42.80995559692383, 0.014759480953216553, -0.0, -0.4983648359775543, -0.48360535502433777, 0.0, -0.0, -0.0, 0.0)
(-2.129253625869751, -14.996926307678223, 0.0, -1.0, -1.0, 0.0, -11.37195110321045, -1.2804877758026123, 0.0, 6.775521755218506, 83.98155975341797, 0.0, 1000, 1000, 1000, 1000, -3.872450828552246, -20.367679595947266, 0.0, -8.2282133102417, 43.08891677856445, 2.722120761871338, -0.0, 4.729109764099121, 7.451230525970459, 0.0, -0.0, 0.0, 0.0)
(-4.891622543334961, -15.65526008605957, 0.0, -1.0, -1.0, 0.0, 0.24390244483947754, 11.920731544494629, 0.0, 23.349735260009766, 87.93156433105469, 0.0, 1000, 1000, 1000, 1000, -3.038031578063965, -19.519214630126953, 0.0, -8.731871604919434, 45.025360107421875, 3.4658749103546143, -0.0, 2.7925665378570557, 6.25844144821167, 0.0, -0.0, -0.0, 0.0)
(-5.392383575439453, -12.996027946472168, 0.0, -1.0, -1.0, 0.0, -5.3353657722473145, 7.743902206420898, 0.0, 26.35430145263672, 71.97616577148438, 0.0, 1000, 1000, 1000, 1000, -7.029745101928711, -10.965036392211914, 0.0, -9.141932487487793, 46.096702575683594, 4.7534499168396, -0.0, 4.140570640563965, 8.894021034240723, 0.0, -0.0, -0.0, 0.0)
(-5.401731014251709, -11.947965621948242, 0.0, -1.0, -1.0, 0.0, 3.567073106765747, -4.512195110321045, 0.0, 26.410385131835938, 65.68778991699219, 0.0, 1000, 1000, 1000, 1000, -5.903382301330566, -10.79677963256836, 0.0, -9.114034652709961, 45.93449401855469, 3.426496744155884, -0.0, -4.449925422668457, -1.0234287977218628, 0.0, -0.0, 0.0, 0.0)
(-5.917907238006592, -12.037126541137695, 0.0, -1.0, -1.0, 0.0, -0.3048780560493469, 8.20121955871582, 0.0, 29.507442474365234, 66.22276306152344, 0.0, 1000, 1000, 1000, 1000, -5.298738479614258, -13.425756454467773, 0.0, -9.056869506835938, 46.09640121459961, 4.471848011016846, -0.0, -6.005642890930176, -1.533794641494751, 0.0, -0.0, -0.0, 0.0)
(-5.226601600646973, -12.206023216247559, 0.0, -1.0, -1.0, 0.0, 0.3353658616542816, -3.079268217086792, 0.0, 25.359609603881836, 67.23613739013672, 0.0, 1000, 1000, 1000, 1000, -2.5536866188049316, -8.20903491973877, 0.0, -9.190406799316406, 46.47795486450195, 3.753636598587036, -0.0, -3.1177589893341064, 0.6358775496482849, 0.0, -0.0, 0.0, 0.0)
(-5.157944679260254, -11.265830039978027, 0.0, -1.0, -1.0, 0.0, -2.3475608825683594, 4.02439022064209, 0.0, 24.947668075561523, 61.59497833251953, 0.0, 1000, 1000, 1000, 1000, -5.252517223358154, -10.949028015136719, 0.0, -9.513272285461426, 47.07887649536133, 4.094284534454346, -0.0, 1.767277717590332, 5.861562252044678, 0.0, -0.0, -0.0, 0.0)
(-4.936771869659424, -10.342236518859863, 0.0, 0.0, -1.0, 0.0, -0.9146341681480408, 2.378048896789551, 0.0, 29.62063217163086, 56.05342102050781, 0.0, 1000, 1000, 1000, 1000, -3.006417751312256, -8.522370338439941, 0.0, -9.92607593536377, 47.53984451293945, 4.580289840698242, -0.0, 5.65324592590332, 10.233535766601562, 0.0, -0.0, -0.0, 0.0)
(-6.709630012512207, -8.523733139038086, 0.0, -1.0, -1.0, 0.0, -0.7317073345184326, 2.0426828861236572, 0.0, 34.257781982421875, 45.142398834228516, 0.0, 1000, 1000, 1000, 1000, -14.901527404785156, -7.49800443649292, 0.0, -9.758543014526367, 48.10615921020508, 5.2484235763549805, -0.0, 7.7879414558410645, 13.036364555358887, 0.0, -0.0, 0.0, 0.0)
(-4.88163948059082, -9.105278015136719, 0.0, -1.0, -1.0, 0.0, 0.6097561120986938, 1.097561001777649, 0.0, 23.289836883544922, 48.63166809082031, 0.0, 1000, 1000, 1000, 1000, -6.193438529968262, -9.086244583129883, 0.0, -9.827446937561035, 48.33726501464844, 3.4020121097564697, -0.0, -1.5763723850250244, 1.8256397247314453, 0.0, -0.0, 0.0, 0.0)
(-4.292331218719482, -9.25471305847168, 0.0, -1.0, -1.0, 0.0, -0.21341463923454285, 0.8231707215309143, 0.0, 19.753986358642578, 49.52827835083008, 0.0, 1000, 1000, 1000, 1000, -4.535881996154785, -9.513887405395508, 0.0, -9.804126739501953, 48.53361511230469, 2.995110273361206, -0.0, -0.6272669434547424, 2.3678433895111084, 0.0, -0.0, -0.0, 0.0)
(-4.041112899780273, -9.362678527832031, 0.0, -1.0, -1.0, 0.0, 0.21341463923454285, 0.8841463327407837, 0.0, 18.24667739868164, 50.17607116699219, 0.0, 1000, 1000, 1000, 1000, -3.828768730163574, -9.785774230957031, 0.0, -9.834307670593262, 48.68819808959961, 2.704989433288574, -0.0, -0.6900013089179993, 2.0149879455566406, 0.0, -0.0, -0.0, 0.0)
(-3.8722879886627197, -9.401543617248535, 0.0, -1.0, -1.0, 0.0, -0.18292683362960815, 0.5487805008888245, 0.0, 17.233728408813477, 50.409263610839844, 0.0, 1000, 1000, 1000, 1000, -3.625514507293701, -9.701021194458008, 0.0, -9.878061294555664, 48.828399658203125, 2.6124982833862305, -0.0, -0.02813427709043026, 2.5843639373779297, 0.0, -0.0, 0.0, 0.0)
(-3.819265365600586, -9.441762924194336, 0.0, -1.0, -1.0, 0.0, -0.24390244483947754, 0.5792682766914368, 0.0, 16.915592193603516, 50.650577545166016, 0.0, 1000, 1000, 1000, 1000, -4.010289669036865, -10.122957229614258, 0.0, -9.93004322052002, 48.962650299072266, 2.5739240646362305, -0.0, 0.06289486587047577, 2.6368191242218018, 0.0, -0.0, 0.0, 0.0)
(-3.768651247024536, -9.425354957580566, 0.0, -1.0, -1.0, 0.0, -0.3048780560493469, 0.5182926654815674, 0.0, 16.611907958984375, 50.55213165283203, 0.0, 1000, 1000, 1000, 1000, -3.5634636878967285, -9.488157272338867, 0.0, -9.978673934936523, 49.10376739501953, 2.53751802444458, -0.0, -2.3122165203094482, 0.22530144453048706, 0.0, -0.0, -0.0, 0.0)
(-3.7542672157287598, -9.420188903808594, 0.0, -1.0, -1.0, 0.0, -0.24390244483947754, 0.5487805008888245, 0.0, 16.525604248046875, 50.52113342285156, 0.0, 1000, 1000, 1000, 1000, -3.803351879119873, -9.560075759887695, 0.0, -10.026693344116211, 49.24091720581055, 2.51542592048645, -0.0, 0.0623965747654438, 2.57782244682312, 0.0, -0.0, -0.0, 0.0)
(-3.743659496307373, -9.429424285888672, 0.0, -1.0, -1.0, 0.0, -0.21341463923454285, 0.6097561120986938, 0.0, 16.461956024169922, 50.57654571533203, 0.0, 1000, 1000, 1000, 1000, -3.6519298553466797, -9.872952461242676, 0.0, -10.07730770111084, 49.37867736816406, 2.50130558013916, -0.0, 0.04421614110469818, 2.5455217361450195, 0.0, -0.0, 0.0, 0.0)
(-3.712610960006714, -9.420286178588867, 0.0, 0.0, -1.0, 0.0, -0.24390244483947754, 0.5792682766914368, 0.0, 22.275665283203125, 50.5217170715332, 0.0, 1000, 1000, 1000, 1000, -3.8775854110717773, -9.598703384399414, 0.0, -10.127006530761719, 49.51704788208008, 3.3779351711273193, -0.0, 4.559432506561279, 7.9373674392700195, 0.0, -0.0, -0.0, 0.0)
(-3.7019596099853516, -9.421380043029785, 0.0, -1.0, -1.0, 0.0, -0.21341463923454285, 0.5182926654815674, 0.0, 16.21175765991211, 50.528282165527344, 0.0, 1000, 1000, 1000, 1000, -3.506746768951416, -9.38763427734375, 0.0, -10.176398277282715, 49.65404510498047, 2.463775873184204, -0.0, -0.05283801257610321, 2.410938024520874, 0.0, -0.0, 0.0, 0.0)
(-3.708066940307617, -9.40367317199707, 0.0, -1.0, -1.0, 0.0, -0.24390244483947754, 0.6097561120986938, 0.0, 16.248401641845703, 50.42203903198242, 0.0, 1000, 1000, 1000, 1000, -3.869264602661133, -9.70166015625, 0.0, -10.228384971618652, 49.788753509521484, 2.4738454818725586, -0.0, 0.030261598527431488, 2.5041072368621826, 0.0, -0.0, -0.0, 0.0)
(-3.696108818054199, -9.406375885009766, 0.0, -1.0, -1.0, 0.0, -0.24390244483947754, 0.6097561120986938, 0.0, 16.176652908325195, 50.438255310058594, 0.0, 1000, 1000, 1000, 1000, -3.638914108276367, -9.850756645202637, 0.0, -10.277473449707031, 49.9259033203125, 2.463083267211914, -0.0, 0.08527244627475739, 2.5483558177948, 0.0, -0.0, -0.0, 0.0)
(-3.700627326965332, -9.41207504272461, 0.0, -1.0, -1.0, 0.0, -0.18292683362960815, 0.5182926654815674, 0.0, 16.203763961791992, 50.472450256347656, 0.0, 1000, 1000, 1000, 1000, -3.58059024810791, -9.627765655517578, 0.0, -10.327933311462402, 50.06045913696289, 2.458003520965576, -0.0, -0.2977792024612427, 2.160224437713623, 0.0, -0.0, -0.0, 0.0)