
(-7.0914530754089355, -2.8315141201019287, 0.0, -1.0, 0.0, 0.0, -0.2135648876428604, 1.2518396377563477, 0.0, 48.731624603271484, 22.65211296081543, 0.0, 1000, 1000, 1000, 1000, -6.014154434204102, -4.5461273193359375, 0.0, -7.0914530754089355, -2.8315141201019287, 0.0, 0.0, -0.17531339824199677, -0.17531339824199677, 0.0, 0.0, 0.007982837967574596, 0.007982837967574596)
(-7.117028713226318, -2.7372238636016846, 0.0, -1.0, -1.0, 0.0, -0.2899007499217987, 1.3281755447387695, 0.0, 48.93622970581055, 13.897790908813477, 0.0, 1000, 1000, 1000, 1000, -7.819684982299805, -4.894278049468994, 0.0, -7.117028713226318, -2.7372238636016846, 0.0, 0.0, -0.22338290512561798, -0.22338290512561798, 0.0, 0.0, 0.2376893013715744, 0.2376893013715744)
(-7.147172451019287, -2.665031909942627, 0.0, -1.0, -1.0, 0.0, -0.5647099018096924, 1.3434427976608276, 0.0, 49.1773796081543, 13.320255279541016, 0.0, 1000, 1000, 1000, 1000, -6.4315996170043945, -4.6035685539245605, 0.0, -7.147172451019287, -2.665031909942627, 0.0, 0.0, 0.1851702183485031, 0.1851702183485031, 0.0, 0.0, -0.08077254891395569, -0.08077254891395569)
(-7.169951915740967, -2.5688822269439697, 0.0, -1.0, -1.0, 0.0, -0.5036412477493286, 1.3892443180084229, 0.0, 49.359615325927734, 12.551057815551758, 0.0, 1000, 1000, 1000, 1000, -6.49459171295166, -5.030335426330566, 0.0, -7.169951915740967, -2.5688822269439697, 0.0, 0.0, 0.07222464680671692, 0.07222464680671692, 0.0, 0.0, -0.23399434983730316, -0.23399434983730316)
(-7.187322616577148, -2.488619327545166, 0.0, -1.0, -1.0, 0.0, -0.4120381772518158, 1.2518396377563477, 0.0, 49.49858093261719, 11.908954620361328, 0.0, 1000, 1000, 1000, 1000, -6.185532569885254, -4.772974967956543, 0.0, -7.187322616577148, -2.488619327545166, 0.0, 0.0, -0.1829027533531189, -0.1829027533531189, 0.0, 0.0, 0.1804933398962021, 0.1804933398962021)
(-7.288897514343262, -2.525764226913452, 0.0, -1.0, -1.0, 0.0, 5.03834342956543, 8.213671684265137, 0.0, 58.311180114746094, 12.206113815307617, 0.0, 1000, 1000, 1000, 1000, -15.108680725097656, -11.672300338745117, 0.0, -7.288897514343262, -2.525764226913452, 0.0, 0.0, -8.619531631469727, -8.619531631469727, 0.0, 0.0, -5.1987996101379395, -5.1987996101379395)
(-7.238730430603027, -2.458198308944702, 0.0, -1.0, -1.0, 0.0, -0.747916042804718, 2.4732136726379395, 0.0, 49.90984344482422, 11.665586471557617, 0.0, 1000, 1000, 1000, 1000, -6.613930702209473, -6.788113117218018, 0.0, -7.238730430603027, -2.458198308944702, 0.0, 0.0, -0.674166202545166, -0.674166202545166, 0.0, 0.0, -0.4797653257846832, -0.4797653257846832)
(-7.221599102020264, -2.347576856613159, 0.0, -1.0, -1.0, 0.0, -1.1448626518249512, 0.8701602816581726, 0.0, 49.77279281616211, 10.780614852905273, 0.0, 1000, 1000, 1000, 1000, -7.4440765380859375, -6.398061275482178, 0.0, -7.221599102020264, -2.347576856613159, 0.0, 0.0, 0.09363079816102982, 0.09363079816102982, 0.0, 0.0, -0.14362190663814545, -0.14362190663814545)
(-7.375116348266602, -2.4221675395965576, 0.0, -1.0, 0.0, 0.0, 1.5879617929458618, 4.65641975402832, 0.0, 51.00093078613281, 19.37734031677246, 0.0, 1000, 1000, 1000, 1000, -6.875115394592285, -5.691699028015137, 0.0, -7.375116348266602, -2.4221675395965576, 0.0, 0.0, 1.9898808002471924, 1.9898808002471924, 0.0, 0.0, 0.9772104024887085, 0.9772104024887085)
(-7.800956726074219, -2.800212860107422, 0.0, -1.0, -1.0, 0.0, -2.7326488494873047, -8.610755920410156, 0.0, 54.40765380859375, 14.401702880859375, 0.0, 1000, 1000, 1000, 1000, -4.545585632324219, -3.322385549545288, 0.0, -7.800956726074219, -2.800212860107422, 0.0, 0.0, 0.010615036822855473, 0.010615036822855473, 0.0, 0.0, 1.4137492179870605, 1.4137492179870605)
(-7.789402484893799, -9.558863639831543, 0.0, -1.0, -1.0, 0.0, -2.5647099018096924, -14.763427734375, 0.0, 54.31521987915039, 68.47090911865234, 0.0, 1000, 1000, 1000, 1000, -7.065438270568848, -11.040270805358887, 0.0, -7.789402484893799, -9.558863639831543, 0.0, 0.0, 1.855385422706604, 1.855385422706604, 0.0, 0.0, -2.7939391136169434, -2.7939391136169434)
(-7.478912830352783, -12.470076560974121, 0.0, -1.0, -1.0, 0.0, 4.992541790008545, -30.229076385498047, 0.0, 51.831302642822266, 91.76061248779297, 0.0, 1000, 1000, 1000, 1000, -9.152363777160645, -19.153892517089844, 0.0, -7.478912830352783, -12.470076560974121, 0.0, 0.0, -0.5035781860351562, -0.5035781860351562, 0.0, 0.0, 3.6965694427490234, 3.6965694427490234)
(-7.937538146972656, -18.202125549316406, 0.0, -1.0, -1.0, 0.0, -34.167762756347656, 24.183137893676758, 0.0, 55.50030517578125, 137.61700439453125, 0.0, 1000, 1000, 1000, 1000, -0.9011085033416748, -28.160682678222656, 0.0, -7.937538146972656, -18.202125549316406, 0.0, 0.0, 2.8887414932250977, 2.8887414932250977, 0.0, 0.0, -4.099797248840332, -4.099797248840332)
(-15.934966087341309, -9.383723258972168, 0.0, -1.0, -1.0, 0.0, 32.77880096435547, 76.64115142822266, 0.0, 119.47972869873047, 67.06978607177734, 0.0, 1000, 1000, 1000, 1000, -17.105411529541016, -15.09024429321289, 0.0, -15.934966087341309, -9.383723258972168, 0.0, 0.0, -11.7361478805542, -11.7361478805542, -0.0, 0.0, -1.241165041923523, -1.241165041923523)
(-5.93756103515625, -2.4075937271118164, 0.0, -1.0, -1.0, 0.0, 23.755901336669922, 7.969397068023682, 0.0, 39.50048828125, 11.260749816894531, 0.0, 1000, 1000, 1000, 1000, -3.5607247352600098, -10.707538604736328, 0.0, -5.93756103515625, -2.4075937271118164, 0.0, 0.0, 0.0035081005189567804, 0.0035081005189567804, 0.0, 0.0, -0.6874040365219116, -0.6874040365219116)
(-4.045844078063965, 2.393334150314331, 0.0, -1.0, -1.0, 0.0, -12.09142780303955, 22.748022079467773, 0.0, 24.36675262451172, -27.14667320251465, 0.0, 1000, 1000, 1000, 1000, -0.2590525150299072, -1.3360505104064941, 0.0, -4.045844078063965, 2.393334150314331, 0.0, 0.0, 0.9930592179298401, 0.9930592179298401, -0.0, 0.0, -0.371673583984375, -0.371673583984375)
(-8.359240531921387, 4.590624809265137, 0.0, -1.0, 0.0, 0.0, -19.55707550048828, 9.557183265686035, 0.0, 58.873924255371094, -36.724998474121094, 0.0, 1000, 1000, 1000, 1000, -5.745463848114014, 2.1500349044799805, 0.0, -8.359240531921387, 4.590624809265137, 0.0, 0.0, 1.2346069812774658, 1.2346069812774658, -0.0, 0.0, -0.040803566575050354, -0.040803566575050354)
(-9.881613731384277, 4.883932113647461, 0.0, -1.0, -1.0, 0.0, 12.83987045288086, -4.793962001800537, 0.0, 71.05290985107422, -47.07145690917969, 0.0, 1000, 1000, 1000, 1000, -8.184927940368652, 0.7739377021789551, 0.0, -9.881613731384277, 4.883932113647461, 0.0, 0.0, -1.677118182182312, -1.677118182182312, -0.0, 0.0, 0.7736219763755798, 0.7736219763755798)
(-5.921475887298584, 3.9650585651397705, 0.0, -1.0, -1.0, 0.0, 5.236816883087158, -10.015336036682129, 0.0, 39.37180709838867, -39.72046661376953, 0.0, 1000, 1000, 1000, 1000, -3.4955568313598633, 4.400705337524414, 0.0, -5.921475887298584, 3.9650585651397705, 0.0, 0.0, 0.7354452013969421, 0.7354452013969421, -0.0, 0.0, 0.2641613185405731, 0.2641613185405731)
(-6.602674961090088, 3.2496020793914795, 0.0, -1.0, -1.0, 0.0, -1.969290018081665, 2.4732136726379395, 0.0, 44.8213996887207, -33.99681854248047, 0.0, 1000, 1000, 1000, 1000, -3.16386079788208, 1.0604095458984375, 0.0, -6.602674961090088, 3.2496020793914795, 0.0, 0.0, -0.7832919359207153, -0.7832919359207153, -0.0, 0.0, 0.28539496660232544, 0.28539496660232544)
(-5.983299732208252, 3.3913445472717285, 0.0, -1.0, -1.0, 0.0, 6.336053371429443, 0.3052748143672943, 0.0, 39.866397857666016, -35.13075637817383, 0.0, 1000, 1000, 1000, 1000, -2.9790916442871094, 0.9363160133361816, 0.0, -5.983299732208252, 3.3913445472717285, 0.0, 0.0, -0.7853330373764038, -0.7853330373764038, -0.0, 0.0, 1.0243330001831055, 1.0243330001831055)
(-4.8564348220825195, 2.7932026386260986, 0.0, 0.0, -1.0, 0.0, 4.213915824890137, -1.618389368057251, 0.0, 38.851478576660156, -30.34562110900879, 0.0, 1000, 1000, 1000, 1000, -2.966127395629883, -0.03387260437011719, 0.0, -4.8564348220825195, 2.7932026386260986, 0.0, 0.0, -0.29087138175964355, -0.29087138175964355, -0.0, 0.0, -0.007533656898885965, -0.007533656898885965)
(-3.697012186050415, 2.001055955886841, 0.0, -1.0, -1.0, 0.0, 3.2520840167999268, -2.3054122924804688, 0.0, 21.57609748840332, -24.008447647094727, 0.0, 1000, 1000, 1000, 1000, -0.5102722644805908, -0.18704938888549805, 0.0, -3.697012186050415, 2.001055955886841, 0.0, 0.0, 0.2708990275859833, 0.2708990275859833, -0.0, 0.0, 0.07949239015579224, 0.07949239015579224)
(-3.6221296787261963, 2.4135570526123047, 0.0, -1.0, -1.0, 0.0, -3.114328145980835, 10.94649600982666, 0.0, 20.97703742980957, -27.308456420898438, 0.0, 1000, 1000, 1000, 1000, -1.1932907104492188, -0.25271129608154297, 0.0, -3.6221296787261963, 2.4135570526123047, 0.0, 0.0, 0.09530714154243469, 0.09530714154243469, -0.0, 0.0, -0.35991227626800537, -0.35991227626800537)
(-4.064280033111572, 3.050522565841675, 0.0, -1.0, -1.0, 0.0, -0.2593664228916168, -5.709992408752441, 0.0, 24.514240264892578, -32.40418243408203, 0.0, 1000, 1000, 1000, 1000, -2.496098041534424, -0.2740011215209961, 0.0, -4.064280033111572, 3.050522565841675, 0.0, 0.0, -0.04977819323539734, -0.04977819323539734, -0.0, 0.0, 1.0267854928970337, 1.0267854928970337)
(-3.8503990173339844, 2.114417791366577, 0.0, -1.0, -1.0, 0.0, -1.8776869773864746, -0.8855648636817932, 0.0, 22.803192138671875, -24.915342330932617, 0.0, 1000, 1000, 1000, 1000, -1.2293312549591064, -1.8461976051330566, 0.0, -3.8503990173339844, 2.114417791366577, 0.0, 0.0, 0.12045406550168991, 0.12045406550168991, -0.0, 0.0, 0.3708488941192627, 0.3708488941192627)
(-4.707945823669434, 2.6940276622772217, 0.0, -1.0, -1.0, 0.0, -8.152496337890625, 12.534282684326172, 0.0, 29.66356658935547, -29.552221298217773, 0.0, 1000, 1000, 1000, 1000, -0.9129323959350586, 2.6422343254089355, 0.0, -4.707945823669434, 2.6940276622772217, 0.0, 0.0, 0.5284160375595093, 0.5284160375595093, -0.0, 0.0, -1.279039978981018, -1.279039978981018)
(-5.188192844390869, 2.681602954864502, 0.0, -1.0, -1.0, 0.0, 8.427656173706055, -14.702359199523926, 0.0, 33.50554275512695, -29.452823638916016, 0.0, 1000, 1000, 1000, 1000, -4.192553520202637, -0.5679788589477539, 0.0, -5.188192844390869, 2.681602954864502, 0.0, 0.0, -0.25122129917144775, -0.25122129917144775, -0.0, 0.0, 1.1735211610794067, 1.1735211610794067)
(-4.694868564605713, 2.158564329147339, 0.0, -1.0, -1.0, 0.0, -3.2669999599456787, 1.435045838356018, 0.0, 29.558948516845703, -25.26851463317871, 0.0, 1000, 1000, 1000, 1000, -2.4098081588745117, 0.21083545684814453, 0.0, -4.694868564605713, 2.158564329147339, 0.0, 0.0, 0.03371010720729828, 0.03371010720729828, -0.0, 0.0, 1.0574897527694702, 1.0574897527694702)
(-3.956120014190674, 1.3630480766296387, 0.0, -1.0, 0.0, 0.0, 2.2291831970214844, 1.8014580011367798, 0.0, 23.64896011352539, -10.90438461303711, 0.0, 1000, 1000, 1000, 1000, -2.2127270698547363, -2.162712812423706, 0.0, -3.956120014190674, 1.3630480766296387, 0.0, 0.0, 0.2607780694961548, 0.2607780694961548, -0.0, 0.0, -0.6570317149162292, -0.6570317149162292)
(-3.9585394859313965, 1.6816920042037964, 0.0, -1.0, -1.0, 0.0, -2.7784504890441895, 1.0686335563659668, 0.0, 23.668315887451172, -21.453536987304688, 0.0, 1000, 1000, 1000, 1000, -2.8434600830078125, -1.2312285900115967, 0.0, -3.9585394859313965, 1.6816920042037964, 0.0, 0.0, 0.48688483238220215, 0.48688483238220215, -0.0, 0.0, -0.18881036341190338, -0.18881036341190338)
(-4.409945964813232, 1.3283991813659668, 0.0, -1.0, -1.0, 0.0, 1.7559007406234741, -0.21380916237831116, 0.0, 27.27956771850586, -18.627193450927734, 0.0, 1000, 1000, 1000, 1000, -2.3440299034118652, -2.0852630138397217, 0.0, -4.409945964813232, 1.3283991813659668, 0.0, 0.0, -0.15484154224395752, -0.15484154224395752, -0.0, 0.0, -0.20617210865020752, -0.20617210865020752)
(-4.425131797790527, 1.6621346473693848, 0.0, -1.0, 0.0, 0.0, -2.5189085006713867, 2.9312291145324707, 0.0, 27.40105438232422, -13.297077178955078, 0.0, 1000, 1000, 1000, 1000, -3.1239147186279297, -1.601980447769165, 0.0, -4.425131797790527, 1.6621346473693848, 0.0, 0.0, 0.08226832747459412, 0.08226832747459412, -0.0, 0.0, 0.22297325730323792, 0.22297325730323792)
(-4.039046287536621, 1.7598203420639038, 0.0, -1.0, -1.0, 0.0, 1.3131526708602905, 0.12206870317459106, 0.0, 24.31237030029297, -22.078563690185547, 0.0, 1000, 1000, 1000, 1000, -2.3173160552978516, -1.3221144676208496, 0.0, -4.039046287536621, 1.7598203420639038, 0.0, 0.0, 0.27782899141311646, 0.27782899141311646, -0.0, 0.0, 0.8389508128166199, 0.8389508128166199)
(-4.050927639007568, 1.7783194780349731, 0.0, -1.0, -1.0, 0.0, 1.2368167638778687, 0.580083966255188, 0.0, 24.407421112060547, -22.22655487060547, 0.0, 1000, 1000, 1000, 1000, -3.0027546882629395, -1.9612481594085693, 0.0, -4.050927639007568, 1.7783194780349731, 0.0, 0.0, -7.4419450759887695, -7.4419450759887695, -0.0, 0.0, 0.40374866127967834, 0.40374866127967834)
(-4.061380386352539, 1.8063567876815796, 0.0, -1.0, -1.0, 0.0, -3.3738701343536377, 2.2900075912475586, 0.0, 24.491043090820312, -22.450855255126953, 0.0, 1000, 1000, 1000, 1000, -1.7132954597473145, -0.8464422225952148, 0.0, -4.061380386352539, 1.8063567876815796, 0.0, 0.0, 0.20053577423095703, 0.20053577423095703, -0.0, 0.0, 0.48824313282966614, 0.48824313282966614)
(-4.5819411277771, 1.8614166975021362, 0.0, -1.0, -1.0, 0.0, 8.641396522521973, -6.290144920349121, 0.0, 28.655529022216797, -22.891334533691406, 0.0, 1000, 1000, 1000, 1000, -0.44701719284057617, -1.6419110298156738, 0.0, -4.5819411277771, 1.8614166975021362, 0.0, 0.0, -18.36054039001465, -18.36054039001465, -0.0, 0.0, 8.0906982421875, 8.0906982421875)
(-4.229051113128662, 2.0429508686065674, 0.0, -1.0, -1.0, 0.0, -0.27463358640670776, 1.9541298151016235, 0.0, 25.832408905029297, -24.34360694885254, 0.0, 1000, 1000, 1000, 1000, 0.2445976734161377, -0.9675116539001465, 0.0, -4.229051113128662, 2.0429508686065674, 0.0, 0.0, -0.5618548393249512, -0.5618548393249512, -0.0, 0.0, 0.4376707971096039, 0.4376707971096039)
(-3.4154164791107178, 1.6592118740081787, 0.0, -1.0, 0.0, 0.0, -1.129595398902893, 2.305274724960327, 0.0, 19.323331832885742, -13.27369499206543, 0.0, 1000, 1000, 1000, 1000, 0.8047323226928711, -1.7000830173492432, 0.0, -3.4154164791107178, 1.6592118740081787, 0.0, 0.0, 0.14084146916866302, 0.14084146916866302, -0.0, 0.0, -0.25159505009651184, -0.25159505009651184)
(-3.5404045581817627, 1.8777836561203003, 0.0, -1.0, -1.0, 0.0, -1.862419843673706, -0.5496870279312134, 0.0, 20.3232364654541, -23.02227020263672, 0.0, 1000, 1000, 1000, 1000, -0.6762814521789551, -1.5735642910003662, 0.0, -3.5404045581817627, 1.8777836561203003, 0.0, 0.0, 0.2522813677787781, 0.2522813677787781, -0.0, 0.0, 0.3935900032520294, 0.3935900032520294)
(-3.811295747756958, 1.914407730102539, 0.0, -1.0, -1.0, 0.0, -0.18303053081035614, 2.56481671333313, 0.0, 22.490365982055664, -23.315261840820312, 0.0, 1000, 1000, 1000, 1000, -0.39772987365722656, -4.093392848968506, 0.0, -3.811295747756958, 1.914407730102539, 0.0, 0.0, -0.24265635013580322, -0.24265635013580322, -0.0, -0.0, 0.1467796415090561, 0.1467796415090561)
(-3.586033582687378, 1.6075183153152466, 0.0, -1.0, -1.0, 0.0, -0.13722901046276093, 1.5266488790512085, 0.0, 20.688268661499023, -20.860145568847656, 0.0, 1000, 1000, 1000, 1000, 2.6157522201538086, 8.628117561340332, 0.0, -3.586033582687378, 1.6075183153152466, 0.0, 0.0, -0.1787271648645401, -0.1787271648645401, -0.0, -0.0, -2.2864136695861816, -2.2864136695861816)
(-3.0188229084014893, 1.5772861242294312, 0.0, -1.0, -1.0, 0.0, -0.2440992295742035, -0.1069389283657074, 0.0, 16.150583267211914, -20.618289947509766, 0.0, 1000, 1000, 1000, 1000, 0.3898329734802246, 0.8729357719421387, 0.0, -3.0188229084014893, 1.5772861242294312, 0.0, 0.0, 0.1432400941848755, 0.1432400941848755, -0.0, -0.0, 0.2518807351589203, 0.2518807351589203)
(-2.923823833465576, 1.4025890827178955, 0.0, 0.0, -1.0, 0.0, -1.8471527099609375, 0.5953511595726013, 0.0, 23.39059066772461, -19.220712661743164, 0.0, 1000, 1000, 1000, 1000, -0.6533219814300537, -1.8487184047698975, 0.0, -2.923823833465576, 1.4025890827178955, 0.0, 0.0, 7.460482120513916, 7.460482120513916, -0.0, -0.0, -7.834933280944824, -7.834933280944824)
(-3.6783649921417236, 1.580999493598938, 0.0, -1.0, -1.0, 0.0, -4.5647101402282715, 2.9006946086883545, 0.0, 21.42691993713379, -20.647994995117188, 0.0, 1000, 1000, 1000, 1000, -1.7173845767974854, -2.311084032058716, 0.0, -3.6783649921417236, 1.580999493598938, 0.0, 0.0, -0.26569390296936035, -0.26569390296936035, -0.0, -0.0, -0.05847792699933052, -0.05847792699933052)
(-3.032463550567627, 1.9807605743408203, 0.0, -1.0, -1.0, 0.0, 1.7253663539886475, 1.541916012763977, 0.0, 16.259708404541016, -23.846084594726562, 0.0, 1000, 1000, 1000, 1000, 0.16679167747497559, -1.0384085178375244, 0.0, -3.032463550567627, 1.9807605743408203, 0.0, 0.0, 0.33275750279426575, 0.33275750279426575, -0.0, -0.0, -0.07942411303520203, -0.07942411303520203)
(-2.394836187362671, 1.6158043146133423, 0.0, -1.0, -1.0, 0.0, 6.290251731872559, -3.7863283157348633, 0.0, 11.158689498901367, -20.926433563232422, 0.0, 1100, 1100, 1100, 1100, -0.4035191535949707, -1.6251554489135742, 0.0, -2.394836187362671, 1.6158043146133423, 0.0, 0.0, 0.32673126459121704, 0.32673126459121704, -0.0, -0.0, -0.041069477796554565, -0.041069477796554565)
(-2.760826587677002, 1.3491026163101196, 0.0, -1.0, -1.0, 0.0, -0.5189083814620972, -3.4504504203796387, 0.0, 14.086612701416016, -18.79281997680664, 0.0, 1100, 1100, 1100, 1100, -0.770200252532959, -1.9708137512207031, 0.0, -2.760826587677002, 1.3491026163101196, 0.0, 0.0, -0.30458128452301025, -0.30458128452301025, -0.0, -0.0, 0.16231679916381836, 0.16231679916381836)
(-2.7665934562683105, 1.1600223779678345, 0.0, -1.0, -1.0, 0.0, -6.839519023895264, 4.076267242431641, 0.0, 14.132747650146484, -17.28017807006836, 0.0, 1100, 1100, 1100, 1100, -2.8479104042053223, -4.3147759437561035, 0.0, -2.7665934562683105, 1.1600223779678345, 0.0, 0.0, 2.1123454570770264, 2.1123454570770264, -0.0, -0.0, 0.785825252532959, 0.785825252532959)
(-2.9655416011810303, 1.0173614025115967, 0.0, -1.0, -1.0, 0.0, -3.037992477416992, 2.091534376144409, 0.0, 15.724332809448242, -16.138891220092773, 0.0, 1100, 1100, 1100, 1100, -2.3003416061401367, -1.3371143341064453, 0.0, -2.9655416011810303, 1.0173614025115967, 0.0, 0.0, -0.5460652709007263, -0.5460652709007263, -0.0, -0.0, -3.1067934036254883, -3.1067934036254883)
(-3.679112195968628, 0.888511598110199, 0.0, -1.0, -1.0, 0.0, -10.41203784942627, 0.7938244342803955, 0.0, 21.432897567749023, -15.10809326171875, 0.0, 1100, 1100, 1100, 1100, -2.0258164405822754, -6.786402702331543, 0.0, -3.679112195968628, 0.888511598110199, 0.0, 0.0, 3.3257009983062744, 3.3257009983062744, -0.0, -0.0, -0.7653462290763855, -0.7653462290763855)
(-4.225011348724365, 0.12419569492340088, 0.0, -1.0, 0.0, 0.0, 3.7711679935455322, -1.2367099523544312, 0.0, 25.800090789794922, -0.993565559387207, 0.0, 1100, 1101, 1106, 1110, -4.384429454803467, -2.668825387954712, 0.0, -4.225011348724365, 0.12419569492340088, 0.0, 0.0, 0.9444201588630676, 0.9444201588630676, 0.0, -0.0, -2.890803337097168, -2.890803337097168)
(-3.698195457458496, 0.534015417098999, 0.0, -1.0, -1.0, 0.0, -1.4502061605453491, 1.3281755447387695, 0.0, 21.58556365966797, -12.272123336791992, 0.0, 1160, 1171, 1169, 1174, -2.7447190284729004, 1.2420835494995117, 0.0, -3.698195457458496, 0.534015417098999, 0.0, 0.0, 1.5080646276474, 1.5080646276474, -0.0, -0.0, -3.7975902557373047, -3.7975902557373047)
(-3.7152628898620605, 1.0637388229370117, 0.0, -1.0, -1.0, 0.0, 9.29788589477539, -2.4886183738708496, 0.0, 21.722103118896484, -16.509910583496094, 0.0, 1252, 1210, 1246, 1234, 1.1193156242370605, 1.3783559799194336, 0.0, -3.7152628898620605, 1.0637388229370117, 0.0, 0.0, -7.365284442901611, -7.365284442901611, -0.0, -0.0, 13.563409805297852, 13.563409805297852)
(-2.3860037326812744, 0.6248384118080139, 0.0, -1.0, -1.0, 0.0, -2.2440991401672363, -7.618389129638672, 0.0, 11.088029861450195, -12.998706817626953, 0.0, 1283, 1294, 1270, 1254, 7.988955497741699, -11.610597610473633, 0.0, -2.3860037326812744, 0.6248384118080139, 0.0, 0.0, 6.7115254402160645, 6.7115254402160645, -0.0, -0.0, 1.4420008659362793, 1.4420008659362793)
(-4.587124347686768, 1.9796879291534424, 0.0, -1.0, -1.0, 0.0, 4.900938987731934, -0.9008320569992065, 0.0, 28.69699478149414, -23.83750343322754, 0.0, 1400, 1338, 1350, 1374, 12.91897201538086, -1.3398499488830566, 0.0, -4.587124347686768, 1.9796879291534424, 0.0, 0.0, -21.85236167907715, -21.85236167907715, -0.0, -0.0, 9.508683204650879, 9.508683204650879)
(-3.7564444541931152, 2.9960262775421143, 0.0, -1.0, 0.0, 0.0, 9.87803840637207, -23.435182571411133, 0.0, 22.051555633544922, -23.968210220336914, 0.0, 1478, 1395, 1398, 1359, 6.741189956665039, 27.234413146972656, 0.0, -3.7564444541931152, 2.9960262775421143, 0.0, 0.0, -10.86707878112793, -10.86707878112793, -0.0, -0.0, 30.598642349243164, 30.598642349243164)
(-4.278701305389404, 3.559964895248413, 0.0, -1.0, -1.0, 0.0, -51.4502067565918, -2.931366443634033, 0.0, 26.229610443115234, -36.47972106933594, 0.0, 1286, 1325, 1499, 1507, -7.012508392333984, -5.3176116943359375, 0.0, -4.278701305389404, 3.559964895248413, 0.0, 0.0, 7.673398971557617, 7.673398971557617, -0.0, -0.0, -11.503220558166504, -11.503220558166504)
(-32.534236907958984, 8.890398025512695, 0.0, -1.0, -1.0, 0.0, -8.198297500610352, -20.36648178100586, 0.0, 252.27389526367188, -79.12318420410156, 0.0, 1333, 1288, 1521, 1472, -60.275726318359375, -0.014910697937011719, 0.0, -32.534236907958984, 8.890398025512695, 0.0, 0.0, 0.8635191321372986, 0.8635191321372986, -0.0, -0.0, 23.666078567504883, 23.666078567504883)
(-12.822562217712402, 10.288962364196777, 0.0, -1.0, -1.0, 0.0, 100.06124114990234, 21.144969940185547, 0.0, 94.58049774169922, -90.31169891357422, 0.0, 1516, 1510, 1281, 1307, -16.10428810119629, 10.625632286071777, 0.0, -12.822562217712402, 10.288962364196777, -0.0, 0.0, -8.08788776397705, -8.08788776397705, -0.0, -0.0, -5.087017059326172, -5.087017059326172)
(-12.15302562713623, 20.018783569335938, 0.0, -1.0, -1.0, 0.0, -30.335702896118164, 35.16023635864258, 0.0, 89.22420501708984, -168.1502685546875, 0.0, 1365, 1423, 1432, 1403, -46.19695281982422, 28.928913116455078, 0.0, -12.15302562713623, 20.018783569335938, 0.0, 0.0, 21.546266555786133, 21.546266555786133, -0.0, -0.0, -7.205690383911133, -7.205690383911133)
(-4.539814472198486, 14.759024620056152, 0.0, 0.0, -1.0, 0.0, 8.137579917907715, -9.496252059936523, 0.0, 36.31851577758789, -126.07219696044922, 0.0, 1415, 1433, 1417, 1353, -55.279144287109375, -2.4616713523864746, 0.0, -4.539814472198486, 14.759024620056152, 0.0, 0.0, 20.391551971435547, 20.391551971435547, -0.0, -0.0, 11.544689178466797, 11.544689178466797)
(-3.80145263671875, 12.756258010864258, 0.0, -1.0, -1.0, 0.0, -6.48837423324585, 21.0228328704834, 0.0, 22.41162109375, -110.05006408691406, 0.0, 1320, 1418, 1388, 1492, 3.1168105602264404, -21.9991455078125, 0.0, -3.80145263671875, 12.756258010864258, 0.0, 0.0, -1.4425902366638184, -1.4425902366638184, -0.0, -0.0, -50.52108383178711, -50.52108383178711)
(21.90023422241211, 8.473126411437988, 0.0, -1.0, -1.0, 0.0, 211.9849090576172, -135.67945861816406, 0.0, -183.20187377929688, -75.7850112915039, 0.0, 1603, 1451, 1343, 1221, 12.909843444824219, 28.590110778808594, 0.0, 21.90023422241211, 8.473126411437988, -0.0, 0.0, -7.460710525512695, -7.460710525512695, 0.0, -0.0, 68.77090454101562, 68.77090454101562)
(11.369431495666504, 13.090085983276367, 0.0, -1.0, -1.0, 0.0, -149.81661987304688, -23.16037368774414, 0.0, -98.95545196533203, -112.72068786621094, 0.0, 1302, 1207, 1612, 1497, 70.68220520019531, -8.512716293334961, 0.0, 11.369431495666504, 13.090085983276367, 0.0, 0.0, 4.940699100494385, 4.940699100494385, -0.0, -0.0, 52.795536041259766, 52.795536041259766)
(3.0987672805786133, 10.079116821289062, 0.0, -1.0, -1.0, 0.0, 21.05360984802246, -39.694725036621094, 0.0, -32.790138244628906, -88.6329345703125, 0.0, 1455, 1404, 1401, 1359, -10.60445499420166, 42.71186065673828, 0.0, 3.0987672805786133, 10.079116821289062, -0.0, 0.0, -2.243168354034424, -2.243168354034424, -0.0, -0.0, 23.26437759399414, 23.26437759399414)
(4.98429536819458, 8.857206344604492, 0.0, 0.0, -1.0, 0.0, -77.80135345458984, -38.06113815307617, 0.0, -39.87436294555664, -78.85765075683594, 0.0, 1451, 1387, 1450, 1330, -10.866033554077148, -24.59610939025879, 0.0, 4.98429536819458, 8.857206344604492, 0.0, 0.0, 13.992449760437012, 13.992449760437012, -0.0, -0.0, 45.981285095214844, 45.981285095214844)
(-35.27739334106445, 7.318142414093018, 0.0, -1.0, -1.0, 0.0, -133.9540252685547, 66.6106185913086, 0.0, 274.2191467285156, -66.54513549804688, 0.0, 1366, 1262, 1550, 1440, -13.331850051879883, 65.10450744628906, 0.0, -35.27739334106445, 7.318142414093018, 0.0, 0.0, 1.4663842916488647, 1.4663842916488647, -0.0, -0.0, 53.57557678222656, 53.57557678222656)
(-28.612091064453125, 6.838974475860596, 0.0, -1.0, -1.0, 0.0, 110.90093994140625, 34.76329040527344, 0.0, 220.896728515625, -62.711795806884766, 0.0, 1526, 1507, 1312, 1272, -41.05213928222656, 41.250858306884766, 0.0, -28.612091064453125, 6.838974475860596, 0.0, 0.0, 5.094958305358887, 5.094958305358887, -0.0, -0.0, 14.516777038574219, 14.516777038574219)
(-11.070549964904785, 11.021637916564941, 0.0, -1.0, 0.0, 0.0, 53.69483184814453, 25.0228328704834, 0.0, 80.56439971923828, -88.17310333251953, 0.0, 1360, 1405, 1413, 1441, -7.136105537414551, -14.220589637756348, 0.0, -11.070549964904785, 11.021637916564941, 0.0, 0.0, 4.172267913818359, 4.172267913818359, -0.0, -0.0, -18.259414672851562, -18.259414672851562)
(-2.111726999282837, 11.372830390930176, 0.0, -1.0, -1.0, 0.0, 8.488725662231445, -18.30541229248047, 0.0, 8.893815994262695, -98.9826431274414, 0.0, 1426, 1327, 1436, 1433, 27.399017333984375, 29.317890167236328, 0.0, -2.111726999282837, 11.372830390930176, 0.0, 0.0, -23.611587524414062, -23.611587524414062, -0.0, -0.0, 25.54924774169922, 25.54924774169922)
(18.054445266723633, 7.964972972869873, 0.0, -1.0, -1.0, 0.0, 178.580322265625, -47.92373275756836, 0.0, -152.43556213378906, -71.71978759765625, 0.0, 1411, 1441, 1341, 1430, -10.262858390808105, -19.202068328857422, 0.0, 18.054445266723633, 7.964972972869873, -0.0, 0.0, -14.677641868591309, -14.677641868591309, -0.0, -0.0, -29.804048538208008, -29.804048538208008)
(14.869585990905762, 5.665042877197266, 0.0, -1.0, -1.0, 0.0, -102.85478973388672, -52.50388717651367, 0.0, -126.9566879272461, -53.320343017578125, 0.0, 1271, 1240, 1594, 1517, -21.464059829711914, 20.856952667236328, 0.0, 14.869585990905762, 5.665042877197266, -0.0, 0.0, 11.361523628234863, 11.361523628234863, -0.0, -0.0, 26.648149490356445, 26.648149490356445)
(3.9020442962646484, 9.257173538208008, 0.0, -1.0, -1.0, 0.0, -24.18303108215332, -17.832130432128906, 0.0, -39.21635437011719, -82.05738830566406, 0.0, 1393, 1350, 1495, 1384, -56.92346954345703, 10.7695951461792, 0.0, 3.9020442962646484, 9.257173538208008, -0.0, 0.0, 17.064279556274414, 17.064279556274414, -0.0, -0.0, 38.77252197265625, 38.77252197265625)
(-3.8421311378479004, 8.275420188903809, 0.0, -1.0, -1.0, 0.0, -102.96165466308594, 39.11443328857422, 0.0, 22.737049102783203, -66.20336151123047, 0.0, 1340, 1428, 1404, 1450, -27.092809677124023, -29.013256072998047, 0.0, -3.8421311378479004, 8.275420188903809, 0.0, 0.0, 10.490962028503418, 10.490962028503418, -0.0, -0.0, -33.260765075683594, -33.260765075683594)
(-23.39980697631836, 8.329333305358887, 0.0, -1.0, -1.0, 0.0, 103.46582794189453, 2.351076364517212, 0.0, 179.19845581054688, -74.6346664428711, 0.0, 1490, 1509, 1318, 1305, -17.365999221801758, 5.656882286071777, 0.0, -23.39980697631836, 8.329333305358887, 0.0, 0.0, 8.216619491577148, 8.216619491577148, -0.0, -0.0, -1.5627533197402954, -1.5627533197402954)
(-5.452702045440674, 7.666177749633789, 0.0, -1.0, -1.0, 0.0, 59.114681243896484, 20.06100082397461, 0.0, 35.62161636352539, -69.32942199707031, 0.0, 1314, 1528, 1303, 1477, -21.984989166259766, 43.86747360229492, 0.0, -5.452702045440674, 7.666177749633789, -0.0, 0.0, 10.002985954284668, 10.002985954284668, -0.0, -0.0, -96.77934265136719, -96.77934265136719)
(6.169514179229736, 5.493159294128418, 0.0, -1.0, -1.0, 0.0, 23.0230770111084, -10.41228199005127, 0.0, -57.35611343383789, -51.945274353027344, 0.0, 1460, 1365, 1401, 1396, 55.3934326171875, 3.1007566452026367, 0.0, 6.169514179229736, 5.493159294128418, -0.0, 0.0, -22.220661163330078, -22.220661163330078, -0.0, -0.0, 25.020570755004883, 25.020570755004883)
(1.3316956758499146, 6.838896751403809, 0.0, -1.0, -1.0, 0.0, -11.587610244750977, 1.5266488790512085, 0.0, -18.653564453125, -62.71117401123047, 0.0, 1358, 1373, 1452, 1439, -25.12240219116211, -2.225935459136963, 0.0, 1.3316956758499146, 6.838896751403809, -0.0, 0.0, 7.298388481140137, 7.298388481140137, -0.0, -0.0, -0.3685472905635834, -0.3685472905635834)
(-1.4491417407989502, 8.183642387390137, 0.0, 0.0, -1.0, 0.0, -12.366236686706543, 5.144969463348389, 0.0, 11.593133926391602, -65.4691390991211, 0.0, 1429, 1466, 1330, 1397, 48.52309799194336, 14.695634841918945, 0.0, -1.4491417407989502, 8.183642387390137, 0.0, 0.0, -7.1535515785217285, -7.1535515785217285, -0.0, -0.0, -25.982053756713867, -25.982053756713867)
(-22.854976654052734, 6.997019290924072, 0.0, -1.0, -1.0, 0.0, -283.6639404296875, 30.71748924255371, 0.0, 174.83981323242188, -63.97615432739258, 0.0, 1287, 1224, 1560, 1551, 15.775650024414062, -48.66304016113281, 0.0, -22.854976654052734, 6.997019290924072, 0.0, 0.0, -13.355224609375, -13.355224609375, -0.0, -0.0, 18.150957107543945, 18.150957107543945)
(-25.1512508392334, 10.596430778503418, 0.0, -1.0, -1.0, 0.0, 121.92384338378906, -59.96953582763672, 0.0, 193.2100067138672, -92.77144622802734, 0.0, 1560, 1551, 1246, 1265, 9.876083374023438, -36.54605484008789, 0.0, -25.1512508392334, 10.596430778503418, 0.0, 0.0, -7.0463643074035645, -7.0463643074035645, -0.0, -0.0, -2.085966110229492, -2.085966110229492)
(-21.88965606689453, 15.094710350036621, 0.0, -1.0, -1.0, 0.0, -10.183030128479004, 34.45794677734375, 0.0, 167.11724853515625, -128.7576904296875, 0.0, 1411, 1476, 1334, 1405, -12.562044143676758, -1.1202397346496582, 0.0, -21.88965606689453, 15.094710350036621, 0.0, 0.0, -1.585974097251892, -1.585974097251892, -0.0, -0.0, -34.112239837646484, -34.112239837646484)
(-26.310434341430664, 13.204183578491211, 0.0, -1.0, -1.0, 0.0, -12.152496337890625, -0.4428167939186096, 0.0, 202.4834747314453, -113.63346862792969, 0.0, 1384, 1426, 1413, 1400, -43.02668380737305, -17.996631622314453, 0.0, -26.310434341430664, 13.204183578491211, 0.0, 0.0, 13.812943458557129, 13.812943458557129, -0.0, -0.0, -7.36220645904541, -7.36220645904541)
(-28.105831146240234, 12.192340850830078, 0.0, 0.0, -1.0, 0.0, -7.083794116973877, -5.587854862213135, 0.0, 224.84664916992188, -105.53872680664062, 0.0, 1460, 1388, 1411, 1363, -23.753602981567383, 50.60314178466797, 0.0, -28.105831146240234, 12.192340850830078, 0.0, 0.0, -6.142462253570557, -6.142462253570557, -0.0, -0.0, 30.012155532836914, 30.012155532836914)
(-30.490211486816406, 12.52139949798584, 0.0, -1.0, -1.0, 0.0, -13.328068733215332, -5.160374164581299, 0.0, 235.92169189453125, -108.17119598388672, 0.0, 1432, 1372, 1442, 1372, -14.59951400756836, 28.798095703125, 0.0, -30.490211486816406, 12.52139949798584, 0.0, 0.0, 2.423778533935547, 2.423778533935547, -0.0, -0.0, 32.42937088012695, 32.42937088012695)
(-28.469249725341797, 12.802352905273438, 0.0, -1.0, -1.0, 0.0, 27.267351150512695, 9.144969940185547, 0.0, 219.75399780273438, -110.4188232421875, 0.0, 1472, 1361, 1378, 1407, 6.030448913574219, 15.689275741577148, 0.0, -28.469249725341797, 12.802352905273438, 0.0, 0.0, -35.12346267700195, -35.12346267700195, -0.0, -0.0, 20.718093872070312, 20.718093872070312)
(-28.638275146484375, 11.747954368591309, 0.0, -1.0, -1.0, 0.0, 13.206282615661621, -15.557320594787598, 0.0, 221.106201171875, -101.98363494873047, 0.0, 1436, 1390, 1384, 1412, 0.5650986433029175, 11.592220306396484, 0.0, -28.638275146484375, 11.747954368591309, 0.0, 0.0, -18.6456241607666, -18.6456241607666, -0.0, -0.0, 4.507933139801025, 4.507933139801025)
(-21.94822883605957, 10.403186798095703, 0.0, -1.0, -1.0, 0.0, 51.832237243652344, 1.8930610418319702, 0.0, 167.58583068847656, -91.22549438476562, 0.0, 1352, 1410, 1400, 1456, -40.46559143066406, 8.259686470031738, 0.0, -21.94822883605957, 10.403186798095703, 0.0, 0.0, 0.6231176853179932, 0.6231176853179932, -0.0, -0.0, -28.2557373046875, -28.2557373046875)
(-8.381227493286133, 10.802234649658203, 0.0, -1.0, -1.0, 0.0, 42.96200942993164, -11.389381408691406, 0.0, 59.04981994628906, -94.41787719726562, 0.0, 1371, 1405, 1467, 1375, -26.039031982421875, 21.765623092651367, 0.0, -8.381227493286133, 10.802234649658203, 0.0, 0.0, 31.369464874267578, 31.369464874267578, -0.0, -0.0, 14.591046333312988, 14.591046333312988)
(4.348072052001953, 9.839141845703125, 0.0, -1.0, -1.0, 0.0, 29.740633010864258, 8.94649600982666, 0.0, -42.784576416015625, -86.713134765625, 0.0, 1298, 1436, 1422, 1463, -53.058326721191406, -10.874311447143555, 0.0, 4.348072052001953, 9.839141845703125, -0.0, 0.0, 24.287511825561523, 24.287511825561523, -0.0, -0.0, -44.80262756347656, -44.80262756347656)
(9.815404891967773, 8.682698249816895, 0.0, -1.0, -1.0, 0.0, 18.732999801635742, -9.007701873779297, 0.0, -86.52323913574219, -77.46158599853516, 0.0, 1382, 1342, 1448, 1446, 22.094745635986328, -16.41818618774414, 0.0, 9.815404891967773, 8.682698249816895, -0.0, 0.0, -9.730243682861328, -9.730243682861328, -0.0, -0.0, 10.353842735290527, 10.353842735290527)
(5.135850429534912, 9.317377090454102, 0.0, -1.0, 0.0, 0.0, -37.648677825927734, 5.496114730834961, 0.0, -49.0868034362793, -74.53901672363281, 0.0, 1396, 1309, 1482, 1436, -4.686282157897949, 2.731412887573242, 0.0, 5.135850429534912, 9.317377090454102, -0.0, 0.0, -10.43325424194336, -10.43325424194336, -0.0, -0.0, 33.08422088623047, 33.08422088623047)
(-5.0812602043151855, 9.22387409210205, 0.0, -1.0, -1.0, 0.0, -25.54180908203125, 5.60298490524292, 0.0, 32.650081634521484, -81.7909927368164, 0.0, 1286, 1406, 1416, 1510, -8.313504219055176, -36.11052703857422, 0.0, -5.0812602043151855, 9.22387409210205, 0.0, 0.0, 6.628787994384766, 6.628787994384766, -0.0, -0.0, -53.350711822509766, -53.350711822509766)
(-6.273135662078857, 7.758864879608154, 0.0, -1.0, -1.0, 0.0, -21.831886291503906, -2.5191526412963867, 0.0, 42.18508529663086, -70.0709228515625, 0.0, 1447, 1414, 1382, 1375, 27.862775802612305, 29.00066375732422, 0.0, -6.273135662078857, 7.758864879608154, 0.0, 0.0, -6.288693904876709, -6.288693904876709, -0.0, -0.0, 10.143453598022461, 10.143453598022461)
(-30.047632217407227, 8.587072372436523, 0.0, -1.0, -1.0, 0.0, -76.59524536132812, -16.351213455200195, 0.0, 232.3810577392578, -76.69657897949219, 0.0, 1285, 1286, 1481, 1566, -6.9581098556518555, -0.9936280250549316, 0.0, -30.047632217407227, 8.587072372436523, 0.0, 0.0, -21.112350463867188, -21.112350463867188, -0.0, -0.0, -21.5029296875, -21.5029296875)
(-39.09749221801758, 9.208168983459473, 0.0, -1.0, -1.0, 0.0, -62.5647087097168, -13.175641059875488, 0.0, 304.7799377441406, -81.66535186767578, 0.0, 1358, 1415, 1436, 1409, -62.384254455566406, -22.16298484802246, 0.0, -39.09749221801758, 9.208168983459473, 0.0, 0.0, 20.969186782836914, 20.969186782836914, -0.0, -0.0, -7.6744160652160645, -7.6744160652160645)
(-47.291481018066406, 7.291423797607422, 0.0, -1.0, 0.0, 0.0, -17.389137268066406, 23.587717056274414, 0.0, 370.33184814453125, -58.331390380859375, 0.0, 1332, 1477, 1410, 1399, -51.97688293457031, -22.853891372680664, 0.0, -47.291481018066406, 7.291423797607422, 0.0, 0.0, 39.142704010009766, 39.142704010009766, -0.0, -0.0, -33.483638763427734, -33.483638763427734)
(-44.197052001953125, 7.80225133895874, 0.0, -1.0, -1.0, 0.0, -7.007458209991455, 8.85489273071289, 0.0, 345.576416015625, -70.41801452636719, 0.0, 1362, 1429, 1437, 1390, -64.90715026855469, -0.5141401290893555, 0.0, -44.197052001953125, 7.80225133895874, 0.0, 0.0, 28.398218154907227, 28.398218154907227, -0.0, -0.0, -5.110927581787109, -5.110927581787109)
(-41.52618408203125, 8.25748348236084, 0.0, -1.0, -1.0, 0.0, -11.373869895935059, -5.0229692459106445, 0.0, 324.20947265625, -74.05986785888672, 0.0, 1392, 1337, 1466, 1422, -70.44145965576172, 12.550777435302734, 0.0, -41.52618408203125, 8.25748348236084, 0.0, 0.0, -2.8467557430267334, -2.8467557430267334, -0.0, -0.0, 24.529787063598633, 24.529787063598633)
(-42.211360931396484, 7.336431980133057, 0.0, -1.0, -1.0, 0.0, 3.068877935409546, -11.34358024597168, 0.0, 329.6908874511719, -66.69145202636719, 0.0, 1438, 1423, 1371, 1386, -3.809136390686035, -26.10162925720215, 0.0, -42.211360931396484, 7.336431980133057, 0.0, 0.0, -7.463930130004883, -7.463930130004883, -0.0, -0.0, -0.04892834648489952, -0.04892834648489952)
(-40.40206527709961, 7.9525861740112305, 0.0, -1.0, -1.0, 0.0, 0.4123893082141876, 17.770923614501953, 0.0, 315.2165222167969, -71.62068939208984, 0.0, 1348, 1399, 1438, 1434, -70.62561798095703, -13.14907455444336, 0.0, -40.40206527709961, 7.9525861740112305, 0.0, 0.0, 13.56591510772705, 13.56591510772705, -0.0, -0.0, -11.725295066833496, -11.725295066833496)
(-39.03662872314453, 8.061015129089355, 0.0, -1.0, 0.0, 0.0, 5.02307653427124, -0.3206793963909149, 0.0, 304.29302978515625, -64.48812103271484, 0.0, 1430, 1401, 1387, 1400, -66.02981567382812, -24.808639526367188, 0.0, -39.03662872314453, 8.061015129089355, 0.0, 0.0, -10.464399337768555, -10.464399337768555, -0.0, -0.0, 3.7167935371398926, 3.7167935371398926)
(-39.36220169067383, 7.4724955558776855, 0.0, -1.0, -1.0, 0.0, 13.893305778503418, -19.511518478393555, 0.0, 306.8976135253906, -67.77996826171875, 0.0, 1494, 1335, 1407, 1383, -29.938411712646484, 39.93020248413086, 0.0, -39.36220169067383, 7.4724955558776855, 0.0, 0.0, -33.729278564453125, -33.729278564453125, -0.0, -0.0, 45.77357864379883, 45.77357864379883)
(-36.2025146484375, 8.206780433654785, 0.0, -1.0, -1.0, 0.0, 124.90093994140625, 22.045732498168945, 0.0, 281.6201171875, -73.65424346923828, 0.0, 1359, 1417, 1332, 1514, 12.590806007385254, 74.45457458496094, 0.0, -36.2025146484375, 8.206780433654785, 0.0, 0.0, -30.764114379882812, -30.764114379882812, -0.0, -0.0, -59.79729461669922, -59.79729461669922)
(22.62090301513672, 4.190896987915039, 0.0, -1.0, -1.0, 0.0, 107.69483184814453, 19.282373428344727, 0.0, -188.96722412109375, -41.52717590332031, 0.0, 1486, 1472, 1321, 1339, -7.642936706542969, -44.80286407470703, 0.0, 22.62090301513672, 4.190896987915039, -0.0, 0.0, -8.110146522521973, -8.110146522521973, -0.0, -0.0, -0.9331205487251282, -0.9331205487251282)
(10.962430000305176, 13.608070373535156, 0.0, -1.0, -1.0, 0.0, -16.70211410522461, 11.099167823791504, 0.0, -95.6994400024414, -116.86456298828125, 0.0, 1471, 1399, 1402, 1349, 8.342016220092773, 57.10470962524414, 0.0, 10.962430000305176, 13.608070373535156, -0.0, 0.0, -4.660051345825195, -4.660051345825195, -0.0, -0.0, 31.27625274658203, 31.27625274658203)
(8.659089088439941, 11.645874977111816, 0.0, 0.0, 0.0, 0.0, -20.94639015197754, -29.267244338989258, 0.0, -69.27271270751953, -93.16699981689453, 0.0, 1398, 1426, 1417, 1381, -36.994564056396484, 28.889400482177734, 0.0, 8.659089088439941, 11.645874977111816, -0.0, 0.0, 15.795583724975586, 15.795583724975586, -0.0, -0.0, 2.0827605724334717, 2.0827605724334717)
(-4.399193286895752, 10.22818660736084, 0.0, -1.0, -1.0, 0.0, -226.4120330810547, 17.312908172607422, 0.0, 27.193546295166016, -89.82549285888672, 0.0, 1191, 1357, 1421, 1653, 29.09455680847168, -43.01233673095703, 0.0, -4.399193286895752, 10.22818660736084, 0.0, 0.0, -16.488807678222656, -16.488807678222656, -0.0, -0.0, -99.6332778930664, -99.6332778930664)
(-29.366130828857422, 7.4454545974731445, 0.0, -1.0, -1.0, 0.0, 59.23681640625, -2.9160993099212646, 0.0, 226.92904663085938, -67.56363677978516, 0.0, 1435, 1369, 1456, 1359, -9.823307991027832, -34.341121673583984, 0.0, -29.366130828857422, 7.4454545974731445, 0.0, 0.0, 7.882709980010986, 7.882709980010986, -0.0, -0.0, 40.571617126464844, 40.571617126464844)
(-42.16547393798828, 14.854668617248535, 0.0, -1.0, -1.0, 0.0, -82.16776275634766, 36.625885009765625, 0.0, 329.32379150390625, -126.83734893798828, 0.0, 1632, 1463, 1272, 1251, -7.778687477111816, 65.20646667480469, 0.0, -42.16547393798828, 14.854668617248535, 0.0, 0.0, -36.94719314575195, -36.94719314575195, -0.0, -0.0, 47.54078674316406, 47.54078674316406)
(-33.16847229003906, 13.210474014282227, 0.0, -1.0, -1.0, 0.0, 80.70246887207031, 13.1297025680542, 0.0, 257.3477783203125, -113.68379211425781, 0.0, 1401, 1438, 1390, 1393, -33.144256591796875, 35.595550537109375, 0.0, -33.16847229003906, 13.210474014282227, 0.0, 0.0, 8.178277969360352, 8.178277969360352, -0.0, -0.0, -9.961999893188477, -9.961999893188477)
(23.492767333984375, 9.513547897338867, 0.0, 0.0, -1.0, 0.0, 303.34368896484375, 46.76329040527344, 0.0, -187.942138671875, -84.10838317871094, 0.0, 1436, 1673, 1215, 1294, 17.891868591308594, -21.657333374023438, 0.0, 23.492767333984375, 9.513547897338867, -0.0, 0.0, 39.561988830566406, 39.561988830566406, -0.0, -0.0, -79.34146118164062, -79.34146118164062)
(35.571510314941406, 11.364361763000488, 0.0, -1.0, -1.0, 0.0, -119.93875885009766, -3.9542672634124756, 0.0, -292.57208251953125, -98.9148941040039, 0.0, 1290, 1219, 1624, 1485, 39.924991607666016, 43.70398712158203, 0.0, 35.571510314941406, 11.364361763000488, -0.0, 0.0, 16.951068878173828, 16.951068878173828, -0.0, -0.0, 52.40177917480469, 52.40177917480469)
(16.564998626708984, 13.563730239868164, 0.0, -1.0, -1.0, 0.0, -165.69448852539062, 13.480847358703613, 0.0, -140.51998901367188, -116.50984191894531, 0.0, 1240, 1370, 1535, 1473, 11.711248397827148, 23.2275447845459, 0.0, 16.564998626708984, 13.563730239868164, 0.0, 0.0, 47.93277359008789, 47.93277359008789, -0.0, -0.0, -16.92571449279785, -16.92571449279785)
(-20.2263126373291, 7.648270606994629, 0.0, -1.0, -1.0, 0.0, 56.47345733642578, -3.755793809890747, 0.0, 153.8105010986328, -69.18616485595703, 0.0, 1422, 1374, 1389, 1436, 12.034031867980957, -11.29308795928955, 0.0, -20.2263126373291, 7.648270606994629, 0.0, 0.0, -23.653139114379883, -23.653139114379883, -0.0, -0.0, 0.40483033657073975, 0.40483033657073975)
(-2.7270572185516357, 6.298425197601318, 0.0, -1.0, -1.0, 0.0, 12.610862731933594, 14.198404312133789, 0.0, 13.816457748413086, -58.38740158081055, 0.0, 1561, 1503, 1282, 1276, 3.363569736480713, -20.901769638061523, 0.0, -2.7270572185516357, 6.298425197601318, 0.0, 0.0, -13.13517951965332, -13.13517951965332, -0.0, -0.0, 16.024738311767578, 16.024738311767578)
(-3.937556505203247, 4.936973571777344, 0.0, 0.0, -1.0, 0.0, 15.252083778381348, -18.045869827270508, 0.0, 31.500452041625977, -47.49578857421875, 0.0, 1554, 1493, 1374, 1334, 3.5412020683288574, 9.168479919433594, 0.0, -3.937556505203247, 4.936973571777344, 0.0, 0.0, -5.242117404937744, -5.242117404937744, -0.0, -0.0, 25.23660659790039, 25.23660659790039)
(-4.410505294799805, 2.9497499465942383, 0.0, -1.0, -1.0, 0.0, 17.068878173828125, 18.824357986450195, 0.0, 27.284042358398438, -31.597999572753906, 0.0, 1433, 1438, 1462, 1501, 4.0104169845581055, -37.66606140136719, 0.0, -4.410505294799805, 2.9497499465942383, 0.0, 0.0, -8.132224082946777, -8.132224082946777, -0.0, -0.0, -11.012263298034668, -11.012263298034668)
(-5.073197841644287, 3.071812629699707, 0.0, -1.0, -1.0, 0.0, 1.5574275255203247, -9.648923873901367, 0.0, 32.5855827331543, -32.574501037597656, 0.0, 1524, 1463, 1549, 1483, 16.474735260009766, 68.39656829833984, 0.0, -5.073197841644287, 3.071812629699707, 0.0, 0.0, 1.0757766962051392, 1.0757766962051392, -0.0, -0.0, 31.92914581298828, 31.92914581298828)
(-6.816229820251465, 6.236203193664551, 0.0, -1.0, -1.0, 0.0, 15.465824127197266, 4.900694847106934, 0.0, 46.52983856201172, -57.889625549316406, 0.0, 1568, 1481, 1479, 1493, 10.396724700927734, -0.6483368873596191, 0.0, -6.816229820251465, 6.236203193664551, 0.0, 0.0, -25.198867797851562, -25.198867797851562, -0.0, -0.0, 18.185447692871094, 18.185447692871094)
(-2.9603464603424072, 9.408931732177734, 0.0, -1.0, -1.0, 0.0, 1.0383435487747192, 12.717488288879395, 0.0, 15.682771682739258, -83.27145385742188, 0.0, 1455, 1488, 1555, 1520, 6.204862594604492, -15.913519859313965, 0.0, -2.9603464603424072, 9.408931732177734, 0.0, 0.0, 16.765220642089844, 16.765220642089844, -0.0, -0.0, 0.6338189840316772, 0.6338189840316772)
(-4.138378620147705, 9.431538581848145, 0.0, 0.0, -1.0, 0.0, -23.80135154724121, -30.94663429260254, 0.0, 33.10702896118164, -83.45230865478516, 0.0, 1513, 1389, 1635, 1481, -8.105204582214355, 45.565269470214844, 0.0, -4.138378620147705, 9.431538581848145, 0.0, 0.0, 7.358333110809326, 7.358333110809326, -0.0, -0.0, 69.52703857421875, 69.52703857421875)
(-4.202967166900635, 8.383384704589844, 0.0, -1.0, -1.0, 0.0, -17.847152709960938, 4.244205951690674, 0.0, 25.623737335205078, -75.06707763671875, 0.0, 1466, 1474, 1567, 1511, -45.02172088623047, 32.82775115966797, 0.0, -4.202967166900635, 8.383384704589844, 0.0, 0.0, 16.06129264831543, 16.06129264831543, -0.0, -0.0, 11.977088928222656, 11.977088928222656)
(-1.1162889003753662, 8.323862075805664, 0.0, -1.0, -1.0, 0.0, 34.168113708496094, -4.229076385498047, 0.0, 0.9303112030029297, -74.59089660644531, 0.0, 1535, 1477, 1473, 1533, 19.875545501708984, -19.63515853881836, 0.0, -1.1162889003753662, 8.323862075805664, -0.0, 0.0, -29.245094299316406, -29.245094299316406, -0.0, -0.0, -0.42935916781425476, -0.42935916781425476)
(1.982087254524231, 5.404618740081787, 0.0, -1.0, -1.0, 0.0, 16.610862731933594, -10.717625617980957, 0.0, -23.85669708251953, -51.2369499206543, 0.0, 1478, 1489, 1534, 1517, 8.12826919555664, 9.147224426269531, 0.0, 1.982087254524231, 5.404618740081787, -0.0, 0.0, 7.058434963226318, 7.058434963226318, -0.0, -0.0, 1.2461707592010498, 1.2461707592010498)
(-2.650702953338623, 2.348789930343628, 0.0, -1.0, -1.0, 0.0, -41.16012954711914, 23.480846405029297, 0.0, 13.205623626708984, -26.790319442749023, 0.0, 1438, 1449, 1568, 1563, 19.833498001098633, -3.808136463165283, 0.0, -2.650702953338623, 2.348789930343628, 0.0, 0.0, 3.9729628562927246, 3.9729628562927246, -0.0, -0.0, -1.4710593223571777, -1.4710593223571777)
(-7.6936845779418945, 4.5847978591918945, 0.0, 0.0, -1.0, 0.0, 14.610862731933594, 6.198404788970947, 0.0, 61.549476623535156, -44.678382873535156, 0.0, 1492, 1520, 1469, 1537, 4.469114303588867, -29.368648529052734, 0.0, -7.6936845779418945, 4.5847978591918945, 0.0, 0.0, -9.9966402053833, -9.9966402053833, -0.0, -0.0, -23.79623794555664, -23.79623794555664)
(-0.7765417098999023, 7.232632160186768, 0.0, -1.0, -1.0, 0.0, 52.00017547607422, -41.57258605957031, 0.0, -1.7876663208007812, -65.86105346679688, 0.0, 1538, 1493, 1475, 1512, 36.4073600769043, 42.14154052734375, 0.0, -0.7765417098999023, 7.232632160186768, -0.0, 0.0, -20.31573486328125, -20.31573486328125, -0.0, -0.0, 1.8182417154312134, 1.8182417154312134)
(2.64662766456604, 9.44257640838623, 0.0, -1.0, -1.0, 0.0, 3.0536108016967773, -41.23670959472656, 0.0, -29.17302131652832, -83.54061126708984, 0.0, 1537, 1457, 1546, 1477, -11.619915008544922, -23.91621971130371, 0.0, 2.64662766456604, 9.44257640838623, -0.0, 0.0, -2.5228426456451416, -2.5228426456451416, -0.0, -0.0, 37.3181037902832, 37.3181037902832)
(-0.24049173295497894, 9.336159706115723, 0.0, -1.0, -1.0, 0.0, -27.236465454101562, -28.70235824584961, 0.0, -6.076066017150879, -82.68927764892578, 0.0, 1494, 1410, 1605, 1510, 6.933933734893799, -6.203399181365967, 0.0, -0.24049173295497894, 9.336159706115723, 0.0, 0.0, 2.6790173053741455, 2.6790173053741455, -0.0, -0.0, 44.694149017333984, 44.694149017333984)
(-10.001174926757812, 7.3883280754089355, 0.0, -1.0, -1.0, 0.0, -21.14486312866211, -45.96953582763672, 0.0, 72.0093994140625, -67.10662841796875, 0.0, 1572, 1480, 1512, 1454, 9.190569877624512, 9.477593421936035, 0.0, -10.001174926757812, 7.3883280754089355, 0.0, 0.0, -8.31646728515625, -8.31646728515625, -0.0, -0.0, 37.424583435058594, 37.424583435058594)
(-7.886141300201416, 9.750636100769043, 0.0, 0.0, -1.0, 0.0, 24.19864845275879, -39.053504943847656, 0.0, 63.08913040161133, -86.00508880615234, 0.0, 1708, 1510, 1483, 1317, 7.986395835876465, 59.146385192871094, 0.0, -7.886141300201416, 9.750636100769043, 0.0, 0.0, -8.134049415588379, -8.134049415588379, -0.0, -0.0, 91.01087951660156, 91.01087951660156)
(-12.711318969726562, 16.74424934387207, 0.0, -1.0, -1.0, 0.0, -44.549442291259766, 4.45794677734375, 0.0, 93.6905517578125, -141.95399475097656, 0.0, 1489, 1490, 1479, 1560, 14.42354965209961, -16.057941436767578, 0.0, -12.711318969726562, 16.74424934387207, 0.0, 0.0, -19.95008659362793, -19.95008659362793, -0.0, -0.0, -20.608198165893555, -20.608198165893555)
(-15.178825378417969, 12.851831436157227, 0.0, -1.0, -1.0, 0.0, 33.74063491821289, -20.809228897094727, 0.0, 113.43060302734375, -110.81465148925781, 0.0, 1539, 1586, 1429, 1464, 5.3584465980529785, 33.91495132446289, 0.0, -15.178825378417969, 12.851831436157227, 0.0, 0.0, 3.111377000808716, 3.111377000808716, -0.0, -0.0, -20.686786651611328, -20.686786651611328)
(-14.432405471801758, 11.222552299499512, 0.0, -1.0, -1.0, 0.0, -12.228832244873047, 61.14496994018555, 0.0, 107.45924377441406, -97.7804183959961, 0.0, 1339, 1461, 1581, 1638, -72.4740982055664, 9.79905891418457, 0.0, -14.432405471801758, 11.222552299499512, 0.0, 0.0, 16.439945220947266, 16.439945220947266, -0.0, -0.0, -44.713077545166016, -44.713077545166016)
(-14.138236045837402, 15.041949272155762, 0.0, -1.0, -1.0, 0.0, 29.05360984802246, -31.80159568786621, 0.0, 105.10588836669922, -128.33560180664062, 0.0, 1527, 1511, 1472, 1508, -23.321928024291992, 20.660228729248047, 0.0, -14.138236045837402, 15.041949272155762, 0.0, 0.0, -12.965738296508789, -12.965738296508789, -0.0, -0.0, -5.256699085235596, -5.256699085235596)
(-8.259394645690918, 7.9796881675720215, 0.0, 0.0, -1.0, 0.0, 45.23681640625, -2.3206794261932373, 0.0, 66.07515716552734, -71.83750915527344, 0.0, 1470, 1350, 1609, 1589, 20.158405303955078, 11.185501098632812, 0.0, -8.259394645690918, 7.9796881675720215, 0.0, 0.0, -24.743227005004883, -24.743227005004883, -0.0, -0.0, 35.119022369384766, 35.119022369384766)
(0.04322819039225578, 4.733054161071777, 0.0, -1.0, -1.0, 0.0, 19.007808685302734, 36.641151428222656, 0.0, -8.3458251953125, -45.86443328857422, 0.0, 1444, 1552, 1471, 1551, -1.6173124313354492, -11.683415412902832, 0.0, 0.04322819039225578, 4.733054161071777, -0.0, 0.0, 6.8372111320495605, 6.8372111320495605, -0.0, -0.0, -46.79207992553711, -46.79207992553711)
(5.945532321929932, 2.565749406814575, 0.0, -1.0, -1.0, 0.0, -25.14486312866211, -50.77869415283203, 0.0, -55.56425857543945, -28.5259952545166, 0.0, 1394, 1454, 1626, 1544, -65.59911346435547, -24.57550621032715, 0.0, 5.945532321929932, 2.565749406814575, -0.0, 0.0, 35.3005485534668, 35.3005485534668, 0.0, -0.0, 5.339700698852539, 5.339700698852539)
(1.367899775505066, 1.334113597869873, 0.0, -1.0, -1.0, 0.0, -33.694480895996094, 21.190771102905273, 0.0, -18.943199157714844, -18.672908782958984, 0.0, 1461, 1480, 1544, 1533, 10.743964195251465, -13.94401741027832, 0.0, 1.367899775505066, 1.334113597869873, 0.0, 0.0, 7.191884994506836, 7.191884994506836, -0.0, -0.0, -1.9931364059448242, -1.9931364059448242)
(-0.5355328321456909, 1.4222725629806519, 0.0, -1.0, -1.0, 0.0, 24.01544189453125, 21.725122451782227, 0.0, -3.7157373428344727, -19.37818145751953, 0.0, 1495, 1517, 1460, 1546, 26.76210594177246, -22.17082977294922, 0.0, -0.5355328321456909, 1.4222725629806519, -0.0, 0.0, -16.134496688842773, -16.134496688842773, -0.0, -0.0, -26.763582229614258, -26.763582229614258)
(2.796738386154175, 2.262620687484741, 0.0, 0.0, -1.0, 0.0, 25.87803840637207, -7.801595211029053, 0.0, -22.3739070892334, -26.10096549987793, 0.0, 1591, 1488, 1476, 1463, 35.23872375488281, 30.323413848876953, 0.0, 2.796738386154175, 2.262620687484741, -0.0, 0.0, -22.28497314453125, -22.28497314453125, -0.0, -0.0, 29.164628982543945, 29.164628982543945)
(-0.5131947994232178, -0.4162658452987671, 0.0, -1.0, -1.0, 0.0, -38.39677047729492, 7.496114730834961, 0.0, -3.894441604614258, -4.669873237609863, 0.0, 1378, 1509, 1530, 1601, -52.003475189208984, -36.503196716308594, 0.0, -0.5131947994232178, -0.4162658452987671, 0.0, 0.0, 15.214900970458984, 15.214900970458984, -0.0, -0.0, -50.353878021240234, -50.353878021240234)
(-4.068362712860107, 4.079140663146973, 0.0, -1.0, -1.0, 0.0, 7.374221324920654, 55.31290817260742, 0.0, 24.54690170288086, -40.63312530517578, 0.0, 1510, 1494, 1489, 1524, -20.6441593170166, 15.763805389404297, 0.0, -4.068362712860107, 4.079140663146973, 0.0, 0.0, -12.81017780303955, -12.81017780303955, -0.0, -0.0, -4.732840061187744, -4.732840061187744)
(1.7230494022369385, 4.102999210357666, 0.0, -1.0, 0.0, 0.0, 43.93910598754883, -4.549686908721924, 0.0, -21.784395217895508, -32.82399368286133, 0.0, 1448, 1521, 1501, 1549, -11.051946640014648, -10.834810256958008, 0.0, 1.7230494022369385, 4.102999210357666, -0.0, 0.0, 6.077736854553223, 6.077736854553223, -0.0, -0.0, -30.097978591918945, -30.097978591918945)
(3.7201876640319824, 1.8926701545715332, 0.0, -1.0, -1.0, 0.0, -14.656312942504883, 6.793824195861816, 0.0, -37.76150131225586, -23.141361236572266, 0.0, 1431, 1319, 1647, 1621, 37.54047393798828, -5.92238712310791, 0.0, 3.7201876640319824, 1.8926701545715332, -0.0, 0.0, -21.466421127319336, -21.466421127319336, -0.0, -0.0, 34.78825378417969, 34.78825378417969)
(-4.067330837249756, 6.56767463684082, 0.0, 0.0, -1.0, 0.0, -26.457839965820312, -10.41228199005127, 0.0, 32.53864669799805, -60.54139709472656, 0.0, 1554, 1515, 1493, 1456, -9.41802978515625, 40.55663299560547, 0.0, -4.067330837249756, 6.56767463684082, 0.0, 0.0, -0.6992986798286438, -0.6992986798286438, -0.0, -0.0, 19.162975311279297, 19.162975311279297)
(-9.975370407104492, 5.57913875579834, 0.0, -1.0, -1.0, 0.0, -9.770816802978516, -24.610755920410156, 0.0, 71.80296325683594, -52.63311004638672, 0.0, 1529, 1516, 1491, 1482, -8.498140335083008, 56.000526428222656, 0.0, -9.975370407104492, 5.57913875579834, 0.0, 0.0, -1.0527068376541138, -1.0527068376541138, -0.0, -0.0, 5.408468723297119, 5.408468723297119)
(-10.180898666381836, 3.2583670616149902, 0.0, -1.0, -1.0, 0.0, 21.465824127197266, -6.19854211807251, 0.0, 73.44718933105469, -34.06693649291992, 0.0, 1604, 1522, 1436, 1457, 9.044744491577148, -3.0338196754455566, 0.0, -10.180898666381836, 3.2583670616149902, 0.0, 0.0, -25.564985275268555, -25.564985275268555, -0.0, -0.0, 15.171313285827637, 15.171313285827637)
(-8.433150291442871, 2.6789095401763916, 0.0, -1.0, -1.0, 0.0, 18.885671615600586, 19.648786544799805, 0.0, 59.46520233154297, -29.431276321411133, 0.0, 1470, 1484, 1559, 1509, -40.173213958740234, -25.19146156311035, 0.0, -8.433150291442871, 2.6789095401763916, 0.0, 0.0, 16.059974670410156, 16.059974670410156, -0.0, -0.0, 8.950889587402344, 8.950889587402344)
(-5.105997085571289, 6.010488986968994, 0.0, -1.0, -1.0, 0.0, 4.565061092376709, -16.96190071105957, 0.0, 32.84797668457031, -56.08391189575195, 0.0, 1557, 1448, 1521, 1492, 20.336448669433594, -14.186758041381836, 0.0, -5.105997085571289, 6.010488986968994, 0.0, 0.0, -19.781875610351562, -19.781875610351562, -0.0, -0.0, 34.599525451660156, 34.599525451660156)
(-7.307342052459717, 8.907230377197266, 0.0, 0.0, -1.0, 0.0, 18.44292449951172, 28.183137893676758, 0.0, 58.458736419677734, -79.25784301757812, 0.0, 1530, 1464, 1471, 1554, -1.5885345935821533, 7.233209609985352, 0.0, -7.307342052459717, 8.907230377197266, 0.0, 0.0, -37.36117935180664, -37.36117935180664, -0.0, -0.0, -4.095607280731201, -4.095607280731201)
(-4.949833869934082, 7.722440719604492, 0.0, -1.0, -1.0, 0.0, -4.213564872741699, 51.022830963134766, 0.0, 31.598670959472656, -69.77952575683594, 0.0, 1394, 1525, 1516, 1582, -7.084643363952637, -33.40486526489258, 0.0, -4.949833869934082, 7.722440719604492, 0.0, 0.0, 16.197141647338867, 16.197141647338867, -0.0, -0.0, -49.253929138183594, -49.253929138183594)
(-6.431297302246094, 5.3792619705200195, 0.0, -1.0, -1.0, 0.0, -19.709747314453125, -41.771060943603516, 0.0, 43.45037841796875, -51.034095764160156, 0.0, 1531, 1506, 1505, 1477, -2.8062944412231445, -9.954751968383789, 0.0, -6.431297302246094, 5.3792619705200195, 0.0, 0.0, 0.8576186895370483, 0.8576186895370483, -0.0, -0.0, 13.263812065124512, 13.263812065124512)
(-7.8827080726623535, 3.8514506816864014, 0.0, -1.0, -1.0, 0.0, 23.740633010864258, -2.8855648040771484, 0.0, 55.06166458129883, -38.811607360839844, 0.0, 1470, 1519, 1458, 1575, 26.211881637573242, 25.143081665039062, 0.0, -7.8827080726623535, 3.8514506816864014, 0.0, 0.0, -17.178661346435547, -17.178661346435547, -0.0, -0.0, -41.6137580871582, -41.6137580871582)
(-6.563152313232422, 4.277279853820801, 0.0, -1.0, -1.0, 0.0, -0.39677098393440247, 21.251840591430664, 0.0, 44.505218505859375, -42.218238830566406, 0.0, 1527, 1440, 1534, 1517, 8.567434310913086, -33.28191375732422, 0.0, -6.563152313232422, 4.277279853820801, 0.0, 0.0, -17.61363983154297, -17.61363983154297, -0.0, -0.0, 26.13876724243164, 26.13876724243164)
(-2.645129680633545, 7.441896438598633, 0.0, 0.0, -1.0, 0.0, 15.725366592407227, -3.832129716873169, 0.0, 21.16103744506836, -67.53517150878906, 0.0, 1493, 1503, 1506, 1517, 21.725027084350586, -11.344886779785156, 0.0, -2.645129680633545, 7.441896438598633, 0.0, 0.0, -0.4315911531448364, -0.4315911531448364, -0.0, -0.0, -5.096187591552734, -5.096187591552734)
(-4.9968037605285645, 5.440212726593018, 0.0, -1.0, -1.0, 0.0, -4.030358791351318, -34.67182540893555, 0.0, 31.974430084228516, -51.52170181274414, 0.0, 1490, 1382, 1669, 1477, -44.685691833496094, 37.763858795166016, 0.0, -4.9968037605285645, 5.440212726593018, 0.0, 0.0, 21.30194854736328, 21.30194854736328, -0.0, -0.0, 75.06332397460938, 75.06332397460938)
(-4.969311714172363, 1.8913239240646362, 0.0, -1.0, -1.0, 0.0, -25.251731872558594, -49.374114990234375, 0.0, 31.754493713378906, -23.130592346191406, 0.0, 1572, 1442, 1563, 1440, 14.968010902404785, 3.017343521118164, 0.0, -4.969311714172363, 1.8913239240646362, 0.0, 0.0, -1.5942282676696777, -1.5942282676696777, 0.0, -0.0, 63.331295013427734, 63.331295013427734)
(-6.0700364112854, 2.5941572189331055, 0.0, -1.0, -1.0, 0.0, 44.07651138305664, -28.259611129760742, 0.0, 40.5602912902832, -28.753257751464844, 0.0, 1558, 1425, 1527, 1512, 35.90689468383789, -8.577932357788086, 0.0, -6.0700364112854, 2.5941572189331055, -0.0, 0.0, -29.515888214111328, -29.515888214111328, -0.0, -0.0, 36.602542877197266, 36.602542877197266)
(-0.006754912901669741, 0.6565961241722107, 0.0, -1.0, -1.0, 0.0, 0.2902519106864929, 4.213671684265137, 0.0, -7.945960521697998, -13.252769470214844, 0.0, 1406, 1449, 1629, 1534, -11.589221954345703, 27.071197509765625, 0.0, -0.006754912901669741, 0.6565961241722107, -0.0, 0.0, 34.70913314819336, 34.70913314819336, -0.0, -0.0, 13.076210021972656, 13.076210021972656)
(1.9383236169815063, 0.6411087512969971, 0.0, 0.0, -1.0, 0.0, -11.465473175048828, 24.519014358520508, 0.0, -15.50658893585205, -13.128870010375977, 0.0, 1377, 1499, 1545, 1596, -17.296302795410156, -37.85502624511719, 0.0, 1.9383236169815063, 0.6411087512969971, -0.0, 0.0, 17.895187377929688, 17.895187377929688, -0.0, -0.0, -43.406166076660156, -43.406166076660156)
(-5.0983805656433105, 1.2281385660171509, 0.0, -1.0, -1.0, 0.0, -30.854785919189453, -16.259611129760742, 0.0, 32.787044525146484, -17.82510757446289, 0.0, 1486, 1572, 1444, 1516, 8.358528137207031, 14.483366012573242, 0.0, -5.0983805656433105, 1.2281385660171509, 0.0, 0.0, 3.5365819931030273, 3.5365819931030273, -0.0, -0.0, -39.200408935546875, -39.200408935546875)
(-8.765097618103027, -1.1797336339950562, 0.0, -1.0, -1.0, 0.0, -24.992191314697266, 13.190771102905273, 0.0, 62.12078094482422, 1.4378690719604492, 0.0, 1513, 1524, 1548, 1432, -31.270530700683594, 19.73829460144043, 0.0, -8.765097618103027, -1.1797336339950562, 0.0, 0.0, 31.648487091064453, 31.648487091064453, -0.0, -0.0, 26.336576461791992, 26.336576461791992)
(-4.304746150970459, -3.3068485260009766, 0.0, -1.0, -1.0, 0.0, 38.1070442199707, 17.984664916992188, 0.0, 26.437969207763672, 18.454788208007812, 0.0, 1446, 1560, 1500, 1512, -11.059783935546875, -22.081600189208984, 0.0, -4.304746150970459, -3.3068485260009766, -0.0, 0.0, 25.3531551361084, 25.3531551361084, 0.0, -0.0, -31.357250213623047, -31.357250213623047)
(3.813723564147949, -2.7540621757507324, 0.0, -1.0, -1.0, 0.0, 8.809335708618164, 22.045732498168945, 0.0, -38.509788513183594, 14.03249740600586, 0.0, 1455, 1490, 1522, 1551, -4.6849799156188965, 8.297164916992188, 0.0, 3.813723564147949, -2.7540621757507324, -0.0, 0.0, 1.2464474439620972, 1.2464474439620972, -0.0, -0.0, -16.061203002929688, -16.061203002929688)
(4.784595012664795, 2.5312490463256836, 0.0, 0.0, -1.0, 0.0, -10.045625686645508, 25.709854125976562, 0.0, -38.27676010131836, -28.24999237060547, 0.0, 1441, 1441, 1553, 1583, 57.74491500854492, 16.04242706298828, 0.0, 4.784595012664795, 2.5312490463256836, -0.0, 0.0, -7.505243301391602, -7.505243301391602, -0.0, -0.0, -7.275180816650391, -7.275180816650391)
(-2.592991590499878, 3.46803879737854, 0.0, -1.0, -1.0, 0.0, -32.870052337646484, -14.488617897033691, 0.0, 12.743932723999023, -35.74430847167969, 0.0, 1450, 1475, 1569, 1525, -22.898836135864258, -24.602439880371094, 0.0, -2.592991590499878, 3.46803879737854, 0.0, 0.0, 17.42707061767578, 17.42707061767578, -0.0, -0.0, 4.856867790222168, 4.856867790222168)
(-3.4058830738067627, 2.683462381362915, 0.0, -1.0, -1.0, 0.0, 4.244450569152832, -0.36648091673851013, 0.0, 19.2470645904541, -29.46769905090332, 0.0, 1616, 1551, 1438, 1413, 2.2846267223358154, -15.005121231079102, 0.0, -3.4058830738067627, 2.683462381362915, 0.0, 0.0, -9.686141967773438, -9.686141967773438, -0.0, -0.0, 22.446334838867188, 22.446334838867188)
(-3.3608551025390625, 4.700277805328369, 0.0, -1.0, -1.0, 0.0, -31.129594802856445, 36.77855682373047, 0.0, 18.8868408203125, -45.60222244262695, 0.0, 1596, 1507, 1501, 1414, 61.858924865722656, 24.533000946044922, 0.0, -3.3608551025390625, 4.700277805328369, 0.0, 0.0, -0.39318394660949707, -0.39318394660949707, -0.0, -0.0, 43.866302490234375, 43.866302490234375)
(-5.283783912658691, 2.992314100265503, 0.0, -1.0, -1.0, 0.0, 30.320785522460938, -14.580221176147461, 0.0, 34.27027130126953, -31.938512802124023, 0.0, 1616, 1498, 1514, 1390, 21.893341064453125, 55.23759078979492, 0.0, -5.283783912658691, 2.992314100265503, 0.0, 0.0, 1.5296576023101807, 1.5296576023101807, -0.0, -0.0, 60.58296203613281, 60.58296203613281)
(-12.403368949890137, 8.100948333740234, 0.0, 0.0, -1.0, 0.0, -82.39677429199219, -77.54205322265625, 0.0, 99.2269515991211, -72.80758666992188, 0.0, 1438, 1486, 1575, 1518, -36.516937255859375, 28.47525405883789, 0.0, -12.403368949890137, 8.100948333740234, 0.0, 0.0, 26.186323165893555, 26.186323165893555, 0.0, -0.0, 2.3871936798095703, 2.3871936798095703)
(-13.547734260559082, 4.278315544128418, 0.0, -1.0, -1.0, 0.0, 3.0078091621398926, -51.92373275756836, 0.0, 100.38187408447266, -42.226524353027344, 0.0, 1573, 1597, 1464, 1380, -50.1129150390625, 13.004833221435547, 0.0, -13.547734260559082, 4.278315544128418, 0.0, 0.0, 26.856760025024414, 26.856760025024414, 0.0, -0.0, 14.832280158996582, 14.832280158996582)
(-8.78630256652832, 3.4093337059020996, 0.0, -1.0, -1.0, 0.0, 19.725366592407227, -10.67182445526123, 0.0, 62.29042053222656, -35.2746696472168, 0.0, 1497, 1501, 1509, 1507, -26.22041130065918, 41.04905319213867, 0.0, -8.78630256652832, 3.4093337059020996, 0.0, 0.0, 1.3992514610290527, 1.3992514610290527, -0.0, -0.0, -0.18884630501270294, -0.18884630501270294)
(-0.832434356212616, 0.42061641812324524, 0.0, -1.0, -1.0, 0.0, 36.76353454589844, -4.885564804077148, 0.0, -1.3405251502990723, -11.364931106567383, 0.0, 1464, 1488, 1516, 1546, 4.871987342834473, -26.043415069580078, 0.0, -0.832434356212616, 0.42061641812324524, -0.0, 0.0, -1.3296787738800049, -1.3296787738800049, -0.0, -0.0, -13.492596626281738, -13.492596626281738)
(-2.079307794570923, 1.085579514503479, 0.0, -1.0, -1.0, 0.0, 9.099411964416504, 22.045732498168945, 0.0, 8.634462356567383, -16.684635162353516, 0.0, 1479, 1394, 1599, 1533, 28.54387664794922, 45.730892181396484, 0.0, -2.079307794570923, 1.085579514503479, -0.0, 0.0, -4.719760894775391, -4.719760894775391, -0.0, -0.0, 37.78712844848633, 37.78712844848633)
(-0.2717040181159973, 1.6775561571121216, 0.0, 0.0, -1.0, 0.0, -6.610511302947998, 45.11443328857422, 0.0, 2.1736321449279785, -21.420448303222656, 0.0, 1436, 1544, 1486, 1524, -54.17941665649414, 20.31276512145996, 0.0, -0.2717040181159973, 1.6775561571121216, 0.0, 0.0, 17.571697235107422, 17.571697235107422, -0.0, -0.0, -36.67438507080078, -36.67438507080078)
(-3.132449150085449, 2.10365629196167, 0.0, -1.0, -1.0, 0.0, 14.94674015045166, -9.404648780822754, 0.0, 17.059593200683594, -24.82925033569336, 0.0, 1541, 1474, 1469, 1498, 5.320218086242676, -15.122029304504395, 0.0, -3.132449150085449, 2.10365629196167, 0.0, 0.0, -23.9473934173584, -23.9473934173584, -0.0, -0.0, 9.513487815856934, 9.513487815856934)
(-5.442414283752441, 2.2016968727111816, 0.0, -1.0, -1.0, 0.0, 12.488725662231445, 17.8930606842041, 0.0, 35.53931427001953, -25.613574981689453, 0.0, 1503, 1484, 1495, 1497, -3.9638471603393555, -7.414361000061035, 0.0, -5.442414283752441, 2.2016968727111816, 0.0, 0.0, -5.133110523223877, -5.133110523223877, -0.0, -0.0, 4.273928165435791, 4.273928165435791)
(-5.203383445739746, 1.8345731496810913, 0.0, -1.0, -1.0, 0.0, 11.374221801757812, 4.961763381958008, 0.0, 33.62706756591797, -22.676586151123047, 0.0, 1497, 1499, 1498, 1485, -32.94931411743164, -34.18621063232422, 0.0, -5.203383445739746, 1.8345731496810913, 0.0, 0.0, 3.8231844902038574, 3.8231844902038574, -0.0, -0.0, 2.697085380554199, 2.697085380554199)
(-6.408254623413086, 2.7682902812957764, 0.0, -1.0, -1.0, 0.0, -7.725015163421631, 27.740388870239258, 0.0, 43.26603698730469, -30.14632225036621, 0.0, 1304, 1462, 1396, 1508, -47.309139251708984, -31.67551612854004, 0.0, -6.408254623413086, 2.7682902812957764, 0.0, 0.0, 11.42186164855957, 11.42186164855957, -0.0, -0.0, -67.25106811523438, -67.25106811523438)
(-4.913486003875732, -0.5837984681129456, 0.0, 0.0, -1.0, 0.0, 29.87803840637207, -38.06113815307617, 0.0, 39.30788803100586, -3.3296122550964355, 0.0, 1000, 1000, 1000, 1000, 1.8846482038497925, -18.005023956298828, 0.0, -4.913486003875732, -0.5837984681129456, 0.0, 0.0, -6.645301342010498, -6.645301342010498, 0.0, -0.0, 2.369492292404175, 2.369492292404175)
(0.2035904973745346, -2.944441795349121, 0.0, -1.0, -1.0, 0.0, 2.5039923191070557, 21.770923614501953, 0.0, -9.628724098205566, 15.555534362792969, 0.0, 1000, 1000, 1000, 1000, 8.631837844848633, -1.2565827369689941, 0.0, 0.2035904973745346, -2.944441795349121, -0.0, 0.0, 2.5242998600006104, 2.5242998600006104, -0.0, -0.0, -2.829035758972168, -2.829035758972168)
(-2.6883645057678223, -0.9506348371505737, 0.0, -1.0, -1.0, 0.0, -21.755550384521484, -2.58022141456604, 0.0, 13.506916046142578, -0.39492130279541016, 0.0, 1000, 1000, 1000, 1000, -5.622913837432861, -6.561529636383057, 0.0, -2.6883645057678223, -0.9506348371505737, 0.0, 0.0, -0.8015394806861877, -0.8015394806861877, 0.0, -0.0, -0.7755078077316284, -0.7755078077316284)
(-6.268208026885986, -3.048940658569336, 0.0, -1.0, -1.0, 0.0, 0.030709924176335335, 14.106801986694336, 0.0, 42.14566421508789, 16.391525268554688, 0.0, 1000, 1000, 1000, 1000, -8.72448444366455, -6.959285259246826, 0.0, -6.268208026885986, -3.048940658569336, 0.0, 0.0, -0.6034076809883118, -0.6034076809883118, 0.0, -0.0, -3.7028703689575195, -3.7028703689575195)
(-3.626936912536621, -1.2896575927734375, 0.0, -1.0, -1.0, 0.0, 15.649030685424805, 0.41214504837989807, 0.0, 21.01549530029297, 2.3172607421875, 0.0, 1000, 1000, 1000, 1000, -3.3922500610351562, -3.3224079608917236, 0.0, -3.626936912536621, -1.2896575927734375, 0.0, 0.0, -0.5638119578361511, -0.5638119578361511, 0.0, -0.0, 0.37135547399520874, 0.37135547399520874)
(-1.526840090751648, -2.7813076972961426, 0.0, 0.0, -1.0, 0.0, -5.037992477416992, 0.6258854866027832, 0.0, 4.214720726013184, 22.25046157836914, 0.0, 1000, 1000, 1000, 1000, 4.444993019104004, -9.087150573730469, 0.0, -1.526840090751648, -2.7813076972961426, 0.0, 0.0, 0.08897189795970917, 0.08897189795970917, 0.0, -0.0, -1.6109538078308105, -1.6109538078308105)
(-2.601916790008545, -1.2083913087844849, 0.0, -1.0, -1.0, 0.0, 2.6261298656463623, 2.839625835418701, 0.0, 12.81533432006836, 1.667130470275879, 0.0, 1000, 1000, 1000, 1000, 0.3612205982208252, -3.6635806560516357, 0.0, -2.601916790008545, -1.2083913087844849, 0.0, 0.0, -0.4139145314693451, -0.4139145314693451, -0.0, -0.0, 1.5381170511245728, 1.5381170511245728)
(-1.817509651184082, -1.9183541536331177, 0.0, -1.0, -1.0, 0.0, 1.1910152435302734, 1.6640534400939941, 0.0, 6.540077209472656, 7.346833229064941, 0.0, 1000, 1000, 1000, 1000, 1.485230565071106, -3.375063180923462, 0.0, -1.817509651184082, -1.9183541536331177, 0.0, 0.0, -0.7131069898605347, -0.7131069898605347, 0.0, -0.0, 1.7470394372940063, 1.7470394372940063)
(-2.5263733863830566, -4.559140682220459, 0.0, -1.0, -1.0, 0.0, -19.450206756591797, -23.60312271118164, 0.0, 12.210987091064453, 28.473125457763672, 0.0, 1000, 1000, 1000, 1000, -0.4173712730407715, -9.743326187133789, 0.0, -2.5263733863830566, -4.559140682220459, 0.0, 0.0, 1.4963390827178955, 1.4963390827178955, 0.0, -0.0, 0.6417173743247986, 0.6417173743247986)
(-8.854060173034668, -10.649386405944824, 0.0, -1.0, -1.0, 0.0, -21.205930709838867, -7.648923873901367, 0.0, 62.832481384277344, 77.1950912475586, 0.0, 1000, 1000, 1000, 1000, -9.520482063293457, -18.574329376220703, 0.0, -8.854060173034668, -10.649386405944824, 0.0, 0.0, 0.06174975261092186, 0.06174975261092186, 0.0, -0.0, -2.5132696628570557, -2.5132696628570557)
(-8.828103065490723, -11.361214637756348, 0.0, -1.0, 0.0, 0.0, 7.572694778442383, 1.9541298151016235, 0.0, 62.62482452392578, 90.88971710205078, 0.0, 1000, 1000, 1000, 1000, -8.014708518981934, -17.574779510498047, 0.0, -8.828103065490723, -11.361214637756348, 0.0, 0.0, -1.1185998916625977, -1.1185998916625977, 0.0, -0.0, 0.09671397507190704, 0.09671397507190704)
(-7.996891498565674, -11.090791702270508, 0.0, -1.0, -1.0, 0.0, -15.389137268066406, 27.87779426574707, 0.0, 55.97513198852539, 80.72633361816406, 0.0, 1000, 1000, 1000, 1000, -4.031524181365967, -8.185505867004395, 0.0, -7.996891498565674, -11.090791702270508, 0.0, 0.0, 5.268371105194092, 5.268371105194092, 0.0, -0.0, 0.7058783173561096, 0.7058783173561096)
(-9.41162395477295, -9.710039138793945, 0.0, -1.0, -1.0, 0.0, -1.1143282651901245, 25.450313568115234, 0.0, 67.2929916381836, 69.68031311035156, 0.0, 1000, 1000, 1000, 1000, -17.843509674072266, -13.286754608154297, 0.0, -9.41162395477295, -9.710039138793945, 0.0, 0.0, -0.5516728162765503, -0.5516728162765503, 0.0, -0.0, -4.4101057052612305, -4.4101057052612305)
(-9.5088472366333, -12.233951568603516, 0.0, -1.0, -1.0, 0.0, -1.9540228843688965, -1.6947251558303833, 0.0, 68.0707778930664, 89.87161254882812, 0.0, 1000, 1000, 1000, 1000, -10.110977172851562, -18.364299774169922, 0.0, -9.5088472366333, -12.233951568603516, 0.0, 0.0, 0.029473433271050453, 0.029473433271050453, 0.0, -0.0, -0.11104463785886765, -0.11104463785886765)
(-9.137784957885742, -5.153900623321533, 0.0, -1.0, -1.0, 0.0, -11.709748268127441, -17.007701873779297, 0.0, 65.10227966308594, 33.231204986572266, 0.0, 1000, 1000, 1000, 1000, -9.439434051513672, 2.330120086669922, 0.0, -9.137784957885742, -5.153900623321533, 0.0, 0.0, -4.35083532333374, -4.35083532333374, 0.0, -0.0, 8.518120765686035, 8.518120765686035)
(-8.819564819335938, -4.417275428771973, 0.0, -1.0, 0.0, 0.0, 2.488725185394287, 3.770923614501953, 0.0, 62.5565185546875, 35.33820343017578, 0.0, 1000, 1000, 1000, 1000, -8.724163055419922, -6.49822998046875, 0.0, -8.819564819335938, -4.417275428771973, 0.0, 0.0, -0.3766684830188751, -0.3766684830188751, 0.0, -0.0, 0.6236279606819153, 0.6236279606819153)
(-8.737486839294434, -4.331704616546631, 0.0, -1.0, -1.0, 0.0, 0.22918321192264557, 1.725122094154358, 0.0, 61.89989471435547, 26.653636932373047, 0.0, 1000, 1000, 1000, 1000, -8.471840858459473, -9.223552703857422, 0.0, -8.737486839294434, -4.331704616546631, 0.0, 0.0, -0.5528658628463745, -0.5528658628463745, 0.0, -0.0, -0.22500354051589966, -0.22500354051589966)
(-8.674813270568848, -4.293912887573242, 0.0, -1.0, -1.0, 0.0, -0.167763352394104, 1.4655801057815552, 0.0, 61.39850616455078, 26.351303100585938, 0.0, 1000, 1000, 1000, 1000, -7.49488639831543, -7.616137504577637, 0.0, -8.674813270568848, -4.293912887573242, 0.0, 0.0, -0.14289693534374237, -0.14289693534374237, 0.0, -0.0, -0.029532724991440773, -0.029532724991440773)
(-8.650946617126465, -4.284156322479248, 0.0, -1.0, -1.0, 0.0, -0.6105114221572876, 1.2518396377563477, 0.0, 61.20757293701172, 26.273250579833984, 0.0, 1000, 1000, 1000, 1000, -7.3535261154174805, -7.692164421081543, 0.0, -8.650946617126465, -4.284156322479248, 0.0, 0.0, 0.009986182674765587, 0.009986182674765587, 0.0, -0.0, -0.044504813849925995, -0.044504813849925995)
(-8.641477584838867, -4.2870354652404785, 0.0, -1.0, -1.0, 0.0, -0.2899007499217987, 1.2823740243911743, 0.0, 61.13182067871094, 26.296283721923828, 0.0, 1000, 1000, 1000, 1000, -7.866403579711914, -7.917577743530273, 0.0, -8.641477584838867, -4.2870354652404785, 0.0, 0.0, -0.3334537148475647, -0.3334537148475647, 0.0, -0.0, -0.01941538229584694, -0.01941538229584694)
(-8.625970840454102, -4.2824602127075195, 0.0, -1.0, -1.0, 0.0, -0.3662366271018982, 1.2213053703308105, 0.0, 61.00776672363281, 26.259681701660156, 0.0, 1000, 1000, 1000, 1000, -7.70114803314209, -7.567353248596191, 0.0, -8.625970840454102, -4.2824602127075195, 0.0, 0.0, -0.10159028321504593, -0.10159028321504593, 0.0, -0.0, -0.009393264539539814, -0.009393264539539814)
(-8.612125396728516, -4.28325891494751, 0.0, -1.0, -1.0, 0.0, -0.4883740544319153, 1.1907709836959839, 0.0, 60.897003173828125, 26.266071319580078, 0.0, 1000, 1000, 1000, 1000, -7.308788299560547, -7.306153297424316, 0.0, -8.612125396728516, -4.28325891494751, 0.0, 0.0, -0.12054210901260376, -0.12054210901260376, 0.0, -0.0, 0.059981778264045715, 0.059981778264045715)
(-8.59935188293457, -4.276930809020996, 0.0, -1.0, -1.0, 0.0, -0.3815038204193115, 1.3281755447387695, 0.0, 60.79481506347656, 26.21544647216797, 0.0, 1000, 1000, 1000, 1000, -7.377096176147461, -7.594033718109131, 0.0, -8.59935188293457, -4.276930809020996, 0.0, 0.0, -7.523469924926758, -7.523469924926758, 0.0, -0.0, -0.14961308240890503, -0.14961308240890503)
(-8.58484172821045, -4.275053977966309, 0.0, -1.0, -1.0, 0.0, -0.457839697599411, 1.3281755447387695, 0.0, 60.678733825683594, 26.20043182373047, 0.0, 1000, 1000, 1000, 1000, -7.346013069152832, -7.5384650230407715, 0.0, -8.58484172821045, -4.275053977966309, 0.0, 0.0, 0.1147494688630104, 0.1147494688630104, 0.0, -0.0, 0.11606467515230179, 0.11606467515230179)
(-8.571416854858398, -4.271013259887695, 0.0, -1.0, -1.0, 0.0, -0.42730534076690674, 1.2518396377563477, 0.0, 60.57133483886719, 26.168106079101562, 0.0, 1000, 1000, 1000, 1000, -7.36076545715332, -7.516240119934082, 0.0, -8.571416854858398, -4.271013259887695, 0.0, 0.0, -0.04053046181797981, -0.04053046181797981, 0.0, -0.0, -0.005860908422619104, -0.005860908422619104)
(-8.561092376708984, -4.274726390838623, 0.0, -1.0, -1.0, 0.0, -0.3815038204193115, 1.3281755447387695, 0.0, 60.488739013671875, 26.197811126708984, 0.0, 1000, 1000, 1000, 1000, -7.235628128051758, -7.451926231384277, 0.0, -8.561092376708984, -4.274726390838623, 0.0, 0.0, -0.09394702315330505, -0.09394702315330505, 0.0, -0.0, -0.15530329942703247, -0.15530329942703247)
(-8.549641609191895, -4.275579929351807, 0.0, -1.0, -1.0, 0.0, -0.3815038204193115, 1.3434427976608276, 0.0, 60.397132873535156, 26.204639434814453, 0.0, 1000, 1000, 1000, 1000, -7.60977840423584, -7.601188659667969, 0.0, -8.549641609191895, -4.275579929351807, 0.0, 0.0, 0.004103714134544134, 0.004103714134544134, 0.0, -0.0, -0.0935930609703064, -0.0935930609703064)