
(0.7718441486358643, -0.5989127159118652, 0.0, 0.0, 0.0, 0.0, -0.5646870136260986, 1.2058626413345337, 0.0, -6.174753189086914, 4.791301727294922, 0.0, 1000, 1000, 1000, 1000, 0.7718441486358643, -0.5989127159118652, 0.0, 0.7718441486358643, -0.5989127159118652, -0.0, -0.0, -3.5231215953826904, -3.5231215953826904, 0.0, 0.0, 2.2516558170318604, 2.2516558170318604)
(0.691559374332428, -0.31050997972488403, 0.0, 0.0, 0.0, 0.0, -0.3967480957508087, 1.282198429107666, 0.0, -5.532474994659424, 2.4840798377990723, 0.0, 1000, 1000, 1000, 1000, 0.9690032005310059, -0.34047460556030273, 0.0, 0.691559374332428, -0.31050997972488403, -0.0, -0.0, 0.10777010768651962, 0.10777010768651962, 0.0, 0.0, -0.23028559982776642, -0.23028559982776642)
(0.628002941608429, -0.04515848308801651, 0.0, 0.0, 0.0, 0.0, -0.28987786173820496, 1.5264732837677002, 0.0, -5.024023532867432, 0.3612678647041321, 0.0, 1000, 1000, 1000, 1000, 0.9404181241989136, -0.4999809265136719, 0.0, 0.628002941608429, -0.04515848308801651, -0.0, -0.0, -0.0037958757020533085, -0.0037958757020533085, -0.0, 0.0, -0.3407106101512909, -0.3407106101512909)
(0.5717719197273254, 0.21426454186439514, 0.0, 0.0, 0.0, 0.0, -0.3967480957508087, 1.587541937828064, 0.0, -4.5741753578186035, -1.7141163349151611, 0.0, 1000, 1000, 1000, 1000, 1.2941210269927979, -0.9115514755249023, 0.0, 0.5717719197273254, 0.21426454186439514, -0.0, -0.0, 0.9156043529510498, 0.9156043529510498, -0.0, 0.0, -0.36641260981559753, -0.36641260981559753)
(0.514542818069458, 0.43115079402923584, 0.0, 0.0, 0.0, 0.0, -0.427282452583313, 1.4196031093597412, 0.0, -4.116342544555664, -3.4492063522338867, 0.0, 1000, 1000, 1000, 1000, 0.997184157371521, -0.3457059860229492, 0.0, 0.514542818069458, 0.43115079402923584, -0.0, -0.0, 0.07237392663955688, 0.07237392663955688, -0.0, 0.0, -0.26089155673980713, -0.26089155673980713)
(0.45756539702415466, 0.6295439600944519, 0.0, 0.0, 0.0, 0.0, -0.3814809024333954, 1.2669312953948975, 0.0, -3.6605231761932373, -5.036351680755615, 0.0, 1000, 1000, 1000, 1000, 1.0133683681488037, -0.5787625312805176, 0.0, 0.45756539702415466, 0.6295439600944519, -0.0, -0.0, 0.010388799011707306, 0.010388799011707306, -0.0, 0.0, -0.1254456639289856, -0.1254456639289856)
(0.41678085923194885, 0.8108183145523071, 0.0, 0.0, 0.0, 0.0, -0.5341526865959167, 1.2058626413345337, 0.0, -3.334246873855591, -6.486546516418457, 0.0, 1000, 1000, 1000, 1000, 1.3329102993011475, -0.8575005531311035, 0.0, 0.41678085923194885, 0.8108183145523071, -0.0, -0.0, 0.11565232276916504, 0.11565232276916504, -0.0, -0.0, 1.6848546266555786, 1.6848546266555786)
(0.3783935606479645, 0.9756267070770264, 0.0, 0.0, 0.0, 0.0, -0.1830076277256012, 0.7783817052841187, 0.0, -3.027148485183716, -7.805013656616211, 0.0, 1000, 1000, 1000, 1000, 1.4301010370254517, -0.6677975654602051, 0.0, 0.3783935606479645, 0.9756267070770264, -0.0, -0.0, -0.13796836137771606, -0.13796836137771606, -0.0, -0.0, 0.2555657923221588, 0.2555657923221588)
(0.3377593755722046, 1.1302975416183472, 0.0, 0.0, 0.0, 0.0, -0.36621373891830444, 1.0989923477172852, 0.0, -2.7020750045776367, -9.042380332946777, 0.0, 1000, 1000, 1000, 1000, 1.2166955471038818, -0.582146167755127, 0.0, 0.3377593755722046, 1.1302975416183472, -0.0, -0.0, 1.0443964004516602, 1.0443964004516602, -0.0, -0.0, -0.0022033806890249252, -0.0022033806890249252)
(0.3010362386703491, 1.2645292282104492, 0.0, 0.0, 0.0, 0.0, -0.427282452583313, 1.3279999494552612, 0.0, -2.408289909362793, -18.116233825683594, 0.0, 1000, 1000, 1000, 1000, 0.7383458614349365, -0.3133583068847656, 0.0, 0.3010362386703491, 1.2645292282104492, -0.0, -0.0, 0.04883753880858421, 0.04883753880858421, -0.0, -0.0, -3.1349523067474365, -3.1349523067474365)
(0.2665730118751526, 1.3896647691726685, 0.0, 0.0, 0.0, 0.0, -0.5188854932785034, 1.1142596006393433, 0.0, -2.1325840950012207, -11.117318153381348, 0.0, 1000, 1000, 1000, 1000, 1.0622822046279907, -0.2760281562805176, 0.0, 0.2665730118751526, 1.3896647691726685, -0.0, -0.0, 0.09682177752256393, 0.09682177752256393, -0.0, -0.0, -0.007479755207896233, -0.007479755207896233)
(0.24194340407848358, 1.5078375339508057, 0.0, 0.0, 0.0, 0.0, -0.33567938208580017, 1.480671763420105, 0.0, -1.9355472326278687, -12.062700271606445, 0.0, 1000, 1000, 1000, 1000, 0.8306982517242432, -0.5464091300964355, 0.0, 0.24194340407848358, 1.5078375339508057, -0.0, -0.0, 1.7650270462036133, 1.7650270462036133, -0.0, -0.0, -0.19322431087493896, -0.19322431087493896)
(0.22019590437412262, 1.6250330209732056, 0.0, 0.0, 0.0, 0.0, -1.0685038566589355, 1.8470839262008667, 0.0, -1.761567234992981, -13.000264167785645, 0.0, 1000, 1000, 1000, 1000, 1.3283120393753052, -0.614586353302002, 0.0, 0.22019590437412262, 1.6250330209732056, -0.0, -0.0, 0.5097712278366089, 0.5097712278366089, -0.0, -0.0, -0.43673771619796753, -0.43673771619796753)
(0.18725436925888062, 1.7226145267486572, 0.0, 0.0, 0.0, 0.0, -0.07613740116357803, 1.05319082736969, 0.0, -1.498034954071045, -13.780916213989258, 0.0, 1000, 1000, 1000, 1000, 1.0535452365875244, -0.7598156929016113, 0.0, 0.18725436925888062, 1.7226145267486572, -0.0, -0.0, -0.2183612883090973, -0.2183612883090973, -0.0, -0.0, 0.07711832225322723, 0.07711832225322723)
(0.16771727800369263, 1.8140276670455933, 0.0, 0.0, -1.0, 0.0, -0.4730839729309082, 0.9921221137046814, 0.0, -1.341738224029541, -22.512222290039062, 0.0, 1000, 1000, 1000, 1000, 0.734779953956604, -0.621180534362793, 0.0, 0.16771727800369263, 1.8140276670455933, -0.0, -0.0, 0.09219169616699219, 0.09219169616699219, -0.0, -0.0, -3.4023680686950684, -3.4023680686950684)
(0.14885462820529938, 1.8932067155838013, 0.0, 0.0, 0.0, 0.0, -0.3967480957508087, 1.4196031093597412, 0.0, -1.190837025642395, -15.14565372467041, 0.0, 1000, 1000, 1000, 1000, 0.6943893432617188, -0.562950611114502, 0.0, 0.14885462820529938, 1.8932067155838013, -0.0, -0.0, 0.06792449206113815, 0.06792449206113815, -0.0, -0.0, -0.09010443091392517, -0.09010443091392517)
(0.13336628675460815, 1.9637137651443481, 0.0, 0.0, 0.0, 0.0, -0.3967480957508087, 1.2058626413345337, 0.0, -1.0669302940368652, -15.709710121154785, 0.0, 1000, 1000, 1000, 1000, 0.8154059648513794, -0.8737287521362305, 0.0, 0.13336628675460815, 1.9637137651443481, -0.0, -0.0, 2.153852701187134, 2.153852701187134, -0.0, -0.0, 0.032063111662864685, 0.032063111662864685)
(0.10487033426761627, 2.0167346000671387, 0.0, 0.0, -1.0, 0.0, -0.7478931546211243, 0.3509007692337036, 0.0, -0.8389626741409302, -16.13387680053711, 0.0, 1000, 1000, 1000, 1000, 0.1808915138244629, 0.10535860061645508, 0.0, 0.10487033426761627, 2.0167346000671387, -0.0, -0.0, 0.14102160930633545, 0.14102160930633545, -0.0, -0.0, 0.5132505297660828, 0.5132505297660828)
(0.0755547508597374, 2.062713623046875, 0.0, 0.0, 0.0, 0.0, -0.6868244409561157, 1.2058626413345337, 0.0, -0.6044380068778992, -16.501708984375, 0.0, 1000, 1000, 1000, 1000, 1.6991815567016602, -0.40762996673583984, 0.0, 0.0755547508597374, 2.062713623046875, 0.0, -0.0, -0.06010336056351662, -0.06010336056351662, -0.0, -0.0, -0.23365896940231323, -0.23365896940231323)
(-3.980624198913574, -2.2630300521850586, 0.0, 0.0, -1.0, 0.0, -53.22117614746094, -55.786502838134766, 0.0, 31.844993591308594, 10.104240417480469, 0.0, 1000, 1000, 1000, 1000, -2.6540966033935547, -3.0574536323547363, 0.0, -3.980624198913574, -2.2630300521850586, 0.0, -0.0, 14.11776351928711, 14.11776351928711, 0.0, -0.0, 10.996346473693848, 10.996346473693848)
(-7.218273162841797, -5.940682411193848, 0.0, 0.0, 0.0, 0.0, -3.663923740386963, 0.6715114712715149, 0.0, 57.746185302734375, 47.52545928955078, 0.0, 1000, 1000, 1000, 1000, -12.774620056152344, -8.648454666137695, 0.0, -7.218273162841797, -5.940682411193848, 0.0, 0.0, 2.039344549179077, 2.039344549179077, 0.0, -0.0, 0.8052479028701782, 0.8052479028701782)
(-7.2574663162231445, -6.866672515869141, 0.0, 0.0, 0.0, 0.0, -1.0379694700241089, -13.939175605773926, 0.0, 58.059730529785156, 54.933380126953125, 0.0, 1000, 1000, 1000, 1000, -8.607219696044922, -12.736093521118164, 0.0, -7.2574663162231445, -6.866672515869141, 0.0, 0.0, 1.3747106790542603, 1.3747106790542603, 0.0, -0.0, 4.090961933135986, 4.090961933135986)
(-6.747259616851807, -15.169916152954102, 0.0, 0.0, -1.0, 0.0, -3.6028549671173096, -10.504060745239258, 0.0, 53.97807693481445, 121.35932922363281, 0.0, 1000, 1000, 1000, 1000, -7.706930160522461, -19.609272003173828, 0.0, -6.747259616851807, -15.169916152954102, 0.0, 0.0, 5.027772903442383, 5.027772903442383, 0.0, 0.0, -4.283932685852051, -4.283932685852051)
(-12.133337020874023, -11.099013328552246, 0.0, 0.0, 0.0, 0.0, 4.8246259689331055, 19.22113037109375, 0.0, 97.06669616699219, 88.79210662841797, 0.0, 1000, 1000, 1000, 1000, -13.422572135925293, -10.691490173339844, 0.0, -12.133337020874023, -11.099013328552246, 0.0, 0.0, -5.293043613433838, -5.293043613433838, 0.0, 0.0, -1.6247353553771973, -1.6247353553771973)
(-1.2491728067398071, -6.214585781097412, 0.0, -1.0, 0.0, 0.0, 43.51165008544922, 21.786014556884766, 0.0, 1.993382453918457, 49.7166862487793, 0.0, 1000, 1000, 1000, 1000, 3.1808152198791504, -10.123321533203125, 0.0, -1.2491728067398071, -6.214585781097412, -0.0, 0.0, -6.722135066986084, -6.722135066986084, 0.0, 0.0, -1.4077763557434082, -1.4077763557434082)
(2.3066608905792236, 2.7257347106933594, 0.0, 0.0, 0.0, 0.0, -16.625755310058594, 8.77838134765625, 0.0, -18.45328712463379, -21.805877685546875, 0.0, 1000, 1000, 1000, 1000, 2.1389389038085938, 7.054762840270996, 0.0, 2.3066608905792236, 2.7257347106933594, -0.0, 0.0, 5.887363910675049, 5.887363910675049, -0.0, 0.0, 8.296669960021973, 8.296669960021973)
(0.604209840297699, 3.564751625061035, 0.0, 0.0, 0.0, 0.0, 23.893327713012695, 5.236396789550781, 0.0, -4.833678722381592, -28.51801300048828, 0.0, 1000, 1000, 1000, 1000, -2.3112564086914062, 2.7026500701904297, 0.0, 0.604209840297699, 3.564751625061035, -0.0, 0.0, -7.703425884246826, -7.703425884246826, -0.0, 0.0, -0.4950832724571228, -0.4950832724571228)
(1.7998450994491577, 4.23937463760376, 0.0, 0.0, 0.0, 0.0, -25.068504333496094, 7.526473045349121, 0.0, -14.398760795593262, -33.91499710083008, 0.0, 1000, 1000, 1000, 1000, 3.5363643169403076, 1.814779281616211, 0.0, 1.7998450994491577, 4.23937463760376, 0.0, 0.0, 7.269039154052734, 7.269039154052734, -0.0, 0.0, 0.8653326630592346, 0.8653326630592346)
(0.5272297859191895, 4.084270000457764, 0.0, 0.0, 0.0, 0.0, 6.946763515472412, 0.5646412372589111, 0.0, -4.217838287353516, -32.67416000366211, 0.0, 1000, 1000, 1000, 1000, 1.3067889213562012, 1.675771713256836, 0.0, 0.5272297859191895, 4.084270000457764, -0.0, 0.0, -0.8162761926651001, -0.8162761926651001, -0.0, 0.0, 0.6213641166687012, 0.6213641166687012)
(0.4001506567001343, 4.191843509674072, 0.0, 0.0, 0.0, 0.0, 3.633786201477051, -1.374290108680725, 0.0, -3.201205253601074, -33.53474807739258, 0.0, 1000, 1000, 1000, 1000, 0.7742811441421509, 2.9460253715515137, 0.0, 0.4001506567001343, 4.191843509674072, -0.0, 0.0, -2.0298118591308594, -2.0298118591308594, -0.0, 0.0, 0.4606652557849884, 0.4606652557849884)
(0.8595441579818726, 3.660295009613037, 0.0, 0.0, 0.0, 0.0, -2.5036182403564453, -1.5727633237838745, 0.0, -6.8763532638549805, -29.282360076904297, 0.0, 1000, 1000, 1000, 1000, 1.7113796472549438, 1.8214216232299805, 0.0, 0.8595441579818726, 3.660295009613037, -0.0, 0.0, 0.726194441318512, 0.726194441318512, -0.0, 0.0, -0.3519180417060852, -0.3519180417060852)
(0.1584160029888153, 3.416748523712158, 0.0, 0.0, 0.0, 0.0, 2.381877899169922, -2.6261985301971436, 0.0, -1.2673280239105225, -27.333988189697266, 0.0, 1000, 1000, 1000, 1000, 0.7416830062866211, 1.5751051902770996, 0.0, 0.1584160029888153, 3.416748523712158, -0.0, 0.0, -1.5013453960418701, -1.5013453960418701, -0.0, -0.0, 1.6442477703094482, 1.6442477703094482)
(0.39458027482032776, 2.7095179557800293, 0.0, 0.0, 0.0, 0.0, -1.5417863130569458, -7.969709873199463, 0.0, -3.156642198562622, -21.676143646240234, 0.0, 1000, 1000, 1000, 1000, 0.6454503536224365, 0.39487218856811523, 0.0, 0.39458027482032776, 2.7095179557800293, -0.0, 0.0, -0.014259237796068192, -0.014259237796068192, -0.0, -0.0, 2.8753511905670166, 2.8753511905670166)
(0.44486337900161743, 1.3555209636688232, 0.0, 0.0, 0.0, 0.0, -0.9463664293289185, -3.145282506942749, 0.0, -3.5589070320129395, -10.844167709350586, 0.0, 1000, 1000, 1000, 1000, 2.417470932006836, -1.867436408996582, 0.0, 0.44486337900161743, 1.3555209636688232, -0.0, 0.0, -0.03592950850725174, -0.03592950850725174, -0.0, -0.0, 0.4371132254600525, 0.4371132254600525)
(0.786842942237854, 0.994844377040863, 0.0, -1.0, 0.0, 0.0, -2.870030641555786, 1.4654046297073364, 0.0, -14.294743537902832, -7.958755016326904, 0.0, 1000, 1000, 1000, 1000, 1.7881078720092773, -0.7279434204101562, 0.0, 0.786842942237854, 0.994844377040863, -0.0, 0.0, -3.7149312496185303, -3.7149312496185303, -0.0, -0.0, -0.1679384410381317, -0.1679384410381317)
(0.7520577907562256, 0.9537782073020935, 0.0, 0.0, 0.0, 0.0, -2.54941987991333, 6.030290126800537, 0.0, -6.016462326049805, -7.630225658416748, 0.0, 1000, 1000, 1000, 1000, 1.9399620294570923, -1.9967303276062012, 0.0, 0.7520577907562256, 0.9537782073020935, -0.0, 0.0, 1.3795815706253052, 1.3795815706253052, -0.0, -0.0, -2.449655532836914, -2.449655532836914)
(-0.9202386140823364, 1.5763516426086426, 0.0, 0.0, 0.0, 0.0, -8.717358589172363, -3.0231449604034424, 0.0, 7.361908912658691, -12.61081314086914, 0.0, 1000, 1000, 1000, 1000, -0.4046013355255127, -0.015329360961914062, 0.0, -0.9202386140823364, 1.5763516426086426, 0.0, 0.0, 1.1571850776672363, 1.1571850776672363, -0.0, -0.0, 1.3479808568954468, 1.3479808568954468)
(-0.756587028503418, 0.5669907331466675, 0.0, 0.0, 0.0, 0.0, 3.9391298294067383, 2.885251998901367, 0.0, 6.052696228027344, -4.53592586517334, 0.0, 1000, 1000, 1000, 1000, -0.3626439571380615, -3.1071419715881348, 0.0, -0.756587028503418, 0.5669907331466675, 0.0, 0.0, 0.014529195614159107, 0.014529195614159107, -0.0, -0.0, -1.32184636592865, -1.32184636592865)
(0.09239678829908371, 1.5222904682159424, 0.0, 0.0, 0.0, 0.0, 4.01546573638916, 8.747847557067871, 0.0, -0.7391743063926697, -12.178323745727539, 0.0, 1000, 1000, 1000, 1000, 0.7630077600479126, -0.9541025161743164, 0.0, 0.09239678829908371, 1.5222904682159424, -0.0, 0.0, -0.1820753514766693, -0.1820753514766693, -0.0, -0.0, -1.8502610921859741, -1.8502610921859741)
(0.8048660755157471, 1.7748991250991821, 0.0, 0.0, 0.0, 0.0, 2.839893102645874, -2.610931396484375, 0.0, -6.438928604125977, -14.199193000793457, 0.0, 1000, 1000, 1000, 1000, 1.6774022579193115, -1.5876836776733398, 0.0, 0.8048660755157471, 1.7748991250991821, -0.0, 0.0, 0.09131962060928345, 0.09131962060928345, -0.0, -0.0, 1.786524772644043, 1.786524772644043)
(0.4508337080478668, 1.2129374742507935, 0.0, 0.0, 0.0, 0.0, -5.465450286865234, 4.274564743041992, 0.0, -3.6066696643829346, -9.703499794006348, 0.0, 1000, 1000, 1000, 1000, 1.4585402011871338, -1.719419002532959, 0.0, 0.4508337080478668, 1.2129374742507935, 0.0, 0.0, 1.4191213846206665, 1.4191213846206665, -0.0, -0.0, -1.3879374265670776, -1.3879374265670776)
(-0.7891163229942322, 1.983203411102295, 0.0, 0.0, 0.0, 0.0, -0.6104885339736938, 2.457771062850952, 0.0, 6.312930583953857, -15.86562728881836, 0.0, 1000, 1000, 1000, 1000, -0.07283782958984375, -0.3319735527038574, 0.0, -0.7891163229942322, 1.983203411102295, 0.0, 0.0, -0.8041656613349915, -0.8041656613349915, -0.0, -0.0, 0.10189691185951233, 0.10189691185951233)
(-0.0005132342921569943, 1.9434771537780762, 0.0, 0.0, 0.0, 0.0, -0.28987786173820496, 0.6715114712715149, 0.0, 0.004105874337255955, -15.54781723022461, 0.0, 1000, 1000, 1000, 1000, 1.3805056810379028, -1.0987837314605713, 0.0, -0.0005132342921569943, 1.9434771537780762, 0.0, 0.0, 0.72125643491745, 0.72125643491745, -0.0, -0.0, 0.017468933016061783, 0.017468933016061783)
(-0.6330007910728455, 1.8226983547210693, 0.0, 0.0, 0.0, 0.0, -2.121938943862915, -3.068946599960327, 0.0, 5.064006328582764, -14.581586837768555, 0.0, 1000, 1000, 1000, 1000, 0.05379128456115723, -1.1821162700653076, 0.0, -0.6330007910728455, 1.8226983547210693, 0.0, 0.0, -0.2163250744342804, -0.2163250744342804, -0.0, -0.0, 0.7106175422668457, 0.7106175422668457)
(-0.7450823187828064, 1.2940547466278076, 0.0, 0.0, 0.0, 0.0, -0.9769007563591003, 2.824183225631714, 0.0, 5.960658550262451, -10.352437973022461, 0.0, 1000, 1000, 1000, 1000, -0.7209970951080322, -2.2490789890289307, 0.0, -0.7450823187828064, 1.2940547466278076, 0.0, 0.0, -0.15270133316516876, -0.15270133316516876, -0.0, -0.0, -0.8327928185462952, -0.8327928185462952)
(-0.18200922012329102, 1.39207124710083, 0.0, 0.0, 0.0, 0.0, 5.603251934051514, -0.7941374182701111, 0.0, 1.4560737609863281, -11.13656997680664, 0.0, 1000, 1000, 1000, 1000, 0.32065534591674805, -1.533790111541748, 0.0, -0.18200922012329102, 1.39207124710083, -0.0, 0.0, -0.7003644704818726, -0.7003644704818726, -0.0, -0.0, 0.2671995759010315, 0.2671995759010315)
(-0.085061214864254, 1.5064343214035034, 0.0, 0.0, 0.0, 0.0, -3.1753740310668945, 2.931053400039673, 0.0, 0.680489718914032, -12.051474571228027, 0.0, 1000, 1000, 1000, 1000, 1.3665063381195068, -1.9367187023162842, 0.0, -0.085061214864254, 1.5064343214035034, 0.0, 0.0, 0.4770190119743347, 0.4770190119743347, -0.0, -0.0, -0.5961159467697144, -0.5961159467697144)
(0.06624098867177963, 1.5922714471817017, 0.0, 0.0, 0.0, 0.0, 1.2063053846359253, 0.5493740439414978, 0.0, -0.5299279093742371, -12.738171577453613, 0.0, 1000, 1000, 1000, 1000, 1.2601819038391113, -0.5264792442321777, 0.0, 0.06624098867177963, 1.5922714471817017, -0.0, 0.0, 0.37165531516075134, 0.37165531516075134, -0.0, -0.0, 0.1899908185005188, 0.1899908185005188)
(-0.8252840042114258, 1.536117672920227, 0.0, 0.0, 0.0, 0.0, -0.7173587679862976, 0.6562442779541016, 0.0, 6.602272033691406, -12.288941383361816, 0.0, 1000, 1000, 1000, 1000, -0.6511745452880859, -0.9986910820007324, 0.0, -0.8252840042114258, 1.536117672920227, 0.0, 0.0, -0.8644570708274841, -0.8644570708274841, -0.0, -0.0, 0.07794361561536789, 0.07794361561536789)
(-0.6152188181877136, 1.641998529434204, 0.0, 0.0, 0.0, 0.0, -0.7020915746688843, 0.6257099509239197, 0.0, 4.921750545501709, -13.135988235473633, 0.0, 1000, 1000, 1000, 1000, 0.30129528045654297, -0.13251781463623047, 0.0, -0.6152188181877136, 1.641998529434204, 0.0, 0.0, -0.20086847245693207, -0.20086847245693207, -0.0, -0.0, 0.4095275402069092, 0.4095275402069092)
(-0.3202972114086151, 1.3902751207351685, 0.0, 0.0, 0.0, 0.0, -3.877664089202881, 0.09135878086090088, 0.0, 2.562377691268921, -11.122200965881348, 0.0, 1000, 1000, 1000, 1000, 0.9547762870788574, -1.87788987159729, 0.0, -0.3202972114086151, 1.3902751207351685, 0.0, 0.0, 1.6850188970565796, 1.6850188970565796, -0.0, -0.0, 0.18234096467494965, 0.18234096467494965)
(-0.8199755549430847, 1.7160674333572388, 0.0, 0.0, 0.0, 0.0, 2.1528701782226562, -0.09184733033180237, 0.0, 6.559804439544678, -13.72853946685791, 0.0, 1000, 1000, 1000, 1000, 0.17073071002960205, -0.37686872482299805, 0.0, -0.8199755549430847, 1.7160674333572388, 0.0, 0.0, -1.1726925373077393, -1.1726925373077393, -0.0, -0.0, 0.5542799234390259, 0.5542799234390259)
(-0.13411152362823486, 1.6105166673660278, 0.0, 0.0, 0.0, 0.0, -0.808961808681488, 1.6944122314453125, 0.0, 1.072892189025879, -12.884133338928223, 0.0, 1000, 1000, 1000, 1000, 1.4229341745376587, -2.128704786300659, 0.0, -0.13411152362823486, 1.6105166673660278, 0.0, 0.0, 0.4399852752685547, 0.4399852752685547, -0.0, -0.0, -0.34351837635040283, -0.34351837635040283)
(-0.17042922973632812, 1.5101593732833862, 0.0, 0.0, 0.0, 0.0, 3.4353129863739014, 0.6257099509239197, 0.0, 1.363433837890625, -12.08127498626709, 0.0, 1000, 1000, 1000, 1000, -0.16946673393249512, -1.6683297157287598, 0.0, -0.17042922973632812, 1.5101593732833862, -0.0, 0.0, -1.501784324645996, -1.501784324645996, -0.0, -0.0, -6.8013410568237305, -6.8013410568237305)
(0.21779511868953705, 1.4170551300048828, 0.0, 0.0, 0.0, 0.0, -3.9998016357421875, 3.205862522125244, 0.0, -1.7423609495162964, -11.336441040039062, 0.0, 1000, 1000, 1000, 1000, 0.9157752990722656, -1.9719784259796143, 0.0, 0.21779511868953705, 1.4170551300048828, 0.0, 0.0, 1.2807997465133667, 1.2807997465133667, -0.0, -0.0, -0.4873519837856293, -0.4873519837856293)
(0.18302682042121887, 1.1380525827407837, 0.0, 0.0, 0.0, 0.0, -1.282244324684143, 1.7249466180801392, 0.0, -1.464214563369751, -9.10442066192627, 0.0, 1000, 1000, 1000, 1000, 0.6536132097244263, -1.737290382385254, 0.0, 0.18302682042121887, 1.1380525827407837, -0.0, 0.0, 0.5654204487800598, 0.5654204487800598, -0.0, -0.0, -0.9451329112052917, -0.9451329112052917)
(-0.0953291580080986, 1.2244377136230469, 0.0, 0.0, 0.0, 0.0, -0.7326259613037109, 1.602809190750122, 0.0, 0.7626332640647888, -9.795501708984375, 0.0, 1000, 1000, 1000, 1000, 0.33920538425445557, -3.019118547439575, 0.0, -0.0953291580080986, 1.2244377136230469, 0.0, 0.0, 0.05007263273000717, 0.05007263273000717, -0.0, -0.0, -0.1768711507320404, -0.1768711507320404)
(-0.2709285020828247, 1.1784247159957886, 0.0, 0.0, 0.0, 0.0, -0.808961808681488, 1.9234198331832886, 0.0, 2.1674280166625977, -9.427397727966309, 0.0, 1000, 1000, 1000, 1000, 0.6266419887542725, -1.602670669555664, 0.0, -0.2709285020828247, 1.1784247159957886, 0.0, 0.0, 0.11846434324979782, 0.11846434324979782, -0.0, -0.0, -0.09451179206371307, -0.09451179206371307)
(-0.23905330896377563, 1.2070258855819702, 0.0, 0.0, 0.0, 0.0, -0.09140457957983017, 1.7707481384277344, 0.0, 1.912426471710205, -9.656207084655762, 0.0, 1000, 1000, 1000, 1000, 0.39893925189971924, -1.7058677673339844, 0.0, -0.23905330896377563, 1.2070258855819702, 0.0, 0.0, -0.033976320177316666, -0.033976320177316666, -0.0, -0.0, -0.3022368550300598, -0.3022368550300598)
(-0.38624921441078186, 1.1678757667541504, 0.0, 0.0, 0.0, 0.0, -0.8852977156639099, 1.282198429107666, 0.0, 3.089993715286255, -9.343006134033203, 0.0, 1000, 1000, 1000, 1000, 0.2508411407470703, -2.459479808807373, 0.0, -0.38624921441078186, 1.1678757667541504, 0.0, 0.0, -0.14633001387119293, -0.14633001387119293, -0.0, -0.0, -0.22608935832977295, -0.22608935832977295)
(-0.39951959252357483, 0.9608755707740784, 0.0, 0.0, 0.0, 0.0, 0.03073282353579998, -1.5116946697235107, 0.0, 3.1961567401885986, -7.687004566192627, 0.0, 1000, 1000, 1000, 1000, 1.1528453826904297, -1.7459025382995605, 0.0, -0.39951959252357483, 0.9608755707740784, 0.0, 0.0, -0.08949639648199081, -0.08949639648199081, -0.0, -0.0, 0.7398837208747864, 0.7398837208747864)
(-0.16524532437324524, 0.5163724422454834, 0.0, 0.0, 0.0, 0.0, 6.122335910797119, 4.396702289581299, 0.0, 1.321962594985962, -4.130979537963867, 0.0, 1000, 1000, 1000, 1000, -0.07834792137145996, -5.766337871551514, 0.0, -0.16524532437324524, 0.5163724422454834, -0.0, 0.0, -1.7924342155456543, -1.7924342155456543, -0.0, -0.0, -0.32871875166893005, -0.32871875166893005)
(0.4141724109649658, 0.8783117532730103, 0.0, 0.0, 0.0, 0.0, -4.076137542724609, 0.12189313024282455, 0.0, -3.3133792877197266, -7.026494026184082, 0.0, 1000, 1000, 1000, 1000, 2.0155203342437744, -1.3347203731536865, 0.0, 0.4141724109649658, 0.8783117532730103, 0.0, 0.0, 1.5498156547546387, 1.5498156547546387, -0.0, -0.0, 0.9080150127410889, 0.9080150127410889)
(-0.20873577892780304, 0.36063745617866516, 0.0, 0.0, 0.0, 0.0, 1.2215725183486938, -0.45825955271720886, 0.0, 1.6698862314224243, -2.8850996494293213, 0.0, 1000, 1000, 1000, 1000, 0.43676233291625977, -3.241299629211426, 0.0, -0.20873577892780304, 0.36063745617866516, 0.0, 0.0, -1.1338518857955933, -1.1338518857955933, -0.0, -0.0, 0.10724247246980667, 0.10724247246980667)
(-0.29127106070518494, 0.5390720367431641, 0.0, 0.0, 0.0, 0.0, -1.2059084177017212, 3.389068603515625, 0.0, 2.3301684856414795, -4.3125762939453125, 0.0, 1000, 1000, 1000, 1000, 0.7498173713684082, -2.5753345489501953, 0.0, -0.29127106070518494, 0.5390720367431641, 0.0, 0.0, -0.37722456455230713, -0.37722456455230713, -0.0, -0.0, -0.36443668603897095, -0.36443668603897095)
(-0.1607763171195984, 0.5202170610427856, 0.0, 0.0, 0.0, 0.0, -2.0761373043060303, -0.2597862482070923, 0.0, 1.286210536956787, -4.161736488342285, 0.0, 1000, 1000, 1000, 1000, 0.9304331541061401, -3.487239122390747, 0.0, -0.1607763171195984, 0.5202170610427856, 0.0, 0.0, 0.7139846682548523, 0.7139846682548523, -0.0, -0.0, 0.6688748002052307, 0.6688748002052307)
(-0.4537653923034668, 0.17788104712963104, 0.0, 0.0, 0.0, 0.0, 1.267374038696289, -0.12238167971372604, 0.0, 3.6301231384277344, -1.4230483770370483, 0.0, 1000, 1000, 1000, 1000, 0.37628889083862305, -2.4956846237182617, 0.0, -0.4537653923034668, 0.17788104712963104, 0.0, 0.0, -0.830680787563324, -0.830680787563324, -0.0, -0.0, 0.4833567440509796, 0.4833567440509796)
(-0.10453678667545319, -0.14793983101844788, 0.0, 0.0, 0.0, 0.0, 1.7253893613815308, -2.7330687046051025, 0.0, 0.8362942934036255, 1.183518648147583, 0.0, 1100, 1100, 1100, 1100, 0.9027391672134399, -3.7790865898132324, 0.0, -0.10453678667545319, -0.14793983101844788, -0.0, 0.0, -0.46083977818489075, -0.46083977818489075, 0.0, -0.0, 1.3150701522827148, 1.3150701522827148)
(-1.0941513776779175, 0.518467903137207, 0.0, 0.0, 0.0, 0.0, -1.0532366037368774, 2.67151141166687, 0.0, 8.75321102142334, -4.147743225097656, 0.0, 1100, 1100, 1100, 1100, 0.7363017797470093, 3.686436653137207, 0.0, -1.0941513776779175, 0.518467903137207, 0.0, 0.0, -1.9601314067840576, -1.9601314067840576, -0.0, -0.0, -0.061946798115968704, -0.061946798115968704)
(-0.7073120474815369, -0.1446463018655777, 0.0, 0.0, 0.0, 0.0, -3.160106897354126, 6.549374103546143, 0.0, 5.658496379852295, 1.1571704149246216, 0.0, 1100, 1100, 1100, 1100, 0.48171496391296387, -1.66758131980896, 0.0, -0.7073120474815369, -0.1446463018655777, 0.0, 0.0, 0.3502938151359558, 0.3502938151359558, -0.0, -0.0, -2.7929258346557617, -2.7929258346557617)
(-0.9515913724899292, 0.544387698173523, 0.0, 0.0, 0.0, 0.0, -7.037969589233398, 2.4730381965637207, 0.0, 7.612730979919434, -4.355101585388184, 0.0, 1100, 1100, 1100, 1100, -0.12100720405578613, -0.14313173294067383, 0.0, -0.9515913724899292, 0.544387698173523, 0.0, 0.0, 2.734492301940918, 2.734492301940918, -0.0, -0.0, 1.3243260383605957, 1.3243260383605957)
(-2.1242501735687256, 0.4921954870223999, 0.0, 0.0, 0.0, 0.0, -0.7326259613037109, -1.9544427394866943, 0.0, 16.994001388549805, -3.937563896179199, 0.0, 1125, 1126, 1123, 1120, -6.279475212097168, 0.8064174652099609, 0.0, -2.1242501735687256, 0.4921954870223999, 0.0, 0.0, 0.866254985332489, 0.866254985332489, -0.0, -0.0, 0.41958290338516235, 0.41958290338516235)
(-2.4046459197998047, 0.4846768081188202, 0.0, 0.0, 0.0, 0.0, 1.1757709980010986, -2.7788703441619873, 0.0, 19.237167358398438, -3.8774144649505615, 0.0, 1198, 1189, 1190, 1186, 1.0269615650177002, 5.568070411682129, 0.0, -2.4046459197998047, 0.4846768081188202, 0.0, 0.0, -1.1153346300125122, -1.1153346300125122, -0.0, -0.0, 3.1603400707244873, 3.1603400707244873)
(-2.3882312774658203, 1.5245436429977417, 0.0, 0.0, 0.0, 0.0, -9.98453426361084, 17.663877487182617, 0.0, 19.105850219726562, -12.196349143981934, 0.0, 1230, 1256, 1251, 1261, -20.519697189331055, -7.875120162963867, 0.0, -2.3882312774658203, 1.5245436429977417, 0.0, 0.0, 4.2130208015441895, 4.2130208015441895, -0.0, -0.0, -8.979021072387695, -8.979021072387695)
(-2.6954567432403564, 1.2151024341583252, 0.0, 0.0, 0.0, 0.0, 5.816992282867432, -15.51169490814209, 0.0, 21.56365394592285, -9.720819473266602, 0.0, 1329, 1305, 1303, 1290, -14.637689590454102, 0.9876089096069336, 0.0, -2.6954567432403564, 1.2151024341583252, 0.0, 0.0, -2.794736862182617, -2.794736862182617, 0.0, -0.0, 9.266566276550293, 9.266566276550293)
(-3.294769525527954, 3.0679943561553955, 0.0, 0.0, 0.0, 0.0, 23.420045852661133, -2.8857405185699463, 0.0, 26.358156204223633, -24.543954849243164, 0.0, 1405, 1362, 1390, 1410, -5.097620010375977, -3.5098443031311035, 0.0, -3.294769525527954, 3.0679943561553955, 0.0, 0.0, -15.660872459411621, -15.660872459411621, -0.0, -0.0, 5.549687385559082, 5.549687385559082)
(-2.7098019123077393, 3.523287773132324, 0.0, 0.0, 0.0, 0.0, 3.1452367305755615, 18.793649673461914, 0.0, 21.678415298461914, -28.186302185058594, 0.0, 1426, 1449, 1405, 1427, -7.083290100097656, -14.919678688049316, 0.0, -2.7098019123077393, 3.523287773132324, 0.0, 0.0, 0.2632318139076233, 0.2632318139076233, -0.0, -0.0, -11.226505279541016, -11.226505279541016)
(-2.0394067764282227, 4.132083892822266, 0.0, 0.0, 0.0, 0.0, 21.511648178100586, -5.847572326660156, 0.0, 16.31525421142578, -33.056671142578125, 0.0, 1491, 1447, 1438, 1454, 22.386062622070312, 10.37678337097168, 0.0, -2.0394067764282227, 4.132083892822266, -0.0, 0.0, -14.835315704345703, -14.835315704345703, -0.0, -0.0, 7.189081192016602, 7.189081192016602)
(-1.5869526863098145, 5.230203151702881, 0.0, 0.0, 0.0, 0.0, 9.297908782958984, -7.740702152252197, 0.0, 12.695621490478516, -41.84162521362305, 0.0, 1503, 1473, 1421, 1417, 19.495119094848633, 21.336729049682617, 0.0, -1.5869526863098145, 5.230203151702881, 0.0, 0.0, -6.6549391746521, -6.6549391746521, -0.0, -0.0, 8.398237228393555, 8.398237228393555)
(-1.787174105644226, 6.747808456420898, 0.0, 0.0, 0.0, 0.0, -12.610488891601562, 12.259297370910645, 0.0, 14.297392845153809, -53.98246765136719, 0.0, 1406, 1445, 1491, 1476, -65.98626708984375, 14.01475715637207, 0.0, -1.787174105644226, 6.747808456420898, 0.0, 0.0, 13.841957092285156, 13.841957092285156, -0.0, -0.0, -6.028858661651611, -6.028858661651611)
(-2.4724788665771484, 5.937361717224121, 0.0, 0.0, 0.0, 0.0, 6.702488422393799, -18.046045303344727, 0.0, 19.779830932617188, -47.49889373779297, 0.0, 1469, 1431, 1470, 1449, 5.023379802703857, 9.956664085388184, 0.0, -2.4724788665771484, 5.937361717224121, 0.0, 0.0, -4.128427505493164, -4.128427505493164, -0.0, -0.0, 14.748588562011719, 14.748588562011719)
(-1.9697297811508179, 6.2377610206604, 0.0, 0.0, 0.0, 0.0, -13.251709938049316, 30.671510696411133, 0.0, 15.757838249206543, -49.9020881652832, 0.0, 1373, 1429, 1499, 1517, -26.93202781677246, 4.884349822998047, 0.0, -1.9697297811508179, 6.2377610206604, 0.0, 0.0, 9.350221633911133, 9.350221633911133, -0.0, -0.0, -18.611597061157227, -18.611597061157227)
(-2.3524835109710693, 6.265135765075684, 0.0, 0.0, 0.0, 0.0, 7.053633689880371, -14.977343559265137, 0.0, 18.819868087768555, -50.12108612060547, 0.0, 1494, 1468, 1432, 1423, 49.86062240600586, -15.157121658325195, 0.0, -2.3524835109710693, 6.265135765075684, 0.0, 0.0, -4.412447929382324, -4.412447929382324, -0.0, -0.0, 8.550910949707031, 8.550910949707031)
(-6.666261672973633, 4.075352191925049, 0.0, 0.0, 0.0, 0.0, -63.541786193847656, -44.82467269897461, 0.0, 53.33009338378906, -32.60281753540039, 0.0, 1508, 1489, 1453, 1371, 8.055054664611816, 14.553142547607422, 0.0, -6.666261672973633, 4.075352191925049, 0.0, 0.0, 15.692914009094238, 15.692914009094238, 0.0, -0.0, 25.290504455566406, 25.290504455566406)
(-27.488746643066406, 6.4642558097839355, 0.0, 0.0, 0.0, 0.0, 30.88569450378418, 21.266931533813477, 0.0, 219.90997314453125, -51.714046478271484, 0.0, 1478, 1413, 1421, 1506, 15.24709701538086, 67.83863067626953, 0.0, -27.488746643066406, 6.4642558097839355, 0.0, 0.0, -37.71647262573242, -37.71647262573242, -0.0, -0.0, -5.005486488342285, -5.005486488342285)
(-14.975143432617188, 5.407349109649658, 0.0, 0.0, 0.0, 0.0, 12.030733108520508, 0.3509007692337036, 0.0, 119.8011474609375, -43.258792877197266, 0.0, 1543, 1514, 1383, 1378, -27.84587860107422, 35.08289337158203, 0.0, -14.975143432617188, 5.407349109649658, 0.0, 0.0, -6.241396903991699, -6.241396903991699, -0.0, -0.0, 8.527438163757324, 8.527438163757324)
(7.178880214691162, -0.1310766190290451, 0.0, 0.0, 0.0, 0.0, 97.40477752685547, -27.389556884765625, 0.0, -57.4310417175293, 1.0486129522323608, 0.0, 1432, 1455, 1465, 1467, -70.25013732910156, 4.692785263061523, 0.0, 7.178880214691162, -0.1310766190290451, -0.0, 0.0, 5.310210704803467, 5.310210704803467, 0.0, -0.0, -6.229793548583984, -6.229793548583984)
(7.750854969024658, 2.9310595989227295, 0.0, 0.0, 0.0, 0.0, -81.40438079833984, 35.46540451049805, 0.0, -62.006839752197266, -23.448476791381836, 0.0, 1341, 1397, 1550, 1530, 7.126404285430908, 38.74001693725586, 0.0, 7.750854969024658, 2.9310595989227295, 0.0, 0.0, 19.089879989624023, 19.089879989624023, -0.0, -0.0, -8.651069641113281, -8.651069641113281)
(-1.788693904876709, 7.005393028259277, 0.0, 0.0, 0.0, 0.0, -149.95399475097656, 14.793648719787598, 0.0, 14.309551239013672, -56.04314422607422, 0.0, 1248, 1369, 1644, 1557, 3.4624338150024414, -3.643796920776367, 0.0, -1.788693904876709, 7.005393028259277, 0.0, 0.0, 51.982852935791016, 51.982852935791016, -0.0, -0.0, -8.132792472839355, -8.132792472839355)
(-22.630287170410156, 6.189457416534424, 0.0, 0.0, 0.0, 0.0, 97.29790496826172, -52.213985443115234, 0.0, 181.04229736328125, -49.51565933227539, 0.0, 1550, 1411, 1426, 1431, -0.5308706760406494, 4.434213638305664, 0.0, -22.630287170410156, 6.189457416534424, 0.0, 0.0, -35.67268753051758, -35.67268753051758, 0.0, -0.0, 33.594757080078125, 33.594757080078125)
(-12.576155662536621, 5.568002700805664, 0.0, 0.0, 0.0, 0.0, 72.59561920166016, -22.25978660583496, 0.0, 100.60924530029297, -44.54402160644531, 0.0, 1557, 1465, 1387, 1409, 12.241246223449707, -6.166761875152588, 0.0, -12.576155662536621, 5.568002700805664, 0.0, 0.0, -28.366270065307617, -28.366270065307617, -0.0, -0.0, 17.515392303466797, 17.515392303466797)
(15.21906852722168, -1.0572909116744995, 0.0, 0.0, 0.0, 0.0, -5.480717658996582, 72.06082153320312, 0.0, -121.75254821777344, 8.458327293395996, 0.0, 1289, 1506, 1508, 1515, 5.6987175941467285, -26.89568328857422, 0.0, 15.21906852722168, -1.0572909116744995, -0.0, 0.0, 52.500553131103516, 52.500553131103516, -0.0, -0.0, -56.0770378112793, -56.0770378112793)
(-3.3941402435302734, 8.10915470123291, 0.0, 0.0, 0.0, 0.0, -1.9387328624725342, 9.786015510559082, 0.0, 27.153121948242188, -64.87323760986328, 0.0, 1448, 1428, 1472, 1471, -82.14820861816406, -6.3568902015686035, 0.0, -3.3941402435302734, 8.10915470123291, 0.0, 0.0, -4.750491142272949, -4.750491142272949, -0.0, -0.0, 5.334190845489502, 5.334190845489502)
(-18.84294319152832, 6.82069730758667, 0.0, 0.0, 0.0, 0.0, -165.5417938232422, -29.633832931518555, 0.0, 150.74354553222656, -54.56557846069336, 0.0, 1365, 1423, 1566, 1464, -11.706573486328125, 50.98295974731445, 0.0, -18.84294319152832, 6.82069730758667, 0.0, 0.0, 40.00202560424805, 40.00202560424805, -0.0, -0.0, 10.944091796875, 10.944091796875)
(-20.3966121673584, 7.061214447021484, 0.0, 0.0, 0.0, 0.0, 66.88569641113281, 7.037923812866211, 0.0, 163.1728973388672, -56.489715576171875, 0.0, 1450, 1459, 1446, 1467, -35.26615524291992, 28.711936950683594, 0.0, -20.3966121673584, 7.061214447021484, 0.0, 0.0, -3.0679681301116943, -3.0679681301116943, -0.0, -0.0, -7.702273368835449, -7.702273368835449)
(-10.790932655334473, 7.262084007263184, 0.0, 0.0, 0.0, 0.0, -8.518885612487793, 8.808916091918945, 0.0, 86.32746124267578, -58.09667205810547, 0.0, 1457, 1485, 1450, 1426, -19.78803062438965, -14.233616828918457, 0.0, -10.790932655334473, 7.262084007263184, 0.0, 0.0, 13.184046745300293, 13.184046745300293, -0.0, -0.0, -1.1725075244903564, -1.1725075244903564)
(-9.456928253173828, 9.900470733642578, 0.0, 0.0, 0.0, 0.0, 0.2750076353549957, 19.129526138305664, 0.0, 75.65542602539062, -79.20376586914062, 0.0, 1429, 1444, 1467, 1478, -21.498310089111328, -11.437267303466797, 0.0, -9.456928253173828, 9.900470733642578, 0.0, 0.0, 0.9943397641181946, 0.9943397641181946, -0.0, -0.0, -6.832796573638916, -6.832796573638916)
(-5.3768720626831055, 8.403541564941406, 0.0, 0.0, 0.0, 0.0, 28.809358596801758, -27.130014419555664, 0.0, 43.014976501464844, -67.22833251953125, 0.0, 1484, 1436, 1452, 1447, 10.973588943481445, 24.72007179260254, 0.0, -5.3768720626831055, 8.403541564941406, 0.0, 0.0, -10.787450790405273, -10.787450790405273, -0.0, -0.0, 13.316944122314453, 13.316944122314453)
(-1.4584479331970215, 6.435436725616455, 0.0, 0.0, 0.0, 0.0, 19.129968643188477, -1.5422290563583374, 0.0, 11.667583465576172, -51.48349380493164, 0.0, 1442, 1427, 1472, 1477, 26.74383544921875, -18.953292846679688, 0.0, -1.4584479331970215, 6.435436725616455, -0.0, 0.0, -5.024065017700195, -5.024065017700195, -0.0, -0.0, 2.5743463039398193, 2.5743463039398193)
(-2.092865467071533, 7.67606782913208, 0.0, 0.0, 0.0, 0.0, -25.75552749633789, 25.23639678955078, 0.0, 16.742923736572266, -61.40854263305664, 0.0, 1397, 1449, 1486, 1486, -35.722198486328125, -13.940826416015625, 0.0, -2.092865467071533, 7.67606782913208, 0.0, 0.0, 12.864753723144531, 12.864753723144531, -0.0, -0.0, -12.835784912109375, -12.835784912109375)
(-4.997217178344727, 8.342560768127441, 0.0, 0.0, 0.0, 0.0, -15.20590877532959, 9.41960334777832, 0.0, 39.97773742675781, -66.74048614501953, 0.0, 1423, 1443, 1481, 1472, -30.91009521484375, 2.71939754486084, 0.0, -4.997217178344727, 8.342560768127441, 0.0, 0.0, 7.217462539672852, 7.217462539672852, -0.0, -0.0, -2.8856799602508545, -2.8856799602508545)
(-5.115242004394531, 8.970452308654785, 0.0, 0.0, 0.0, 0.0, -21.847129821777344, 6.0150227546691895, 0.0, 40.92193603515625, -71.76361846923828, 0.0, 1402, 1445, 1498, 1473, -74.16886901855469, 8.617106437683105, 0.0, -5.115242004394531, 8.970452308654785, 0.0, 0.0, 16.98822593688965, 16.98822593688965, -0.0, -0.0, -4.294976234436035, -4.294976234436035)
(-4.796054363250732, 7.973744869232178, 0.0, 0.0, 0.0, 0.0, 0.29027479887008667, 9.969221115112305, 0.0, 38.36843490600586, -63.78995895385742, 0.0, 1414, 1450, 1475, 1479, -17.832712173461914, -18.704557418823242, 0.0, -4.796054363250732, 7.973744869232178, 0.0, 0.0, 8.191913604736328, 8.191913604736328, -0.0, -0.0, -9.873183250427246, -9.873183250427246)
(-26.77417755126953, 5.3691277503967285, 0.0, 0.0, 0.0, 0.0, -128.87002563476562, -20.12238121032715, 0.0, 214.19342041015625, -42.95302200317383, 0.0, 1335, 1324, 1603, 1556, -70.07333374023438, 3.075277328491211, 0.0, -26.77417755126953, 5.3691277503967285, 0.0, 0.0, 8.876114845275879, 8.876114845275879, -0.0, -0.0, 14.546525001525879, 14.546525001525879)
(-15.767231941223145, 2.828493356704712, 0.0, 0.0, 0.0, 0.0, 20.992565155029297, 53.1295280456543, 0.0, 126.13785552978516, -22.627946853637695, 0.0, 1471, 1533, 1387, 1428, -10.18386173248291, 18.764781951904297, 0.0, -15.767231941223145, 2.828493356704712, 0.0, 0.0, 5.3036322593688965, 5.3036322593688965, -0.0, -0.0, -25.785104751586914, -25.785104751586914)
(5.2168869972229, 0.6186847686767578, 0.0, 0.0, 0.0, 0.0, 155.5421905517578, -99.93917846679688, 0.0, -41.7350959777832, -4.9494781494140625, 0.0, 1602, 1503, 1379, 1338, 11.864760398864746, 4.523475646972656, 0.0, 5.2168869972229, 0.6186847686767578, -0.0, 0.0, -14.66955280303955, -14.66955280303955, 0.0, -0.0, 34.791175842285156, 34.791175842285156)
(6.271176338195801, 2.9855003356933594, 0.0, 0.0, 0.0, 0.0, 6.702488422393799, 10.931053161621094, 0.0, -50.169410705566406, -23.884002685546875, 0.0, 1445, 1412, 1466, 1496, 29.907930374145508, -25.931020736694336, 0.0, 6.271176338195801, 2.9855003356933594, -0.0, 0.0, -15.722699165344238, -15.722699165344238, -0.0, -0.0, 0.7706046104431152, 0.7706046104431152)
(-5.583498954772949, 6.801158905029297, 0.0, 0.0, 0.0, 0.0, -159.7707977294922, -21.328489303588867, 0.0, 44.667991638183594, -54.409271240234375, 0.0, 1332, 1357, 1627, 1501, 25.522706985473633, -3.7896196842193604, 0.0, -5.583498954772949, 6.801158905029297, 0.0, 0.0, 37.71571350097656, 37.71571350097656, -0.0, -0.0, 25.321969985961914, 25.321969985961914)
(-26.366788864135742, 6.750150680541992, 0.0, 0.0, 0.0, 0.0, 102.59561920166016, 40.51884078979492, 0.0, 210.93431091308594, -54.00120544433594, 0.0, 1538, 1503, 1330, 1447, 16.98061180114746, -29.3896484375, 0.0, -26.366788864135742, 6.750150680541992, 0.0, 0.0, -38.22512435913086, -38.22512435913086, -0.0, -0.0, -20.710477828979492, -20.710477828979492)
(-5.561200141906738, 9.859251022338867, 0.0, 0.0, 0.0, 0.0, -51.877662658691406, 19.373802185058594, 0.0, 44.489601135253906, -78.87400817871094, 0.0, 1458, 1430, 1472, 1457, 2.2765722274780273, -17.066574096679688, 0.0, -5.561200141906738, 9.859251022338867, 0.0, 0.0, -3.437771797180176, -3.437771797180176, -0.0, -0.0, 10.540977478027344, 10.540977478027344)
(-0.3636835813522339, -1.96286940574646, 0.0, 0.0, 0.0, 0.0, 55.34370803833008, -75.42008972167969, 0.0, 2.909468650817871, 15.70295524597168, 0.0, 1370, 1319, 1556, 1569, -10.364238739013672, -29.573352813720703, 0.0, -0.3636835813522339, -1.96286940574646, -0.0, 0.0, -16.18583869934082, -16.18583869934082, 0.0, -0.0, 9.692152976989746, 9.692152976989746)
(-2.431443691253662, -2.4732987880706787, 0.0, 0.0, 0.0, 0.0, 2.4582138061523438, -2.5193283557891846, 0.0, 19.451549530029297, 19.78639030456543, 0.0, 1476, 1407, 1486, 1449, 25.089622497558594, -23.22063446044922, 0.0, -2.431443691253662, -2.4732987880706787, 0.0, 0.0, -8.010668754577637, -8.010668754577637, 0.0, -0.0, 26.17392349243164, 26.17392349243164)
(-0.8018983602523804, 12.978188514709473, 0.0, 0.0, 0.0, 0.0, 3.954396963119507, 73.90814971923828, 0.0, 6.415186882019043, -103.82550811767578, 0.0, 1445, 1466, 1439, 1468, 41.963504791259766, -25.5642147064209, 0.0, -0.8018983602523804, 12.978188514709473, 0.0, 0.0, -1.8289746046066284, -1.8289746046066284, -0.0, -0.0, -12.754831314086914, -12.754831314086914)
(-4.641918182373047, 12.929154396057129, 0.0, 0.0, 0.0, 0.0, -12.549419403076172, -33.771236419677734, 0.0, 37.135345458984375, -103.43323516845703, 0.0, 1454, 1430, 1484, 1446, -4.912771701812744, -6.819538116455078, 0.0, -4.641918182373047, 12.929154396057129, 0.0, 0.0, 3.539329767227173, 3.539329767227173, -0.0, -0.0, 15.537437438964844, 15.537437438964844)
(-7.111408710479736, 6.589592933654785, 0.0, 0.0, 0.0, 0.0, -45.64865493774414, 5.328000068664551, 0.0, 56.89126968383789, -52.71674346923828, 0.0, 1487, 1543, 1398, 1390, -7.938599586486816, -0.5168547630310059, 0.0, -7.111408710479736, 6.589592933654785, 0.0, 0.0, 15.83554458618164, 15.83554458618164, -0.0, -0.0, -12.055437088012695, -12.055437088012695)
(-31.913311004638672, 10.872303009033203, 0.0, 0.0, 0.0, 0.0, 109.46585083007812, -50.96207809448242, 0.0, 255.30648803710938, -86.97842407226562, 0.0, 1669, 1448, 1322, 1379, -1.9037113189697266, 32.661869049072266, 0.0, -31.913311004638672, 10.872303009033203, 0.0, 0.0, -69.3318099975586, -69.3318099975586, -0.0, -0.0, 40.795555114746094, 40.795555114746094)
(-2.341320514678955, 8.549712181091309, 0.0, 0.0, 0.0, 0.0, 175.6490478515625, 1.8623511791229248, 0.0, 18.73056411743164, -68.39769744873047, 0.0, 1525, 1469, 1358, 1466, 3.885626792907715, 79.34891510009766, 0.0, -2.341320514678955, 8.549712181091309, -0.0, 0.0, -41.12737274169922, -41.12737274169922, -0.0, -0.0, -12.896092414855957, -12.896092414855957)
(15.819929122924805, 3.2973473072052, 0.0, 0.0, 0.0, 0.0, -86.3662109375, 12.09135913848877, 0.0, -126.55943298339844, -26.3787784576416, 0.0, 1397, 1462, 1513, 1446, 16.162464141845703, 45.81833267211914, 0.0, 15.819929122924805, 3.2973473072052, -0.0, 0.0, 33.06534194946289, 33.06534194946289, -0.0, -0.0, 0.41363903880119324, 0.41363903880119324)
(3.8119356632232666, 10.581345558166504, 0.0, 0.0, 0.0, 0.0, -77.14483642578125, -9.175816535949707, 0.0, -30.495485305786133, -84.65076446533203, 0.0, 1386, 1382, 1567, 1483, 35.13180923461914, 7.831124305725098, 0.0, 3.8119356632232666, 10.581345558166504, 0.0, 0.0, 20.156322479248047, 20.156322479248047, -0.0, -0.0, 21.849458694458008, 21.849458694458008)
(-18.583200454711914, 10.251974105834961, 0.0, 0.0, 0.0, 0.0, 64.54981994628906, -36.82467269897461, 0.0, 148.6656036376953, -82.01579284667969, 0.0, 1553, 1423, 1409, 1432, -6.936704635620117, -18.42578125, 0.0, -18.583200454711914, 10.251974105834961, 0.0, 0.0, -38.140594482421875, -38.140594482421875, -0.0, -0.0, 26.82537269592285, 26.82537269592285)
(13.913458824157715, 8.124588966369629, 0.0, 0.0, 0.0, 0.0, 127.4200439453125, -51.068946838378906, 0.0, -111.30767059326172, -64.99671173095703, 0.0, 1640, 1550, 1332, 1293, -7.482438087463379, 21.71890640258789, 0.0, 13.913458824157715, 8.124588966369629, -0.0, 0.0, -12.649069786071777, -12.649069786071777, -0.0, -0.0, 32.319862365722656, 32.319862365722656)
(13.207488059997559, 9.554425239562988, 0.0, 0.0, 0.0, 0.0, -66.10667419433594, 10.77838134765625, 0.0, -105.65990447998047, -76.4354019165039, 0.0, 1390, 1420, 1521, 1487, 38.989192962646484, 32.91449737548828, 0.0, 13.207488059997559, 9.554425239562988, -0.0, 0.0, 16.178871154785156, 16.178871154785156, -0.0, -0.0, 1.235967755317688, 1.235967755317688)
(-23.442527770996094, 9.605339050292969, 0.0, 0.0, 0.0, 0.0, -41.37384796142578, -14.397191047668457, 0.0, 187.54022216796875, -76.84271240234375, 0.0, 1433, 1334, 1496, 1555, 4.132546424865723, 70.06178283691406, 0.0, -23.442527770996094, 9.605339050292969, 0.0, 0.0, -39.819698333740234, -39.819698333740234, -0.0, -0.0, 10.156720161437988, 10.156720161437988)
(-1.6376153230667114, 15.3028564453125, 0.0, 0.0, 0.0, 0.0, 209.86279296875, 16.244029998779297, 0.0, 13.100922584533691, -122.4228515625, 0.0, 1559, 1399, 1385, 1474, -2.008950710296631, 8.39692497253418, 0.0, -1.6376153230667114, 15.3028564453125, -0.0, 0.0, -62.391082763671875, -62.391082763671875, -0.0, -0.0, 17.931163787841797, 17.931163787841797)
(12.175217628479004, 12.3711519241333, 0.0, 0.0, 0.0, 0.0, -92.91583251953125, 33.92341995239258, 0.0, -97.40174102783203, -98.9692153930664, 0.0, 1382, 1420, 1524, 1492, 1.2517969608306885, -18.3162841796875, 0.0, 12.175217628479004, 12.3711519241333, -0.0, 0.0, 17.483549118041992, 17.483549118041992, -0.0, -0.0, -1.8612414598464966, -1.8612414598464966)
(8.449641227722168, 8.30927562713623, 0.0, 0.0, 0.0, 0.0, 7.1757707595825195, -63.87810516357422, 0.0, -67.59712982177734, -66.47420501708984, 0.0, 1348, 1356, 1575, 1535, -5.298579216003418, -27.140859603881836, 0.0, 8.449641227722168, 8.30927562713623, -0.0, 0.0, 11.94812297821045, 11.94812297821045, -0.0, -0.0, 8.215986251831055, 8.215986251831055)
(7.603630065917969, -3.1461496353149414, 0.0, 0.0, 0.0, 0.0, -5.11430549621582, 45.95395278930664, 0.0, -60.82904052734375, 25.16919708251953, 0.0, 1422, 1463, 1448, 1488, 75.41810607910156, -21.559572219848633, 0.0, 7.603630065917969, -3.1461496353149414, -0.0, 0.0, 0.247121199965477, 0.247121199965477, -0.0, -0.0, -20.118192672729492, -20.118192672729492)
(0.9854221343994141, 16.913835525512695, 0.0, 0.0, 0.0, 0.0, -53.67919158935547, 26.411970138549805, 0.0, -7.8833770751953125, -135.31068420410156, 0.0, 1520, 1493, 1438, 1364, 23.74243927001953, 34.80181884765625, 0.0, 0.9854221343994141, 16.913835525512695, 0.0, 0.0, 11.902295112609863, 11.902295112609863, -0.0, -0.0, 25.222898483276367, 25.222898483276367)
(-2.1908159255981445, 13.035019874572754, 0.0, 0.0, 0.0, 0.0, 27.90859603881836, -58.2445182800293, 0.0, 17.526527404785156, -104.28015899658203, 0.0, 1524, 1486, 1397, 1407, 2.9090826511383057, -6.540133953094482, 0.0, -2.1908159255981445, 13.035019874572754, -0.0, 0.0, -11.939920425415039, -11.939920425415039, -0.0, -0.0, 7.1973419189453125, 7.1973419189453125)
(11.276582717895508, 1.0352888107299805, 0.0, 0.0, 0.0, 0.0, 43.05363464355469, 17.312732696533203, 0.0, -90.21266174316406, -8.282310485839844, 0.0, 1409, 1476, 1444, 1489, -15.955751419067383, 3.8719558715820312, 0.0, 11.276582717895508, 1.0352888107299805, -0.0, 0.0, 5.68122673034668, 5.68122673034668, -0.0, -0.0, -28.168838500976562, -28.168838500976562)
(5.257119178771973, 1.4878584146499634, 0.0, 0.0, 0.0, 0.0, -40.39674758911133, -1.8475725650787354, 0.0, -42.05695343017578, -11.902867317199707, 0.0, 1416, 1412, 1516, 1471, -34.7708625793457, 6.830597877502441, 0.0, 5.257119178771973, 1.4878584146499634, -0.0, 0.0, 10.10519027709961, 10.10519027709961, -0.0, -0.0, 12.213974952697754, 12.213974952697754)
(-22.059268951416016, 5.695522308349609, 0.0, 0.0, 0.0, 0.0, -139.3891143798828, -27.465892791748047, 0.0, 176.47415161132812, -45.564178466796875, 0.0, 1330, 1279, 1631, 1578, -26.675954818725586, 40.37630844116211, 0.0, -22.059268951416016, 5.695522308349609, 0.0, 0.0, 0.28816553950309753, 0.28816553950309753, -0.0, -0.0, 25.991409301757812, 25.991409301757812)
(-3.42191481590271, 6.471288681030273, 0.0, 0.0, 0.0, 0.0, 150.03073120117188, 17.083724975585938, 0.0, 27.37531852722168, -51.77030944824219, 0.0, 1570, 1503, 1339, 1406, 78.14198303222656, 1.423701286315918, 0.0, -3.42191481590271, 6.471288681030273, -0.0, 0.0, -33.426048278808594, -33.426048278808594, -0.0, -0.0, 0.007924743928015232, 0.007924743928015232)
(14.159457206726074, 3.6561694145202637, 0.0, 0.0, 0.0, 0.0, -21.862396240234375, 2.1218931674957275, 0.0, -113.2756576538086, -29.24935531616211, 0.0, 1487, 1501, 1423, 1399, 5.602326393127441, -6.725913047790527, 0.0, 14.159457206726074, 3.6561694145202637, -0.0, 0.0, 9.288216590881348, 9.288216590881348, -0.0, -0.0, 2.7326650619506836, 2.7326650619506836)
(4.736981391906738, 6.338934898376465, 0.0, 0.0, 0.0, 0.0, -46.67155838012695, 9.098992347717285, 0.0, -37.895851135253906, -50.71147918701172, 0.0, 1381, 1419, 1520, 1494, -11.893152236938477, -19.732852935791016, 0.0, 4.736981391906738, 6.338934898376465, 0.0, 0.0, 15.979320526123047, 15.979320526123047, -0.0, -0.0, -2.6377129554748535, -2.6377129554748535)
(1.9854977130889893, 6.949189186096191, 0.0, 0.0, -1.0, 0.0, 13.023098945617676, -15.771236419677734, 0.0, -15.883981704711914, -63.59351348876953, 0.0, 1370, 1336, 1234, 1229, 27.01540756225586, -0.0750741958618164, 0.0, 1.9854977130889893, 6.949189186096191, -0.0, 0.0, -7.289744853973389, -7.289744853973389, -0.0, -0.0, 9.887463569641113, 9.887463569641113)
(2.9745683670043945, 5.83195161819458, 0.0, 0.0, 0.0, 0.0, 0.5345495939254761, -7.252152442932129, 0.0, -23.796546936035156, -46.65561294555664, 0.0, 1000, 1000, 1000, 1000, -5.400446891784668, 4.972683906555176, 0.0, 2.9745683670043945, 5.83195161819458, -0.0, 0.0, -0.11866872757673264, -0.11866872757673264, -0.0, -0.0, 1.177241325378418, 1.177241325378418)
(2.8837287425994873, 4.289327144622803, 0.0, 0.0, 0.0, 0.0, 0.061267174780368805, -8.717801094055176, 0.0, -23.0698299407959, -34.31461715698242, 0.0, 1000, 1000, 1000, 1000, -1.543055772781372, -4.52788782119751, 0.0, 2.8837287425994873, 4.289327144622803, -0.0, 0.0, 2.173640012741089, 2.173640012741089, -0.0, -0.0, 3.441721200942993, 3.441721200942993)
(3.6803550720214844, 1.3112972974777222, 0.0, 0.0, 0.0, 0.0, 5.8933281898498535, -3.649099349975586, 0.0, -29.442840576171875, -10.490378379821777, 0.0, 1000, 1000, 1000, 1000, 1.7601327896118164, -7.174310684204102, 0.0, 3.6803550720214844, 1.3112972974777222, -0.0, 0.0, -0.9136142134666443, -0.9136142134666443, -0.0, -0.0, -1.8861496448516846, -1.8861496448516846)
(3.404917001724243, -0.16439571976661682, 0.0, 0.0, 0.0, 0.0, -5.709725379943848, -3.0994808673858643, 0.0, -27.239336013793945, 1.3151657581329346, 0.0, 1000, 1000, 1000, 1000, 1.4666266441345215, -4.623503684997559, 0.0, 3.404917001724243, -0.16439571976661682, -0.0, 0.0, 2.527561902999878, 2.527561902999878, 0.0, -0.0, 1.3459810018539429, 1.3459810018539429)
(1.1404285430908203, -1.8476111888885498, 0.0, 0.0, -1.0, 0.0, -6.2135419845581055, 0.28983205556869507, 0.0, -9.123428344726562, 6.780889511108398, 0.0, 1000, 1000, 1000, 1000, 1.1423556804656982, -6.655271530151367, 0.0, 1.1404285430908203, -1.8476111888885498, -0.0, 0.0, 0.5785766839981079, 0.5785766839981079, 0.0, -0.0, -2.8360071182250977, -2.8360071182250977)
(-0.22832384705543518, -2.486701011657715, 0.0, 0.0, 0.0, 0.0, -3.9234657287597656, 1.404335856437683, 0.0, 1.8265907764434814, 19.89360809326172, 0.0, 1000, 1000, 1000, 1000, -3.0768704414367676, -6.297849655151367, 0.0, -0.22832384705543518, -2.486701011657715, 0.0, 0.0, 0.9410639405250549, 0.9410639405250549, 0.0, -0.0, 0.4959612786769867, 0.4959612786769867)
(-1.1306462287902832, -2.6357264518737793, 0.0, 0.0, 0.0, 0.0, 0.09180152416229248, 2.7325801849365234, 0.0, 9.045169830322266, 21.085811614990234, 0.0, 1000, 1000, 1000, 1000, -2.558750629425049, -8.057790756225586, 0.0, -1.1306462287902832, -2.6357264518737793, 0.0, 0.0, 1.977521538734436, 1.977521538734436, 0.0, -0.0, -1.6533355712890625, -1.6533355712890625)
(-0.729614794254303, -3.4550273418426514, 0.0, 0.0, 0.0, 0.0, 0.4734809100627899, 3.175328254699707, 0.0, 5.836918354034424, 27.64021873474121, 0.0, 1000, 1000, 1000, 1000, -1.5549733638763428, -9.05710220336914, 0.0, -0.729614794254303, -3.4550273418426514, 0.0, 0.0, 1.0005462169647217, 1.0005462169647217, 0.0, -0.0, -2.032575845718384, -2.032575845718384)
(-0.6648418307304382, -2.9613113403320312, 0.0, 0.0, 0.0, 0.0, -1.587587833404541, 6.534106731414795, 0.0, 5.318734645843506, 23.69049072265625, 0.0, 1000, 1000, 1000, 1000, -0.4812886714935303, -7.714076042175293, 0.0, -0.6648418307304382, -2.9613113403320312, 0.0, 0.0, 0.4048449695110321, 0.4048449695110321, 0.0, -0.0, -0.7489756941795349, -0.7489756941795349)
(-0.9563083052635193, -2.600578546524048, 0.0, 0.0, -1.0, 0.0, 0.733022928237915, 0.10662595182657242, 0.0, 7.650466442108154, 12.804628372192383, 0.0, 1000, 1000, 1000, 1000, -2.292175769805908, -6.902618885040283, 0.0, -0.9563083052635193, -2.600578546524048, 0.0, 0.0, -0.2769075632095337, -0.2769075632095337, 0.0, -0.0, -3.664508104324341, -3.664508104324341)
(-0.8005741238594055, -2.6360762119293213, 0.0, 0.0, 0.0, 0.0, -1.5265190601348877, -0.29032060503959656, 0.0, 6.404592990875244, 21.08860969543457, 0.0, 1000, 1000, 1000, 1000, 1.5102310180664062, -6.5326666831970215, 0.0, -0.8005741238594055, -2.6360762119293213, 0.0, 0.0, 0.3394550681114197, 0.3394550681114197, 0.0, -0.0, 0.8599640727043152, 0.8599640727043152)
(-0.7871149778366089, -2.737114906311035, 0.0, 0.0, 0.0, 0.0, 0.733022928237915, -2.7636029720306396, 0.0, 6.296919822692871, 21.89691925048828, 0.0, 1000, 1000, 1000, 1000, 2.121788501739502, -9.650459289550781, 0.0, -0.7871149778366089, -2.737114906311035, 0.0, 0.0, 1.6239805221557617, 1.6239805221557617, 0.0, -0.0, 3.231264114379883, 3.231264114379883)
(2.3314599990844727, -8.637825965881348, 0.0, 0.0, 0.0, 0.0, 14.763557434082031, -38.35139083862305, 0.0, -18.65167999267578, 69.10260772705078, 0.0, 1000, 1000, 1000, 1000, -4.004731178283691, -7.824288845062256, 0.0, 2.3314599990844727, -8.637825965881348, -0.0, 0.0, -0.6734139323234558, -0.6734139323234558, 0.0, -0.0, 4.441478729248047, 4.441478729248047)
(-1.8432379961013794, -8.375596046447754, 0.0, 0.0, 0.0, 0.0, -54.427284240722656, 29.43486976623535, 0.0, 14.745903968811035, 67.00476837158203, 0.0, 1000, 1000, 1000, 1000, -3.42897367477417, -10.541423797607422, 0.0, -1.8432379961013794, -8.375596046447754, 0.0, 0.0, 12.422407150268555, 12.422407150268555, 0.0, -0.0, -6.196681976318359, -6.196681976318359)
(-8.534367561340332, -6.8274245262146, 0.0, -1.0, 0.0, 0.0, 7.481114387512207, -5.725435256958008, 0.0, 60.274940490722656, 54.6193962097168, 0.0, 1000, 1000, 1000, 1000, -9.822279930114746, -13.023305892944336, 0.0, -8.534367561340332, -6.8274245262146, 0.0, 0.0, -9.47467041015625, -9.47467041015625, 0.0, -0.0, 5.256028652191162, 5.256028652191162)
(-5.149566650390625, -8.410080909729004, 0.0, 0.0, 0.0, 0.0, -26.106672286987305, 1.9234198331832886, 0.0, 41.196533203125, 67.28064727783203, 0.0, 1000, 1000, 1000, 1000, 0.47132599353790283, -9.168815612792969, 0.0, -5.149566650390625, -8.410080909729004, 0.0, 0.0, 13.535730361938477, 13.535730361938477, 0.0, -0.0, -5.029994010925293, -5.029994010925293)
(-8.094650268554688, -7.209441661834717, 0.0, -1.0, 0.0, 0.0, -1.9081984758377075, 1.6944122314453125, 0.0, 56.7572021484375, 57.675533294677734, 0.0, 1000, 1000, 1000, 1000, -1.8525846004486084, -4.886774063110352, 0.0, -8.094650268554688, -7.209441661834717, 0.0, 0.0, -2.1352033615112305, -2.1352033615112305, 0.0, -0.0, -0.272970050573349, -0.272970050573349)
(-7.919484615325928, -6.121738910675049, 0.0, 0.0, 0.0, 0.0, 0.9009618163108826, 3.328000068664551, 0.0, 63.35587692260742, 48.97391128540039, 0.0, 1000, 1000, 1000, 1000, -9.899842262268066, -7.951142311096191, 0.0, -7.919484615325928, -6.121738910675049, 0.0, 0.0, -0.02441146783530712, -0.02441146783530712, 0.0, -0.0, 0.2578656077384949, 0.2578656077384949)
(-7.8049468994140625, -5.840608596801758, 0.0, 0.0, 0.0, 0.0, -3.0990381240844727, -1.8475725650787354, 0.0, 62.4395751953125, 46.72486877441406, 0.0, 1000, 1000, 1000, 1000, -7.726606369018555, -10.292917251586914, 0.0, -7.8049468994140625, -5.840608596801758, 0.0, 0.0, 1.2851738929748535, 1.2851738929748535, 0.0, -0.0, 1.5079245567321777, 1.5079245567321777)
(-7.98724889755249, -5.9643049240112305, 0.0, -1.0, 0.0, 0.0, -1.4501831531524658, 0.39670228958129883, 0.0, 55.89799118041992, 47.714439392089844, 0.0, 1000, 1000, 1000, 1000, -7.706489562988281, -7.942691326141357, 0.0, -7.98724889755249, -5.9643049240112305, 0.0, 0.0, -4.075637340545654, -4.075637340545654, 0.0, -0.0, 0.6204585433006287, 0.6204585433006287)
(-8.054596900939941, -5.921804428100586, 0.0, 0.0, 0.0, 0.0, -0.7478931546211243, 0.9310534596443176, 0.0, 64.43677520751953, 47.37443542480469, 0.0, 1000, 1000, 1000, 1000, -8.54439926147461, -9.783732414245605, 0.0, -8.054596900939941, -5.921804428100586, 0.0, 0.0, -0.01996038854122162, -0.01996038854122162, 0.0, -0.0, -0.039755478501319885, -0.039755478501319885)
(-8.117976188659668, -5.923738479614258, 0.0, 0.0, 0.0, 0.0, 0.29027479887008667, 2.0455572605133057, 0.0, 64.94380950927734, 47.38990783691406, 0.0, 1000, 1000, 1000, 1000, -7.6024017333984375, -8.7859525680542, 0.0, -8.117976188659668, -5.923738479614258, 0.0, 0.0, -0.31938058137893677, -0.31938058137893677, 0.0, -0.0, -0.4094562530517578, -0.4094562530517578)
(-8.188132286071777, -5.930776596069336, 0.0, 0.0, 0.0, 0.0, -0.33567938208580017, 1.1142596006393433, 0.0, 65.50505828857422, 47.44621276855469, 0.0, 1000, 1000, 1000, 1000, -7.943423271179199, -9.281073570251465, 0.0, -8.188132286071777, -5.930776596069336, 0.0, 0.0, 0.11896219104528427, 0.11896219104528427, 0.0, -0.0, 0.17511576414108276, 0.17511576414108276)
(-8.270207405090332, -5.949254989624023, 0.0, 0.0, 0.0, 0.0, -0.48835113644599915, 1.3279999494552612, 0.0, 66.16165924072266, 47.59403991699219, 0.0, 1000, 1000, 1000, 1000, -8.285011291503906, -9.187302589416504, 0.0, -8.270207405090332, -5.949254989624023, 0.0, 0.0, 0.09363079816102982, 0.09363079816102982, 0.0, -0.0, -0.04937872290611267, -0.04937872290611267)
(-8.33644962310791, -5.952540874481201, 0.0, 0.0, 0.0, 0.0, -0.3967480957508087, 1.175328254699707, 0.0, 66.69159698486328, 47.62032699584961, 0.0, 1000, 1000, 1000, 1000, -7.972874641418457, -9.389063835144043, 0.0, -8.33644962310791, -5.952540874481201, 0.0, 0.0, 0.029772887006402016, 0.029772887006402016, 0.0, -0.0, 0.09046377241611481, 0.09046377241611481)
(-8.3941011428833, -5.959381580352783, 0.0, 0.0, 0.0, 0.0, -0.24407634139060974, 1.4501373767852783, 0.0, 67.1528091430664, 47.675052642822266, 0.0, 1000, 1000, 1000, 1000, -7.98349666595459, -9.383380889892578, 0.0, -8.3941011428833, -5.959381580352783, 0.0, 0.0, -0.03456893935799599, -0.03456893935799599, 0.0, -0.0, -0.08547128736972809, -0.08547128736972809)
(-8.454280853271484, -5.972185134887695, 0.0, 0.0, 0.0, 0.0, -0.5341526865959167, 1.4348702430725098, 0.0, 67.63424682617188, 47.77748107910156, 0.0, 1000, 1000, 1000, 1000, -8.317095756530762, -9.445995330810547, 0.0, -8.454280853271484, -5.972185134887695, 0.0, 0.0, 0.1303558051586151, 0.1303558051586151, 0.0, -0.0, -0.10644981265068054, -0.10644981265068054)
(-8.515227317810059, -5.983370304107666, 0.0, 0.0, 0.0, 0.0, -0.427282452583313, 1.2974656820297241, 0.0, 68.12181854248047, 47.86696243286133, 0.0, 1000, 1000, 1000, 1000, -8.32433795928955, -9.17768383026123, 0.0, -8.515227317810059, -5.983370304107666, 0.0, 0.0, 0.06475387513637543, 0.06475387513637543, 0.0, -0.0, -0.021596603095531464, -0.021596603095531464)
(-8.561728477478027, -5.989368438720703, 0.0, 0.0, 0.0, 0.0, -0.44254961609840393, 1.3432672023773193, 0.0, 68.49382781982422, 47.914947509765625, 0.0, 1000, 1000, 1000, 1000, -7.7796173095703125, -9.263683319091797, 0.0, -8.561728477478027, -5.989368438720703, 0.0, 0.0, 0.05911456048488617, 0.05911456048488617, 0.0, -0.0, -0.020142454653978348, -0.020142454653978348)