
(-9.24997329711914, -5.558025360107422, 0.0, -1.0, 0.0, 0.0, -0.28998473286628723, 1.3280305862426758, 0.0, 65.99978637695312, 44.464202880859375, 0.0, 1000, 1000, 1000, 1000, -8.415142059326172, -8.709478378295898, 0.0, -9.24997329711914, -5.558025360107422, 13.257954597473145, 0.0, -0.0, 13.257954597473145, 8.62723445892334, 0.0, 0.0, 8.62723445892334)
(-9.264616966247559, -5.5226640701293945, 0.0, -1.0, 0.0, 0.0, -0.534259557723999, 1.2669618129730225, 0.0, 66.11693572998047, 44.181312561035156, 0.0, 1000, 1000, 1000, 1000, -8.269262313842773, -8.324997901916504, 0.0, -9.264616966247559, -5.5226640701293945, 13.330238342285156, 0.0, 0.0, 13.330238342285156, 8.582870483398438, 0.0, 0.0, 8.582870483398438)
(-9.273836135864258, -5.488101005554199, 0.0, -1.0, 0.0, 0.0, -0.4884580075740814, 1.2669618129730225, 0.0, 66.19068908691406, 43.904808044433594, 0.0, 1000, 1000, 1000, 1000, -8.052054405212402, -8.827054977416992, 0.0, -9.273836135864258, -5.488101005554199, 13.33582878112793, 0.0, -0.0, 13.33582878112793, 8.527569770812988, 0.0, 0.0, 8.527569770812988)
(-9.29544734954834, -5.4691057205200195, 0.0, -1.0, 0.0, 0.0, -0.16784733533859253, 1.0074198246002197, 0.0, 66.36357879638672, 43.752845764160156, 0.0, 1000, 1000, 1000, 1000, -7.987370491027832, -8.645995140075684, 0.0, -9.29544734954834, -5.4691057205200195, 13.30628490447998, 0.0, -0.0, 13.30628490447998, 8.54908561706543, 0.0, 0.0, 8.54908561706543)
(-9.304423332214355, -5.4405341148376465, 0.0, -1.0, 0.0, 0.0, -0.534259557723999, 1.2669618129730225, 0.0, 66.43538665771484, 43.52427291870117, 0.0, 1000, 1000, 1000, 1000, -8.63294792175293, -8.324517250061035, 0.0, -9.304423332214355, -5.4405341148376465, 13.393928527832031, 0.0, 0.0, 13.393928527832031, 8.451462745666504, 0.0, 0.0, 8.451462745666504)
(-9.30569076538086, -5.413141250610352, 0.0, -1.0, 0.0, 0.0, -0.3205190896987915, 1.3280305862426758, 0.0, 66.44552612304688, 43.30513000488281, 0.0, 1000, 1000, 1000, 1000, -8.269010543823242, -8.718242645263672, 0.0, -9.30569076538086, -5.413141250610352, 13.353208541870117, 0.0, -0.0, 13.353208541870117, 8.39542007446289, 0.0, -0.0, 8.39542007446289)
(-9.297568321228027, -5.388911724090576, 0.0, -1.0, 0.0, 0.0, 0.06116030365228653, 1.786045789718628, 0.0, 66.38054656982422, 43.11129379272461, 0.0, 1000, 1000, 1000, 1000, -7.607692718505859, -7.7524003982543945, 0.0, -9.297568321228027, -5.388911724090576, 13.263877868652344, 0.0, -0.0, 13.263877868652344, 8.265049934387207, 0.0, 0.0, 8.265049934387207)
(-9.305724143981934, -5.378688812255859, 0.0, 0.0, 0.0, 0.0, -0.13731297850608826, 1.7249771356582642, 0.0, 74.44579315185547, 43.029510498046875, 0.0, 1000, 1000, 1000, 1000, -7.970844268798828, -8.652519226074219, 0.0, -9.305724143981934, -5.378688812255859, 14.916621208190918, 0.0, 0.0, 14.916621208190918, 8.260907173156738, 0.0, -0.0, 8.260907173156738)
(-9.309846878051758, -5.357336044311523, 0.0, -1.0, 0.0, 0.0, -0.3510534465312958, 1.2974961996078491, 0.0, 66.47877502441406, 42.85868835449219, 0.0, 1000, 1000, 1000, 1000, -8.024858474731445, -7.9032769203186035, 0.0, -9.309846878051758, -5.357336044311523, 13.365964889526367, 0.0, -0.0, 13.365964889526367, 8.312238693237305, 0.0, 0.0, 8.312238693237305)
(-9.332758903503418, -5.353909492492676, 0.0, -1.0, 0.0, 0.0, 0.2901679277420044, 0.5036030411720276, 0.0, 66.66207122802734, 42.831275939941406, 0.0, 1000, 1000, 1000, 1000, -6.609096527099609, -8.210470199584961, 0.0, -9.332758903503418, -5.353909492492676, 13.274380683898926, 0.0, -0.0, 13.274380683898926, 8.465534210205078, 0.0, 0.0, 8.465534210205078)
(-9.4043607711792, -5.381842613220215, 0.0, -1.0, 0.0, 0.0, -0.42738932371139526, 1.5417709350585938, 0.0, 67.2348861694336, 43.05474090576172, 0.0, 1000, 1000, 1000, 1000, -9.628081321716309, -7.953311443328857, 0.0, -9.4043607711792, -5.381842613220215, 13.532455444335938, 0.0, -0.0, 13.532455444335938, 8.302594184875488, 0.0, -0.0, 8.302594184875488)
(-9.617103576660156, -5.959378719329834, 0.0, -1.0, 0.0, 0.0, -1.57242751121521, -3.496397018432617, 0.0, 68.93682861328125, 47.67502975463867, 0.0, 1000, 1000, 1000, 1000, -7.874303817749023, -7.982789993286133, 0.0, -9.617103576660156, -5.959378719329834, 14.101850509643555, 0.0, -0.0, 14.101850509643555, 10.234285354614258, 0.0, 0.0, 10.234285354614258)
(-13.91468620300293, -11.202309608459473, 0.0, -1.0, 0.0, 0.0, -14.915939331054688, 1.8471145629882812, 0.0, 103.31748962402344, 89.61847686767578, 0.0, 1000, 1000, 1000, 1000, -16.054187774658203, -18.2435302734375, 0.0, -13.91468620300293, -11.202309608459473, 23.646686553955078, 0.0, -0.0, 23.646686553955078, 17.554271697998047, 0.0, -0.0, 17.554271697998047)
(-3.3888261318206787, -1.048656702041626, 0.0, -1.0, 0.0, 0.0, 52.29016876220703, 30.106657028198242, 0.0, 19.11060905456543, 8.389253616333008, 0.0, 1000, 1000, 1000, 1000, -4.128434181213379, -2.6126644611358643, 0.0, -3.3888261318206787, -1.048656702041626, -6.635911464691162, 0.0, -0.0, -6.635911464691162, -4.343480587005615, 0.0, -0.0, -4.343480587005615)
(2.182662010192871, 3.3923192024230957, 0.0, -1.0, 0.0, 0.0, -6.824336051940918, 9.358565330505371, 0.0, -25.46129608154297, -27.138553619384766, 0.0, 1000, 1000, 1000, 1000, 5.391831398010254, -1.4262335300445557, 0.0, 2.182662010192871, 3.3923192024230957, -3.7273917198181152, 0.0, 0.0, -3.7273917198181152, -7.299424171447754, 0.0, 0.0, -7.299424171447754)
(3.04524302482605, 4.610659122467041, 0.0, -1.0, 0.0, 0.0, 11.496274948120117, 17.541770935058594, 0.0, -32.36194610595703, -36.88527297973633, 0.0, 1000, 1000, 1000, 1000, 3.7227234840393066, -1.2493698596954346, 0.0, 3.04524302482605, 4.610659122467041, -8.771644592285156, 0.0, -0.0, -8.771644592285156, -10.885408401489258, 0.0, -0.0, -10.885408401489258)
(2.5515317916870117, 3.951935052871704, 0.0, -1.0, 0.0, 0.0, 2.9924581050872803, -0.5040305256843567, 0.0, -28.412254333496094, -31.615480422973633, 0.0, 1000, 1000, 1000, 1000, 2.9818572998046875, 2.77493953704834, 0.0, 2.5515317916870117, 3.951935052871704, -6.280942440032959, 0.0, -0.0, -6.280942440032959, -6.2222900390625, 0.0, -0.0, -6.2222900390625)
(0.2652387320995331, 2.5785069465637207, 0.0, -1.0, 0.0, 0.0, -18.198381423950195, 1.2211602926254272, 0.0, -10.121910095214844, -20.628055572509766, 0.0, 1000, 1000, 1000, 1000, 5.501658916473389, 3.1595163345336914, 0.0, 0.2652387320995331, 2.5785069465637207, 1.6152942180633545, 0.0, 0.0, 1.6152942180633545, -4.369843482971191, 0.0, 0.0, -4.369843482971191)
(-2.599531888961792, 3.7423598766326904, 0.0, -1.0, 0.0, 0.0, -0.5647938847541809, 9.29749584197998, 0.0, 12.796255111694336, -29.938879013061523, 0.0, 1000, 1000, 1000, 1000, -1.4308903217315674, 1.8892292976379395, 0.0, -2.599531888961792, 3.7423598766326904, 2.6722097396850586, 0.0, -0.0, 2.6722097396850586, -7.8472747802734375, 0.0, 0.0, -7.8472747802734375)
(-1.5757960081100464, 5.325008392333984, 0.0, -1.0, 0.0, 0.0, 4.244366645812988, 7.221160411834717, 0.0, 4.606368064880371, -42.600067138671875, 0.0, 1000, 1000, 1000, 1000, 0.5422040224075317, 3.5106124877929688, 0.0, -1.5757960081100464, 5.325008392333984, 0.0724002867937088, 0.0, -0.0, 0.0724002867937088, -9.964245796203613, 0.0, -0.0, -9.964245796203613)
(-0.2660731375217438, 4.538193225860596, 0.0, 0.0, 0.0, 0.0, 7.175663948059082, -10.290289878845215, 0.0, 2.12858510017395, -36.305545806884766, 0.0, 1000, 1000, 1000, 1000, 0.33260881900787354, 4.216663360595703, 0.0, -0.2660731375217438, 4.538193225860596, -1.009415864944458, 0.0, 0.0, -1.009415864944458, -5.2030510902404785, 0.0, 0.0, -5.2030510902404785)
(-1.5976334810256958, 1.920019268989563, 0.0, -1.0, 0.0, 0.0, -26.62586212158203, -2.9925801753997803, 0.0, 4.781067848205566, -15.360154151916504, 0.0, 1000, 1000, 1000, 1000, 1.2711191177368164, -2.6961781978607178, 0.0, -1.5976334810256958, 1.920019268989563, 6.281385898590088, 0.0, 0.0, 6.281385898590088, -2.4735147953033447, 0.0, 0.0, -2.4735147953033447)
(-4.139080047607422, 1.9065299034118652, 0.0, -1.0, 0.0, 0.0, 17.57261085510254, 0.595206081867218, 0.0, 25.112640380859375, -15.252239227294922, 0.0, 1000, 1000, 1000, 1000, -5.778262615203857, -0.5880293846130371, 0.0, -4.139080047607422, 1.9065299034118652, 1.5080058574676514, 0.0, -0.0, 1.5080058574676514, -3.1694891452789307, 0.0, -0.0, -3.1694891452789307)
(1.4930557012557983, 0.9353106617927551, 0.0, -1.0, 0.0, 0.0, 11.145130157470703, -2.290290117263794, 0.0, -19.944446563720703, -7.482485294342041, 0.0, 1000, 1000, 1000, 1000, 3.2491116523742676, -1.8759222030639648, 0.0, 1.4930557012557983, 0.9353106617927551, -6.2179155349731445, 0.0, 0.0, -6.2179155349731445, -1.0384390354156494, 0.0, 0.0, -1.0384390354156494)
(0.39056462049484253, 1.4828896522521973, 0.0, -1.0, 0.0, 0.0, -9.09914493560791, 4.579938888549805, 0.0, -11.124517440795898, -11.863117218017578, 0.0, 1000, 1000, 1000, 1000, 2.8688454627990723, -1.9427292346954346, 0.0, 0.39056462049484253, 1.4828896522521973, -0.40507450699806213, 0.0, -0.0, -0.40507450699806213, -3.2886111736297607, 0.0, -0.0, -3.2886111736297607)
(-0.7563199996948242, 1.060748815536499, 0.0, -1.0, 0.0, 0.0, -0.7480000257492065, -0.5040305256843567, 0.0, -1.9494400024414062, -8.485990524291992, 0.0, 1000, 1000, 1000, 1000, 0.5928587913513184, -1.9772520065307617, 0.0, -0.7563199996948242, 1.060748815536499, -0.24028798937797546, 0.0, -0.0, -0.24028798937797546, -1.5963919162750244, 0.0, 0.0, -1.5963919162750244)
(0.46727678179740906, 1.0604877471923828, 0.0, -1.0, 0.0, 0.0, 5.358870029449463, -0.4582290053367615, 0.0, -11.738214492797852, -8.483901977539062, 0.0, 1000, 1000, 1000, 1000, 2.0151889324188232, -2.6754462718963623, 0.0, 0.46727678179740906, 1.0604877471923828, -3.419416904449463, 0.0, -0.0, -3.419416904449463, -1.6051346063613892, 0.0, 0.0, -1.6051346063613892)
(1.0561059713363647, 0.8181691765785217, 0.0, -1.0, 0.0, 0.0, 0.015358778648078442, 0.32039695978164673, 0.0, -16.448848724365234, -6.545353412628174, 0.0, 1000, 1000, 1000, 1000, 1.7393981218338013, -2.1935863494873047, 0.0, 1.0561059713363647, 0.8181691765785217, -3.2928414344787598, 0.0, 0.0, -3.2928414344787598, -1.373150110244751, 0.0, 0.0, -1.373150110244751)
(0.17876341938972473, 0.8847071528434753, 0.0, -1.0, 0.0, 0.0, -6.228916168212891, 1.602839708328247, 0.0, -9.430107116699219, -7.077657222747803, 0.0, 1000, 1000, 1000, 1000, 0.9987319707870483, -2.617630958557129, 0.0, 0.17876341938972473, 0.8847071528434753, -0.6402381658554077, 0.0, -0.0, -0.6402381658554077, -1.7360994815826416, 0.0, 0.0, -1.7360994815826416)
(-0.6533272862434387, 0.8647796511650085, 0.0, -1.0, 0.0, 0.0, 0.7176488637924194, 1.3890992403030396, 0.0, -2.7733817100524902, -6.918237209320068, 0.0, 1000, 1000, 1000, 1000, 0.8629751205444336, -2.8165273666381836, 0.0, -0.6533272862434387, 0.8647796511650085, -0.6982061266899109, 0.0, -0.0, -0.6982061266899109, -1.6614673137664795, 0.0, 0.0, -1.6614673137664795)
(-0.4104113280773163, 0.9739832878112793, 0.0, -1.0, 0.0, 0.0, -3.5113587379455566, 3.526503801345825, 0.0, -4.716709136962891, -7.791866302490234, 0.0, 1000, 1000, 1000, 1000, 1.3271642923355103, -2.8740122318267822, 0.0, -0.4104113280773163, 0.9739832878112793, -0.24107007682323456, 0.0, 0.0, -0.24107007682323456, -2.263674020767212, 0.0, -0.0, -2.263674020767212)
(0.11999934166669846, 0.5892418026924133, 0.0, -1.0, 0.0, 0.0, 3.435206174850464, -1.9086107015609741, 0.0, -8.959994316101074, -4.713934421539307, 0.0, 1000, 1000, 1000, 1000, 0.5250614881515503, -3.133627414703369, 0.0, 0.11999934166669846, 0.5892418026924133, -2.4790401458740234, 0.0, -0.0, -2.4790401458740234, -0.5610647201538086, 0.0, 0.0, -0.5610647201538086)
(-0.13542743027210236, 1.1206810474395752, 0.0, -1.0, 0.0, 0.0, -4.8701372146606445, 5.877648830413818, 0.0, -6.916580677032471, -8.965448379516602, 0.0, 1000, 1000, 1000, 1000, 0.883049726486206, -2.0152060985565186, 0.0, -0.13542743027210236, 1.1206810474395752, -0.4092887043952942, 0.0, 0.0, -0.4092887043952942, -2.9686195850372314, 0.0, -0.0, -2.9686195850372314)
(-0.6678301692008972, 0.7179378271102905, 0.0, 0.0, 0.0, 0.0, -1.389221429824829, -4.076549530029297, 0.0, 5.342641353607178, -5.743502616882324, 0.0, 1000, 1000, 1000, 1000, 0.269924521446228, -3.0140786170959473, 0.0, -0.6678301692008972, 0.7179378271102905, 1.3463726043701172, 0.0, 0.0, 1.3463726043701172, -0.33339062333106995, 0.0, 0.0, -0.33339062333106995)
(-0.9929084777832031, 1.3250267505645752, 0.0, -1.0, 0.0, 0.0, -5.267084121704102, 6.503602981567383, 0.0, -0.056732177734375, -10.600214004516602, 0.0, 1000, 1000, 1000, 1000, -0.16026020050048828, -2.098958730697632, 0.0, -0.9929084777832031, 1.3250267505645752, 1.0420703887939453, 0.0, 0.0, 1.0420703887939453, -3.4207634925842285, 0.0, 0.0, -3.4207634925842285)
(-1.9639517068862915, 1.9272656440734863, 0.0, -1.0, 0.0, 0.0, 2.3817710876464844, 0.8394809365272522, 0.0, 7.711613655090332, -15.41812515258789, 0.0, 1000, 1000, 1000, 1000, -1.1357674598693848, -2.2432608604431152, 0.0, -1.9639517068862915, 1.9272656440734863, 1.0659685134887695, 0.0, -0.0, 1.0659685134887695, -3.251521348953247, 0.0, 0.0, -3.251521348953247)
(-1.0667651891708374, 2.1527762413024902, 0.0, -1.0, 0.0, 0.0, 3.145129680633545, 2.2287938594818115, 0.0, 0.5341215133666992, -17.222209930419922, 0.0, 1000, 1000, 1000, 1000, -0.9645521640777588, -1.3279964923858643, 0.0, -1.0667651891708374, 2.1527762413024902, -0.522201657295227, 0.0, -0.0, -0.522201657295227, -3.8902008533477783, 0.0, 0.0, -3.8902008533477783)
(-0.8569636344909668, 2.426616907119751, 0.0, -1.0, 0.0, 0.0, -3.3434197902679443, 0.41200000047683716, 0.0, -1.1442909240722656, -19.412935256958008, 0.0, 1000, 1000, 1000, 1000, 0.8353674411773682, -0.5547194480895996, 0.0, -0.8569636344909668, 2.426616907119751, 0.43982577323913574, 0.0, -0.0, 0.43982577323913574, -3.964987277984619, 0.0, 0.0, -3.964987277984619)
(-1.6311399936676025, 1.7846062183380127, 0.0, -1.0, 0.0, 0.0, -3.4808244705200195, 0.595206081867218, 0.0, 5.04911994934082, -14.276849746704102, 0.0, 1000, 1000, 1000, 1000, -1.0952503681182861, -2.084343910217285, 0.0, -1.6311399936676025, 1.7846062183380127, 1.705988883972168, 0.0, 0.0, 1.705988883972168, -2.9744112491607666, 0.0, -0.0, -2.9744112491607666)
(-1.833269476890564, 2.203627347946167, 0.0, -1.0, 0.0, 0.0, 1.1298625469207764, 3.633373975753784, 0.0, 6.666155815124512, -17.629018783569336, 0.0, 1000, 1000, 1000, 1000, -1.0957987308502197, 1.6477875709533691, 0.0, -1.833269476890564, 2.203627347946167, 1.1072585582733154, 0.0, -0.0, 1.1072585582733154, -4.25247859954834, 0.0, 0.0, -4.25247859954834)
(-1.0929838418960571, 0.8950088024139404, 0.0, -1.0, 0.0, 0.0, 0.8703206181526184, -3.6338014602661133, 0.0, 0.743870735168457, -7.160070419311523, 0.0, 1000, 1000, 1000, 1000, 0.24938011169433594, -3.411245822906494, 0.0, -1.0929838418960571, 0.8950088024139404, -0.025289976969361305, 0.0, 0.0, -0.025289976969361305, -0.7052537798881531, 0.0, -0.0, -0.7052537798881531)
(-1.8280680179595947, 1.3445756435394287, 0.0, -1.0, 0.0, 0.0, 1.160396933555603, 6.04558801651001, 0.0, 6.624544143676758, -10.75660514831543, 0.0, 1000, 1000, 1000, 1000, -1.0730810165405273, -0.9010295867919922, 0.0, -1.8280680179595947, 1.3445756435394287, 1.0928294658660889, 0.0, 0.0, 1.0928294658660889, -3.360438585281372, 0.0, -0.0, -3.360438585281372)
(-1.0203336477279663, 1.5117149353027344, 0.0, 0.0, 0.0, 0.0, 0.5497099161148071, 0.2593282461166382, 0.0, 8.16266918182373, -12.093719482421875, 0.0, 1000, 1000, 1000, 1000, -0.5252950191497803, -1.8199598789215088, 0.0, -1.0203336477279663, 1.5117149353027344, 1.5225918292999268, 0.0, 0.0, 1.5225918292999268, -2.470609426498413, 0.0, -0.0, -2.470609426498413)
(-1.3308024406433105, 1.796653151512146, 0.0, -1.0, -1.0, 0.0, -0.09151145070791245, 0.6104732751846313, 0.0, 2.6464195251464844, -14.373225212097168, 0.0, 1000, 1000, 1000, 1000, -0.6465160846710205, -0.8981518745422363, 0.0, -1.3308024406433105, 1.796653151512146, 0.54758620262146, 0.0, -0.0, 0.54758620262146, -2.9967398643493652, 0.0, 0.0, -2.9967398643493652)
(-1.13853919506073, 1.5046402215957642, 0.0, -1.0, 0.0, 0.0, -4.060976982116699, 1.4196336269378662, 0.0, 1.1083135604858398, -12.037121772766113, 0.0, 1000, 1000, 1000, 1000, -0.11968016624450684, -1.9256908893585205, 0.0, -1.13853919506073, 1.5046402215957642, 1.033858060836792, 0.0, 0.0, 1.033858060836792, -2.6913511753082275, 0.0, -0.0, -2.6913511753082275)
(-2.1578469276428223, 1.601356029510498, 0.0, -1.0, 0.0, 0.0, -1.7403664588928223, 2.7020764350891113, 0.0, 9.262775421142578, -12.810848236083984, 0.0, 1000, 1000, 1000, 1000, -1.8674063682556152, -1.5122449398040771, 0.0, -2.1578469276428223, 1.601356029510498, 2.2006282806396484, 0.0, -0.0, 2.2006282806396484, -3.1025848388671875, 0.0, -0.0, -3.1025848388671875)
(-2.005586862564087, 1.5765563249588013, 0.0, 0.0, 0.0, 0.0, -2.2289159297943115, 0.28986260294914246, 0.0, 16.044694900512695, -12.61245059967041, 0.0, 1000, 1000, 1000, 1000, -4.106359958648682, -9.575971603393555, 0.0, -2.005586862564087, 1.5765563249588013, 3.654722213745117, 0.0, 0.0, 3.654722213745117, -2.580462694168091, 0.0, 0.0, -2.580462694168091)
(-2.774428606033325, 0.8589448928833008, 0.0, -1.0, 0.0, 0.0, 0.778717577457428, -1.2979236841201782, 0.0, 14.195428848266602, -6.871559143066406, 0.0, 1000, 1000, 1000, 1000, 2.280841588973999, 2.463338851928711, 0.0, -2.774428606033325, 0.8589448928833008, 2.683342218399048, 0.0, -0.0, 2.683342218399048, -1.1147271394729614, 0.0, -0.0, -1.1147271394729614)
(-2.9987261295318604, 1.3850871324539185, 0.0, -1.0, 0.0, 0.0, -1.877771019935608, 4.4120001792907715, 0.0, 15.989809036254883, -11.080697059631348, 0.0, 1000, 1000, 1000, 1000, -2.629408359527588, -0.9189777374267578, 0.0, -2.9987261295318604, 1.3850871324539185, 3.5735161304473877, 0.0, 0.0, 3.5735161304473877, -3.098539352416992, 0.0, 0.0, -3.098539352416992)
(-2.658770799636841, 1.0184593200683594, 0.0, -1.0, 0.0, 0.0, -0.7174656391143799, -1.66433584690094, 0.0, 13.270166397094727, -8.147674560546875, 0.0, 1000, 1000, 1000, 1000, -1.8580207824707031, -2.0471267700195312, 0.0, -2.658770799636841, 1.0184593200683594, 2.7975263595581055, 0.0, 0.0, 2.7975263595581055, -1.2966678142547607, 0.0, 0.0, -1.2966678142547607)
(-2.8107385635375977, 1.369940996170044, 0.0, -1.0, 0.0, 0.0, 1.2825343608856201, 6.900549411773682, 0.0, 14.485908508300781, -10.959527969360352, 0.0, 1000, 1000, 1000, 1000, -2.2599635124206543, -1.9542086124420166, 0.0, -2.8107385635375977, 1.369940996170044, 2.6406748294830322, 0.0, -0.0, 2.6406748294830322, -3.5720152854919434, 0.0, -0.0, -3.5720152854919434)
(-2.6003153324127197, 1.6003646850585938, 0.0, -1.0, 0.0, 0.0, -0.8090686798095703, 1.1295572519302368, 0.0, 12.802522659301758, -12.80291748046875, 0.0, 1000, 1000, 1000, 1000, -2.8152036666870117, -1.7002053260803223, 0.0, -2.6003153324127197, 1.6003646850585938, 2.722318172454834, 0.0, 0.0, 2.722318172454834, -2.7864949703216553, 0.0, -0.0, -2.7864949703216553)
(-2.5200467109680176, 1.0441569089889526, 0.0, -1.0, 0.0, 0.0, -2.4121222496032715, -1.5116641521453857, 0.0, 12.16037368774414, -8.353255271911621, 0.0, 1100, 1100, 1100, 1100, -1.3390426635742188, -2.465970754623413, 0.0, -2.5200467109680176, 1.0441569089889526, 2.914499282836914, 0.0, 0.0, 2.914499282836914, -1.3683182001113892, 0.0, 0.0, -1.3683182001113892)
(-2.920132637023926, 0.9736663699150085, 0.0, -1.0, 0.0, 0.0, -1.5571602582931519, 0.6104732751846313, 0.0, 15.361061096191406, -7.789330959320068, 0.0, 1100, 1100, 1100, 1100, -2.1673789024353027, -2.1922292709350586, 0.0, -2.920132637023926, 0.9736663699150085, 3.3836441040039062, 0.0, -0.0, 3.3836441040039062, -1.67996084690094, 0.0, 0.0, -1.67996084690094)
(-2.789200782775879, 1.568050742149353, 0.0, -1.0, 0.0, 0.0, -2.1983816623687744, 5.526504039764404, 0.0, 14.313606262207031, -12.544405937194824, 0.0, 1100, 1100, 1100, 1100, -4.932436466217041, -3.626340866088867, 0.0, -2.789200782775879, 1.568050742149353, 3.3023974895477295, 0.0, -0.0, 3.3023974895477295, -3.6141819953918457, 0.0, 0.0, -3.6141819953918457)
(-2.779595136642456, 0.5985634326934814, 0.0, -1.0, 0.0, 0.0, -2.671664237976074, 4.946351051330566, 0.0, 14.236761093139648, -4.788507461547852, 0.0, 1100, 1100, 1100, 1100, 0.5984443426132202, -6.800153732299805, 0.0, -2.779595136642456, 0.5985634326934814, 3.3816847801208496, 0.0, 0.0, 3.3816847801208496, -1.9469716548919678, 0.0, -0.0, -1.9469716548919678)
(-4.178325176239014, 0.8441161513328552, 0.0, -1.0, 0.0, 0.0, -14.351053237915039, 3.6944427490234375, 0.0, 25.42660140991211, -6.752929210662842, 0.0, 1100, 1100, 1100, 1100, -8.02184772491455, -0.8032975196838379, 0.0, -4.178325176239014, 0.8441161513328552, 7.955531120300293, 0.0, 0.0, 7.955531120300293, -2.0894744396209717, 0.0, -0.0, -2.0894744396209717)
(-4.350183010101318, 0.5590710043907166, 0.0, -1.0, 0.0, 0.0, 16.366504669189453, -1.5116641521453857, 0.0, 26.801464080810547, -4.472568035125732, 0.0, 1171, 1177, 1142, 1139, -3.4578609466552734, 3.08864688873291, 0.0, -4.350183010101318, 0.5590710043907166, 2.086991786956787, 0.0, -0.0, 2.086991786956787, -0.5921807885169983, 0.0, 0.0, -0.5921807885169983)
(-3.270069122314453, 1.3486649990081787, 0.0, -1.0, 0.0, 0.0, -9.267084121704102, -2.244488477706909, 0.0, 18.160552978515625, -10.78931999206543, 0.0, 1178, 1192, 1209, 1202, -2.6649951934814453, -1.5066039562225342, 0.0, -3.270069122314453, 1.3486649990081787, 5.485527515411377, 0.0, 0.0, 5.485527515411377, -1.7089662551879883, 0.0, 0.0, -1.7089662551879883)
(-4.085384368896484, 1.649694800376892, 0.0, -1.0, 0.0, 0.0, 3.389404535293579, 9.953984260559082, 0.0, 24.683074951171875, -13.197558403015137, 0.0, 1215, 1233, 1254, 1255, -5.852394104003906, -7.713129043579102, 0.0, -4.085384368896484, 1.649694800376892, 4.258734226226807, 0.0, 0.0, 4.258734226226807, -4.630308628082275, 0.0, -0.0, -4.630308628082275)
(-2.8884153366088867, 1.8791797161102295, 0.0, -1.0, 0.0, 0.0, -8.183114051818848, -3.5574655532836914, 0.0, 15.107322692871094, -15.033437728881836, 0.0, 1253, 1267, 1297, 1293, 43.85281753540039, 14.310922622680664, 0.0, -2.8884153366088867, 1.8791797161102295, 4.658087253570557, 0.0, 0.0, 4.658087253570557, -2.295194387435913, 0.0, -0.0, -2.295194387435913)
(-4.086212635040283, 2.0587992668151855, 0.0, -1.0, 0.0, 0.0, 12.595511436462402, 6.503602981567383, 0.0, 24.689701080322266, -16.470394134521484, 0.0, 1312, 1326, 1312, 1316, 0.9594441652297974, -13.226839065551758, 0.0, -4.086212635040283, 2.0587992668151855, 2.4188380241394043, 0.0, -0.0, 2.4188380241394043, -4.594799518585205, 0.0, -0.0, -4.594799518585205)
(-2.614321231842041, 2.408271074295044, 0.0, -1.0, 0.0, 0.0, 1.66421377658844, 0.3814656436443329, 0.0, 12.914569854736328, -19.26616859436035, 0.0, 1345, 1358, 1416, 1419, -14.910715103149414, -32.25718688964844, 0.0, -2.614321231842041, 2.408271074295044, 2.2500710487365723, 0.0, -0.0, 2.2500710487365723, -3.9295268058776855, 0.0, 0.0, -3.9295268058776855)
(-2.233502149581909, 4.444082736968994, 0.0, -1.0, 0.0, 0.0, 7.816885471343994, -9.817008018493652, 0.0, 9.868017196655273, -35.55266189575195, 0.0, 1379, 1390, 1380, 1389, 38.190303802490234, -18.518030166625977, 0.0, -2.233502149581909, 4.444082736968994, 0.41022634506225586, 0.0, -0.0, 0.41022634506225586, -5.147130489349365, 0.0, 0.0, -5.147130489349365)
(-2.3564321994781494, 4.084034442901611, 0.0, -1.0, 0.0, 0.0, -34.19838333129883, 9.511236190795898, 0.0, 10.851457595825195, -32.67227554321289, 0.0, 1340, 1375, 1412, 1411, 10.124506950378418, 12.28825569152832, 0.0, -2.3564321994781494, 4.084034442901611, 9.009968757629395, 0.0, 0.0, 9.009968757629395, -8.436701774597168, 0.0, -0.0, -8.436701774597168)
(-19.154211044311523, 6.82128381729126, 0.0, -1.0, 0.0, 0.0, 23.664213180541992, -9.45059585571289, 0.0, 145.2336883544922, -54.57027053833008, 0.0, 1317, 1384, 1434, 1403, -10.679792404174805, -6.104590892791748, 0.0, -19.154211044311523, 6.82128381729126, 24.313894271850586, 0.0, -0.0, 24.313894271850586, -9.023935317993164, 0.0, 0.0, -9.023935317993164)
(0.28487634658813477, 4.092491626739502, 0.0, -1.0, 0.0, 0.0, 23.236732482910156, 62.48833465576172, 0.0, -10.279010772705078, -32.739933013916016, 0.0, 1354, 1378, 1377, 1429, -12.824644088745117, -79.57975006103516, 0.0, 0.28487634658813477, 4.092491626739502, -6.70314884185791, 0.0, 0.0, -6.70314884185791, -19.045654296875, 0.0, -0.0, -19.045654296875)
(-1.3943495750427246, 5.247326374053955, 0.0, -1.0, 0.0, 0.0, -31.557159423828125, 17.862380981445312, 0.0, 3.154796600341797, -41.97861099243164, 0.0, 1328, 1366, 1417, 1427, 52.9856071472168, -12.4654541015625, 0.0, -1.3943495750427246, 5.247326374053955, 6.942391395568848, 0.0, 0.0, 6.942391395568848, -11.968198776245117, 0.0, -0.0, -11.968198776245117)
(-17.642541885375977, 4.472614288330078, 0.0, -1.0, 0.0, 0.0, -12.7174654006958, -13.175786018371582, 0.0, 133.1403350830078, -35.780914306640625, 0.0, 1280, 1348, 1480, 1430, 1.9670783281326294, 31.141250610351562, 0.0, -17.642541885375977, 4.472614288330078, 29.171560287475586, 0.0, -0.0, 29.171560287475586, -4.521025657653809, 0.0, 0.0, -4.521025657653809)
(-3.7057340145111084, 1.964648723602295, 0.0, -1.0, 0.0, 0.0, 63.05352783203125, 9.557038307189941, 0.0, 21.645872116088867, -15.71718978881836, 0.0, 1425, 1418, 1336, 1363, 16.18673324584961, -6.641179084777832, 0.0, -3.7057340145111084, 1.964648723602295, -8.281530380249023, 0.0, -0.0, -8.281530380249023, -5.054845333099365, 0.0, -0.0, -5.054845333099365)
(-1.962784767150879, 3.1311254501342773, 0.0, -1.0, 0.0, 0.0, -17.17548179626465, -33.282657623291016, 0.0, 7.702278137207031, -25.04900360107422, 0.0, 1383, 1390, 1435, 1422, -34.91324996948242, 44.77408218383789, 0.0, -1.962784767150879, 3.1311254501342773, 4.975552082061768, 0.0, 0.0, 4.975552082061768, 1.6467307806015015, 0.0, 0.0, 1.6467307806015015)
(-2.0688345432281494, 3.588728904724121, 0.0, 0.0, 0.0, 0.0, -0.396854966878891, -0.6414350867271423, 0.0, 16.550676345825195, -28.70983123779297, 0.0, 1432, 1450, 1400, 1404, 10.635873794555664, 11.601461410522461, 0.0, -2.0688345432281494, 3.588728904724121, 3.3895061016082764, 0.0, 0.0, 3.3895061016082764, -5.613678932189941, 0.0, 0.0, -5.613678932189941)
(-2.946943998336792, 4.100864887237549, 0.0, -1.0, 0.0, 0.0, -23.236549377441406, 4.961618423461914, 0.0, 15.575551986694336, -32.80691909790039, 0.0, 1412, 1443, 1420, 1420, -9.244243621826172, 19.587194442749023, 0.0, -2.946943998336792, 4.100864887237549, 7.762420654296875, 0.0, 0.0, 7.762420654296875, -7.553708076477051, 0.0, -0.0, -7.553708076477051)
(-10.396583557128906, 2.849491834640503, 0.0, -1.0, 0.0, 0.0, 57.81688690185547, 33.63337326049805, 0.0, 75.17266845703125, -22.795934677124023, 0.0, 1304, 1334, 1516, 1532, 18.59165382385254, -16.814712524414062, 0.0, -10.396583557128906, 2.849491834640503, 3.471156358718872, 0.0, -0.0, 3.471156358718872, -11.285861015319824, 0.0, -0.0, -11.285861015319824)
(5.968871593475342, -0.8149318695068359, 0.0, -1.0, 0.0, 0.0, -11.343420028686523, -12.442961692810059, 0.0, -55.750972747802734, 6.5194549560546875, 0.0, 1100, 1100, 1231, 1241, 46.33606719970703, 40.70351791381836, 0.0, 5.968871593475342, -0.8149318695068359, -8.881510734558105, 0.0, 0.0, -8.881510734558105, 3.7924835681915283, 0.0, 0.0, 3.7924835681915283)
(2.3165647983551025, -5.8373332023620605, 0.0, 0.0, 0.0, 0.0, 17.8321533203125, -36.97731399536133, 0.0, -18.53251838684082, 46.698665618896484, 0.0, 1000, 1000, 1000, 1000, 13.812384605407715, -14.309966087341309, 0.0, 2.3165647983551025, -5.8373332023620605, -7.2729339599609375, 0.0, -0.0, -7.2729339599609375, 16.73519515991211, 0.0, 0.0, 16.73519515991211)
(8.777447700500488, -4.688950061798096, 0.0, -1.0, 0.0, 0.0, -0.992274820804596, 8.885282516479492, 0.0, -78.2195816040039, 37.511600494384766, 0.0, 1000, 1000, 1000, 1000, 13.91762638092041, -7.817497253417969, 0.0, 8.777447700500488, -4.688950061798096, -15.445462226867676, 0.0, 0.0, -15.445462226867676, 5.725263595581055, 0.0, 0.0, 5.725263595581055)
(7.349351406097412, -4.6563191413879395, 0.0, -1.0, 0.0, 0.0, 5.038259506225586, 1.5875725746154785, 0.0, -66.79481506347656, 37.250553131103516, 0.0, 1000, 1000, 1000, 1000, 5.343197822570801, -4.560763359069824, 0.0, 7.349351406097412, -4.6563191413879395, -14.366615295410156, 0.0, -0.0, -14.366615295410156, 7.132596015930176, 0.0, -0.0, 7.132596015930176)
(7.557301044464111, -2.7771878242492676, 0.0, -1.0, 0.0, 0.0, -10.122045516967773, 11.09902286529541, 0.0, -68.45840454101562, 22.21750259399414, 0.0, 1000, 1000, 1000, 1000, 12.004424095153809, -3.36956524848938, 0.0, 7.557301044464111, -2.7771878242492676, -11.667271614074707, 0.0, 0.0, -11.667271614074707, 2.223695993423462, 0.0, -0.0, 2.223695993423462)
(5.77550745010376, -1.82981276512146, 0.0, 0.0, 0.0, 0.0, -4.961740493774414, 0.7326107025146484, 0.0, -46.20405960083008, 14.63850212097168, 0.0, 1000, 1000, 1000, 1000, 7.766746997833252, -7.510274887084961, 0.0, 5.77550745010376, -1.82981276512146, -8.24846363067627, 0.0, 0.0, -8.24846363067627, 2.7811782360076904, 0.0, 0.0, 2.7811782360076904)
(5.306212902069092, -1.837239384651184, 0.0, -1.0, 0.0, 0.0, -4.060976982116699, 1.908183217048645, 0.0, -50.449703216552734, 14.697915077209473, 0.0, 1000, 1000, 1000, 1000, 6.513497352600098, -7.009450435638428, 0.0, 5.306212902069092, -1.837239384651184, -9.277745246887207, 0.0, 0.0, -9.277745246887207, 2.5579464435577393, 0.0, 0.0, 2.5579464435577393)
(4.94544792175293, -1.8420031070709229, 0.0, -1.0, 0.0, 0.0, -2.2289159297943115, 4.961618423461914, 0.0, -47.56358337402344, 14.736024856567383, 0.0, 1000, 1000, 1000, 1000, 5.371271133422852, -5.898524284362793, 0.0, 4.94544792175293, -1.8420031070709229, -9.066933631896973, 0.0, 0.0, -9.066933631896973, 1.9548813104629517, 0.0, -0.0, 1.9548813104629517)
(4.757651329040527, -1.9744597673416138, 0.0, -1.0, 0.0, 0.0, -2.5495266914367676, 0.48833587765693665, 0.0, -46.06121063232422, 15.79567813873291, 0.0, 1000, 1000, 1000, 1000, 5.290435791015625, -5.510570049285889, 0.0, 4.757651329040527, -1.9744597673416138, -8.702337265014648, 0.0, 0.0, -8.702337265014648, 3.0614686012268066, 0.0, -0.0, 3.0614686012268066)
(4.649359226226807, -1.5980159044265747, 0.0, 0.0, 0.0, 0.0, -1.1144121885299683, 3.7402443885803223, 0.0, -37.19487380981445, 12.784127235412598, 0.0, 1000, 1000, 1000, 1000, 6.538877487182617, -5.0302276611328125, 0.0, 4.649359226226807, -1.5980159044265747, -7.216092586517334, 0.0, 0.0, -7.216092586517334, 1.8087764978408813, 0.0, -0.0, 1.8087764978408813)
(4.229616165161133, -1.6255840063095093, 0.0, -1.0, 0.0, 0.0, -4.33578634262085, 2.3051297664642334, 0.0, -41.83692932128906, 13.004672050476074, 0.0, 1000, 1000, 1000, 1000, 5.417640686035156, -5.1203742027282715, 0.0, 4.229616165161133, -1.6255840063095093, -7.5002288818359375, 0.0, 0.0, -7.5002288818359375, 2.1399083137512207, 0.0, -0.0, 2.1399083137512207)
(3.821936845779419, -1.9048901796340942, 0.0, -1.0, 0.0, 0.0, -0.8090686798095703, -2.0612823963165283, 0.0, -38.57549285888672, 15.239121437072754, 0.0, 1000, 1000, 1000, 1000, 4.713112831115723, -5.4571003913879395, 0.0, 3.821936845779419, -1.9048901796340942, -7.553285121917725, 0.0, 0.0, -7.553285121917725, 3.460080623626709, 0.0, 0.0, 3.460080623626709)
(4.073922157287598, -3.1080193519592285, 0.0, -1.0, 0.0, 0.0, 5.526809215545654, -14.183420181274414, 0.0, -40.59137725830078, 24.864154815673828, 0.0, 1000, 1000, 1000, 1000, 5.9436798095703125, -6.243699550628662, 0.0, 4.073922157287598, -3.1080193519592285, -9.223637580871582, 0.0, -0.0, -9.223637580871582, 7.809515476226807, 0.0, 0.0, 7.809515476226807)
(3.4237513542175293, -4.170945644378662, 0.0, -1.0, 0.0, 0.0, -10.549527168273926, 13.221159934997559, 0.0, -27.390010833740234, 33.3675651550293, 0.0, 1000, 1000, 1000, 1000, 3.4950790405273438, -8.109752655029297, 0.0, 3.4237513542175293, -4.170945644378662, -3.3680968284606934, 0.0, 0.0, -3.3680968284606934, 4.029280662536621, 0.0, -0.0, 4.029280662536621)
(2.093846321105957, -2.4284508228302, 0.0, -1.0, 0.0, 0.0, 0.9008549451828003, 1.9387176036834717, 0.0, -24.750770568847656, 19.4276065826416, 0.0, 1000, 1000, 1000, 1000, 2.742825508117676, -4.829773426055908, 0.0, 2.093846321105957, -2.4284508228302, -5.130324840545654, 0.0, -0.0, -5.130324840545654, 3.4977779388427734, 0.0, 0.0, 3.4977779388427734)
(2.047286033630371, -2.6028406620025635, 0.0, -1.0, 0.0, 0.0, -1.1602137088775635, 1.48070228099823, 0.0, -24.37828826904297, 20.822725296020508, 0.0, 1000, 1000, 1000, 1000, 2.977654218673706, -5.702672481536865, 0.0, 2.047286033630371, -2.6028406620025635, -4.643614768981934, 0.0, -0.0, -4.643614768981934, 3.8684048652648926, 0.0, 0.0, 3.8684048652648926)
(2.3215527534484863, -2.588090419769287, 0.0, -1.0, 0.0, 0.0, 1.389404535293579, 2.5494046211242676, 0.0, -26.57242202758789, 20.704723358154297, 0.0, 1000, 1000, 1000, 1000, 3.729137659072876, -5.781776428222656, 0.0, 2.3215527534484863, -2.588090419769287, -5.592365264892578, 0.0, -0.0, -5.592365264892578, 3.631063938140869, 0.0, -0.0, 3.631063938140869)
(2.211233139038086, -2.210123300552368, 0.0, -1.0, 0.0, 0.0, -1.3281526565551758, 1.373832106590271, 0.0, -17.689865112304688, 17.680986404418945, 0.0, 1000, 1000, 1000, 1000, 3.3435404300689697, -5.122128963470459, 0.0, 2.211233139038086, -2.210123300552368, -3.2723426818847656, 0.0, 0.0, -3.2723426818847656, 3.2614307403564453, 0.0, 0.0, 3.2614307403564453)
(2.204606771469116, -2.2801899909973145, 0.0, -1.0, 0.0, 0.0, 0.5649771094322205, 1.0226870775222778, 0.0, -25.63685417175293, 18.241519927978516, 0.0, 1000, 1000, 1000, 1000, 3.3852696418762207, -5.076106548309326, 0.0, 2.204606771469116, -2.2801899909973145, -5.240366458892822, 0.0, -0.0, -5.240366458892822, 3.4437663555145264, 0.0, 0.0, 3.4437663555145264)
(2.4111082553863525, -2.257005214691162, 0.0, -1.0, 0.0, 0.0, -0.839603066444397, 1.8623816967010498, 0.0, -27.28886604309082, 18.056041717529297, 0.0, 1000, 1000, 1000, 1000, 3.736455202102661, -5.70058536529541, 0.0, 2.4111082553863525, -2.257005214691162, -5.289852619171143, 0.0, 0.0, -5.289852619171143, 3.238732099533081, 0.0, 0.0, 3.238732099533081)
(2.3355767726898193, -2.277951955795288, 0.0, -1.0, 0.0, 0.0, -0.6105954051017761, 0.3967328369617462, 0.0, -26.684614181518555, 18.223615646362305, 0.0, 1000, 1000, 1000, 1000, 3.115333080291748, -5.46469783782959, 0.0, 2.3355767726898193, -2.277951955795288, -5.214803695678711, 0.0, -0.0, -5.214803695678711, 3.5653767585754395, 0.0, 0.0, 3.5653767585754395)
(2.3769686222076416, -2.7716622352600098, 0.0, -1.0, 0.0, 0.0, -1.144946575164795, 0.04558778554201126, 0.0, -19.015748977661133, 22.173297882080078, 0.0, 1000, 1000, 1000, 1000, 3.3776464462280273, -6.211091041564941, 0.0, 2.3769686222076416, -2.7716622352600098, -3.57416033744812, 0.0, 0.0, -3.57416033744812, 4.425541877746582, 0.0, -0.0, 4.425541877746582)
(2.2706878185272217, -2.652306318283081, 0.0, -1.0, 0.0, 0.0, 0.18329770863056183, -1.129984736442566, 0.0, -26.165502548217773, 21.21845054626465, 0.0, 1000, 1000, 1000, 1000, 3.2343690395355225, -5.656210422515869, 0.0, 2.2706878185272217, -2.652306318283081, -5.2697601318359375, 0.0, -0.0, -5.2697601318359375, 4.469686985015869, 0.0, 0.0, 4.469686985015869)
(2.265047073364258, -3.267608165740967, 0.0, -1.0, 0.0, 0.0, 9.160305489785969e-05, 1.8471145629882812, 0.0, -26.120376586914062, 26.140865325927734, 0.0, 1000, 1000, 1000, 1000, 3.5045437812805176, -6.4133405685424805, 0.0, 2.265047073364258, -3.267608165740967, -5.224093437194824, 0.0, -0.0, -5.224093437194824, 4.858750343322754, 0.0, -0.0, 4.858750343322754)
(2.3562564849853516, -3.3249051570892334, 0.0, -1.0, 0.0, 0.0, -1.0228091478347778, -2.2750229835510254, 0.0, -26.850051879882812, 26.599241256713867, 0.0, 1000, 1000, 1000, 1000, 3.7152700424194336, -6.853150367736816, 0.0, 2.3562564849853516, -3.3249051570892334, -5.165448188781738, 0.0, 0.0, -5.165448188781738, 5.774852752685547, 0.0, 0.0, 5.774852752685547)
(2.1884357929229736, -3.5280110836029053, 0.0, -1.0, 0.0, 0.0, 0.2596336007118225, 1.1600916385650635, 0.0, -17.50748634338379, 28.224088668823242, 0.0, 1000, 1000, 1000, 1000, 3.2370669841766357, -7.134267807006836, 0.0, 2.1884357929229736, -3.5280110836029053, -3.553424119949341, 0.0, 0.0, -3.553424119949341, 5.41279935836792, 0.0, 0.0, 5.41279935836792)
(2.21992826461792, -3.790984869003296, 0.0, -1.0, 0.0, 0.0, -1.0838779211044312, -0.0612824410200119, 0.0, -25.75942611694336, 30.327878952026367, 0.0, 1000, 1000, 1000, 1000, 3.046041250228882, -7.244131088256836, 0.0, 2.21992826461792, -3.790984869003296, -4.935109615325928, 0.0, 0.0, -4.935109615325928, 6.077832221984863, 0.0, 0.0, 6.077832221984863)
(2.269113779067993, -3.8338754177093506, 0.0, -1.0, 0.0, 0.0, 0.9924579858779907, 0.41200000047683716, 0.0, -26.152910232543945, 30.671003341674805, 0.0, 1000, 1000, 1000, 1000, 3.4525809288024902, -7.401026725769043, 0.0, 2.269113779067993, -3.8338754177093506, -5.429073810577393, 0.0, -0.0, -5.429073810577393, 6.051800727844238, 0.0, 0.0, 6.051800727844238)
(2.382099151611328, -3.8604273796081543, 0.0, -1.0, 0.0, 0.0, -0.33578625321388245, 2.396732807159424, 0.0, -27.056793212890625, 30.883419036865234, 0.0, 1000, 1000, 1000, 1000, 3.2250800132751465, -7.236167907714844, 0.0, 2.382099151611328, -3.8604273796081543, -5.34420108795166, 0.0, -0.0, -5.34420108795166, 5.6973371505737305, 0.0, -0.0, 5.6973371505737305)
(2.4429104328155518, -3.7180557250976562, 0.0, -1.0, 0.0, 0.0, -0.1983816772699356, 1.3127633333206177, 0.0, -27.543283462524414, 29.74444580078125, 0.0, 1000, 1000, 1000, 1000, 3.401771306991577, -6.645619869232178, 0.0, 2.4429104328155518, -3.7180557250976562, -5.468980312347412, 0.0, -0.0, -5.468980312347412, 5.686336517333984, 0.0, 0.0, 5.686336517333984)
(2.288814067840576, -3.70611834526062, 0.0, -1.0, 0.0, 0.0, -0.5800610780715942, 1.2211602926254272, 0.0, -26.31051254272461, 29.64894676208496, 0.0, 1000, 1000, 1000, 1000, 3.3332769870758057, -7.268490791320801, 0.0, 2.288814067840576, -3.70611834526062, -5.146090507507324, 0.0, -0.0, -5.146090507507324, 5.6855573654174805, 0.0, -0.0, 5.6855573654174805)
(2.475660800933838, -3.6870100498199463, 0.0, -1.0, 0.0, 0.0, -1.2060152292251587, 1.7402442693710327, 0.0, -27.805286407470703, 29.49608039855957, 0.0, 1000, 1000, 1000, 1000, 3.571537494659424, -6.95311164855957, 0.0, 2.475660800933838, -3.6870100498199463, -5.319854259490967, 0.0, 0.0, -5.319854259490967, 5.5511674880981445, 0.0, -0.0, 5.5511674880981445)
(2.183865547180176, -3.764720916748047, 0.0, -1.0, 0.0, 0.0, -0.41212213039398193, 0.9310839772224426, 0.0, -25.470924377441406, 30.117767333984375, 0.0, 1000, 1000, 1000, 1000, 3.3003063201904297, -6.723773956298828, 0.0, 2.183865547180176, -3.764720916748047, -5.011760234832764, 0.0, -0.0, -5.011760234832764, 5.837336540222168, 0.0, -0.0, 5.837336540222168)
(2.2949798107147217, -3.7154898643493652, 0.0, -1.0, 0.0, 0.0, -0.12204580008983612, -0.15288549661636353, 0.0, -26.359838485717773, 29.723918914794922, 0.0, 1000, 1000, 1000, 1000, 3.5892343521118164, -7.047840595245361, 0.0, 2.2949798107147217, -3.7154898643493652, -5.24755859375, 0.0, -0.0, -5.24755859375, 5.975360870361328, 0.0, 0.0, 5.975360870361328)
(2.491370439529419, -4.059198379516602, 0.0, -1.0, 0.0, 0.0, 1.4962748289108276, 2.24406099319458, 0.0, -27.93096351623535, 32.47358703613281, 0.0, 1000, 1000, 1000, 1000, 4.021151542663574, -7.005833625793457, 0.0, 2.491370439529419, -4.059198379516602, -5.8854475021362305, 0.0, -0.0, -5.8854475021362305, 6.045905113220215, 0.0, -0.0, 6.045905113220215)
(4.715529918670654, -4.296578407287598, 0.0, -1.0, 0.0, 0.0, 6.168030738830566, -10.733037948608398, 0.0, -45.724239349365234, 34.37262725830078, 0.0, 1000, 1000, 1000, 1000, 11.50637435913086, -6.681795120239258, 0.0, 4.715529918670654, -4.296578407287598, -10.378454208374023, 0.0, 0.0, -10.378454208374023, 9.021133422851562, 0.0, 0.0, 9.021133422851562)
(4.446053504943848, -7.927321434020996, 0.0, -1.0, 0.0, 0.0, 11.313068389892578, -2.3513588905334473, 0.0, -43.56842803955078, 63.41857147216797, 0.0, 1000, 1000, 1000, 1000, 6.382866382598877, -14.341567039489746, 0.0, 4.446053504943848, -7.927321434020996, -10.976299285888672, 0.0, -0.0, -10.976299285888672, 13.153985977172852, 0.0, -0.0, 13.153985977172852)
(8.700039863586426, -11.490656852722168, 0.0, 0.0, 0.0, 0.0, 6.3359694480896, -28.79410743713379, 0.0, -69.6003189086914, 91.92525482177734, 0.0, 1000, 1000, 1000, 1000, 6.104995250701904, -17.473373413085938, 0.0, 8.700039863586426, -11.490656852722168, -15.187257766723633, 0.0, 0.0, -15.187257766723633, 24.143871307373047, 0.0, 0.0, 24.143871307373047)
(5.126993179321289, -13.210982322692871, 0.0, -1.0, 0.0, 0.0, -28.366321563720703, -21.25212287902832, 0.0, -49.01594543457031, 105.68785858154297, 0.0, 1000, 1000, 1000, 1000, 2.2813730239868164, -12.477544784545898, 0.0, 5.126993179321289, -13.210982322692871, -4.129924774169922, 0.0, 0.0, -4.129924774169922, 25.387996673583984, 0.0, 0.0, 25.387996673583984)
(-3.574838399887085, -11.705784797668457, 0.0, -1.0, 0.0, 0.0, -11.358687400817871, -21.06891632080078, 0.0, 20.59870719909668, 93.64627838134766, 0.0, 1000, 1000, 1000, 1000, -2.508014678955078, -14.72270679473877, 0.0, -3.574838399887085, -11.705784797668457, 6.391478538513184, 0.0, -0.0, 6.391478538513184, 22.943038940429688, 0.0, 0.0, 22.943038940429688)
(-7.526015758514404, -8.415295600891113, 0.0, -1.0, 0.0, 0.0, 3.4810075759887695, 31.358564376831055, 0.0, 52.208126068115234, 67.3223648071289, 0.0, 1000, 1000, 1000, 1000, -5.444683074951172, -17.913816452026367, 0.0, -7.526015758514404, -8.415295600891113, 9.745424270629883, 0.0, -0.0, 9.745424270629883, 7.1927595138549805, 0.0, -0.0, 7.1927595138549805)
(-7.567458152770996, -7.104920864105225, 0.0, 0.0, 0.0, 0.0, 0.931389331817627, -1.358992338180542, 0.0, 60.53966522216797, 56.8393669128418, 0.0, 1000, 1000, 1000, 1000, -5.49962043762207, -6.489411354064941, 0.0, -7.567458152770996, -7.104920864105225, 11.921655654907227, 0.0, 0.0, 11.921655654907227, 11.63967227935791, 0.0, 0.0, 11.63967227935791)
(-7.601064205169678, -6.859537124633789, 0.0, -1.0, 0.0, 0.0, -4.915938854217529, 17.663908004760742, 0.0, 52.80851364135742, 54.87629699707031, 0.0, 1000, 1000, 1000, 1000, -7.6427459716796875, -7.815506935119629, 0.0, -7.601064205169678, -6.859537124633789, 11.544890403747559, 0.0, 0.0, 11.544890403747559, 7.442477226257324, 0.0, -0.0, 7.442477226257324)
(-7.010847568511963, -3.7782480716705322, 0.0, -1.0, 0.0, 0.0, -5.511358737945557, 0.09138931334018707, 0.0, 48.0867805480957, 30.225984573364258, 0.0, 1000, 1000, 1000, 1000, -2.3576536178588867, -5.0161237716674805, 0.0, -7.010847568511963, -3.7782480716705322, 10.71962833404541, 0.0, 0.0, 10.71962833404541, 6.026919364929199, 0.0, 0.0, 6.026919364929199)
(-6.817895412445068, -3.2286834716796875, 0.0, -1.0, 0.0, 0.0, -1.6334961652755737, 1.2669618129730225, 0.0, 46.54316329956055, 25.8294677734375, 0.0, 1000, 1000, 1000, 1000, -5.150020599365234, -4.588868141174316, 0.0, -6.817895412445068, -3.2286834716796875, 9.635332107543945, 0.0, 0.0, 9.635332107543945, 4.912501335144043, 0.0, 0.0, 4.912501335144043)
(-6.814136981964111, -3.1311373710632324, 0.0, -1.0, 0.0, 0.0, -1.8930381536483765, -1.4505953788757324, 0.0, 46.51309585571289, 25.04909896850586, 0.0, 1000, 1000, 1000, 1000, -5.6505818367004395, -3.802779197692871, 0.0, -6.814136981964111, -3.1311373710632324, 9.68122673034668, 0.0, 0.0, 9.68122673034668, 5.299939155578613, 0.0, 0.0, 5.299939155578613)
(-6.72137451171875, -3.146800994873047, 0.0, -1.0, 0.0, 0.0, -3.114412307739258, -1.7712061405181885, 0.0, 45.77099609375, 25.174407958984375, 0.0, 1000, 1000, 1000, 1000, -5.424278736114502, -4.522877216339111, 0.0, -6.72137451171875, -3.146800994873047, 9.777081489562988, 0.0, 0.0, 9.777081489562988, 5.38912296295166, 0.0, 0.0, 5.38912296295166)
(-6.729740619659424, -3.095111608505249, 0.0, -1.0, 0.0, 0.0, 0.335969477891922, 1.5875725746154785, 0.0, 45.83792495727539, 24.760892868041992, 0.0, 1000, 1000, 1000, 1000, -6.715794563293457, -5.2132487297058105, 0.0, -6.729740619659424, -3.095111608505249, 9.100391387939453, 0.0, -0.0, 9.100391387939453, 4.634664058685303, 0.0, -0.0, 4.634664058685303)
(-6.739387512207031, -3.1123650074005127, 0.0, -1.0, 0.0, 0.0, -0.686931312084198, -1.5269312858581543, 0.0, 45.91510009765625, 24.8989200592041, 0.0, 1000, 1000, 1000, 1000, -7.0664825439453125, -5.9472198486328125, 0.0, -6.739387512207031, -3.1123650074005127, 9.320405960083008, 0.0, -0.0, 9.320405960083008, 5.285170555114746, 0.0, 0.0, 5.285170555114746)
(-6.740806579589844, -3.010075092315674, 0.0, -1.0, 0.0, 0.0, 1.2978014945983887, 0.7326107025146484, 0.0, 45.92645263671875, 24.08060073852539, 0.0, 1000, 1000, 1000, 1000, -6.737092971801758, -5.853884220123291, 0.0, -6.740806579589844, -3.010075092315674, 8.925729751586914, 0.0, -0.0, 8.925729751586914, 4.66959810256958, 0.0, -0.0, 4.66959810256958)
(-6.68517541885376, -2.9398553371429443, 0.0, -1.0, 0.0, 0.0, -0.16784733533859253, 1.9234503507614136, 0.0, 45.48140335083008, 23.518842697143555, 0.0, 1000, 1000, 1000, 1000, -5.635992050170898, -5.49653434753418, 0.0, -6.68517541885376, -2.9398553371429443, 9.129850387573242, 0.0, -0.0, 9.129850387573242, 4.31907844543457, 0.0, -0.0, 4.31907844543457)
(-6.709817886352539, -2.850707769393921, 0.0, -1.0, 0.0, 0.0, 0.18329770863056183, 1.48070228099823, 0.0, 45.67854309082031, 22.805662155151367, 0.0, 1000, 1000, 1000, 1000, -6.282279968261719, -5.808594703674316, 0.0, -6.709817886352539, -2.850707769393921, 9.09904956817627, 0.0, -0.0, 9.09904956817627, 4.2649922370910645, 0.0, -0.0, 4.2649922370910645)
(-6.642178535461426, -2.9061009883880615, 0.0, -1.0, 0.0, 0.0, -1.4502900838851929, -0.21395419538021088, 0.0, 45.137428283691406, 23.248807907104492, 0.0, 1000, 1000, 1000, 1000, -7.058465003967285, -5.472379207611084, 0.0, -6.642178535461426, -2.9061009883880615, 9.317543983459473, 0.0, -0.0, 9.317543983459473, 4.69255256652832, 0.0, 0.0, 4.69255256652832)
(-6.451597213745117, -2.867626190185547, 0.0, -1.0, 0.0, 0.0, 0.27490076422691345, 2.8394808769226074, 0.0, 43.61277770996094, 22.941009521484375, 0.0, 1000, 1000, 1000, 1000, -4.753087520599365, -7.908515930175781, 0.0, -6.451597213745117, -2.867626190185547, 8.667574882507324, 0.0, 0.0, 8.667574882507324, 4.020305633544922, 0.0, -0.0, 4.020305633544922)