
(0.6142596006393433, -1.327918291091919, 0.0, 0.0, 0.0, 0.0, -0.6104580163955688, 1.2669389247894287, 0.0, -4.914076805114746, 10.623346328735352, 0.0, 1000, 1000, 1000, 1000, 0.6142596006393433, -1.327918291091919, 0.0, 0.6142596006393433, -1.327918291091919, -0.8607237935066223, -0.000430361891631037, -1.0810691118240356, -1.9422231912612915, 1.871281385421753, 0.0009356407099403441, 2.350329637527466, 4.222546577453613)
(0.5259659886360168, -1.008800745010376, 0.0, 0.0, 0.0, 0.0, -0.44251909852027893, 1.236404538154602, 0.0, -4.207727909088135, 8.070405960083008, 0.0, 1000, 1000, 1000, 1000, 0.4157947301864624, -0.7419037818908691, 0.0, 0.5259659886360168, -1.008800745010376, -0.7530417442321777, 0.19415885210037231, -0.03621761500835419, -0.5951005220413208, 1.366800308227539, 0.035654764622449875, -0.09836180508136749, 1.3040932416915894)
(0.4439706802368164, -0.7101736068725586, 0.0, 0.0, 0.0, 0.0, -0.6104580163955688, 1.205870270729065, 0.0, -3.5517654418945312, 5.681388854980469, 0.0, 1000, 1000, 1000, 1000, 0.5875871181488037, -0.6679539680480957, 0.0, 0.4439706802368164, -0.7101736068725586, -0.5882614850997925, 0.17800544202327728, 0.06164003908634186, -0.3486160337924957, 0.8951037526130676, 0.061791252344846725, -0.06770949065685272, 0.8891854882240295)
(0.3858717679977417, -0.4454805552959442, 0.0, 0.0, 0.0, 0.0, -0.33564886450767517, 1.2516717910766602, 0.0, -3.0869741439819336, 3.5638444423675537, 0.0, 1000, 1000, 1000, 1000, 0.8716429471969604, -0.889523983001709, 0.0, 0.3858717679977417, -0.4454805552959442, -0.5502650737762451, 0.16116450726985931, 0.017433058470487595, -0.3716675043106079, 0.4624345302581787, 0.07727143913507462, -0.03097621351480484, 0.5087297558784485)
(0.3145315647125244, -0.20123930275440216, 0.0, 0.0, 0.0, 0.0, -0.36618319153785706, 1.6180839538574219, 0.0, -2.5162525177001953, 1.6099144220352173, 0.0, 1000, 1000, 1000, 1000, 0.44519031047821045, -0.9213447570800781, 0.0, 0.3145315647125244, -0.20123930275440216, -0.43001383543014526, 0.1502005159854889, -0.004300215747207403, -0.2841135561466217, -0.0016339063877239823, 0.0837014764547348, -0.1613311618566513, -0.0792635902762413)
(0.11858327686786652, -0.1181812509894371, 0.0, 0.0, 0.0, 0.0, -1.7707633972167969, -0.1223740428686142, 0.0, -0.9486662149429321, 0.9454500079154968, 0.0, 1000, 1000, 1000, 1000, 1.7439417839050293, -0.673041820526123, 0.0, 0.11858327686786652, -0.1181812509894371, 0.16441944241523743, 0.1459302455186844, 0.19084429740905762, 0.5011940002441406, 0.21356479823589325, 0.08477230370044708, 0.06718054413795471, 0.36551764607429504)
(-2.4566166400909424, -2.671674966812134, 0.0, 0.0, 0.0, 0.0, -38.16770935058594, -39.71015930175781, 0.0, 19.65293312072754, 21.37339973449707, 0.0, 1000, 1000, 1000, 1000, 3.1177492141723633, -2.027996778488159, 0.0, -2.4566166400909424, -2.671674966812134, 11.564127922058105, 0.22585372626781464, 5.065333843231201, 16.855316162109375, 12.216711044311523, 0.16496679186820984, 5.4560866355896, 17.837764739990234)
(-7.062681198120117, -8.450815200805664, 0.0, 0.0, 0.0, 0.0, -1.6180915832519531, 1.0379313230514526, 0.0, 56.50144958496094, 67.60652160644531, 0.0, 1000, 1000, 1000, 1000, -0.5901615619659424, -10.885425567626953, 0.0, -7.062681198120117, -8.450815200805664, 11.623908042907715, 0.548387348651886, 0.14122238755226135, 12.313517570495605, 13.31371784210205, 0.5489304065704346, 0.2278033196926117, 14.09045124053955)
(-7.156851291656494, -9.52810001373291, 0.0, 0.0, 0.0, 0.0, 2.229236602783203, -21.908634185791016, 0.0, 57.25481033325195, 76.22480010986328, 0.0, 1000, 1000, 1000, 1000, -10.364080429077148, -16.061382293701172, 0.0, -7.156851291656494, -9.52810001373291, 11.005114555358887, 0.8142479062080383, -0.8133901357650757, 11.005972862243652, 19.62668800354004, 0.9025500416755676, 3.638672351837158, 24.167909622192383)
(-6.625586986541748, -19.232112884521484, 0.0, 0.0, 0.0, 0.0, 0.5651144981384277, -27.984970092773438, 0.0, 53.004695892333984, 153.85690307617188, 0.0, 1000, 1000, 1000, 1000, -6.71019172668457, -31.645599365234375, 0.0, -6.625586986541748, -19.232112884521484, 10.487916946411133, 1.0597760677337646, -0.010239880532026291, 11.537452697753906, 36.36837387084961, 1.603955864906311, -1.4225518703460693, 36.54977798461914)
(-2.8921711444854736, -14.611946105957031, 0.0, 0.0, 0.0, 0.0, 32.09183120727539, 23.786022186279297, 0.0, 23.13736915588379, 116.89556884765625, 0.0, 1000, 1000, 1000, 1000, -5.767449855804443, -24.09474754333496, 0.0, -2.8921711444854736, -14.611946105957031, -1.7908923625946045, 1.1719733476638794, -4.226020336151123, -4.844939708709717, 18.62190818786621, 2.1659135818481445, -3.022627353668213, 17.765193939208984)
(6.242557048797607, -9.567023277282715, 0.0, 0.0, 0.0, 0.0, 4.0002288818359375, 18.51884651184082, 0.0, -49.94045639038086, 76.53618621826172, 0.0, 1000, 1000, 1000, 1000, 9.600341796875, -12.48501968383789, 0.0, 6.242557048797607, -9.567023277282715, -10.788137435913086, 0.8916726112365723, 1.8201172351837158, -8.076347351074219, 11.60346794128418, 2.4835972785949707, -2.3557627201080322, 11.731303215026855)
(-5.3937225341796875, -1.5733051300048828, 0.0, 0.0, 0.0, 0.0, -52.30511474609375, 56.64098358154297, 0.0, 43.1497802734375, 12.586441040039062, 0.0, 1000, 1000, 1000, 1000, -7.304481506347656, -1.8810467720031738, 0.0, -5.3937225341796875, -1.5733051300048828, 19.090978622436523, 1.058153748512268, -0.017767908051609993, 20.131364822387695, -8.810908317565918, 2.5461411476135254, -4.965001106262207, -11.229768753051758)
(-1.9264250993728638, 1.8384373188018799, 0.0, 0.0, 0.0, 0.0, 41.00786209106445, -16.58038902282715, 0.0, 15.41140079498291, -14.707498550415039, 0.0, 1000, 1000, 1000, 1000, 0.6934995651245117, 0.7769956588745117, 0.0, -1.9264250993728638, 1.8384373188018799, -5.119292259216309, 1.1926491260528564, -2.3346927165985107, -6.261335849761963, 0.3745780885219574, 2.4287109375, 2.4854822158813477, 5.288771152496338)
(2.0477941036224365, -1.815673589706421, 0.0, 0.0, 0.0, 0.0, -4.3203816413879395, -7.2216105461120605, 0.0, -16.382352828979492, 14.525388717651367, 0.0, 1000, 1000, 1000, 1000, 2.9875946044921875, -3.358930826187134, 0.0, 2.0477941036224365, -1.815673589706421, -2.4123942852020264, 1.0764962434768677, 1.067733645439148, -0.26816442608833313, 4.349400043487549, 2.5040323734283447, -0.28796717524528503, 6.565465450286865)
(-0.2679915428161621, -3.3034868240356445, 0.0, 0.0, 0.0, 0.0, -15.587556838989258, -4.794129848480225, 0.0, 2.143932342529297, 26.427894592285156, 0.0, 1000, 1000, 1000, 1000, -0.5563747882843018, -6.758124351501465, 0.0, -0.2679915428161621, -3.3034868240356445, 3.546297788619995, 1.081510066986084, 1.3046207427978516, 5.932428359985352, 6.2444047927856445, 2.6259188652038574, 0.2773952782154083, 9.147719383239746)
(-1.8013535737991333, -3.9345216751098633, 0.0, 0.0, 0.0, 0.0, -6.244045734405518, -0.015503817237913609, 0.0, 14.410828590393066, 31.476173400878906, 0.0, 1000, 1000, 1000, 1000, -0.27425718307495117, -5.421609878540039, 0.0, -1.8013535737991333, -3.9345216751098633, 4.130974769592285, 1.1584144830703735, 0.5720337629318237, 5.861423015594482, 6.298335075378418, 2.773373603820801, -0.23017403483390808, 8.841534614562988)
(-3.946428060531616, -4.150611877441406, 0.0, 0.0, 0.0, 0.0, -7.526488780975342, -1.7406946420669556, 0.0, 31.57142448425293, 33.20489501953125, 0.0, 1000, 1000, 1000, 1000, -3.6889710426330566, -6.878156661987305, 0.0, -3.946428060531616, -4.150611877441406, 7.819582462310791, 1.308661937713623, 0.026842553168535233, 9.155086517333984, 6.9891180992126465, 2.921919822692871, 0.23887783288955688, 10.14991569519043)
(-4.821366310119629, -3.9562532901763916, 0.0, 0.0, 0.0, 0.0, -0.961603045463562, 6.68678617477417, 0.0, 38.57093048095703, 31.650026321411133, 0.0, 1000, 1000, 1000, 1000, -4.676403999328613, -6.785957336425781, 0.0, -4.821366310119629, -3.9562532901763916, 7.906506538391113, 1.4917809963226318, -0.16843770444393158, 9.229849815368652, 4.992648124694824, 3.0758438110351562, -0.3400889039039612, 7.728402614593506)
(-4.7112135887146, -3.7318456172943115, 0.0, 0.0, 0.0, 0.0, 2.2139694690704346, 2.579916000366211, 0.0, 37.6897087097168, 29.854764938354492, 0.0, 1000, 1000, 1000, 1000, -4.286476135253906, -5.181851863861084, 0.0, -4.7112135887146, -3.7318456172943115, 7.095147609710693, 1.671657681465149, -0.27439066767692566, 8.492414474487305, 5.454969882965088, 3.207564115524292, -0.26230326294898987, 8.400230407714844)
(-5.36588191986084, -2.0923964977264404, 0.0, 0.0, 0.0, 0.0, -11.557023048400879, 5.877625942230225, 0.0, 42.92705535888672, 16.739171981811523, 0.0, 1000, 1000, 1000, 1000, -4.567882061004639, -4.072574138641357, 0.0, -5.36588191986084, -2.0923964977264404, 10.896815299987793, 1.861911654472351, 0.8623366951942444, 13.621064186096191, 2.172309160232544, 3.2839691638946533, 0.05255892127752304, 5.5088372230529785)
(-4.871492862701416, -2.3425817489624023, 0.0, 0.0, 0.0, 0.0, 14.397175788879395, -4.122374057769775, 0.0, 38.97194290161133, 18.74065399169922, 0.0, 1000, 1000, 1000, 1000, -5.964811325073242, -4.011411190032959, 0.0, -4.871492862701416, -2.3425817489624023, 4.914953708648682, 2.066352605819702, -1.337510347366333, 5.643795967102051, 4.572605609893799, 3.362886428833008, 0.4619550406932831, 8.397446632385254)
(-3.170184373855591, -2.187014102935791, 0.0, 0.0, 0.0, 0.0, -1.0532060861587524, 4.442511558532715, 0.0, 25.361474990844727, 17.496112823486328, 0.0, 1000, 1000, 1000, 1000, -2.0630040168762207, -4.300051212310791, 0.0, -3.170184373855591, -2.187014102935791, 5.282936096191406, 2.172091484069824, 0.2764672040939331, 7.731494426727295, 2.610720157623291, 3.4483261108398438, -0.07365939021110535, 5.985386848449707)
(-3.6394245624542236, -2.159811019897461, 0.0, 0.0, 0.0, 0.0, -0.33564886450767517, -0.8551985025405884, 0.0, 29.11539649963379, 17.278488159179688, 0.0, 1000, 1000, 1000, 1000, -3.472928047180176, -4.48674201965332, 0.0, -3.6394245624542236, -2.159811019897461, 5.890209197998047, 2.312147617340088, -0.16164177656173706, 8.040715217590332, 3.626737117767334, 3.5207879543304443, 0.0871213898062706, 7.234646797180176)
(-3.3427977561950684, -2.2009265422821045, 0.0, 0.0, 0.0, 0.0, 2.091832160949707, 1.8318244218826294, 0.0, 26.742382049560547, 17.607412338256836, 0.0, 1000, 1000, 1000, 1000, -2.9424877166748047, -4.529141426086426, 0.0, -3.3427977561950684, -2.2009265422821045, 4.930109977722168, 2.4364616870880127, -0.20406214892864227, 7.162509918212891, 3.1551175117492676, 3.5998451709747314, 0.0761978030204773, 6.831160545349121)
(-3.0378713607788086, -2.6643106937408447, 0.0, 0.0, 0.0, 0.0, -1.083740472793579, 1.3432748317718506, 0.0, 24.30297088623047, 21.314485549926758, 0.0, 1000, 1000, 1000, 1000, -2.415323257446289, -5.882226467132568, 0.0, -3.0378713607788086, -2.6643106937408447, 5.0773420333862305, 2.549853801727295, 0.20917825400829315, 7.836374282836914, 3.9942421913146973, 3.695070266723633, -0.3272377550601959, 7.362074375152588)
(-3.2544562816619873, -2.281498670578003, 0.0, 0.0, 0.0, 0.0, 1.465877890586853, -1.0842061042785645, 0.0, 26.0356502532959, 18.251989364624023, 0.0, 1000, 1000, 1000, 1000, -3.4035897254943848, -2.9170329570770264, 0.0, -3.2544562816619873, -2.281498670578003, 4.913954734802246, 2.674861431121826, -0.3984651267528534, 7.1903510093688965, 3.867238998413086, 3.7770469188690186, 0.5140931010246277, 8.158378601074219)
(-3.395463466644287, -2.6386513710021973, 0.0, 0.0, 0.0, 0.0, -2.0761067867279053, -1.6185572147369385, 0.0, 27.163707733154297, 21.109210968017578, 0.0, 1000, 1000, 1000, 1000, -2.907163619995117, -5.197261333465576, 0.0, -3.395463466644287, -2.6386513710021973, 5.847962856292725, 2.800196647644043, 0.10513557493686676, 8.753294944763184, 4.545553684234619, 3.8682851791381836, 0.35128557682037354, 8.765124320983887)
(-3.584855556488037, -2.857846260070801, 0.0, 0.0, 0.0, 0.0, -0.9463358521461487, 1.7249542474746704, 0.0, 28.678844451904297, 22.862770080566406, 0.0, 1000, 1000, 1000, 1000, -2.2526822090148926, -5.819436073303223, 0.0, -3.584855556488037, -2.857846260070801, 5.925036430358887, 2.939140558242798, 0.08972640335559845, 8.953903198242188, 4.22756290435791, 3.971938133239746, -0.203605055809021, 7.995896339416504)
(-3.6041104793548584, -2.948289632797241, 0.0, 0.0, 0.0, 0.0, 1.7864885330200195, 0.8089236617088318, 0.0, 28.832883834838867, 23.58631706237793, 0.0, 1000, 1000, 1000, 1000, -3.2242445945739746, -5.810883045196533, 0.0, -3.6041104793548584, -2.948289632797241, 5.409278869628906, 3.076624870300293, -0.17185482382774353, 8.314048767089844, 4.555478572845459, 4.076941967010498, -0.0653182864189148, 8.567102432250977)
(-3.689624071121216, -3.0377109050750732, 0.0, 0.0, 0.0, 0.0, -2.763129711151123, 0.18296946585178375, 0.0, 29.516992568969727, 24.301687240600586, 0.0, 1000, 1000, 1000, 1000, -3.7750306129455566, -5.469095230102539, 0.0, -3.689624071121216, -3.0377109050750732, 6.456024169921875, 3.2126681804656982, 0.3422645926475525, 10.010956764221191, 4.8237433433532715, 4.186985015869141, 0.1262214332818985, 9.13694953918457)
(-3.595564365386963, -3.1998026371002197, 0.0, 0.0, 0.0, 0.0, -1.1448091268539429, 1.6791527271270752, 0.0, 28.764514923095703, 25.598421096801758, 0.0, 1000, 1000, 1000, 1000, -2.3061957359313965, -5.668900012969971, 0.0, -3.595564365386963, -3.1998026371002197, 5.981864929199219, 3.3488540649414062, 0.3003770112991333, 9.631095886230469, 4.783853530883789, 4.304949760437012, -0.0815175324678421, 9.007286071777344)
(-3.7033445835113525, -3.2353198528289795, 0.0, 0.0, 0.0, 0.0, 0.9620610475540161, 1.8165572881698608, 0.0, 29.62675666809082, 25.882558822631836, 0.0, 1000, 1000, 1000, 1000, -2.940371513366699, -5.727010250091553, 0.0, -3.7033445835113525, -3.2353198528289795, 5.73293924331665, 3.491999626159668, -0.1524229198694229, 9.072515487670898, 4.8132004737854, 4.41860818862915, -0.13284581899642944, 9.098962783813477)
(-3.8037967681884766, -3.353064775466919, 0.0, 0.0, 0.0, 0.0, 1.6185495853424072, 0.9615954160690308, 0.0, 30.430374145507812, 26.82451820373535, 0.0, 1000, 1000, 1000, 1000, -4.320398330688477, -7.900940895080566, 0.0, -3.8037967681884766, -3.353064775466919, 5.762364864349365, 3.5812582969665527, 5.997254371643066, 15.340877532958984, 5.172584533691406, 4.4941086769104, 5.50462532043457, 15.171319007873535)
(-2.920801877975464, -3.3982362747192383, 0.0, 0.0, 0.0, 0.0, 1.4048091173171997, 2.213503837585449, 0.0, 23.36641502380371, 27.185890197753906, 0.0, 1000, 1000, 1000, 1000, -1.3846230506896973, -5.875900745391846, 0.0, -2.920801877975464, -3.3982362747192383, 4.3923211097717285, 3.6915338039398193, 0.01396268978714943, 8.097817420959473, 4.994477272033691, 4.618422985076904, -0.18020933866500854, 9.432690620422363)
(-2.5308797359466553, -3.0980327129364014, 0.0, 0.0, 0.0, 0.0, 0.5040457844734192, 2.1066336631774902, 0.0, 20.247037887573242, 24.78426170349121, 0.0, 1000, 1000, 1000, 1000, -0.5814032554626465, -6.032268047332764, 0.0, -2.5308797359466553, -3.0980327129364014, 3.9485983848571777, 3.786210298538208, 0.13346436619758606, 7.8682732582092285, 4.535525321960449, 4.729060173034668, -0.07950089126825333, 9.185084342956543)
(-2.5507102012634277, -2.9197702407836914, 0.0, 0.0, 0.0, 0.0, 0.0612977109849453, 1.4043434858322144, 0.0, 20.405681610107422, 23.35816192626953, 0.0, 1000, 1000, 1000, 1000, -1.3218390941619873, -5.272876262664795, 0.0, -2.5507102012634277, -2.9197702407836914, 4.06887674331665, 3.881582736968994, -0.07262448221445084, 7.877834796905518, 4.390763759613037, 4.83035135269165, 0.1460902988910675, 9.367205619812012)
(-1.8312041759490967, -3.3704094886779785, 0.0, 0.0, 0.0, 0.0, 3.6185495853424072, -0.03077099286019802, 0.0, 14.649633407592773, 26.963275909423828, 0.0, 1000, 1000, 1000, 1000, -0.07892131805419922, -6.335193634033203, 0.0, -1.8312041759490967, -3.3704094886779785, 2.206216812133789, 3.9579529762268066, -0.10180731862783432, 6.062362194061279, 5.398809432983398, 4.952492713928223, -0.15702682733535767, 10.19427490234375)
(-3.0127487182617188, -2.7965357303619385, 0.0, 0.0, 0.0, 0.0, -5.816565036773682, 4.076099395751953, 0.0, 24.10198974609375, 22.372285842895508, 0.0, 1000, 1000, 1000, 1000, -2.2840347290039062, -5.046187400817871, 0.0, -3.0127487182617188, -2.7965357303619385, 5.983710765838623, 4.065109729766846, 0.07289279252290726, 10.121713638305664, 3.6592373847961426, 5.055777072906494, -0.02191665954887867, 8.693098068237305)
(-2.574427366256714, -3.0501155853271484, 0.0, 0.0, 0.0, 0.0, 2.1376335620880127, -2.2292442321777344, 0.0, 20.59541893005371, 24.400924682617188, 0.0, 1000, 1000, 1000, 1000, -1.5908761024475098, -5.777538299560547, 0.0, -2.574427366256714, -3.0501155853271484, 3.691556930541992, 4.1687912940979, 0.11341678351163864, 7.973764896392822, 5.326033592224121, 5.162084579467773, 0.28071942925453186, 10.768837928771973)
(-3.0059609413146973, -2.8660433292388916, 0.0, 0.0, 0.0, 0.0, -2.0608396530151367, 1.1600687503814697, 0.0, 24.047687530517578, 22.928346633911133, 0.0, 1000, 1000, 1000, 1000, -2.275012969970703, -6.052568435668945, 0.0, -3.0059609413146973, -2.8660433292388916, 5.221705436706543, 4.2776994705200195, -0.020655600354075432, 9.47874927520752, 4.353655815124512, 5.267070770263672, 0.24828021228313446, 9.869007110595703)
(-2.8183929920196533, -2.83455228805542, 0.0, 0.0, 0.0, 0.0, 0.3513740599155426, 2.39670991897583, 0.0, 22.547143936157227, 22.67641830444336, 0.0, 1100, 1100, 1100, 1100, 0.2891885042190552, -13.59879207611084, 0.0, -2.8183929920196533, -2.83455228805542, 4.439154148101807, 4.38553524017334, -0.2951085567474365, 8.529581069946289, 4.055941581726074, 5.367060661315918, 0.3559167981147766, 9.778919219970703)
(-3.2403132915496826, -2.0203709602355957, 0.0, 0.0, 0.0, 0.0, -1.4196183681488037, 1.4654122591018677, 0.0, 25.92250633239746, 16.162967681884766, 0.0, 1100, 1100, 1100, 1100, -0.060373544692993164, -9.257148742675781, 0.0, -3.2403132915496826, -2.0203709602355957, 5.4684247970581055, 4.508240222930908, -0.2596747875213623, 9.71699047088623, 2.9395110607147217, 5.430246353149414, 0.5173913836479187, 8.8871488571167)
(-2.6398961544036865, -2.3428773880004883, 0.0, 0.0, 0.0, 0.0, 5.236870288848877, 0.3203740417957306, 0.0, 21.119169235229492, 18.743019104003906, 0.0, 1100, 1100, 1100, 1100, -4.113670349121094, -7.425709247589111, 0.0, -2.6398961544036865, -2.3428773880004883, 3.176459789276123, 4.607229232788086, -0.714062511920929, 7.069626331329346, 3.6845290660858154, 5.512496471405029, 0.0242308396846056, 9.221256256103516)
(-2.133951425552368, -2.1681926250457764, 0.0, 0.0, 0.0, 0.0, 5.221602916717529, -6.8704657554626465, 0.0, 17.071611404418945, 17.34554100036621, 0.0, 1100, 1100, 1100, 1100, -1.8534276485443115, -2.7194817066192627, 0.0, -2.133951425552368, -2.1681926250457764, 2.3700015544891357, 4.6871113777160645, -0.6990054845809937, 6.358107089996338, 4.843201637268066, 5.591519355773926, 2.4865000247955322, 12.921220779418945)
(-2.906848430633545, -4.7357306480407715, 0.0, 0.0, 0.0, 0.0, -11.083740234375, 10.076099395751953, 0.0, 23.25478744506836, 37.88584518432617, 0.0, 1100, 1100, 1118, 1100, 0.23457884788513184, -1.4969546794891357, 0.0, -2.906848430633545, -4.7357306480407715, 6.867705345153809, 4.787835597991943, 0.8961414098739624, 12.551682472229004, 5.561949253082275, 5.778705596923828, -1.8454053401947021, 9.495248794555664)
(-3.545135259628296, -1.7901827096939087, 0.0, 0.0, 0.0, 0.0, 8.62618350982666, 2.8089237213134766, 0.0, 28.361082077026367, 14.32146167755127, 0.0, 1148, 1147, 1152, 1119, 3.0256175994873047, -11.960657119750977, 0.0, -3.545135259628296, -1.7901827096939087, 3.946979522705078, 4.945469379425049, -1.0104575157165527, 7.881991386413574, 2.3025076389312744, 5.820098876953125, 0.6064788699150085, 8.729084968566895)
(-3.7511706352233887, -1.6815228462219238, 0.0, 0.0, 0.0, 0.0, -10.671526908874512, 19.404342651367188, 0.0, 30.00936508178711, 13.45218276977539, 0.0, 1208, 1236, 1260, 1230, -4.549803733825684, 0.2094268798828125, 0.0, -3.7511706352233887, -1.6815228462219238, 8.136178970336914, 5.070087432861328, 1.267330288887024, 14.473596572875977, -1.1904319524765015, 5.887495040893555, -3.836561441421509, 0.8605016469955444)
(-3.3436970710754395, -0.7937291264533997, 0.0, 0.0, 0.0, 0.0, 1.8322900533676147, 5.434877872467041, 0.0, 26.749576568603516, 6.349833011627197, 0.0, 1237, 1250, 1291, 1261, 6.605900764465332, -9.794677734375, 0.0, -3.3436970710754395, -0.7937291264533997, 4.983457088470459, 5.197778701782227, 0.6651811599731445, 10.846417427062988, 0.18299102783203125, 5.9057464599609375, -1.8293308019638062, 4.259406566619873)
(-3.6738038063049316, -1.725412130355835, 0.0, 0.0, 0.0, 0.0, 6.9315266609191895, -13.32848072052002, 0.0, 29.390430450439453, 13.80329704284668, 0.0, 1300, 1285, 1346, 1299, -19.136985778808594, -16.472209930419922, 0.0, -3.6738038063049316, -1.725412130355835, 4.491780757904053, 5.337158679962158, -1.94020676612854, 7.88873291015625, 5.426355838775635, 5.961184501647949, 4.028003215789795, 15.415543556213379)
(-4.84098482131958, -1.3476035594940186, 0.0, 0.0, 0.0, 0.0, -10.59519100189209, -19.450618743896484, 0.0, 38.72787857055664, 10.780828475952148, 0.0, 1376, 1369, 1351, 1279, -7.139838218688965, 23.495859146118164, 0.0, -4.84098482131958, -1.3476035594940186, 9.864614486694336, 5.498367786407471, 0.9887253642082214, 16.351707458496094, 6.046289443969727, 6.0151519775390625, 7.835158824920654, 19.8966007232666)
(-4.928541660308838, -0.29129475355148315, 0.0, 0.0, 0.0, 0.0, 6.366641044616699, 9.068465232849121, 0.0, 39.4283332824707, 2.3303580284118652, 0.0, 1347, 1368, 1432, 1402, 12.94133472442627, -16.618200302124023, 0.0, -4.928541660308838, -0.29129475355148315, 6.612338066101074, 5.7034687995910645, 0.3187136650085449, 12.634520530700684, -1.3476214408874512, 6.011749744415283, -2.4922046661376953, 2.171923875808716)
(-5.262596130371094, 0.9219444990158081, 0.0, 0.0, 0.0, 0.0, 4.763587951660156, -32.58039093017578, 0.0, 42.10076904296875, -7.375555992126465, 0.0, 1433, 1416, 1451, 1385, -18.095340728759766, 56.61996841430664, 0.0, -5.262596130371094, 0.9219444990158081, 7.46743631362915, 5.904395580291748, -1.2257364988327026, 12.146095275878906, 5.040966987609863, 5.975390434265137, 9.755977630615234, 20.772335052490234)
(-4.826135635375977, 2.544034957885742, 0.0, 0.0, 0.0, 0.0, -9.648626327514648, 28.4425106048584, 0.0, 38.60908508300781, -20.352279663085938, 0.0, 1369, 1430, 1482, 1465, -71.14401245117188, -6.663896083831787, 0.0, -4.826135635375977, 2.544034957885742, 9.651542663574219, 6.0782318115234375, 3.646684408187866, 19.3764591217041, -9.75895881652832, 5.8814263343811035, -7.104720115661621, -10.98225212097168)
(-4.250895977020264, 3.2468466758728027, 0.0, 0.0, 0.0, 0.0, 1.7406870126724243, 13.45014476776123, 0.0, 34.00716781616211, -25.974773406982422, 0.0, 1411, 1445, 1476, 1463, 5.615098476409912, -2.676912546157837, 0.0, -4.250895977020264, 3.2468466758728027, 6.453295707702637, 6.234018325805664, -1.1591744422912598, 11.5281400680542, -7.884984016418457, 5.742617607116699, -3.275543689727783, -5.417909622192383)
(-3.217341184616089, 2.9092977046966553, 0.0, 0.0, 0.0, 0.0, 3.343740463256836, -7.481152534484863, 0.0, 25.73872947692871, -23.274381637573242, 0.0, 1473, 1481, 1435, 1405, 9.47120475769043, 22.988723754882812, 0.0, -3.217341184616089, 2.9092977046966553, 4.478997707366943, 6.352169036865234, -1.233816385269165, 9.597350120544434, -3.1586458683013916, 5.639742851257324, 2.8618130683898926, 5.342910289764404)
(-24.977092742919922, 5.837061882019043, 0.0, 0.0, 0.0, 0.0, -35.297481536865234, 75.22113800048828, 0.0, 199.81674194335938, -46.696495056152344, 0.0, 1331, 1482, 1502, 1480, 35.517581939697266, -30.997358322143555, 0.0, -24.977092742919922, 5.837061882019043, 47.02284622192383, 7.274132251739502, -11.132457733154297, 43.164520263671875, -24.383525848388672, 5.435706615447998, -13.359638214111328, -32.307456970214844)
(-3.1644599437713623, 3.581676959991455, 0.0, 0.0, 0.0, 0.0, 31.832290649414062, 18.77838897705078, 0.0, 25.3156795501709, -28.65341567993164, 0.0, 1408, 1454, 1466, 1466, 64.26123046875, 11.697059631347656, 0.0, -3.1644599437713623, 3.581676959991455, -1.303322196006775, 7.417220592498779, 5.6045241355896, 11.718421936035156, -9.486360549926758, 5.288997650146484, -7.444211959838867, -11.64157485961914)
(9.913565635681152, -1.6018258333206177, 0.0, 0.0, 0.0, 0.0, 86.8704605102539, 18.045564651489258, 0.0, -79.30852508544922, 12.814606666564941, 0.0, 1573, 1535, 1307, 1380, 38.373783111572266, -15.296639442443848, 0.0, 9.913565635681152, -1.6018258333206177, -33.23579788208008, 7.156589508056641, -1.6333903074264526, -27.71259880065918, -1.0461915731430054, 5.304790019989014, -12.84931755065918, -8.590719223022461)
(-6.636239051818848, 6.476024627685547, 0.0, 0.0, 0.0, 0.0, -32.38145065307617, 60.885257720947266, 0.0, 53.08991241455078, -51.808197021484375, 0.0, 1404, 1484, 1443, 1463, 9.271003723144531, -11.40389633178711, 0.0, -6.636239051818848, 6.476024627685547, 17.09427261352539, 7.297326564788818, -9.588106155395508, 14.803491592407227, -22.5386905670166, 5.051957130432129, -7.79296875, -25.279701232910156)
(-15.698221206665039, 3.0448434352874756, 0.0, 0.0, 0.0, 0.0, -159.083740234375, 68.94632720947266, 0.0, 125.58576965332031, -24.358747482299805, 0.0, 1180, 1417, 1645, 1552, -9.548008918762207, 37.129878997802734, 0.0, -15.698221206665039, 3.0448434352874756, 56.93389892578125, 7.772348403930664, 17.65320587158203, 82.35945129394531, -18.661014556884766, 4.919161796569824, -22.235410690307617, -35.977264404296875)
(-9.651734352111816, 2.926877975463867, 0.0, 0.0, 0.0, 0.0, 63.984962463378906, 8.045564651489258, 0.0, 77.21387481689453, -23.415023803710938, 0.0, 1426, 1481, 1446, 1444, -44.205753326416016, 20.461307525634766, 0.0, -9.651734352111816, 2.926877975463867, 2.645782470703125, 8.331958770751953, 3.328809976577759, 14.306550979614258, -6.292117595672607, 4.751699924468994, -11.647381782531738, -13.187799453735352)
(-7.806610107421875, 5.217489242553711, 0.0, 0.0, 0.0, 0.0, 12.015496253967285, 7.465412139892578, 0.0, 62.452880859375, -41.73991394042969, 0.0, 1442, 1477, 1448, 1426, 71.5793228149414, 12.899272918701172, 0.0, -7.806610107421875, 5.217489242553711, 10.08747673034668, 8.586697578430176, -4.393594741821289, 14.280579566955566, -9.841065406799316, 4.560563564300537, 2.092203140258789, -3.1882987022399902)
(-4.9129509925842285, 4.440398693084717, 0.0, 0.0, 0.0, 0.0, 8.763587951660156, 55.52648162841797, 0.0, 39.30360794067383, -35.523189544677734, 0.0, 1371, 1451, 1468, 1504, 13.426206588745117, -25.698314666748047, 0.0, -4.9129509925842285, 4.440398693084717, 6.108004093170166, 8.747448921203613, -3.993957757949829, 10.861495971679688, -18.20993423461914, 4.397378444671631, -15.115036010742188, -28.92759132385254)
(-4.30094575881958, 5.463610649108887, 0.0, 0.0, 0.0, 0.0, 20.992595672607422, 21.511213302612305, 0.0, 34.40756607055664, -43.708885192871094, 0.0, 1393, 1443, 1472, 1485, 15.63469123840332, -16.649097442626953, 0.0, -4.30094575881958, 5.463610649108887, 2.6829941272735596, 8.93911361694336, -2.359436273574829, 9.26267147064209, -13.04401969909668, 4.181325435638428, -6.9209747314453125, -15.783669471740723)
(-4.877414226531982, 5.668013095855713, 0.0, -1.0, 0.0, 0.0, -11.404351234436035, 28.793657302856445, 0.0, 31.01931381225586, -45.3441047668457, 0.0, 1419, 1491, 1444, 1440, -6.328386306762695, -8.49039077758789, 0.0, -4.877414226531982, 5.668013095855713, 8.484732627868652, 9.087976455688477, 1.5723170042037964, 19.14502716064453, -14.827552795410156, 3.9831697940826416, -6.347504138946533, -17.19188690185547)
(-4.222419738769531, 6.06588077545166, 0.0, -30.0, 0.0, 0.0, -6.289847373962402, 55.66388702392578, 0.0, -206.22064208984375, -48.52704620361328, 0.0, 1443, 1428, 1391, 1531, 11.523805618286133, -7.987039089202881, 0.0, -4.222419738769531, 6.06588077545166, -39.98616027832031, 8.891982078552246, -7.531365871429443, -38.625545501708984, -20.838186264038086, 3.7538559436798096, -14.155579566955566, -31.239910125732422)
(-14.12853717803955, 8.700217247009277, 0.0, 0.0, 0.0, 0.0, 44.916259765625, -5.847564697265625, 0.0, 113.0282974243164, -69.60173797607422, 0.0, 1437, 1470, 1452, 1436, -30.27353286743164, 22.802461624145508, 0.0, -14.12853717803955, 8.700217247009277, 13.622407913208008, 8.941834449768066, -10.202873229980469, 12.361369132995605, -12.750834465026855, 3.4158387184143066, 5.020471572875977, -4.314524173736572)
(0.41478511691093445, 6.7730326652526855, 0.0, 0.0, 0.0, 0.0, -1.3432824611663818, 31.9844970703125, 0.0, -3.3182809352874756, -54.184261322021484, 0.0, 1417, 1483, 1434, 1456, -12.363856315612793, -10.182740211486816, 0.0, 0.41478511691093445, 6.7730326652526855, -0.3949996829032898, 8.847858428955078, 2.6004745960235596, 11.05333423614502, -17.233753204345703, 3.181317090988159, -7.721270561218262, -21.773706436157227)
(-3.435720205307007, 8.275274276733398, 0.0, -23.0, 0.0, 0.0, -10.488320350646973, 26.4425106048584, 0.0, -156.5142364501953, -66.20219421386719, 0.0, 1421, 1388, 1429, 1556, -65.26426696777344, 12.800167083740234, 0.0, -3.435720205307007, 8.275274276733398, -29.205181121826172, 8.875445365905762, -19.721715927124023, -40.05145263671875, -18.528942108154297, 2.8593063354492188, -7.550552845001221, -23.22018814086914)
(-17.502304077148438, 10.411727905273438, 0.0, 0.0, 0.0, 0.0, -75.89289855957031, 31.328006744384766, 0.0, 84.0184326171875, -83.2938232421875, 0.0, 1350, 1520, 1502, 1418, -6.375767707824707, 16.212276458740234, 0.0, -17.502304077148438, 10.411727905273438, 31.98226547241211, 8.49295425415039, 23.069786071777344, 63.545005798339844, -22.924365997314453, 2.475440263748169, -1.2158550024032593, -21.664779663085938)
(-4.534621238708496, 7.941949844360352, 0.0, 0.0, 0.0, 0.0, 65.0994644165039, 38.579917907714844, 0.0, 36.27696990966797, -63.53559875488281, 0.0, 1421, 1508, 1402, 1463, -72.00953674316406, -20.061965942382812, 0.0, -4.534621238708496, 7.941949844360352, -5.764498710632324, 8.774072647094727, 3.4668052196502686, 6.476378440856934, -20.42310333251953, 2.1272785663604736, -18.669553756713867, -36.96537780761719)
(-6.257436752319336, 9.986363410949707, 0.0, 0.0, 0.0, 0.0, -13.541755676269531, -0.9315343499183655, 0.0, 50.05949401855469, -79.89090728759766, 0.0, 1412, 1470, 1466, 1446, -7.256627082824707, 2.8906593322753906, 0.0, -6.257436752319336, 9.986363410949707, 12.720250129699707, 8.942919731140137, -2.4642446041107178, 19.198925018310547, -15.791874885559082, 1.768349051475525, 4.494420051574707, -9.529106140136719)
(-3.0894052982330322, 8.96342658996582, 0.0, 0.0, 0.0, 0.0, 10.855191230773926, 16.1982364654541, 0.0, 24.715242385864258, -71.70741271972656, 0.0, 1426, 1493, 1426, 1444, 8.007943153381348, 53.68354034423828, 0.0, -3.0894052982330322, 8.96342658996582, 2.772010326385498, 9.083279609680176, 0.5127989649772644, 12.368088722229004, -17.58112907409668, 1.4280312061309814, -5.219590663909912, -21.37268829345703)
(-2.2539637088775635, 8.433390617370605, 0.0, 27.0, -1.0, 0.0, 47.57274627685547, -7.191076278686523, 0.0, 226.03170776367188, -75.46712493896484, 0.0, 1428, 1541, 1450, 1375, -14.310441970825195, 5.197954177856445, 0.0, -2.2539637088775635, 8.433390617370605, 35.69179153442383, 9.45003890991211, 2.0932130813598633, 47.235042572021484, -13.6552095413208, 1.0942257642745972, 3.0068681240081787, -9.554115295410156)
(10.130025863647461, 7.353755950927734, 0.0, 0.0, -1.0, 0.0, -72.4577865600586, -46.77886199951172, 0.0, -81.04020690917969, -66.83004760742188, 0.0, 1344, 1370, 1575, 1505, -23.570423126220703, 58.972572326660156, 0.0, 10.130025863647461, 7.353755950927734, -1.7164840698242188, 9.418306350708008, 16.292104721069336, 23.993927001953125, -4.010237216949463, 0.803312361240387, 14.143739700317383, 10.936814308166504)
(-7.821074485778809, 12.795859336853027, 0.0, 0.0, 0.0, 0.0, -19.037939071655273, -27.588022232055664, 0.0, 62.56859588623047, -102.36687469482422, 0.0, 1371, 1427, 1513, 1483, 15.12633228302002, -1.8569374084472656, 0.0, -7.821074485778809, 12.795859336853027, 16.321308135986328, 9.773634910583496, -4.549600124359131, 21.54534149169922, -14.955770492553711, 0.2462466061115265, 8.192033767700195, -6.517489910125732)
(-4.354487895965576, 10.302629470825195, 0.0, 0.0, 0.0, 0.0, 12.519312858581543, -20.06130599975586, 0.0, 34.83590316772461, -82.42103576660156, 0.0, 1459, 1507, 1418, 1410, 31.388994216918945, -13.957717895507812, 0.0, -4.354487895965576, 10.302629470825195, 4.46331787109375, 9.937479019165039, -0.37023788690567017, 14.030558586120605, -12.471945762634277, -0.15148256719112396, 2.5101592540740967, -10.113269805908203)
(-1.5885672569274902, 3.7590725421905518, 0.0, 0.0, -27.0, 0.0, 12.946793556213379, -0.4582518935203552, 0.0, 12.708538055419922, -270.07257080078125, 0.0, 1421, 1580, 1338, 1459, 30.704761505126953, 5.590645790100098, 0.0, -1.5885672569274902, 3.7590725421905518, -0.047651100903749466, 10.007528305053711, -0.27121734619140625, 9.688660621643066, -53.9228630065918, -0.8731157183647156, -15.252174377441406, -70.04815673828125)
(-1.8157129287719727, 5.18217134475708, 0.0, -1.0, 0.0, 0.0, -20.656259536743164, 72.8699951171875, 0.0, 6.525703430175781, -41.45737075805664, 0.0, 1390, 1483, 1445, 1476, 33.64949035644531, 15.112558364868164, 0.0, -1.8157129287719727, 5.18217134475708, 5.436392784118652, 10.001158714294434, -0.22565588355064392, 15.211895942687988, -22.8654727935791, -1.252638816833496, -6.959226131439209, -31.07733726501465)
(-4.57682991027832, 5.376960277557373, 0.0, -1.0, -1.0, 0.0, 27.542213439941406, -15.832297325134277, 0.0, 28.614639282226562, -51.015682220458984, 0.0, 1407, 1431, 1480, 1476, -29.443620681762695, -25.471784591674805, 0.0, -4.57682991027832, 5.376960277557373, 0.21448516845703125, 10.218029022216797, -3.5248589515686035, 6.907654762268066, -7.03667688369751, -1.484296441078186, 3.218914031982422, -5.302059173583984)
(-0.2629009187221527, 5.7631096839904785, 0.0, -1.0, 21.0, 0.0, 19.465877532958984, 81.74021911621094, 0.0, -5.896792411804199, 121.89512634277344, 0.0, 1394, 1408, 1493, 1499, 3.498365879058838, -36.58335876464844, 0.0, -0.2629009187221527, 5.7631096839904785, -5.072534084320068, 10.172384262084961, -3.1323392391204834, 1.9675110578536987, 8.030981063842773, -1.4727892875671387, -11.196940422058105, -4.6387481689453125)
(-0.9585652947425842, 10.342350006103516, 0.0, -1.0, 0.0, 0.0, 4.2139692306518555, 1.2211374044418335, 0.0, -0.33147764205932617, -82.73880004882812, 0.0, 1379, 1433, 1478, 1504, 5.067714691162109, -12.856513977050781, 0.0, -0.9585652947425842, 10.342350006103516, -0.9090893864631653, 10.164777755737305, -2.303335428237915, 6.952353000640869, -16.791988372802734, -1.6959433555603027, -1.4142687320709229, -19.902198791503906)
(-0.6041216254234314, 6.374705791473389, 0.0, -1.0, 0.0, 0.0, 9.0231294631958, 37.17533493041992, 0.0, -3.167026996612549, -50.99764633178711, 0.0, 1331, 1408, 1500, 1559, -0.9615616798400879, -0.5431108474731445, 0.0, -0.6041216254234314, 6.374705791473389, -2.4380314350128174, 10.134944915771484, -3.372107744216919, 4.32480525970459, -17.63459587097168, -1.940778374671936, -14.25723934173584, -33.83261489868164)
(-0.7518188953399658, 7.879360675811768, 0.0, -30.0, -1.0, 0.0, -21.572290420532227, 81.83182525634766, 0.0, -233.98544311523438, -71.03488159179688, 0.0, 1374, 1415, 1413, 1592, -7.65252685546875, 68.84295654296875, 0.0, -0.7518188953399658, 7.879360675811768, -42.482627868652344, 9.733238220214844, -1.7532215118408203, -34.50261306762695, -30.573339462280273, -2.26829195022583, -22.1630802154541, -55.00471115112305)
(-12.416290283203125, 13.951845169067383, 0.0, -1.0, -1.0, 0.0, 21.068931579589844, 30.4425106048584, 0.0, 91.330322265625, -119.61476135253906, 0.0, 1451, 1552, 1376, 1415, 11.282347679138184, 15.186595916748047, 0.0, -12.416290283203125, 13.951845169067383, 14.052278518676758, 9.984872817993164, -8.575587272644043, 15.461564064025879, -30.01145362854004, -2.822549343109131, -2.1972756385803223, -35.03127670288086)
(-1.4397751092910767, 11.694488525390625, 0.0, -1.0, 0.0, 0.0, 32.44297790527344, 53.93869400024414, 0.0, 3.5182008743286133, -93.555908203125, 0.0, 1401, 1513, 1392, 1488, -24.100385665893555, -1.624216079711914, 0.0, -1.4397751092910767, 11.694488525390625, -5.7849555015563965, 9.971861839294434, -0.23252655565738678, 3.9543793201446533, -29.498920440673828, -3.3024163246154785, -19.292644500732422, -52.09397888183594)
(2.806689977645874, 11.098094940185547, 0.0, -1.0, -1.0, 0.0, -6.335649013519287, 51.89289474487305, 0.0, -30.453519821166992, -96.78475952148438, 0.0, 1353, 1462, 1449, 1529, -24.32124137878418, 0.03509807586669922, 0.0, 2.806689977645874, 11.098094940185547, -4.823574066162109, 9.800802230834961, 2.203946113586426, 7.1811747550964355, -29.735530853271484, -3.721529483795166, -13.789372444152832, -47.24643325805664)
(-1.5492370128631592, 10.67409896850586, 0.0, -30.0, 0.0, 0.0, -37.92343521118164, 26.38144302368164, 0.0, -227.60610961914062, -85.39279174804688, 0.0, 1403, 1416, 1428, 1550, 9.541486740112305, 58.71883010864258, 0.0, -1.5492370128631592, 10.67409896850586, -37.9365348815918, 9.356510162353516, 1.3980512619018555, -27.181974411010742, -22.354846954345703, -4.151094913482666, -7.183597087860107, -33.689537048339844)
(-19.06084632873535, 9.52574634552002, 0.0, -1.0, -1.0, 0.0, 13.542213439941406, 68.62571716308594, 0.0, 144.4867706298828, -84.20597076416016, 0.0, 1291, 1442, 1511, 1551, -3.4306087493896484, -12.582806587219238, 0.0, -19.06084632873535, 9.52574634552002, 26.18890953063965, 9.645572662353516, -8.13329792022705, 27.70118522644043, -30.56633949279785, -4.499876499176025, -12.64758014678955, -47.71379470825195)
(0.3904477655887604, 2.858393907546997, 0.0, -1.0, -1.0, 0.0, 35.465877532958984, -79.55748748779297, 0.0, -11.123581886291504, -30.867151260375977, 0.0, 1550, 1516, 1391, 1337, -31.747875213623047, 51.21908187866211, 0.0, 0.3904477655887604, 2.858393907546997, -9.317892074584961, 9.570713996887207, 4.750732421875, 5.003554821014404, 9.738067626953125, -4.650693893432617, 16.999462127685547, 22.086837768554688)
(-3.190995693206787, 5.967082977294922, 0.0, -1.0, -1.0, 0.0, -18.10664176940918, 22.534114837646484, 0.0, 17.527965545654297, -55.736663818359375, 0.0, 1415, 1499, 1431, 1449, -3.414100170135498, -15.956480979919434, 0.0, -3.190995693206787, 5.967082977294922, 7.1269211769104, 9.622790336608887, -0.054612692445516586, 16.695098876953125, -15.654156684875488, -4.923095226287842, -4.980806827545166, -25.55805778503418)
(-1.6489273309707642, 5.135019779205322, 0.0, 26.0, -1.0, 0.0, 51.05366516113281, -16.824665069580078, 0.0, 221.19142150878906, -49.08015823364258, 0.0, 1462, 1562, 1420, 1349, -6.60789680480957, -11.674226760864258, 0.0, -1.6489273309707642, 5.135019779205322, 34.027549743652344, 10.014764785766602, -1.4183393716812134, 42.62397766113281, -6.451098442077637, -5.153078079223633, 4.207126617431641, -7.397050380706787)
(11.702610969543457, 2.1740472316741943, 0.0, -1.0, -1.0, 0.0, -36.518856048583984, 41.48067855834961, 0.0, -101.62088775634766, -25.392377853393555, 0.0, 1371, 1443, 1468, 1516, 12.673578262329102, -14.607096672058105, 0.0, 11.702610969543457, 2.1740472316741943, -13.020406723022461, 9.728652000427246, 9.489912033081055, 6.19815731048584, -13.374610900878906, -5.248980522155762, -11.455880165100098, -30.079471588134766)
(-3.902541399002075, 7.726970195770264, 0.0, -1.0, -1.0, 0.0, -50.030303955078125, 0.47304579615592957, 0.0, 23.2203311920166, -69.81576538085938, 0.0, 1304, 1382, 1570, 1537, -26.638025283813477, 28.669780731201172, 0.0, -3.902541399002075, 7.726970195770264, 14.650126457214355, 9.893264770507812, 3.0938880443573, 27.637279510498047, -14.057762145996094, -5.589827060699463, 8.380085945129395, -11.26750373840332)
(-2.8525984287261963, 7.34846830368042, 0.0, -30.0, 0.0, 0.0, 15.832289695739746, -67.72542572021484, 0.0, -217.17921447753906, -58.78774642944336, 0.0, 1501, 1380, 1420, 1493, -48.36916732788086, 32.408721923828125, 0.0, -2.8525984287261963, 7.34846830368042, -46.60230255126953, 9.770503997802734, -11.48029899597168, -48.312095642089844, 1.7875359058380127, -5.923210620880127, 16.15195083618164, 12.016275405883789)
(-16.681882858276367, 9.521093368530273, 0.0, 0.0, 0.0, 0.0, -37.266944885253906, 52.79365539550781, 0.0, 133.45506286621094, -84.16874694824219, 0.0, 1320, 1494, 1490, 1490, -11.261423110961914, -75.88096618652344, 0.0, -16.681882858276367, 9.521093368530273, 34.14440155029297, 9.749312400817871, -0.41529107093811035, 43.478424072265625, -27.392480850219727, -6.296261787414551, -9.583451271057129, -43.272193908691406)
(-0.4377387762069702, 4.733340263366699, 0.0, 0.0, -1.0, 0.0, 25.725419998168945, -5.007870197296143, 0.0, 3.5019102096557617, -45.866722106933594, 0.0, 1436, 1496, 1425, 1437, -49.297515869140625, -14.92790699005127, 0.0, -0.4377387762069702, 4.733340263366699, -4.4447021484375, 9.777853012084961, 6.6772050857543945, 12.010355949401855, -8.171770095825195, -6.47783088684082, -2.965031623840332, -17.614633560180664)
(-2.629178524017334, 5.806471347808838, 0.0, 0.0, -30.0, 0.0, -23.98450469970703, -1.3437480926513672, 0.0, 21.033428192138672, -286.4517822265625, 0.0, 1350, 1539, 1402, 1506, -1.6569783687591553, -14.204446792602539, 0.0, -2.629178524017334, 5.806471347808838, 9.003586769104004, 9.821508407592773, 2.3629353046417236, 21.188030242919922, -57.0216064453125, -7.092727184295654, -9.136855125427246, -73.25119018554688)
(-0.02621566690504551, -2.959681987762451, 0.0, 0.0, -1.0, 0.0, 35.068931579589844, 24.32037353515625, 0.0, 0.20972533524036407, 15.67745590209961, 0.0, 1434, 1449, 1446, 1465, 10.281296730041504, -28.947601318359375, 0.0, -0.02621566690504551, -2.959681987762451, -6.971841335296631, 9.856414794921875, -3.933990716934204, -1.0494173765182495, -1.728583574295044, -7.6631951332092285, 1.1936050653457642, -8.198173522949219)
(0.29026487469673157, 5.847018718719482, 0.0, -1.0, -1.0, 0.0, -9.816564559936523, 49.46541213989258, 0.0, -10.322118759155273, -54.77614974975586, 0.0, 1349, 1441, 1472, 1533, -62.93206787109375, -7.7873382568359375, 0.0, 0.29026487469673157, 5.847018718719482, -0.10111083835363388, 9.805632591247559, -1.8283227682113647, 7.876198768615723, -20.848312377929688, -7.953207015991211, -9.537550926208496, -38.33906936645508)
(1.0857704877853394, 6.552504539489746, 0.0, 0.0, 24.0, 0.0, 7.603282451629639, 12.610450744628906, 0.0, -8.686163902282715, 139.5799560546875, 0.0, 1447, 1412, 1501, 1434, 11.950007438659668, 71.2433090209961, 0.0, 1.0857704877853394, 6.552504539489746, -3.2578892707824707, 9.792935371398926, 1.455491304397583, 7.990537166595459, 25.393901824951172, -8.059114456176758, 8.541990280151367, 25.87677764892578)
(-0.6173651218414307, 12.534321784973145, 0.0, 0.0, 0.0, 0.0, -32.73259353637695, -9.572755813598633, 0.0, 4.938920974731445, -100.27457427978516, 0.0, 1372, 1460, 1484, 1478, -52.78175354003906, 12.845529556274414, 0.0, -0.6173651218414307, 12.534321784973145, 7.534303188323975, 9.795217514038086, 6.446695327758789, 23.776216506958008, -18.140363693237305, -8.209829330444336, 5.67850923538208, -20.67168426513672)
(-0.1686050295829773, 9.126220703125, 0.0, 0.0, 0.0, 0.0, -21.557022094726562, -31.67962646484375, 0.0, 1.3488402366638184, -73.009765625, 0.0, 1393, 1460, 1479, 1461, -36.809165954589844, 37.21543884277344, 0.0, -0.1686050295829773, 9.126220703125, 4.581172466278076, 9.798277854919434, 6.942581653594971, 21.322032928466797, -8.266027450561523, -8.5499267578125, 4.455218315124512, -12.360735893249512)
(-2.4232935905456543, 9.371969223022461, 0.0, 0.0, 24.0, 0.0, -21.007404327392578, 31.55701446533203, 0.0, 19.386348724365234, 117.02424621582031, 0.0, 1450, 1466, 1471, 1407, 56.127750396728516, -15.588892936706543, 0.0, -2.4232935905456543, 9.371969223022461, 8.078750610351562, 9.879650115966797, 1.758376955986023, 19.716777801513672, 17.093446731567383, -8.232178688049316, 3.0957133769989014, 11.95698070526123)
(-1.627309799194336, 13.917908668518066, 0.0, -1.0, 0.0, 0.0, 45.71015167236328, -62.00023651123047, 0.0, 5.0184783935546875, -111.34326934814453, 0.0, 1464, 1479, 1408, 1443, -59.114662170410156, 16.932008743286133, 0.0, -1.627309799194336, 13.917908668518066, -8.138334274291992, 9.99085521697998, -6.851155757904053, -4.998635292053223, -9.868606567382812, -8.760451316833496, 6.45908784866333, -12.169970512390137)
(1.597198247909546, 8.3917875289917, 0.0, -1.0, -1.0, 0.0, -24.549388885498047, 8.808923721313477, 0.0, -20.777585983276367, -75.1343002319336, 0.0, 1396, 1483, 1444, 1471, 43.13131332397461, 43.62730407714844, 0.0, 1.597198247909546, 8.3917875289917, 0.754360556602478, 9.871602058410645, 4.295290470123291, 14.921253204345703, -16.788644790649414, -9.04419231414795, -2.6004908084869385, -28.433326721191406)
(-1.7349401712417603, 3.165353775024414, 0.0, 0.0, -27.0, 0.0, 16.687252044677734, -23.8017635345459, 0.0, 13.879521369934082, -241.3228302001953, 0.0, 1332, 1453, 1452, 1557, 1.5665563344955444, -18.277626037597656, 0.0, -1.7349401712417603, 3.165353775024414, -0.5615461468696594, 9.943700790405273, -5.461420059204102, 3.920734405517578, -43.504215240478516, -9.974617004394531, -3.1857969760894775, -56.66462707519531)
(1.3493090867996216, -0.5350928902626038, 0.0, 0.0, 0.0, 0.0, -12.060839653015137, 118.73258972167969, 0.0, -10.794472694396973, 4.28074312210083, 0.0, 1282, 1424, 1505, 1583, -13.573529243469238, -34.6352424621582, 0.0, 1.3493090867996216, -0.5350928902626038, 0.2532733976840973, 9.880425453186035, 5.946300983428955, 16.079999923706055, -22.890369415283203, -10.06094741821289, -21.743059158325195, -54.694374084472656)
(-2.200017213821411, 7.1090545654296875, 0.0, 0.0, -8.0, 0.0, 7.908626079559326, 22.060832977294922, 0.0, 17.60013771057129, -88.8724365234375, 0.0, 1385, 1477, 1432, 1500, 15.239036560058594, -27.569150924682617, 0.0, -2.200017213821411, 7.1090545654296875, 1.9383022785186768, 9.972479820251465, -5.892542839050293, 6.0182390213012695, -22.186655044555664, -10.43510627746582, -7.182736873626709, -39.80449676513672)
(1.7494161128997803, -5.289343357086182, 0.0, -1.0, -12.0, 0.0, 25.618549346923828, -45.20634460449219, 0.0, -21.995328903198242, -53.68525314331055, 0.0, 1486, 1479, 1415, 1414, -11.098889350891113, -81.92688751220703, 0.0, 1.7494161128997803, -5.289343357086182, -9.522775650024414, 9.902270317077637, -1.9216055870056152, -1.5421103239059448, -1.6957817077636719, -11.174439430236816, 15.19241714477539, 2.322195529937744)
(2.6386351585388184, 0.38850003480911255, 0.0, -1.0, -1.0, 0.0, -25.511220932006836, -12.244511604309082, 0.0, -29.109081268310547, -11.107999801635742, 0.0, 1374, 1394, 1529, 1498, -25.465511322021484, 11.816020965576172, 0.0, 2.6386351585388184, 0.38850003480911255, -0.7195720672607422, 9.73077392578125, 3.713989019393921, 12.725191116333008, 0.22730235755443573, -11.207201957702637, 13.688005447387695, 2.70810604095459)
(-0.13548718392848969, 3.112205982208252, 0.0, -30.0, -1.0, 0.0, -1.6028244495391846, -17.05367088317871, 0.0, -238.91610717773438, -32.897647857666016, 0.0, 1534, 1415, 1341, 1504, -13.414444923400879, -35.718048095703125, 0.0, -0.13548718392848969, 3.112205982208252, -47.46265411376953, 9.597685813903809, -32.85508728027344, -70.72005462646484, -3.168795347213745, -11.397595405578613, 3.4811458587646484, -11.085245132446289)
(-16.54412269592285, 6.7701735496521, 0.0, 0.0, 0.0, 0.0, -56.10663986206055, 72.41197967529297, 0.0, 132.3529815673828, -54.1613883972168, 0.0, 1340, 1540, 1457, 1457, -35.700416564941406, -9.839405059814453, 0.0, -16.54412269592285, 6.7701735496521, 37.691925048828125, 9.506819725036621, 2.799464225769043, 49.998207092285156, -25.314672470092773, -11.660653114318848, -13.387531280517578, -50.362857818603516)
(-3.3740127086639404, 8.88620376586914, 0.0, -1.0, 0.0, 0.0, 79.06893157958984, 20.152435302734375, 0.0, 18.992101669311523, -71.08963012695312, 0.0, 1450, 1509, 1372, 1462, -4.978621006011963, -18.330615997314453, 0.0, -3.3740127086639404, 8.88620376586914, -12.015365600585938, 9.6676607131958, -5.350461006164551, -7.6981658935546875, -18.2484130859375, -12.038661003112793, -6.985090255737305, -37.27216339111328)
(0.3270549476146698, 8.60786247253418, 0.0, -1.0, 0.0, 0.0, -8.167710304260254, -43.74069595336914, 0.0, -10.616439819335938, -68.86289978027344, 0.0, 1544, 1578, 1338, 1335, 23.918413162231445, 63.0848388671875, 0.0, 0.3270549476146698, 8.60786247253418, -0.4897459149360657, 9.557327270507812, 0.011585565283894539, 9.079167366027832, -5.024440765380859, -12.386905670166016, 9.52666187286377, -7.884684085845947)
(-13.932068824768066, 7.130168914794922, 0.0, 0.0, -1.0, 0.0, -116.32038116455078, 45.08373260498047, 0.0, 111.45655059814453, -65.04135131835938, 0.0, 1279, 1576, 1521, 1418, 64.95561218261719, -22.57805824279785, 0.0, -13.932068824768066, 7.130168914794922, 45.55538558959961, 9.174356460571289, 45.25444030761719, 99.98418426513672, -22.02501678466797, -12.672454833984375, -13.896455764770508, -48.593929290771484)
(-8.092625617980957, 9.454133033752441, 0.0, 0.0, -1.0, 0.0, 78.03076171875, -55.48115158081055, 0.0, 64.74100494384766, -83.63306427001953, 0.0, 1508, 1534, 1377, 1375, -54.76895523071289, 27.786895751953125, 0.0, -8.092625617980957, 9.454133033752441, -2.6579513549804688, 9.649397850036621, -0.0006693389732390642, 6.990777492523193, -5.630382537841797, -13.105917930603027, 12.611064910888672, -6.1252360343933105)
(1.7332731485366821, 4.775513172149658, 0.0, 0.0, -1.0, 0.0, -16.8700008392334, -7.87809944152832, 0.0, -13.866185188293457, -46.204105377197266, 0.0, 1440, 1516, 1412, 1427, -25.30754852294922, -20.236127853393555, 0.0, 1.7332731485366821, 4.775513172149658, 0.6007631421089172, 9.48183822631836, 5.26875114440918, 15.351351737976074, -7.665200710296631, -13.319122314453125, -1.7844879627227783, -22.768810272216797)
(4.581259727478027, 3.333834648132324, 0.0, 18.0, 0.0, 0.0, 59.75595474243164, -3.572755813598633, 0.0, 107.34992218017578, -26.670677185058594, 0.0, 1391, 1446, 1468, 1489, 8.75921630859375, -27.678422927856445, 0.0, 4.581259727478027, 3.333834648132324, 9.518793106079102, 9.917176246643066, -10.973580360412598, 8.46238899230957, -4.619584083557129, -13.483158111572266, -0.47322314977645874, -18.575965881347656)
(9.338610649108887, 4.320611476898193, 0.0, 0.0, 0.0, 0.0, -53.00740432739258, 33.87762451171875, 0.0, -74.7088851928711, -34.56489181518555, 0.0, 1332, 1413, 1504, 1545, 84.8341293334961, -11.156951904296875, 0.0, 9.338610649108887, 4.320611476898193, -4.340296268463135, 9.526156425476074, 4.793120384216309, 9.978981018066406, -13.688504219055176, -13.631497383117676, -3.259235382080078, -30.57923698425293)
(-5.961752414703369, 4.874692440032959, 0.0, -1.0, 0.0, 0.0, -40.10663986206055, -3.710160255432129, 0.0, 39.69401931762695, -38.99753952026367, 0.0, 1298, 1388, 1565, 1547, -1.8652293682098389, 22.395341873168945, 0.0, -5.961752414703369, 4.874692440032959, 15.960131645202637, 9.797582626342773, 0.8987751603126526, 26.656490325927734, -7.057476043701172, -13.839797019958496, 2.901825428009033, -17.995447158813477)
(-10.981749534606934, 8.627925872802734, 0.0, -1.0, -1.0, 0.0, -68.6867904663086, -21.22161102294922, 0.0, 79.85399627685547, -69.02340698242188, 0.0, 1293, 1480, 1565, 1455, 19.709110260009766, 21.388469696044922, 0.0, -10.981749534606934, 8.627925872802734, 29.70815658569336, 9.377933502197266, 35.10501480102539, 74.19110870361328, -9.560359001159668, -14.189845085144043, 4.638815402984619, -19.11138916015625)
(-7.255815029144287, 10.244446754455566, 0.0, 0.0, -1.0, 0.0, 100.80938720703125, -53.81703186035156, 0.0, 58.0465202331543, -89.95557403564453, 0.0, 1568, 1568, 1312, 1346, -15.903444290161133, -31.359987258911133, 0.0, -7.255815029144287, 10.244446754455566, -8.552573204040527, 9.773599624633789, -9.89992904663086, -8.678902626037598, -7.227708339691162, -14.630219459533691, 13.13463306427002, -8.723295211791992)
(5.393574237823486, 5.044152736663818, 0.0, -1.0, -1.0, 0.0, 5.862824440002441, 34.39670944213867, 0.0, -51.14859390258789, -48.35322189331055, 0.0, 1396, 1479, 1415, 1504, -0.45768094062805176, -28.66697120666504, 0.0, 5.393574237823486, 5.044152736663818, -11.402283668518066, 9.421348571777344, 0.388484925031662, -1.59244966506958, -16.549985885620117, -14.813431739807129, -11.605085372924805, -42.968502044677734)
(3.743058681488037, 4.176408290863037, 0.0, -1.0, -1.0, 0.0, -15.908167839050293, -17.923900604248047, 0.0, -37.9444694519043, -41.4112663269043, 0.0, 1379, 1422, 1493, 1500, -20.567827224731445, 33.94979476928711, 0.0, 3.743058681488037, 4.176408290863037, -4.407259941101074, 9.248391151428223, 4.05301570892334, 8.894146919250488, -4.697473049163818, -14.971429824829102, 7.018001556396484, -12.650900840759277)
(1.717621922492981, 4.778751373291016, 0.0, -30.0, -1.0, 0.0, 12.702519416809082, 17.48067855834961, 0.0, -253.74098205566406, -46.230010986328125, 0.0, 1431, 1363, 1404, 1600, 2.007565975189209, 3.107476234436035, 0.0, 1.717621922492981, 4.778751373291016, -53.28870391845703, 8.9514741897583, -21.626834869384766, -65.96406555175781, -12.742137908935547, -15.199383735656738, -3.871635913848877, -31.81315803527832)
(-13.352927207946777, 6.112963676452637, 0.0, -1.0, -1.0, 0.0, -54.030303955078125, 10.747855186462402, 0.0, 98.82341766357422, -56.903709411621094, 0.0, 1258, 1404, 1576, 1555, -43.81956481933594, 34.58125305175781, 0.0, -13.352927207946777, 6.112963676452637, 30.57074546813965, 8.745847702026367, 2.388385534286499, 41.704978942871094, -13.530313491821289, -15.455292701721191, -2.1169068813323975, -31.10251235961914)
(-1.9368717670440674, 7.102806568145752, 0.0, -1.0, -1.0, 0.0, 55.145267486572266, -12.671992301940918, 0.0, 7.494974136352539, -64.82244873046875, 0.0, 1473, 1528, 1365, 1428, 10.152125358581543, -18.548717498779297, 0.0, -1.9368717670440674, 7.102806568145752, -9.530057907104492, 8.840152740478516, -1.4459073543548584, -2.135812520980835, -10.43009090423584, -15.839743614196777, -3.040492296218872, -29.310327529907227)
(2.320591926574707, 3.5809669494628906, 0.0, -1.0, -1.0, 0.0, 16.213970184326172, -9.755961418151855, 0.0, -26.564735412597656, -36.647735595703125, 0.0, 1469, 1507, 1385, 1433, 6.066507339477539, -10.833395004272461, 0.0, 2.320591926574707, 3.5809669494628906, -8.555741310119629, 8.67660903930664, -2.6383607387542725, -2.5174925327301025, -5.378354549407959, -16.01065444946289, -0.25497549772262573, -21.643983840942383)
(2.5656094551086426, 4.498197555541992, 0.0, -30.0, 0.0, 0.0, -28.32038116455078, 26.076099395751953, 0.0, -260.5248718261719, -35.98558044433594, 0.0, 1439, 1419, 1394, 1542, -2.714456081390381, 70.07868957519531, 0.0, 2.5656094551086426, 4.498197555541992, -46.44089889526367, 8.226207733154297, -3.9039223194122314, -42.118614196777344, -12.412336349487305, -16.192115783691406, -3.515298366546631, -32.1197509765625)
(-17.33223533630371, 5.762770175933838, 0.0, 0.0, -1.0, 0.0, -40.77839660644531, 9.847091674804688, 0.0, 138.6578826904297, -54.1021614074707, 0.0, 1306, 1450, 1535, 1503, -28.422182083129883, -30.10291290283203, 0.0, -17.33223533630371, 5.762770175933838, 35.88725662231445, 8.208312034606934, 0.02894304320216179, 44.12451171875, -12.789850234985352, -16.414196014404297, 1.1690376996994019, -28.035009384155273)
(0.2337779700756073, 7.484647274017334, 0.0, 0.0, -1.0, 0.0, 50.6719856262207, 34.610450744628906, 0.0, -1.8702237606048584, -67.87718200683594, 0.0, 1450, 1556, 1344, 1445, -4.699190616607666, 14.184123992919922, 0.0, 0.2337779700756073, 7.484647274017334, -10.508441925048828, 8.218343734741211, 3.543854236602783, 1.253755807876587, -20.497526168823242, -16.782550811767578, -14.4064359664917, -51.6865119934082)
(-0.7216483354568481, 3.110867977142334, 0.0, 19.0, -1.0, 0.0, 5.236870288848877, 12.793656349182129, 0.0, 157.773193359375, -32.88694381713867, 0.0, 1356, 1519, 1475, 1443, -3.3128480911254883, -8.688992500305176, 0.0, -0.7216483354568481, 3.110867977142334, 30.50726318359375, 8.324228286743164, 9.838918685913086, 48.67041015625, -9.136119842529297, -16.9309024810791, -6.7664690017700195, -32.833492279052734)
(13.141971588134766, 2.5227813720703125, 0.0, 0.0, -1.0, 0.0, 55.57274627685547, -45.69489288330078, 0.0, -105.13577270507812, -28.1822509765625, 0.0, 1468, 1417, 1426, 1484, 1.9596911668777466, 25.198270797729492, 0.0, 13.141971588134766, 2.5227813720703125, -32.14170455932617, 8.459546089172363, -3.396251916885376, -27.078411102294922, 3.502528429031372, -17.066051483154297, 11.821501731872559, -1.7420207262039185)
(0.9498932957649231, 4.092336654663086, 0.0, 0.0, -1.0, 0.0, -64.44252014160156, 11.114267349243164, 0.0, -7.599146366119385, -40.73869323730469, 0.0, 1306, 1403, 1538, 1547, 14.788668632507324, 10.997355461120605, 0.0, 0.9498932957649231, 4.092336654663086, 11.368674278259277, 8.330670356750488, 2.0776922702789307, 21.77703857421875, -10.37059211730957, -17.25975799560547, 1.101760745048523, -26.528589248657227)
(-3.6875486373901367, 4.375277042388916, 0.0, 0.0, -30.0, 0.0, -9.618091583251953, -71.77123260498047, 0.0, 29.500389099121094, -275.0022277832031, 0.0, 1326, 1481, 1460, 1527, -5.890992164611816, 39.65274429321289, 0.0, -3.6875486373901367, 4.375277042388916, 7.823696136474609, 8.531340599060059, 5.497901916503906, 21.85293960571289, -40.64619827270508, -17.85099983215332, 3.030843496322632, -55.46635437011719)
(1.0038505792617798, -3.823647975921631, 0.0, 0.0, -1.0, 0.0, -0.9921374320983887, 117.19060516357422, 0.0, -8.030804634094238, 22.589183807373047, 0.0, 1360, 1499, 1416, 1519, -0.4472475051879883, -28.915874481201172, 0.0, 1.0038505792617798, -3.823647975921631, -1.40773344039917, 8.456872940063477, 2.2475743293762207, 9.296713829040527, -18.920284271240234, -18.158266067504883, -23.357553482055664, -60.43610382080078)
(-0.9078304767608643, 9.196566581726074, 0.0, 0.0, -1.0, 0.0, -4.869999885559082, -1.0536717176437378, 0.0, 7.262643814086914, -81.5725326538086, 0.0, 1398, 1487, 1433, 1476, -25.071504592895508, 48.6827278137207, 0.0, -0.9078304767608643, 9.196566581726074, 2.4265286922454834, 8.478004455566406, 0.7430259585380554, 11.64755916595459, -16.103771209716797, -18.644250869750977, 1.724937915802002, -33.0230827331543)
(1.0416072607040405, 5.961544513702393, 0.0, 0.0, 13.0, 0.0, 4.595648765563965, 54.74785614013672, 0.0, -8.332858085632324, 56.30764389038086, 0.0, 1398, 1503, 1411, 1487, 20.05488395690918, 66.18631744384766, 0.0, 1.0416072607040405, 5.961544513702393, -2.5857014656066895, 8.385970115661621, 1.4982173442840576, 7.29848575592041, 0.31195753812789917, -18.348968505859375, -27.215171813964844, -45.25218200683594)
(-0.42972972989082336, 11.380765914916992, 0.0, 0.0, 0.0, 0.0, -25.053205490112305, -22.13764190673828, 0.0, 3.437837839126587, -91.04612731933594, 0.0, 1407, 1508, 1430, 1450, -12.086474418640137, 55.828182220458984, 0.0, -0.42972972989082336, 11.380765914916992, 5.698208808898926, 8.399789810180664, 6.098590850830078, 20.19658851623535, -13.781697273254395, -18.835594177246094, 2.2809154987335205, -30.336376190185547)
(0.8234143853187561, 7.942162036895752, 0.0, 0.0, 0.0, 0.0, 17.450611114501953, 9.74022102355957, 0.0, -6.587315082550049, -63.537296295166016, 0.0, 1414, 1488, 1409, 1482, 14.136408805847168, 7.587855339050293, 0.0, 0.8234143853187561, 7.942162036895752, -4.8075852394104, 8.372297286987305, -3.1361398696899414, 0.42857232689857483, -14.65550422668457, -19.108858108520508, -2.8433549404144287, -36.60771560668945)
(0.6717084646224976, 6.919198989868164, 0.0, 0.0, 0.0, 0.0, 3.664351224899292, -7.297946453094482, 0.0, -5.3736677169799805, -55.35359191894531, 0.0, 1417, 1480, 1427, 1471, 12.669831275939941, -19.773635864257812, 0.0, 0.6717084646224976, 6.919198989868164, -1.8076038360595703, 8.344171524047852, -1.8245360851287842, 4.712031841278076, -9.611128807067871, -19.37925148010254, 2.1851181983947754, -26.805261611938477)
(1.529779076576233, 6.427736759185791, 0.0, 0.0, 0.0, 0.0, 16.900991439819336, 32.44251251220703, 0.0, -12.238232612609863, -51.42189407348633, 0.0, 1418, 1506, 1389, 1481, 0.09905636310577393, -32.619468688964844, 0.0, 1.529779076576233, 6.427736759185791, -5.827845096588135, 8.28879165649414, -3.5150372982025146, -1.0540908575057983, -16.77288246154785, -19.618921279907227, -8.592179298400879, -44.98398208618164)
(1.6463756561279297, 6.798996925354004, 0.0, 0.0, 0.0, 0.0, 13.0231294631958, 63.06846618652344, 0.0, -13.171005249023438, -54.39197540283203, 0.0, 1321, 1440, 1440, 1561, 0.25568246841430664, -41.3430061340332, 0.0, 1.6463756561279297, 6.798996925354004, -5.238826751708984, 8.226481437683105, -3.5034937858581543, -0.5158393383026123, -23.492088317871094, -19.873905181884766, -16.26492691040039, -59.63092041015625)
(4.416439056396484, 7.466142654418945, 0.0, 0.0, 0.0, 0.0, 9.801755905151367, -20.152908325195312, 0.0, -35.331512451171875, -59.72914123535156, 0.0, 1000, 1000, 1000, 1000, -13.945631980895996, 25.525835037231445, 0.0, 4.416439056396484, 7.466142654418945, -9.026654243469238, 8.059711456298828, -0.7364779710769653, -1.7034201622009277, -7.915246486663818, -20.1538028717041, 5.41215705871582, -22.656892776489258)
(1.640334129333496, 3.746580123901367, 0.0, 0.0, 0.0, 0.0, -10.228778839111328, 7.404343605041504, 0.0, -13.122673034667969, -29.972640991210938, 0.0, 1000, 1000, 1000, 1000, -1.9832158088684082, -4.9441399574279785, 0.0, 1.640334129333496, 3.746580123901367, -0.578778862953186, 7.994735240936279, -0.10446533560752869, 7.311491012573242, -7.475396633148193, -20.288742065429688, -1.0043381452560425, -28.768478393554688)
(1.7863911390304565, 1.529609203338623, 0.0, 0.0, 0.0, 0.0, 0.3361068665981293, -9.313213348388672, 0.0, -14.291129112243652, -12.236873626708984, 0.0, 1000, 1000, 1000, 1000, -2.7919187545776367, -13.081093788146973, 0.0, 1.7863911390304565, 1.529609203338623, -2.9254472255706787, 7.936174392700195, 0.3537159562110901, 5.364442825317383, -0.5847320556640625, -20.378572463989258, 0.21087795495986938, -20.752426147460938)
(-1.7300175428390503, 0.9296892285346985, 0.0, 0.0, 0.0, 0.0, -30.10664176940918, 1.6791527271270752, 0.0, 13.840140342712402, -7.437513828277588, 0.0, 1000, 1000, 1000, 1000, -4.595729827880859, -8.95769214630127, 0.0, -1.7300175428390503, 0.9296892285346985, 8.789356231689453, 7.980719566345215, 2.4960989952087402, 19.26617431640625, -1.8233333826065063, -20.414730072021484, 0.7094938158988953, -21.5285701751709)
(-6.6056599617004395, -0.7207034230232239, 0.0, 0.0, 0.0, 0.0, 0.48877862095832825, -0.4582518935203552, 0.0, 52.845279693603516, 5.765627384185791, 0.0, 1000, 1000, 1000, 1000, -9.477581024169922, -9.452554702758789, 0.0, -6.6056599617004395, -0.7207034230232239, 10.47130012512207, 8.259442329406738, -1.1004353761672974, 17.630308151245117, 1.2447758913040161, -20.405370712280273, -0.16923843324184418, -19.329832077026367)
(-5.821850776672363, -0.20153558254241943, 0.0, 0.0, 0.0, 0.0, 4.198702335357666, -9.450618743896484, 0.0, 46.574806213378906, 1.6122846603393555, 0.0, 1000, 1000, 1000, 1000, -4.5955095291137695, -8.321722030639648, 0.0, -5.821850776672363, -0.20153558254241943, 8.475220680236816, 8.477489471435547, -0.3490538001060486, 16.603656768798828, 2.212580680847168, -20.426746368408203, 2.0796689987182617, -16.134496688842773)
(-5.082984447479248, -0.8591188192367554, 0.0, 0.0, 0.0, 0.0, -5.511221408843994, 2.9157938957214355, 0.0, 40.663875579833984, 6.872950553894043, 0.0, 1000, 1000, 1000, 1000, -6.481259346008301, -11.370838165283203, 0.0, -5.082984447479248, -0.8591188192367554, 9.23501968383789, 8.661967277526855, 1.401516318321228, 19.298503875732422, 0.7914313077926636, -20.39948272705078, 0.6095867156982422, -18.99846649169922)
(-10.051443099975586, -2.8304171562194824, 0.0, 0.0, 0.0, 0.0, -33.54175567626953, -35.17580795288086, 0.0, 80.41154479980469, 22.64333724975586, 0.0, 1000, 1000, 1000, 1000, -12.421358108520508, -14.786930084228516, 0.0, -10.051443099975586, -2.8304171562194824, 22.790660858154297, 9.025232315063477, 2.927854537963867, 34.74374771118164, 11.56382942199707, -20.33671760559082, 4.366805076599121, -4.406083106994629)
(-13.640626907348633, -2.1617512702941895, 0.0, 0.0, 0.0, 0.0, 10.473511695861816, 24.610450744628906, 0.0, 109.12501525878906, 17.294010162353516, 0.0, 1000, 1000, 1000, 1000, 3.9350881576538086, -11.319234848022461, 0.0, -13.640626907348633, -2.1617512702941895, 19.730300903320312, 9.573691368103027, -2.5125482082366943, 26.791444778442383, -1.4632880687713623, -20.196590423583984, 0.26796749234199524, -21.391910552978516)
(-8.85135555267334, -8.661136627197266, 0.0, 0.0, 0.0, 0.0, 24.610916137695312, -21.313213348388672, 0.0, 70.81084442138672, 69.28909301757812, 0.0, 1000, 1000, 1000, 1000, -4.778754711151123, -12.480142593383789, 0.0, -8.85135555267334, -8.661136627197266, 9.239985466003418, 9.906465530395508, -3.1478538513183594, 15.998597145080566, 18.12046241760254, -19.907621383666992, -1.6664173603057861, -3.45357608795166)
(-4.60862398147583, -8.982213973999023, 0.0, 0.0, 0.0, 0.0, 14.152900695800781, -0.6109236478805542, 0.0, 36.86899185180664, 71.85771179199219, 0.0, 1000, 1000, 1000, 1000, -7.991724014282227, -16.77332305908203, 0.0, -4.60862398147583, -8.982213973999023, 4.54321813583374, 10.066614151000977, -1.1729464530944824, 13.436885833740234, 14.49372673034668, -19.579057693481445, -0.6672461628913879, -5.75257682800293)
(-7.047566890716553, -3.6830718517303467, 0.0, 0.0, 0.0, 0.0, -5.847099304199219, -7.0842061042785645, 0.0, 56.38053512573242, 29.464574813842773, 0.0, 1000, 1000, 1000, 1000, -6.535595893859863, -14.025594711303711, 0.0, -7.047566890716553, -3.6830718517303467, 12.445527076721191, 10.345930099487305, 1.2668319940567017, 24.05828857421875, 7.309756278991699, -19.451923370361328, 6.270495414733887, -5.871671676635742)
(-6.930124759674072, -3.756176710128784, 0.0, 0.0, 0.0, 0.0, 1.6032824516296387, 5.144801616668701, 0.0, 55.44099807739258, 30.049413681030273, 0.0, 1000, 1000, 1000, 1000, -3.2365379333496094, -9.48281478881836, 0.0, -6.930124759674072, -3.756176710128784, 10.767542839050293, 10.607491493225098, -0.1420675665140152, 21.232967376708984, 4.980922222137451, -19.31498146057129, -0.014881174080073833, -14.3489408493042)
(-6.911781311035156, -3.360069990158081, 0.0, 0.0, 0.0, 0.0, 2.7483205795288086, 8.946328163146973, 0.0, 55.29425048828125, 26.88055992126465, 0.0, 1000, 1000, 1000, 1000, -7.315516471862793, -11.446998596191406, 0.0, -6.911781311035156, -3.360069990158081, 10.509185791015625, 10.864712715148926, -0.5208731889724731, 20.853025436401367, 3.586846113204956, -19.199111938476562, -1.386696457862854, -16.99896240234375)
(-2.475452423095703, 2.5534791946411133, 0.0, 0.0, 0.0, 0.0, 12.107099533081055, 12.305107116699219, 0.0, 19.803619384765625, -20.427833557128906, 0.0, 1000, 1000, 1000, 1000, 4.130710601806641, 11.517528533935547, 0.0, -2.475452423095703, 2.5534791946411133, 1.5393040180206299, 10.977228164672852, 2.3112823963165283, 14.827814102172852, -6.546587944030762, -19.29443359375, 2.8305153846740723, -23.01050567626953)
(-3.7910826206207275, 1.4313479661941528, 0.0, 0.0, 0.0, 0.0, 1.8170229196548462, 2.473045825958252, 0.0, 30.32866096496582, -11.450783729553223, 0.0, 1000, 1000, 1000, 1000, 0.7963768243789673, 1.1973190307617188, 0.0, -3.7910826206207275, 1.4313479661941528, 5.702327728271484, 11.154009819030762, 1.483635663986206, 18.33997344970703, -2.7847659587860107, -19.326797485351562, 1.4918670654296875, -20.61969757080078)
(-4.295302867889404, 0.9254194498062134, 0.0, 0.0, 0.0, 0.0, -4.579923629760742, -2.7635953426361084, 0.0, 34.362422943115234, -7.403355598449707, 0.0, 1000, 1000, 1000, 1000, -4.101056098937988, -3.824742555618286, 0.0, -4.295302867889404, 0.9254194498062134, 7.788468837738037, 11.32177448272705, 0.6475224494934082, 19.757766723632812, -0.927951991558075, -19.362380981445312, 0.6601241827011108, -19.63020896911621)
(-4.290896415710449, 0.8409992456436157, 0.0, 0.0, 0.0, 0.0, 0.610916018486023, 2.3509082794189453, 0.0, 34.327171325683594, -6.727993965148926, 0.0, 1000, 1000, 1000, 1000, -3.1084227561950684, -2.8498330116271973, 0.0, -4.290896415710449, 0.8409992456436157, 6.743250846862793, 11.485213279724121, -0.08396491408348083, 18.144498825073242, -1.8157804012298584, -19.4013729095459, -0.10644478350877762, -21.323598861694336)
(-4.346197128295898, 0.7096135020256042, 0.0, 0.0, 0.0, 0.0, -0.3051145076751709, 1.4654122591018677, 0.0, 34.76957702636719, -5.676908016204834, 0.0, 1000, 1000, 1000, 1000, -4.158305644989014, -3.7492547035217285, 0.0, -4.346197128295898, 0.7096135020256042, 7.0149383544921875, 11.6502103805542, -0.09600343555212021, 18.56914520263672, -1.4284640550613403, -19.43561553955078, -0.10851209610700607, -20.972593307495117)
(-4.361672401428223, 0.6324681639671326, 0.0, 0.0, 0.0, 0.0, -0.5035877823829651, 0.8089236617088318, 0.0, 34.89337921142578, -5.0597453117370605, 0.0, 1000, 1000, 1000, 1000, -3.886531352996826, -3.4054789543151855, 0.0, -4.361672401428223, 0.6324681639671326, 7.0793938636779785, 11.815319061279297, -0.010200591757893562, 18.884511947631836, -1.1737338304519653, -19.470317840576172, 0.13178251683712006, -20.512269973754883)
(-4.370541095733643, 0.5585689544677734, 0.0, 0.0, 0.0, 0.0, -0.5646564960479736, 1.1600687503814697, 0.0, 34.96432876586914, -4.4685516357421875, 0.0, 1000, 1000, 1000, 1000, -3.4164061546325684, -3.3228697776794434, 0.0, -4.370541095733643, 0.5585689544677734, 7.105796813964844, 11.981319427490234, 0.050562165677547455, 19.137678146362305, -1.1257240772247314, -19.498462677001953, 0.04694057255983353, -20.577245712280273)
(-4.391298770904541, 0.48975083231925964, 0.0, 0.0, 0.0, 0.0, -0.3814503848552704, 1.3585419654846191, 0.0, 35.13039016723633, -3.918006658554077, 0.0, 1000, 1000, 1000, 1000, -3.5963997840881348, -3.0051441192626953, 0.0, -4.391298770904541, 0.48975083231925964, 7.102368354797363, 12.151789665222168, -0.002393713453784585, 19.25176429748535, -1.0553096532821655, -19.524385452270508, -0.012750380672514439, -20.592445373535156)
(-4.403991222381592, 0.4228743612766266, 0.0, 0.0, 0.0, 0.0, -0.33564886450767517, 1.2669389247894287, 0.0, 35.231929779052734, -3.3829948902130127, 0.0, 1000, 1000, 1000, 1000, -3.5794568061828613, -3.5194153785705566, 0.0, -4.403991222381592, 0.4228743612766266, 7.113515377044678, 12.319040298461914, -0.01789248175919056, 19.414663314819336, -0.9299867749214172, -19.550500869750977, 0.06482933461666107, -20.41565704345703)
(-4.421995639801025, 0.36090558767318726, 0.0, 0.0, 0.0, 0.0, -0.33564886450767517, 1.1142672300338745, 0.0, 35.3759651184082, -2.887244701385498, 0.0, 1000, 1000, 1000, 1000, -4.042932510375977, -3.5644469261169434, 0.0, -4.421995639801025, 0.36090558767318726, 7.142322540283203, 12.487135887145996, -0.025194359943270683, 19.604265213012695, -0.8003023862838745, -19.571008682250977, 0.04466244578361511, -20.326648712158203)