
(0.9946795701980591, 0.12455511093139648, 0.0, 0.0, 0.0, 0.0, -0.3967251777648926, 1.160076379776001, 0.0, -7.957436561584473, -0.9964408874511719, 0.0, 1000, 1000, 1000, 1000, 0.9946795701980591, 0.12455511093139648, 0.0, 0.9946795701980591, 0.12455511093139648, -0.0, -0.0, -0.9496253728866577, -0.9496253728866577, -0.0, -0.0, -0.2708585858345032, -0.2708585858345032)
(0.9101111888885498, 0.4162588119506836, 0.0, 0.0, 0.0, 0.0, -0.42725953459739685, 1.3280152082443237, 0.0, -7.280889511108398, -3.3300704956054688, 0.0, 1000, 1000, 1000, 1000, 0.8909106254577637, 0.0502934455871582, 0.0, 0.9101111888885498, 0.4162588119506836, -0.0, -0.0, 0.03270178660750389, 0.03270178660750389, -0.0, -0.0, -0.03873523697257042, -0.03873523697257042)
(0.843536913394928, 0.6826826930046082, 0.0, 0.0, 0.0, 0.0, -0.3967251777648926, 1.160076379776001, 0.0, -6.748295307159424, -5.461461544036865, 0.0, 1000, 1000, 1000, 1000, 1.094018578529358, 0.44384145736694336, 0.0, 0.843536913394928, 0.6826826930046082, -0.0, -0.0, 0.00504064466804266, 0.00504064466804266, -0.0, -0.0, -0.02060505375266075, -0.02060505375266075)
(0.7771944999694824, 0.9231220483779907, 0.0, 0.0, 0.0, 0.0, 0.18342748284339905, 1.2364121675491333, 0.0, -6.217555999755859, -7.384976387023926, 0.0, 1000, 1000, 1000, 1000, 1.867078185081482, -0.4167046546936035, 0.0, 0.7771944999694824, 0.9231220483779907, -0.0, -0.0, -0.07562051713466644, -0.07562051713466644, -0.0, -0.0, -0.025165613740682602, -0.025165613740682602)
(0.720820426940918, 1.1497522592544556, 0.0, 0.0, 0.0, 0.0, -0.22878625988960266, 1.5570229291915894, 0.0, -5.766563415527344, -9.198018074035645, 0.0, 1000, 1000, 1000, 1000, 1.215732216835022, -0.5161933898925781, 0.0, 0.720820426940918, 1.1497522592544556, -0.0, -0.0, 0.48132577538490295, 0.48132577538490295, -0.0, -0.0, -0.0641653910279274, -0.0641653910279274)
(0.6697453260421753, 1.3549315929412842, 0.0, 0.0, 0.0, 0.0, -0.4119923710823059, 1.4348855018615723, 0.0, -5.357962608337402, -10.839452743530273, 0.0, 1000, 1000, 1000, 1000, 0.6825827360153198, 0.4287295341491699, 0.0, 0.6697453260421753, 1.3549315929412842, -0.0, -0.0, 0.011896997690200806, 0.011896997690200806, -0.0, -0.0, -0.04725092276930809, -0.04725092276930809)
(0.624717652797699, 1.5366990566253662, 0.0, 0.0, 0.0, 0.0, -0.3203893005847931, 1.3738168478012085, 0.0, -4.997741222381592, -12.29359245300293, 0.0, 1000, 1000, 1000, 1000, 0.7872735261917114, 0.4265894889831543, 0.0, 0.624717652797699, 1.5366990566253662, -0.0, -0.0, -0.004015614278614521, -0.004015614278614521, -0.0, -0.0, -0.03625151142477989, -0.03625151142477989)
(0.5858999490737915, 1.7001478672027588, 0.0, -1.0, 0.0, 0.0, -0.22878625988960266, 1.8929007053375244, 0.0, -12.687199592590332, -13.60118293762207, 0.0, 1000, 1000, 1000, 1000, 1.284303903579712, -0.3878517150878906, 0.0, 0.5858999490737915, 1.7001478672027588, -0.0, -0.0, -0.8622246980667114, -0.8622246980667114, -0.0, -0.0, -0.11384116858243942, -0.11384116858243942)
(0.5435227751731873, 1.839606523513794, 0.0, 0.0, 0.0, 0.0, -0.42725953459739685, 1.0990076065063477, 0.0, -4.348182201385498, -14.716852188110352, 0.0, 1000, 1000, 1000, 1000, 0.806505560874939, 0.08241796493530273, 0.0, 0.5435227751731873, 1.839606523513794, -0.0, -0.0, -0.0006588581018149853, -0.0006588581018149853, -0.0, -0.0, -0.004841328598558903, -0.004841328598558903)
(0.5054261088371277, 1.9741082191467285, 0.0, 0.0, 0.0, 0.0, -0.5035954117774963, 1.2974809408187866, 0.0, -4.0434088706970215, -15.792865753173828, 0.0, 1000, 1000, 1000, 1000, 1.2452075481414795, -0.22432708740234375, 0.0, 0.5054261088371277, 1.9741082191467285, -0.0, -0.0, 0.013688359409570694, 0.013688359409570694, -0.0, -0.0, -0.02628796547651291, -0.02628796547651291)
(0.46910521388053894, 2.0962789058685303, 0.0, 0.0, 0.0, 0.0, -0.2898549735546112, 1.3585495948791504, 0.0, -3.7528417110443115, -16.770231246948242, 0.0, 1000, 1000, 1000, 1000, 1.0481536388397217, 0.06777095794677734, 0.0, 0.46910521388053894, 2.0962789058685303, -0.0, -0.0, -0.013198873028159142, -0.013198873028159142, -0.0, -0.0, -0.03066645748913288, -0.03066645748913288)
(0.4420853853225708, 2.217341184616089, 0.0, 0.0, 0.0, 0.0, -0.38145801424980164, 1.2211450338363647, 0.0, -3.5366830825805664, -17.73872947692871, 0.0, 1000, 1000, 1000, 1000, 1.134436845779419, 0.3985595703125, 0.0, 0.4420853853225708, 2.217341184616089, -0.0, -0.0, 0.0003147558309137821, 0.0003147558309137821, -0.0, -0.0, -0.010466985404491425, -0.010466985404491425)
(0.4082925021648407, 2.319728374481201, 0.0, -1.0, 0.0, 0.0, -0.6715343594551086, 1.4501526355743408, 0.0, -11.266340255737305, -18.55782699584961, 0.0, 1000, 1000, 1000, 1000, 0.6741743087768555, -0.2129535675048828, 0.0, 0.4082925021648407, 2.319728374481201, -0.0, -0.0, -0.969911515712738, -0.969911515712738, -0.0, -0.0, -0.03565152361989021, -0.03565152361989021)
(0.41013103723526, 2.461670398712158, 0.0, 0.0, 0.0, 0.0, 0.47350382804870605, 1.8623664379119873, 0.0, -3.28104829788208, -19.693363189697266, 0.0, 1000, 1000, 1000, 1000, 0.3034764528274536, 0.42718029022216797, 0.0, 0.41013103723526, 2.461670398712158, -0.0, -0.0, -0.06812673807144165, -0.06812673807144165, -0.0, -0.0, -0.025663426145911217, -0.025663426145911217)
(-2.432302474975586, -0.5753264427185059, 0.0, 0.0, 0.0, 0.0, -57.86237335205078, -61.95442581176758, 0.0, 19.458419799804688, 4.602611541748047, 0.0, 1000, 1000, 1000, 1000, 1.3603452444076538, -0.8066096305847168, 0.0, -2.432302474975586, -0.5753264427185059, 0.0, -0.0, 3.8718934059143066, 3.8718934059143066, 0.0, -0.0, 4.188528537750244, 4.188528537750244)
(-7.4930243492126465, -7.030961990356445, 0.0, 0.0, 0.0, 0.0, -6.457793712615967, -7.771221160888672, 0.0, 59.94419479370117, 56.24769592285156, 0.0, 1000, 1000, 1000, 1000, -0.9198851585388184, -4.547374725341797, 0.0, -7.4930243492126465, -7.030961990356445, 0.0, -0.0, 0.601232647895813, 0.601232647895813, 0.0, -0.0, 0.929031491279602, 0.929031491279602)
(-7.5415425300598145, -8.114777565002441, 0.0, 0.0, 0.0, 0.0, 5.038389205932617, -3.236870288848877, 0.0, 60.332340240478516, 64.91822052001953, 0.0, 1000, 1000, 1000, 1000, 2.647406578063965, -8.122308731079102, 0.0, -7.5415425300598145, -8.114777565002441, 0.0, 0.0, -0.245234876871109, -0.245234876871109, 0.0, -0.0, 0.35592544078826904, 0.35592544078826904)
(-7.5254082679748535, -11.954366683959961, 0.0, -1.0, 0.0, 0.0, 8.53457260131836, -48.00022888183594, 0.0, 60.20326614379883, 95.63493347167969, 0.0, 1000, 1000, 1000, 1000, -7.534954071044922, -17.565509796142578, 0.0, -7.5254082679748535, -11.954366683959961, 0.0, 0.0, -1.1368333101272583, -1.1368333101272583, 0.0, 0.0, 2.1992859840393066, 2.1992859840393066)
(-11.87049388885498, -17.701311111450195, 0.0, 0.0, 0.0, 0.0, -15.419626235961914, 28.8700008392334, 0.0, 94.96395111083984, 141.61048889160156, 0.0, 1000, 1000, 1000, 1000, -17.653417587280273, -19.621627807617188, 0.0, -11.87049388885498, -17.701311111450195, 0.0, 0.0, -1.1285514831542969, -1.1285514831542969, 0.0, 0.0, -2.1107194423675537, -2.1107194423675537)
(-6.324558258056641, -4.509817123413086, 0.0, 0.0, 0.0, 0.0, 31.664342880249023, 19.251678466796875, 0.0, 50.596466064453125, 36.07853698730469, 0.0, 1000, 1000, 1000, 1000, -2.963221549987793, 7.4118547439575195, 0.0, -6.324558258056641, -4.509817123413086, 0.0, 0.0, -0.8943959474563599, -0.8943959474563599, 0.0, 0.0, 1.3566861152648926, 1.3566861152648926)
(-0.3563612401485443, -1.1930195093154907, 0.0, 0.0, 0.0, 0.0, 7.09945821762085, 25.389083862304688, 0.0, 2.8508899211883545, 9.544156074523926, 0.0, 1000, 1000, 1000, 1000, 1.7469171285629272, -0.06725168228149414, 0.0, -0.3563612401485443, -1.1930195093154907, -0.0, 0.0, 0.8001357913017273, 0.8001357913017273, -0.0, 0.0, 0.12451153993606567, 0.12451153993606567)
(-0.7405022978782654, 1.1607447862625122, 0.0, 0.0, 0.0, 0.0, -15.526495933532715, 12.106640815734863, 0.0, 5.924018383026123, -9.285958290100098, 0.0, 1000, 1000, 1000, 1000, 1.2707200050354004, -0.47388458251953125, 0.0, -0.7405022978782654, 1.1607447862625122, 0.0, 0.0, 0.8042435646057129, 0.8042435646057129, -0.0, 0.0, 0.23201029002666473, 0.23201029002666473)
(-0.8981993198394775, 1.4239002466201782, 0.0, 0.0, 0.0, 0.0, -4.961610794067383, -6.1070990562438965, 0.0, 7.18559455871582, -11.391201972961426, 0.0, 1000, 1000, 1000, 1000, 1.6504762172698975, -3.586573600769043, 0.0, -0.8981993198394775, 1.4239002466201782, 0.0, 0.0, 0.7453535199165344, 0.7453535199165344, -0.0, 0.0, 0.22683033347129822, 0.22683033347129822)
(-3.0465033054351807, 2.542431354522705, 0.0, 0.0, 0.0, 0.0, -4.42725944519043, 9.908167839050293, 0.0, 24.372026443481445, -20.33945083618164, 0.0, 1000, 1000, 1000, 1000, -2.2092175483703613, -1.9882488250732422, 0.0, -3.0465033054351807, 2.542431354522705, 0.0, 0.0, 0.014992090873420238, 0.014992090873420238, -0.0, 0.0, -0.4181835353374481, -0.4181835353374481)
(-5.317910194396973, 4.092687606811523, 0.0, 0.0, 0.0, 0.0, -10.106648445129395, 0.32038167119026184, 0.0, 42.54328155517578, -32.74150085449219, 0.0, 1000, 1000, 1000, 1000, -5.2640061378479, 2.9964938163757324, 0.0, -5.317910194396973, 4.092687606811523, 0.0, 0.0, 0.07253152132034302, 0.07253152132034302, -0.0, 0.0, 0.2272963970899582, 0.2272963970899582)
(-5.823540210723877, 2.145026683807373, 0.0, 0.0, 0.0, 0.0, -11.328022956848145, 2.473053455352783, 0.0, 46.588321685791016, -17.160213470458984, 0.0, 1000, 1000, 1000, 1000, -3.768880844116211, -0.912778377532959, 0.0, -5.823540210723877, 2.145026683807373, 0.0, 0.0, 0.7002253532409668, 0.7002253532409668, -0.0, 0.0, -0.5421404838562012, -0.5421404838562012)
(-7.009995937347412, 2.0016708374023438, 0.0, 0.0, 0.0, 0.0, 9.984953880310059, 0.8700000047683716, 0.0, 56.0799674987793, -16.01336669921875, 0.0, 1000, 1000, 1000, 1000, -6.434183120727539, -0.920647144317627, 0.0, -7.009995937347412, 2.0016708374023438, 0.0, 0.0, -0.9015464186668396, -0.9015464186668396, -0.0, 0.0, -0.19304583966732025, -0.19304583966732025)
(-4.6047492027282715, 2.0911877155303955, 0.0, 0.0, 0.0, 0.0, 1.7254122495651245, 1.801297664642334, 0.0, 36.83799362182617, -16.729501724243164, 0.0, 1000, 1000, 1000, 1000, -4.153243064880371, -0.3390164375305176, 0.0, -4.6047492027282715, 2.0911877155303955, 0.0, 0.0, 0.10475035011768341, 0.10475035011768341, -0.0, 0.0, 0.16646824777126312, 0.16646824777126312)
(-4.121230125427246, 1.743087649345398, 0.0, 0.0, 0.0, 0.0, -2.9005420207977295, -3.2521374225616455, 0.0, 32.96984100341797, -13.944701194763184, 0.0, 1000, 1000, 1000, 1000, -2.3904027938842773, -1.2615935802459717, 0.0, -4.121230125427246, 1.743087649345398, 0.0, 0.0, 0.271030068397522, 0.271030068397522, -0.0, 0.0, 0.29959437251091003, 0.29959437251091003)
(-4.36896276473999, 1.311409592628479, 0.0, 0.0, 0.0, 0.0, -0.3203893005847931, -1.4353435039520264, 0.0, 34.95170211791992, -10.491276741027832, 0.0, 1000, 1000, 1000, 1000, -2.6866674423217773, -1.6069700717926025, 0.0, -4.36896276473999, 1.311409592628479, 0.0, 0.0, -0.04115452617406845, -0.04115452617406845, -0.0, 0.0, 0.09171656519174576, 0.09171656519174576)
(-4.381165981292725, 1.456965446472168, 0.0, 0.0, 0.0, 0.0, -3.526496171951294, 2.732595443725586, 0.0, 35.0493278503418, -11.655723571777344, 0.0, 1000, 1000, 1000, 1000, -2.2571449279785156, -1.5328402519226074, 0.0, -4.381165981292725, 1.456965446472168, 0.0, 0.0, 0.2303556203842163, 0.2303556203842163, -0.0, 0.0, -0.028863387182354927, -0.028863387182354927)
(-4.525810241699219, 1.2471905946731567, 0.0, 0.0, 0.0, 0.0, 2.5651068687438965, 1.5570229291915894, 0.0, 36.20648193359375, -9.977524757385254, 0.0, 1000, 1000, 1000, 1000, -3.4865589141845703, -2.087052822113037, 0.0, -4.525810241699219, 1.2471905946731567, 0.0, 0.0, -0.10956796258687973, -0.10956796258687973, -0.0, 0.0, -0.10808315128087997, -0.10808315128087997)
(-4.3520965576171875, 1.9474754333496094, 0.0, 0.0, 0.0, 0.0, -0.915809154510498, 3.1295418739318848, 0.0, 34.8167724609375, -15.579803466796875, 0.0, 1000, 1000, 1000, 1000, -3.5448808670043945, -1.3783330917358398, 0.0, -4.3520965576171875, 1.9474754333496094, 0.0, 0.0, 0.001323825097642839, 0.001323825097642839, -0.0, 0.0, 0.07926756143569946, 0.07926756143569946)
(-4.103586196899414, 1.8706482648849487, 0.0, 0.0, 0.0, 0.0, 0.5651068687438965, 1.6028244495391846, 0.0, 32.82868957519531, -14.96518611907959, 0.0, 1000, 1000, 1000, 1000, -2.786722183227539, -1.1540296077728271, 0.0, -4.103586196899414, 1.8706482648849487, 0.0, 0.0, -0.018764490261673927, -0.018764490261673927, -0.0, 0.0, -0.08514488488435745, -0.08514488488435745)
(-4.100376605987549, 1.4713106155395508, 0.0, 0.0, 0.0, 0.0, -0.30512213706970215, 0.16770991683006287, 0.0, 32.80301284790039, -11.770484924316406, 0.0, 1000, 1000, 1000, 1000, -2.846522808074951, -1.5898587703704834, 0.0, -4.100376605987549, 1.4713106155395508, 0.0, 0.0, 0.024966776371002197, 0.024966776371002197, -0.0, -0.0, 0.027315691113471985, 0.027315691113471985)
(-4.379355430603027, 1.5311424732208252, 0.0, 0.0, 0.0, 0.0, 0.3208320736885071, 1.6180915832519531, 0.0, 35.03484344482422, -12.249139785766602, 0.0, 1000, 1000, 1000, 1000, -3.658205032348633, -1.8198530673980713, 0.0, -4.379355430603027, 1.5311424732208252, 0.0, 0.0, -0.13800647854804993, -0.13800647854804993, -0.0, -0.0, 0.050205815583467484, 0.050205815583467484)
(-3.094430923461914, 1.6584458351135254, 0.0, 0.0, 0.0, 0.0, 3.3589999675750732, 1.9845038652420044, 0.0, 24.755447387695312, -13.267566680908203, 0.0, 1000, 1000, 1000, 1000, -1.24826979637146, -1.7214810848236084, 0.0, -3.094430923461914, 1.6584458351135254, 0.0, 0.0, 0.0019395019626244903, 0.0019395019626244903, -0.0, -0.0, 0.01412966474890709, 0.01412966474890709)
(-3.0758538246154785, 1.612442970275879, 0.0, 0.0, 0.0, 0.0, -3.205885410308838, -4.6109161376953125, 0.0, 24.606830596923828, -12.899543762207031, 0.0, 1000, 1000, 1000, 1000, -2.313506603240967, -1.4732716083526611, 0.0, -3.0758538246154785, 1.612442970275879, 0.0, 0.0, 0.13254348933696747, 0.13254348933696747, -0.0, -0.0, 0.3786005675792694, 0.3786005675792694)
(-3.223254442214966, 1.0336626768112183, 0.0, 0.0, 0.0, 0.0, -0.5493969321250916, 3.938702344894409, 0.0, 25.786035537719727, -8.269301414489746, 0.0, 1000, 1000, 1000, 1000, -1.617325782775879, -1.2166447639465332, 0.0, -3.223254442214966, 1.0336626768112183, 0.0, 0.0, -0.0015104446792975068, -0.0015104446792975068, -0.0, -0.0, -0.24789726734161377, -0.24789726734161377)
(-3.188223361968994, 0.984658420085907, 0.0, 0.0, 0.0, 0.0, -1.2974885702133179, -1.3132060766220093, 0.0, 25.505786895751953, -7.877267360687256, 0.0, 1000, 1000, 1000, 1000, -1.401550054550171, -2.00522518157959, 0.0, -3.188223361968994, 0.984658420085907, 0.0, 0.0, 0.038788359612226486, 0.038788359612226486, -0.0, -0.0, 0.15074051916599274, 0.15074051916599274)
(-3.0939157009124756, 1.10282564163208, 0.0, 0.0, 0.0, 0.0, 0.4429694712162018, 3.053206205368042, 0.0, 24.751325607299805, -8.82260513305664, 0.0, 1000, 1000, 1000, 1000, -0.8673849105834961, -2.2540805339813232, 0.0, -3.0939157009124756, 1.10282564163208, 0.0, 0.0, 0.01053861528635025, 0.01053861528635025, -0.0, -0.0, -0.08551356196403503, -0.08551356196403503)
(-3.3472816944122314, 1.187945008277893, 0.0, 0.0, 0.0, 0.0, -2.5035953521728516, 2.732595443725586, 0.0, 26.77825355529785, -9.503560066223145, 0.0, 1000, 1000, 1000, 1000, -2.667902946472168, -2.179882049560547, 0.0, -3.3472816944122314, 1.187945008277893, 0.0, 0.0, 0.08599760383367538, 0.08599760383367538, -0.0, -0.0, -0.05293707177042961, -0.05293707177042961)
(-4.255364894866943, 1.361603021621704, 0.0, 0.0, 0.0, 0.0, -0.7020686864852905, -0.16816793382167816, 0.0, 34.04291915893555, -10.892824172973633, 0.0, 1000, 1000, 1000, 1000, -4.073214054107666, -1.8238351345062256, 0.0, -4.255364894866943, 1.361603021621704, 0.0, 0.0, -0.17010170221328735, -0.17010170221328735, -0.0, -0.0, 0.18152692914009094, 0.18152692914009094)
(-3.4938433170318604, 1.3275535106658936, 0.0, 0.0, 0.0, 0.0, -0.7173358798027039, 0.7783969640731812, 0.0, 27.950746536254883, -10.620428085327148, 0.0, 1000, 1000, 1000, 1000, -2.404688835144043, -1.536073923110962, 0.0, -3.4938433170318604, 1.3275535106658936, 0.0, 0.0, 0.20631618797779083, 0.20631618797779083, -0.0, -0.0, 0.04228610172867775, 0.04228610172867775)
(-3.8053665161132812, 1.0750652551651, 0.0, 0.0, 0.0, 0.0, -0.10664885491132736, -1.145267128944397, 0.0, 30.44293212890625, -8.6005220413208, 0.0, 1000, 1000, 1000, 1000, -2.50125789642334, -1.0136103630065918, 0.0, -3.8053665161132812, 1.0750652551651, 0.0, 0.0, -0.08086711913347244, -0.08086711913347244, -0.0, -0.0, 0.09049905091524124, 0.09049905091524124)
(-3.6964449882507324, 1.2586967945098877, 0.0, 0.0, 0.0, 0.0, -2.8700075149536133, 1.5417556762695312, 0.0, 29.57155990600586, -10.069574356079102, 0.0, 1000, 1000, 1000, 1000, -2.935359001159668, -1.6559710502624512, 0.0, -3.6964449882507324, 1.2586967945098877, 0.0, 0.0, 0.1822420358657837, 0.1822420358657837, -0.0, -0.0, 0.05858596786856651, 0.05858596786856651)
(-3.99603009223938, 0.9470746517181396, 0.0, 0.0, 0.0, 0.0, 2.5651068687438965, 0.39671754837036133, 0.0, 31.96824073791504, -7.576597213745117, 0.0, 1000, 1000, 1000, 1000, -3.1987905502319336, -1.8501155376434326, 0.0, -3.99603009223938, 0.9470746517181396, 0.0, 0.0, -0.21449224650859833, -0.21449224650859833, -0.0, -0.0, -0.04701417684555054, -0.04701417684555054)
(-3.101154327392578, 0.7579684257507324, 0.0, 0.0, 0.0, 0.0, 0.626175582408905, 0.01503816805779934, 0.0, 24.809234619140625, -6.063747406005859, 0.0, 1000, 1000, 1000, 1000, -1.8173885345458984, -2.168196439743042, 0.0, -3.101154327392578, 0.7579684257507324, 0.0, 0.0, 0.0738680511713028, 0.0738680511713028, -0.0, -0.0, 0.05622873082756996, 0.05622873082756996)
(-3.2880666255950928, 0.6316457390785217, 0.0, 0.0, 0.0, 0.0, -1.419625997543335, 1.4501526355743408, 0.0, 26.304533004760742, -5.053165912628174, 0.0, 1000, 1000, 1000, 1000, -2.019151210784912, -2.145446538925171, 0.0, -3.2880666255950928, 0.6316457390785217, 0.0, 0.0, 2.908778667449951, 2.908778667449951, -0.0, -0.0, -0.6963688731193542, -0.6963688731193542)
(-3.3474183082580566, 0.7980062961578369, 0.0, 0.0, 0.0, 0.0, 2.4277021884918213, 0.9463358521461487, 0.0, 26.779346466064453, -6.384050369262695, 0.0, 1000, 1000, 1000, 1000, -2.1646361351013184, -2.055201530456543, 0.0, -3.3474183082580566, 0.7980062961578369, 0.0, 0.0, -0.1594504863023758, -0.1594504863023758, -0.0, -0.0, 0.049072619527578354, 0.049072619527578354)
(-2.9570727348327637, 0.6036048531532288, 0.0, 0.0, 0.0, 0.0, -0.1982519030570984, 1.9845038652420044, 0.0, 23.65658187866211, -4.82883882522583, 0.0, 1000, 1000, 1000, 1000, -1.5216999053955078, -2.321810722351074, 0.0, -2.9570727348327637, 0.6036048531532288, 0.0, 0.0, 0.011245565488934517, 0.011245565488934517, -0.0, -0.0, -0.12259486317634583, -0.12259486317634583)
(-2.9644453525543213, 0.6801893711090088, 0.0, 0.0, 0.0, 0.0, -1.877641201019287, 1.0379389524459839, 0.0, 23.71556282043457, -5.44151496887207, 0.0, 1000, 1000, 1000, 1000, 0.187888503074646, 1.8466286659240723, 0.0, -2.9644453525543213, 0.6801893711090088, 0.0, 0.0, 0.05796945095062256, 0.05796945095062256, -0.0, -0.0, 0.027920467779040337, 0.027920467779040337)
(-2.0943243503570557, 0.5630773305892944, 0.0, 0.0, 0.0, 0.0, 0.6719771027565002, -3.450610637664795, 0.0, 16.754594802856445, -4.5046186447143555, 0.0, 1000, 1000, 1000, 1000, -2.867849826812744, -2.007730722427368, 0.0, -2.0943243503570557, 0.5630773305892944, 0.0, 0.0, 0.16606290638446808, 0.16606290638446808, -0.0, -0.0, 0.4616670608520508, 0.4616670608520508)
(-2.215564727783203, 0.5470831990242004, 0.0, 0.0, 0.0, 0.0, -2.244053363800049, 2.9921374320983887, 0.0, 17.724517822265625, -4.3766655921936035, 0.0, 1000, 1000, 1000, 1000, -0.46112871170043945, -2.4470925331115723, 0.0, -2.215564727783203, 0.5470831990242004, 0.0, 0.0, 0.11940609663724899, 0.11940609663724899, -0.0, -0.0, -0.10871098935604095, -0.10871098935604095)
(-3.0063059329986572, 0.7915006875991821, 0.0, 0.0, 0.0, 0.0, -3.770771026611328, -1.4048091173171997, 0.0, 24.050447463989258, -6.332005500793457, 0.0, 1000, 1000, 1000, 1000, -1.9856305122375488, -1.5342516899108887, 0.0, -3.0063059329986572, 0.7915006875991821, 0.0, 0.0, 0.068285271525383, 0.068285271525383, -0.0, -0.0, 0.27419403195381165, 0.27419403195381165)
(-2.771510601043701, 0.49361202120780945, 0.0, 0.0, 0.0, 0.0, 3.374267101287842, 4.289847373962402, 0.0, 22.17208480834961, -3.9488961696624756, 0.0, 1000, 1000, 1000, 1000, -1.2455742359161377, -3.460876703262329, 0.0, -2.771510601043701, 0.49361202120780945, 0.0, 0.0, -0.17697428166866302, -0.17697428166866302, -0.0, -0.0, -0.23276562988758087, -0.23276562988758087)
(-2.566251277923584, 1.048971176147461, 0.0, 0.0, 0.0, 0.0, -0.4577938914299011, 0.7325954437255859, 0.0, 20.530010223388672, -8.391769409179688, 0.0, 1000, 1000, 1000, 1000, -1.4163942337036133, -2.153520107269287, 0.0, -2.566251277923584, 1.048971176147461, 0.0, 0.0, 0.0031059342436492443, 0.0031059342436492443, -0.0, -0.0, 0.10844190418720245, 0.10844190418720245)
(-2.6521108150482178, 0.8680967092514038, 0.0, 0.0, 0.0, 0.0, -0.25932061672210693, 1.4501526355743408, 0.0, 21.216886520385742, -6.9447736740112305, 0.0, 1000, 1000, 1000, 1000, -1.5125088691711426, -2.7847886085510254, 0.0, -2.6521108150482178, 0.8680967092514038, 0.0, 0.0, -0.02635839581489563, -0.02635839581489563, -0.0, -0.0, -0.0755622386932373, -0.0755622386932373)
(-2.172287940979004, 1.0514695644378662, 0.0, 0.0, 0.0, 0.0, -0.35092365741729736, 0.06083969399333, 0.0, 17.37830352783203, -8.41175651550293, 0.0, 1000, 1000, 1000, 1000, -1.056654930114746, -1.8818449974060059, 0.0, -2.172287940979004, 1.0514695644378662, 0.0, 0.0, 0.15473876893520355, 0.15473876893520355, -0.0, -0.0, 0.10190219432115555, 0.10190219432115555)
(-2.543027400970459, 0.6928253769874573, 0.0, 0.0, 0.0, 0.0, 1.2521297931671143, -0.07656488567590714, 0.0, 20.344219207763672, -5.542603015899658, 0.0, 1100, 1100, 1100, 1100, -1.6709694862365723, -2.368006944656372, 0.0, -2.543027400970459, 0.6928253769874573, 0.0, 0.0, -0.16463702917099, -0.16463702917099, -0.0, -0.0, 0.08156491070985794, 0.08156491070985794)
(-2.5190494060516357, 1.4216315746307373, 0.0, 0.0, 0.0, 0.0, -3.633366346359253, -3.2826716899871826, 0.0, 20.152395248413086, -11.373052597045898, 0.0, 1100, 1100, 1100, 1100, -5.331341743469238, 0.24822425842285156, 0.0, -2.5190494060516357, 1.4216315746307373, 0.0, 0.0, 0.16996395587921143, 0.16996395587921143, -0.0, -0.0, 0.9470606446266174, 0.9470606446266174)
(-3.2692315578460693, 1.3262029886245728, 0.0, 0.0, 0.0, 0.0, -1.8013052940368652, -5.5422139167785645, 0.0, 26.153852462768555, -10.609623908996582, 0.0, 1100, 1100, 1100, 1100, -4.204019069671631, -3.065596580505371, 0.0, -3.2692315578460693, 1.3262029886245728, 0.0, 0.0, -0.13500045239925385, -0.13500045239925385, -0.0, -0.0, 0.5547417998313904, 0.5547417998313904)
(-3.020916700363159, 0.7157212495803833, 0.0, 0.0, 0.0, 0.0, -10.350923538208008, 0.5646564960479736, 0.0, 24.167333602905273, -5.725769996643066, 0.0, 1100, 1100, 1100, 1100, -2.5432586669921875, 5.6563825607299805, 0.0, -3.020916700363159, 0.7157212495803833, 0.0, 0.0, 0.49676284193992615, 0.49676284193992615, -0.0, -0.0, 0.25552818179130554, 0.25552818179130554)
(-2.4023871421813965, 0.9121849536895752, 0.0, 0.0, 0.0, 0.0, -0.15245038270950317, 2.9616031646728516, 0.0, 19.219097137451172, -7.297479629516602, 0.0, 1100, 1100, 1100, 1100, -1.4673233032226562, -5.014683246612549, 0.0, -2.4023871421813965, 0.9121849536895752, 0.0, 0.0, 0.3202672004699707, 0.3202672004699707, -0.0, -0.0, -0.006957268808037043, -0.006957268808037043)
(-3.3583664894104004, 0.8079239130020142, 0.0, 0.0, 0.0, 0.0, -3.1142823696136475, -1.4353435039520264, 0.0, 26.866931915283203, -6.463391304016113, 0.0, 1108, 1107, 1104, 1103, -5.6239705085754395, -0.11077260971069336, 0.0, -3.3583664894104004, 0.8079239130020142, 0.0, 0.0, 0.06750070303678513, 0.06750070303678513, -0.0, -0.0, 0.2045973390340805, 0.2045973390340805)
(-3.1352524757385254, 1.1162471771240234, 0.0, 0.0, 0.0, 0.0, -3.37382435798645, 0.06083969399333, 0.0, 25.082019805908203, -8.929977416992188, 0.0, 1151, 1151, 1164, 1163, 0.1879063844680786, -7.857057571411133, 0.0, -3.1352524757385254, 1.1162471771240234, 0.0, 0.0, 0.3243356943130493, 0.3243356943130493, -0.0, -0.0, 0.3740059733390808, 0.3740059733390808)
(-3.687405824661255, 1.7938296794891357, 0.0, 0.0, 0.0, 0.0, 0.7941145300865173, 4.961603164672852, 0.0, 29.49924659729004, -14.350637435913086, 0.0, 1231, 1232, 1227, 1228, -5.110624313354492, 4.320000648498535, 0.0, -3.687405824661255, 1.7938296794891357, 0.0, 0.0, 0.1572108119726181, 0.1572108119726181, -0.0, -0.0, -0.2752310633659363, -0.2752310633659363)
(-4.183587074279785, 2.334921360015869, 0.0, 0.0, 0.0, 0.0, -5.4348931312561035, 7.053205966949463, 0.0, 33.46869659423828, -18.679370880126953, 0.0, 1266, 1268, 1294, 1294, -46.3919677734375, 22.315847396850586, 0.0, -4.183587074279785, 2.334921360015869, 0.0, 0.0, 0.4435714781284332, 0.4435714781284332, -0.0, -0.0, -0.7788501381874084, -0.7788501381874084)
(-3.14209246635437, 1.7105296850204468, 0.0, 0.0, 0.0, 0.0, 17.862815856933594, -10.733053207397461, 0.0, 25.13673973083496, -13.684237480163574, 0.0, 1328, 1322, 1348, 1348, -20.994070053100586, -6.3780412673950195, 0.0, -3.14209246635437, 1.7105296850204468, 0.0, 0.0, -1.5035834312438965, -1.5035834312438965, -0.0, -0.0, 1.397569179534912, 1.397569179534912)
(-4.335001468658447, 2.539938449859619, 0.0, 0.0, 0.0, 0.0, -16.763137817382812, 2.7478625774383545, 0.0, 34.68001174926758, -20.319507598876953, 0.0, 1326, 1329, 1346, 1344, 51.135467529296875, 17.468639373779297, 0.0, -4.335001468658447, 2.539938449859619, 0.0, 0.0, 1.2909843921661377, 1.2909843921661377, -0.0, -0.0, -0.4291969835758209, -0.4291969835758209)
(-1.8642144203186035, 1.9817744493484497, 0.0, 0.0, 0.0, 0.0, -13.480694770812988, 9.129542350769043, 0.0, 14.913715362548828, -15.854195594787598, 0.0, 1360, 1365, 1312, 1309, 10.64313793182373, 35.05691909790039, 0.0, -1.8642144203186035, 1.9817744493484497, 0.0, 0.0, 2.177529811859131, 2.177529811859131, -0.0, -0.0, -0.4483512341976166, -0.4483512341976166)
(-18.48651695251465, 3.023609161376953, 0.0, 0.0, 0.0, 0.0, -98.32038879394531, 16.167709350585938, 0.0, 147.8921356201172, -24.188873291015625, 0.0, 1278, 1282, 1390, 1388, 30.563608169555664, -13.047061920166016, 0.0, -18.48651695251465, 3.023609161376953, 0.0, 0.0, 1.5000687837600708, 1.5000687837600708, -0.0, -0.0, -0.6415827870368958, -0.6415827870368958)
(-10.389124870300293, 5.3362531661987305, 0.0, 0.0, 0.0, 0.0, 166.97732543945312, 18.96160316467285, 0.0, 83.11299896240234, -42.690025329589844, 0.0, 1385, 1375, 1278, 1300, -6.801685333251953, 15.45419692993164, 0.0, -10.389124870300293, 5.3362531661987305, -0.0, 0.0, -8.204927444458008, -8.204927444458008, -0.0, -0.0, -2.8119778633117676, -2.8119778633117676)
(-2.823082208633423, 6.740044593811035, 0.0, 0.0, 0.0, 0.0, -14.411992073059082, 9.282214164733887, 0.0, 22.584657669067383, -53.92035675048828, 0.0, 1333, 1334, 1338, 1337, 2.9749953746795654, 12.358917236328125, 0.0, -2.823082208633423, 6.740044593811035, 0.0, 0.0, 0.33564403653144836, 0.33564403653144836, -0.0, -0.0, 0.1476268619298935, 0.1476268619298935)
(-14.001970291137695, 6.292590618133545, 0.0, 0.0, 0.0, 0.0, -236.4730682373047, -76.93152618408203, 0.0, 112.01576232910156, -50.34072494506836, 0.0, 1208, 1220, 1480, 1430, -21.840839385986328, -29.30370330810547, 0.0, -14.001970291137695, 6.292590618133545, 0.0, 0.0, 15.445817947387695, 15.445817947387695, 0.0, -0.0, 9.644522666931152, 9.644522666931152)
(-25.113985061645508, 5.227861404418945, 0.0, 0.0, 0.0, 0.0, 184.54983520507812, -72.9620590209961, 0.0, 200.91188049316406, -41.82289123535156, 0.0, 1488, 1454, 1198, 1199, 0.694373607635498, -56.056095123291016, 0.0, -25.113985061645508, 5.227861404418945, 0.0, 0.0, -8.78885269165039, -8.78885269165039, 0.0, -0.0, 8.193620681762695, 8.193620681762695)
(-4.218099117279053, 5.583975791931152, 0.0, 0.0, 0.0, 0.0, 70.91625213623047, -31.618549346923828, 0.0, 33.74479293823242, -44.67180633544922, 0.0, 1382, 1368, 1305, 1303, -24.274991989135742, 9.034188270568848, 0.0, -4.218099117279053, 5.583975791931152, -0.0, 0.0, -3.1995108127593994, -3.1995108127593994, -0.0, -0.0, 3.9059085845947266, 3.9059085845947266)
(-0.3071892261505127, 4.992396831512451, 0.0, 0.0, 0.0, 0.0, -19.144817352294922, 15.648626327514648, 0.0, 2.4575138092041016, -39.93917465209961, 0.0, 1329, 1335, 1409, 1409, 7.967771530151367, 32.10736846923828, 0.0, -0.3071892261505127, 4.992396831512451, 0.0, 0.0, 1.5067675113677979, 1.5067675113677979, -0.0, -0.0, -1.185225009918213, -1.185225009918213)
(-0.44496214389801025, 6.189385414123535, 0.0, 0.0, 0.0, 0.0, -1.0074121952056885, 27.129541397094727, 0.0, 3.559697151184082, -49.51508331298828, 0.0, 1327, 1335, 1416, 1420, -33.61654281616211, 0.5857028961181641, 0.0, -0.44496214389801025, 6.189385414123535, 0.0, 0.0, 1.1514297723770142, 1.1514297723770142, -0.0, -0.0, -2.9143335819244385, -2.9143335819244385)
(-0.5386298298835754, 6.515872001647949, 0.0, 0.0, 0.0, 0.0, 6.870450496673584, -3.053664207458496, 0.0, 4.3090386390686035, -52.126976013183594, 0.0, 1395, 1392, 1375, 1376, 3.349212169647217, 33.378211975097656, 0.0, -0.5386298298835754, 6.515872001647949, -0.0, 0.0, -1.0470221042633057, -1.0470221042633057, -0.0, -0.0, 0.5032375454902649, 0.5032375454902649)
(-0.6169841289520264, 5.383003234863281, 0.0, 0.0, 0.0, 0.0, -2.411992311477661, -28.000228881835938, 0.0, 4.935873031616211, -43.06402587890625, 0.0, 1394, 1389, 1380, 1371, -9.222406387329102, 36.14794158935547, 0.0, -0.6169841289520264, 5.383003234863281, 0.0, 0.0, 1.0816313028335571, 1.0816313028335571, -0.0, -0.0, 3.3255603313446045, 3.3255603313446045)
(-24.31037712097168, 7.578507423400879, 0.0, 0.0, 0.0, 0.0, -137.38909912109375, 36.38145065307617, 0.0, 194.48301696777344, -60.62805938720703, 0.0, 1339, 1345, 1426, 1425, -8.480225563049316, 41.88010025024414, 0.0, -24.31037712097168, 7.578507423400879, 0.0, 0.0, 1.8707149028778076, 1.8707149028778076, -0.0, -0.0, -1.3296723365783691, -1.3296723365783691)
(-2.0434153079986572, 9.433526039123535, 0.0, 0.0, 0.0, 0.0, 43.89335250854492, -6.9315266609191895, 0.0, 16.347322463989258, -75.46820831298828, 0.0, 1388, 1394, 1385, 1372, 7.560017108917236, 65.30313110351562, 0.0, -2.0434153079986572, 9.433526039123535, -0.0, 0.0, 4.820686340332031, 4.820686340332031, -0.0, -0.0, 1.713261604309082, 1.713261604309082)
(-3.9913058280944824, 6.939354419708252, 0.0, 0.0, 0.0, 0.0, 29.740678787231445, -25.923892974853516, 0.0, 31.93044662475586, -55.514835357666016, 0.0, 1400, 1390, 1370, 1375, 7.533584117889404, 28.03316879272461, 0.0, -3.904348134994507, 7.004579067230225, 0.0, 0.0, -2.5686938762664795, -2.5686938762664795, -0.0, -0.0, -3.1561105251312256, -3.1561105251312256)
(15.898536682128906, 1.4365806579589844, 0.0, 0.0, 0.0, 0.0, -46.67153549194336, 35.20587921142578, 0.0, -127.18829345703125, -11.492645263671875, 0.0, 1342, 1367, 1417, 1409, 19.618375778198242, 30.708942413330078, 0.0, 15.898536682128906, 1.4365806579589844, -0.0, 0.0, 8.263056755065918, 8.263056755065918, -0.0, -0.0, -4.209712505340576, -4.209712505340576)
(-2.036883592605591, 7.296760559082031, 0.0, 0.0, 0.0, 0.0, 7.191061019897461, 32.488319396972656, 0.0, 16.295068740844727, -58.37408447265625, 0.0, 1386, 1387, 1378, 1387, -24.765653610229492, -18.180706024169922, 0.0, -2.036883592605591, 7.296760559082031, 0.0, 0.0, -2.327643632888794, -2.327643632888794, -0.0, -0.0, -2.508484125137329, -2.508484125137329)
(6.556265354156494, 6.063050270080566, 0.0, 0.0, 0.0, 0.0, 167.63380432128906, -99.5880126953125, 0.0, -52.45012283325195, -48.50440216064453, 0.0, 1530, 1490, 1260, 1254, -29.716028213500977, 1.9882822036743164, 0.0, 6.556265354156494, 6.063050270080566, -0.0, 0.0, -8.516759872436523, -8.516759872436523, 0.0, -0.0, 11.44356918334961, 11.44356918334961)
(13.088756561279297, 5.656997203826904, 0.0, 0.0, 0.0, 0.0, -117.41962432861328, 44.137176513671875, 0.0, -104.71005249023438, -45.255977630615234, 0.0, 1303, 1315, 1459, 1457, 18.930320739746094, -23.619430541992188, 0.0, 13.088756561279297, 5.656997203826904, 0.0, 0.0, 3.3821752071380615, 3.3821752071380615, -0.0, -0.0, -2.4516425132751465, -2.4516425132751465)
(-1.0150787830352783, 9.53789234161377, 0.0, 0.0, 0.0, 0.0, -22.976877212524414, -20.763587951660156, 0.0, 8.120630264282227, -76.30313873291016, 0.0, 1372, 1368, 1403, 1395, 25.062185287475586, 13.553607940673828, 0.0, -1.0150787830352783, 9.53789234161377, 0.0, 0.0, 0.9499942064285278, 0.9499942064285278, -0.0, -0.0, 3.076738119125366, 3.076738119125366)
(-28.62602996826172, 8.895417213439941, 0.0, 0.0, 0.0, 0.0, -121.03794860839844, -9.862824440002441, 0.0, 229.00823974609375, -71.16333770751953, 0.0, 1279, 1271, 1492, 1493, 30.243085861206055, -11.157011032104492, 0.0, -28.62602996826172, 8.895417213439941, 0.0, 0.0, -2.4413883686065674, -2.4413883686065674, -0.0, -0.0, 1.705264925956726, 1.705264925956726)
(-9.94294261932373, 11.403353691101074, 0.0, 0.0, 0.0, 0.0, 96.54984283447266, 6.274580001831055, 0.0, 79.54354095458984, -91.2268295288086, 0.0, 1493, 1490, 1275, 1276, 30.57616424560547, 13.100873947143555, 0.0, -9.94294261932373, 11.403353691101074, -0.0, 0.0, -0.9060709476470947, -0.9060709476470947, -0.0, -0.0, 0.5116413831710815, 0.5116413831710815)
(-5.809957027435303, 14.718851089477539, 0.0, 0.0, 0.0, 0.0, 9.618541717529297, -6.962060928344727, 0.0, 46.47965621948242, -117.75080871582031, 0.0, 1408, 1405, 1361, 1359, 64.83163452148438, -9.260461807250977, 0.0, -5.809957027435303, 14.718851089477539, 0.0, 0.0, -0.28941604495048523, -0.28941604495048523, -0.0, -0.0, 1.167860984802246, 1.167860984802246)
(-23.300172805786133, 12.252325057983398, 0.0, 0.0, 0.0, 0.0, -174.8394775390625, -65.55747985839844, 0.0, 186.40138244628906, -98.01860046386719, 0.0, 1348, 1343, 1434, 1408, -0.9859156608581543, 34.142059326171875, 0.0, -23.300172805786133, 12.252325057983398, 0.0, 0.0, 5.330605983734131, 5.330605983734131, -0.0, -0.0, 7.843657970428467, 7.843657970428467)
(-14.398516654968262, 11.941238403320312, 0.0, 0.0, 0.0, 0.0, 102.4429702758789, 50.976871490478516, 0.0, 115.1881332397461, -95.5299072265625, 0.0, 1367, 1384, 1384, 1398, -29.239547729492188, -12.714558601379395, 0.0, -14.398516654968262, 11.941238403320312, 0.0, 0.0, 0.7887064814567566, 0.7887064814567566, -0.0, -0.0, -7.649952411651611, -7.649952411651611)
(-4.518111705780029, 10.409112930297852, 0.0, 0.0, 0.0, 0.0, -20.198251724243164, 1.9387023448944092, 0.0, 36.144893646240234, -83.27290344238281, 0.0, 1337, 1342, 1433, 1427, -14.344568252563477, -8.013566017150879, 0.0, -4.518111705780029, 10.409112930297852, 0.0, 0.0, 2.6578493118286133, 2.6578493118286133, -0.0, -0.0, 0.18286225199699402, 0.18286225199699402)
(7.271806716918945, 7.383418083190918, 0.0, 0.0, 0.0, 0.0, 178.07655334472656, -50.00022888183594, 0.0, -58.17445373535156, -59.067344665527344, 0.0, 1500, 1471, 1275, 1288, 12.712069511413574, 3.26944637298584, 0.0, 7.271806716918945, 7.383418083190918, -0.0, 0.0, -10.724309921264648, -10.724309921264648, -0.0, -0.0, 4.105825901031494, 4.105825901031494)
(12.813133239746094, 7.040853500366211, 0.0, 0.0, 0.0, 0.0, -165.46542358398438, -6.015496253967285, 0.0, -102.50506591796875, -56.32682800292969, 0.0, 1268, 1277, 1508, 1481, 8.351705551147461, -10.539504051208496, 0.0, 12.813133239746094, 7.040853500366211, 0.0, 0.0, 9.125417709350586, 9.125417709350586, -0.0, -0.0, 4.604229927062988, 4.604229927062988)
(1.8307219743728638, 11.643800735473633, 0.0, 0.0, 0.0, 0.0, 24.16815948486328, -12.839923858642578, 0.0, -14.64577579498291, -93.15040588378906, 0.0, 1376, 1371, 1396, 1394, 6.984999656677246, 46.374107360839844, 0.0, 1.8307219743728638, 11.643800735473633, -0.0, 0.0, -0.9272268414497375, -0.9272268414497375, -0.0, -0.0, 1.9777870178222656, 1.9777870178222656)
(-9.085298538208008, 8.95136833190918, 0.0, 0.0, 0.0, 0.0, -185.12954711914062, -33.1147346496582, 0.0, 72.68238830566406, -71.61094665527344, 0.0, 1318, 1333, 1454, 1429, 44.738243103027344, 40.557350158691406, 0.0, -9.085298538208008, 8.95136833190918, 0.0, 0.0, 9.95901107788086, 9.95901107788086, -0.0, -0.0, 2.804588794708252, 2.804588794708252)
(-0.8959882855415344, 13.880620002746582, 0.0, 0.0, 0.0, 0.0, 11.145259857177734, -15.465877532958984, 0.0, 7.167906284332275, -111.04496002197266, 0.0, 1466, 1458, 1306, 1303, 19.78760528564453, 67.04247283935547, 0.0, -0.8959882855415344, 13.880620002746582, -0.0, 0.0, -1.1868212223052979, -1.1868212223052979, -0.0, -0.0, 2.8401074409484863, 2.8401074409484863)
(-33.084693908691406, 11.374224662780762, 0.0, 0.0, 0.0, 0.0, -134.1829833984375, 9.022671699523926, 0.0, 264.67755126953125, -90.9937973022461, 0.0, 1299, 1304, 1463, 1468, -56.000736236572266, 8.547189712524414, 0.0, -33.084693908691406, 11.374224662780762, 0.0, 0.0, -0.04983293637633324, -0.04983293637633324, -0.0, -0.0, -2.461617946624756, -2.461617946624756)
(-9.245840072631836, 9.484722137451172, 0.0, 0.0, 0.0, 0.0, 111.09945678710938, -49.206336975097656, 0.0, 73.96672058105469, -75.87777709960938, 0.0, 1473, 1457, 1304, 1301, 4.143806457519531, -5.038969039916992, 0.0, -9.245840072631836, 9.484722137451172, -0.0, 0.0, -3.29670786857605, -3.29670786857605, -0.0, -0.0, 4.777063369750977, 4.777063369750977)
(-4.324451923370361, 10.796453475952148, 0.0, 0.0, 0.0, 0.0, 13.267396926879883, -17.465877532958984, 0.0, 34.59561538696289, -86.37162780761719, 0.0, 1386, 1375, 1389, 1388, 11.926249504089355, 14.6624755859375, 0.0, -4.324451923370361, 10.796453475952148, 0.0, 0.0, -2.6391282081604004, -2.6391282081604004, -0.0, -0.0, 2.7021324634552, 2.7021324634552)
(21.8409423828125, 4.057095527648926, 0.0, 0.0, 0.0, 0.0, 89.38953399658203, -9.69488525390625, 0.0, -174.7275390625, -32.456764221191406, 0.0, 1414, 1425, 1347, 1345, -24.14401626586914, -42.08159637451172, 0.0, 21.8409423828125, 4.057095527648926, -0.0, 0.0, 3.3018181324005127, 3.3018181324005127, -0.0, -0.0, -2.2710793018341064, -2.2710793018341064)
(-0.0014052827609702945, 10.217759132385254, 0.0, 0.0, 0.0, 0.0, -45.0684814453125, 24.76313018798828, 0.0, 0.011242262087762356, -81.74207305908203, 0.0, 1294, 1293, 1468, 1478, -0.38452816009521484, 51.045101165771484, 0.0, -0.0014052827609702945, 10.217759132385254, 0.0, 0.0, -2.805216073989868, -2.805216073989868, -0.0, -0.0, -2.0971899032592773, -2.0971899032592773)
(1.1158790588378906, 10.404540061950684, 0.0, 0.0, 0.0, 0.0, -34.915809631347656, -21.328474044799805, 0.0, -8.927032470703125, -83.23632049560547, 0.0, 1356, 1354, 1419, 1409, 10.003334999084473, 11.95962905883789, 0.0, 1.1158790588378906, 10.404540061950684, 0.0, 0.0, 1.906686544418335, 1.906686544418335, -0.0, -0.0, 2.964183807373047, 2.964183807373047)
(-22.821191787719727, 10.056530952453613, 0.0, 0.0, 0.0, 0.0, 112.29029846191406, 6.4577860832214355, 0.0, 182.5695343017578, -80.4522476196289, 0.0, 1411, 1381, 1361, 1381, -25.661516189575195, -31.45463752746582, 0.0, -22.821191787719727, 10.056530952453613, 0.0, 0.0, -12.6163911819458, -12.6163911819458, -0.0, -0.0, 2.8006014823913574, 2.8006014823913574)
(1.6705615520477295, 9.718212127685547, 0.0, 0.0, 0.0, 0.0, -12.015046119689941, 41.816566467285156, 0.0, -13.364492416381836, -77.74569702148438, 0.0, 1398, 1417, 1360, 1359, 0.9873250722885132, 5.320878982543945, 0.0, 1.6705615520477295, 9.718212127685547, -0.0, 0.0, 4.998300552368164, 4.998300552368164, -0.0, -0.0, -4.35440731048584, -4.35440731048584)
(-19.345516204833984, 8.371570587158203, 0.0, 0.0, 0.0, 0.0, -180.79367065429688, -9.572748184204102, 0.0, 154.76412963867188, -66.97256469726562, 0.0, 1269, 1284, 1494, 1483, 5.325993061065674, 18.35470199584961, 0.0, -19.345516204833984, 8.371570587158203, 0.0, 0.0, 6.265683650970459, 6.265683650970459, -0.0, -0.0, -1.171545386314392, -1.171545386314392)
(-10.990957260131836, 9.57612419128418, 0.0, 0.0, 0.0, 0.0, 110.68724060058594, -23.11473274230957, 0.0, 87.92765808105469, -76.60899353027344, 0.0, 1481, 1465, 1293, 1295, -39.76938247680664, 38.89277267456055, 0.0, -10.990957260131836, 9.57612419128418, -0.0, 0.0, -4.350438594818115, -4.350438594818115, -0.0, -0.0, 3.3880674839019775, 3.3880674839019775)
(-1.2511022090911865, 1.2085801362991333, 0.0, 0.0, 0.0, 0.0, 85.57273864746094, -127.42007446289062, 0.0, 10.008817672729492, -9.668641090393066, 0.0, 1419, 1396, 1359, 1359, 17.098745346069336, 43.24610900878906, 0.0, -1.2511022090911865, 1.2085801362991333, -0.0, 0.0, -5.79606294631958, -5.79606294631958, 0.0, -0.0, 5.97750186920166, 5.97750186920166)
(2.9934260845184326, 0.8036006689071655, 0.0, 0.0, 0.0, 0.0, -45.83184051513672, 110.83946228027344, 0.0, -23.94740867614746, -6.428805351257324, 0.0, 1347, 1366, 1406, 1416, -10.893624305725098, 71.06217193603516, 0.0, 2.9934260845184326, 0.8036006689071655, 0.0, 0.0, 2.24082088470459, 2.24082088470459, -0.0, -0.0, -7.274247169494629, -7.274247169494629)
(1.968045949935913, 5.952242374420166, 0.0, 0.0, 0.0, 0.0, 6.656710147857666, -72.99259185791016, 0.0, -15.744367599487305, -47.61793899536133, 0.0, 1382, 1372, 1397, 1383, 34.535152435302734, -25.37421417236328, 0.0, 1.968045949935913, 5.952242374420166, -0.0, 0.0, 0.591036856174469, 0.591036856174469, 0.0, -0.0, 5.963258266448975, 5.963258266448975)
(-1.1439136266708374, -5.000617504119873, 0.0, 0.0, 0.0, 0.0, -9.587564468383789, 22.259313583374023, 0.0, 9.1513090133667, 40.004940032958984, 0.0, 1362, 1371, 1397, 1400, -51.765480041503906, -12.165512084960938, 0.0, -1.1439136266708374, -5.000617504119873, 0.0, 0.0, 1.4661928415298462, 1.4661928415298462, 0.0, -0.0, -2.703023910522461, -2.703023910522461)
(1.6691116094589233, 9.249157905578613, 0.0, 0.0, 0.0, 0.0, -19.037946701049805, 109.3432846069336, 0.0, -13.352892875671387, -73.9932632446289, 0.0, 1318, 1335, 1439, 1446, -30.60687255859375, -48.83599090576172, 0.0, 1.6691116094589233, 9.249157905578613, 0.0, 0.0, 2.617400884628296, 2.617400884628296, -0.0, -0.0, -5.863938331604004, -5.863938331604004)
(-2.1846771240234375, 15.230484008789062, 0.0, 0.0, 0.0, 0.0, -21.86237335205078, -49.6032829284668, 0.0, 17.4774169921875, -121.8438720703125, 0.0, 1377, 1378, 1388, 1390, 11.235581398010254, 8.09853744506836, 0.0, -2.1846771240234375, 15.230484008789062, 0.0, 0.0, -0.15666893124580383, -0.15666893124580383, -0.0, -0.0, -0.6195893883705139, -0.6195893883705139)
(-2.024850845336914, 11.41187858581543, 0.0, 0.0, 0.0, 0.0, -2.2593204975128174, 48.793663024902344, 0.0, 16.198806762695312, -91.29502868652344, 0.0, 1395, 1395, 1372, 1373, 18.04123878479004, 61.372108459472656, 0.0, -2.024850845336914, 11.41187858581543, 0.0, 0.0, -0.22933028638362885, -0.22933028638362885, -0.0, -0.0, -0.2606349587440491, -0.2606349587440491)
(-2.7433745861053467, 16.720657348632812, 0.0, 0.0, 0.0, 0.0, 11.160526275634766, -85.32847595214844, 0.0, 21.946996688842773, -133.7652587890625, 0.0, 1471, 1453, 1315, 1299, -23.00921058654785, -23.454668045043945, 0.0, -2.7433745861053467, 16.720657348632812, 0.0, 0.0, -0.45825883746147156, -0.45825883746147156, -0.0, -0.0, 8.287649154663086, 8.287649154663086)
(0.6924131512641907, 6.462765216827393, 0.0, 0.0, -1.0, 0.0, 34.702510833740234, 4.4577860832214355, 0.0, -5.539305210113525, -59.70212173461914, 0.0, 1426, 1421, 1342, 1345, 47.258113861083984, 22.498626708984375, 0.0, 0.6924131512641907, 6.462765216827393, -0.0, 0.0, -2.289278984069824, -2.289278984069824, -0.0, -0.0, 0.43428364396095276, 0.43428364396095276)
(-3.20571231842041, 7.162574768066406, 0.0, 0.0, 0.0, 0.0, -109.86237335205078, -14.24450397491455, 0.0, 25.64569854736328, -57.30059814453125, 0.0, 1312, 1319, 1461, 1442, -42.926265716552734, 11.380712509155273, 0.0, -3.20571231842041, 7.162574768066406, 0.0, 0.0, 6.417929649353027, 6.417929649353027, -0.0, -0.0, 2.892773389816284, 2.892773389816284)
(-28.639719009399414, 8.558259010314941, 0.0, 0.0, 0.0, 0.0, 88.9773178100586, 45.38908386230469, 0.0, 229.1177520751953, -68.46607208251953, 0.0, 1356, 1351, 1405, 1427, -74.69731903076172, 8.345661163330078, 0.0, -28.639719009399414, 8.558259010314941, 0.0, 0.0, -6.707024097442627, -6.707024097442627, -0.0, -0.0, -4.035518169403076, -4.035518169403076)
(-5.644230365753174, 9.187080383300781, 0.0, 0.0, 0.0, 0.0, -22.335657119750977, 37.38908386230469, 0.0, 45.15384292602539, -73.49664306640625, 0.0, 1412, 1427, 1348, 1347, -12.12633228302002, -11.206501960754395, 0.0, -5.644230365753174, 9.187080383300781, 0.0, 0.0, 4.179527282714844, 4.179527282714844, -0.0, -0.0, -3.3212196826934814, -3.3212196826934814)
(10.259960174560547, 8.137975692749023, 0.0, 0.0, 0.0, 0.0, 220.8399200439453, -77.3132095336914, 0.0, -82.07968139648438, -65.10380554199219, 0.0, 1439, 1402, 1344, 1348, -35.370826721191406, -1.1550545692443848, 0.0, 10.259960174560547, 8.137975692749023, -0.0, 0.0, -10.214460372924805, -10.214460372924805, 0.0, -0.0, 8.036696434020996, 8.036696434020996)
(16.05413246154785, 7.316438674926758, 0.0, 0.0, -1.0, 0.0, -217.11428833007812, 30.747861862182617, 0.0, -128.4330596923828, -66.53150939941406, 0.0, 1243, 1269, 1527, 1499, -42.07197570800781, -19.2718505859375, 0.0, 16.05413246154785, 7.316438674926758, 0.0, 0.0, 13.500410079956055, 13.500410079956055, -0.0, -0.0, 0.15699617564678192, 0.15699617564678192)
(0.35477006435394287, 11.151784896850586, 0.0, 0.0, 0.0, 0.0, 19.69487762451172, 20.50358772277832, 0.0, -2.838160514831543, -89.21427917480469, 0.0, 1389, 1390, 1374, 1381, 28.042741775512695, -5.916147232055664, 0.0, 0.35477006435394287, 11.151784896850586, -0.0, 0.0, -1.7652549743652344, -1.7652549743652344, -0.0, -0.0, -2.032433271408081, -2.032433271408081)
(-21.642005920410156, 9.75638484954834, 0.0, 0.0, 0.0, 0.0, -170.7631378173828, 11.190610885620117, 0.0, 173.13604736328125, -78.05107879638672, 0.0, 1365, 1378, 1399, 1393, 22.3365478515625, -5.059752941131592, 0.0, -21.642005920410156, 9.75638484954834, 0.0, 0.0, 4.7217864990234375, 4.7217864990234375, -0.0, -0.0, -1.8848462104797363, -1.8848462104797363)
(-7.575631618499756, 9.518365859985352, 0.0, 0.0, 0.0, 0.0, 125.84754943847656, -24.2597713470459, 0.0, 60.60505294799805, -76.14692687988281, 0.0, 1453, 1444, 1319, 1322, 16.2061710357666, -31.10811424255371, 0.0, -7.575631618499756, 9.518365859985352, -0.0, 0.0, -3.1892833709716797, -3.1892833709716797, -0.0, -0.0, 1.5589255094528198, 1.5589255094528198)
(1.7096787691116333, 10.218082427978516, 0.0, 0.0, 0.0, 0.0, -9.587564468383789, -2.122366428375244, 0.0, -13.677430152893066, -81.74465942382812, 0.0, 1394, 1396, 1375, 1369, 7.194122314453125, -6.926235198974609, 0.0, 1.7096787691116333, 10.218082427978516, -0.0, 0.0, 1.892657995223999, 1.892657995223999, -0.0, -0.0, 0.9079926013946533, 0.9079926013946533)
(1.0987250804901123, 8.990399360656738, 0.0, 0.0, -1.0, 0.0, 16.7177791595459, -9.526947021484375, 0.0, -8.789800643920898, -79.9231948852539, 0.0, 1100, 1100, 1100, 1100, -0.2913944721221924, 10.806425094604492, 0.0, 1.0987250804901123, 8.990399360656738, -0.0, 0.0, -1.7348568439483643, -1.7348568439483643, -0.0, -0.0, 0.4120502769947052, 0.4120502769947052)
(2.9144933223724365, 7.7238874435424805, 0.0, 0.0, 0.0, 0.0, -2.671534299850464, -0.9315267205238342, 0.0, -23.315946578979492, -61.791099548339844, 0.0, 1000, 1000, 1000, 1000, 9.811796188354492, -8.866914749145508, 0.0, 2.9144933223724365, 7.7238874435424805, -0.0, 0.0, 0.5147473216056824, 0.5147473216056824, -0.0, -0.0, 0.3027228116989136, 0.3027228116989136)
(2.661794900894165, 3.457418918609619, 0.0, 0.0, 0.0, 0.0, 1.633809208869934, -23.05366325378418, 0.0, -21.29435920715332, -27.659351348876953, 0.0, 1000, 1000, 1000, 1000, 2.7919886112213135, -2.1829962730407715, 0.0, 2.661794900894165, 3.457418918609619, -0.0, 0.0, 0.6181704998016357, 0.6181704998016357, -0.0, -0.0, 0.9771915674209595, 0.9771915674209595)
(0.6255154609680176, -1.4977201223373413, 0.0, 0.0, 0.0, 0.0, -20.61046600341797, -10.3666410446167, 0.0, -5.004123687744141, 11.98176097869873, 0.0, 1000, 1000, 1000, 1000, -0.2844851016998291, -16.649864196777344, 0.0, 0.6255154609680176, -1.4977201223373413, 0.0, 0.0, 0.9785904288291931, 0.9785904288291931, 0.0, -0.0, 0.0999363362789154, 0.0999363362789154)
(-2.610377550125122, -1.4287134408950806, 0.0, 0.0, 0.0, 0.0, 2.473503828048706, 0.4272519052028656, 0.0, 20.883020401000977, 11.429707527160645, 0.0, 1000, 1000, 1000, 1000, -6.434750556945801, -8.27779769897461, 0.0, -2.610377550125122, -1.4287134408950806, 0.0, 0.0, -0.7411659359931946, -0.7411659359931946, 0.0, -0.0, 0.15583273768424988, 0.15583273768424988)
(-1.120363712310791, -2.3219006061553955, 0.0, -1.0, 0.0, 0.0, 1.2215954065322876, -0.1834351122379303, 0.0, 0.9629096984863281, 18.575204849243164, 0.0, 1000, 1000, 1000, 1000, -2.6568002700805664, -7.420217514038086, 0.0, -1.120363712310791, -2.3219006061553955, -0.0, 0.0, -0.6399284601211548, -0.6399284601211548, 0.0, -0.0, -0.11503982543945312, -0.11503982543945312)
(-2.2183589935302734, -4.37430477142334, 0.0, 0.0, 0.0, 0.0, 1.3437328338623047, -3.4353435039520264, 0.0, 17.746871948242188, 34.99443817138672, 0.0, 1000, 1000, 1000, 1000, -5.42227029800415, -16.3267879486084, 0.0, -2.2183589935302734, -4.37430477142334, 0.0, 0.0, -0.4348231256008148, -0.4348231256008148, 0.0, -0.0, -0.41201287508010864, -0.41201287508010864)
(-2.134981155395508, -7.5282464027404785, 0.0, -1.0, 0.0, 0.0, 8.855183601379395, -14.458244323730469, 0.0, 9.079849243164062, 60.22597122192383, 0.0, 1000, 1000, 1000, 1000, 0.7027645111083984, -15.417394638061523, 0.0, -2.134981155395508, -7.5282464027404785, 0.0, 0.0, -1.1673716306686401, -1.1673716306686401, 0.0, -0.0, 0.30601391196250916, 0.30601391196250916)
(-3.8612239360809326, -10.552285194396973, 0.0, 0.0, 0.0, 0.0, -57.679168701171875, 18.96160316467285, 0.0, 30.88979148864746, 84.41828155517578, 0.0, 1000, 1000, 1000, 1000, -7.691269874572754, -12.530977249145508, 0.0, -3.8612239360809326, -10.552285194396973, 0.0, 0.0, 3.2251503467559814, 3.2251503467559814, 0.0, -0.0, -1.4477040767669678, -1.4477040767669678)
(-7.722230911254883, -8.54060173034668, 0.0, 0.0, 0.0, 0.0, 0.39716795086860657, 5.816565036773682, 0.0, 61.77784729003906, 68.32481384277344, 0.0, 1000, 1000, 1000, 1000, -10.707736015319824, -13.328079223632812, 0.0, -7.722230911254883, -8.54060173034668, 0.0, 0.0, -0.2303081899881363, -0.2303081899881363, 0.0, -0.0, 0.3452720642089844, 0.3452720642089844)
(-4.763700008392334, -10.562202453613281, 0.0, -1.0, 0.0, 0.0, 6.504038333892822, -25.29793930053711, 0.0, 30.109600067138672, 84.49761962890625, 0.0, 1000, 1000, 1000, 1000, -7.090332984924316, -4.167402744293213, 0.0, -4.763700008392334, -10.562202453613281, 0.0, 0.0, 0.034728728234767914, 0.034728728234767914, 0.0, -0.0, 2.1330151557922363, 2.1330151557922363)
(0.8712248802185059, -12.86086654663086, 0.0, 0.0, 0.0, 0.0, 43.099456787109375, 23.92343521118164, 0.0, -6.969799041748047, 102.88693237304688, 0.0, 1000, 1000, 1000, 1000, -3.3895998001098633, -28.947525024414062, 0.0, 0.8712248802185059, -12.86086654663086, -0.0, 0.0, -2.188640832901001, -2.188640832901001, 0.0, -0.0, -1.5291229486465454, -1.5291229486465454)
(6.942873001098633, -7.889072895050049, 0.0, 0.0, 0.0, 0.0, -40.54939651489258, 4.869999885559082, 0.0, -55.54298400878906, 63.11258316040039, 0.0, 1000, 1000, 1000, 1000, 11.521718978881836, -9.194173812866211, 0.0, 6.942873001098633, -7.889072895050049, -0.0, 0.0, 3.2868802547454834, 3.2868802547454834, 0.0, -0.0, 0.419562965631485, 0.419562965631485)
(-2.50909423828125, -7.417803764343262, 0.0, 0.0, 0.0, 0.0, -29.816572189331055, 17.20587730407715, 0.0, 20.07275390625, 59.342430114746094, 0.0, 1000, 1000, 1000, 1000, -7.8049421310424805, -6.375945091247559, 0.0, -2.50909423828125, -7.417803764343262, 0.0, 0.0, 1.10316801071167, 1.10316801071167, 0.0, -0.0, -1.1667028665542603, -1.1667028665542603)
(-5.996552467346191, -6.161828517913818, 0.0, 0.0, 0.0, 0.0, -3.908175468444824, 2.045572519302368, 0.0, 47.97241973876953, 49.29462814331055, 0.0, 1000, 1000, 1000, 1000, -8.132288932800293, -14.400801658630371, 0.0, -5.996552467346191, -6.161828517913818, 0.0, 0.0, -0.26645347476005554, -0.26645347476005554, 0.0, -0.0, 0.21083363890647888, 0.21083363890647888)
(-7.387340068817139, -6.8565239906311035, 0.0, 0.0, 0.0, 0.0, 8.855183601379395, 5.343282222747803, 0.0, 59.09872055053711, 54.85219192504883, 0.0, 1000, 1000, 1000, 1000, -9.741592407226562, -9.419872283935547, 0.0, -7.387340068817139, -6.8565239906311035, 0.0, 0.0, -1.3830019235610962, -1.3830019235610962, 0.0, -0.0, -0.743741512298584, -0.743741512298584)
(-8.101896286010742, -7.22048282623291, 0.0, 0.0, 0.0, 0.0, -6.99214506149292, -8.962060928344727, 0.0, 64.81517028808594, 57.76386260986328, 0.0, 1000, 1000, 1000, 1000, -13.610856056213379, -12.915327072143555, 0.0, -8.101896286010742, -7.22048282623291, 0.0, 0.0, 0.142112597823143, 0.142112597823143, 0.0, -0.0, -0.02262432873249054, -0.02262432873249054)
(-8.70481014251709, -4.419300079345703, 0.0, 0.0, 0.0, 0.0, -5.26695442199707, 2.2898473739624023, 0.0, 69.63848114013672, 35.354400634765625, 0.0, 1000, 1000, 1000, 1000, -8.692282676696777, 0.8953256607055664, 0.0, -8.70481014251709, -4.419300079345703, 0.0, 0.0, 0.13907302916049957, 0.13907302916049957, 0.0, -0.0, 0.9240407347679138, 0.9240407347679138)
(-8.8801851272583, -5.049285888671875, 0.0, 0.0, 0.0, 0.0, 1.5727404356002808, -0.6414504051208496, 0.0, 71.0414810180664, 40.394287109375, 0.0, 1000, 1000, 1000, 1000, -8.758309364318848, -9.910547256469727, 0.0, -8.8801851272583, -5.049285888671875, 0.0, 0.0, -0.3194275498390198, -0.3194275498390198, 0.0, -0.0, -0.01770993508398533, -0.01770993508398533)
(-9.088400840759277, -5.030818939208984, 0.0, 0.0, 0.0, 0.0, 8.717778205871582, 23.5264892578125, 0.0, 72.70720672607422, 40.246551513671875, 0.0, 1000, 1000, 1000, 1000, -13.33485221862793, -13.220020294189453, 0.0, -9.088400840759277, -5.030818939208984, 0.0, 0.0, -0.8146957159042358, -0.8146957159042358, 0.0, -0.0, -1.5200051069259644, -1.5200051069259644)
(-8.829483985900879, -3.199507236480713, 0.0, 0.0, 0.0, 0.0, -0.793671727180481, 10.808931350708008, 0.0, 70.63587188720703, 25.596057891845703, 0.0, 1000, 1000, 1000, 1000, -9.287362098693848, -3.57828950881958, 0.0, -8.829483985900879, -3.199507236480713, 0.0, 0.0, 0.046181995421648026, 0.046181995421648026, 0.0, -0.0, -0.4719338119029999, -0.4719338119029999)
(-8.233223915100098, -1.3979846239089966, 0.0, 0.0, 0.0, 0.0, 1.7101449966430664, 3.0074045658111572, 0.0, 65.86579132080078, 11.183876991271973, 0.0, 1000, 1000, 1000, 1000, -6.5515642166137695, -0.7050609588623047, 0.0, -8.233223915100098, -1.3979846239089966, 0.0, 0.0, 0.2987930178642273, 0.2987930178642273, 0.0, -0.0, 0.5704114437103271, 0.5704114437103271)
(-8.577935218811035, -1.6293339729309082, 0.0, 0.0, 0.0, 0.0, -0.4577938914299011, 1.2974809408187866, 0.0, 68.62348175048828, 13.034671783447266, 0.0, 1000, 1000, 1000, 1000, -8.204184532165527, -4.911221027374268, 0.0, -8.577935218811035, -1.6293339729309082, 0.0, 0.0, 0.05921901389956474, 0.05921901389956474, 0.0, -0.0, 0.045105401426553726, 0.045105401426553726)
(-8.669330596923828, -1.6591883897781372, 0.0, 0.0, 0.0, 0.0, -0.1677175611257553, 1.6333588361740112, 0.0, 69.35464477539062, 13.273507118225098, 0.0, 1000, 1000, 1000, 1000, -8.204927444458008, -4.543423652648926, 0.0, -8.669330596923828, -1.6591883897781372, 0.0, 0.0, -0.01126712653785944, -0.01126712653785944, 0.0, -0.0, -0.029395217075943947, -0.029395217075943947)
(-8.751980781555176, -1.6842210292816162, 0.0, 0.0, 0.0, 0.0, -0.4883282482624054, 1.2211450338363647, 0.0, 70.0158462524414, 13.47376823425293, 0.0, 1000, 1000, 1000, 1000, -8.625041007995605, -4.984886646270752, 0.0, -8.751980781555176, -1.6842210292816162, 0.0, 0.0, 0.027876507490873337, 0.027876507490873337, 0.0, -0.0, 0.00769404461607337, 0.00769404461607337)
(-8.82142448425293, -1.7001829147338867, 0.0, 0.0, 0.0, 0.0, -0.42725953459739685, 1.1448091268539429, 0.0, 70.57139587402344, 13.601463317871094, 0.0, 1000, 1000, 1000, 1000, -8.546601295471191, -4.908806800842285, 0.0, -8.82142448425293, -1.7001829147338867, 0.0, 0.0, 0.008281214162707329, 0.008281214162707329, 0.0, -0.0, 0.01890355721116066, 0.01890355721116066)
(-8.87889289855957, -1.7175936698913574, 0.0, 0.0, 0.0, 0.0, -0.5493969321250916, 1.2058779001235962, 0.0, 71.03114318847656, 13.74074935913086, 0.0, 1000, 1000, 1000, 1000, -8.715239524841309, -5.198977947235107, 0.0, -8.87889289855957, -1.7175936698913574, 0.0, 0.0, 0.026559870690107346, 0.026559870690107346, 0.0, -0.0, 0.0068049062974750996, 0.0068049062974750996)
(-8.93486499786377, -1.7365336418151855, 0.0, 0.0, 0.0, 0.0, -0.25932061672210693, 1.26694655418396, 0.0, 71.47891998291016, 13.892269134521484, 0.0, 1000, 1000, 1000, 1000, -8.635231971740723, -5.045253753662109, 0.0, -8.93486499786377, -1.7365336418151855, 0.0, 0.0, -0.014057556167244911, -0.014057556167244911, 0.0, -0.0, 0.001948485616594553, 0.001948485616594553)
(-8.988306045532227, -1.7535731792449951, 0.0, 0.0, 0.0, 0.0, -0.4425267279148102, 1.3127480745315552, 0.0, 71.90644836425781, 14.028585433959961, 0.0, 1000, 1000, 1000, 1000, -8.521240234375, -5.376343250274658, 0.0, -8.988306045532227, -1.7535731792449951, 0.0, 0.0, 0.01119142398238182, 0.01119142398238182, 0.0, -0.0, 0.00025501480558887124, 0.00025501480558887124)
(-9.03939151763916, -1.7613484859466553, 0.0, 0.0, 0.0, 0.0, -0.35092365741729736, 1.3280152082443237, 0.0, 72.31513214111328, 14.090787887573242, 0.0, 1000, 1000, 1000, 1000, -8.121648788452148, -5.333116054534912, 0.0, -9.03939151763916, -1.7613484859466553, 0.0, 0.0, 0.0010023314971476793, 0.0010023314971476793, 0.0, -0.0, -0.0046699210070073605, -0.0046699210070073605)
(-9.083747863769531, -1.770936369895935, 0.0, 0.0, 0.0, 0.0, -0.4119923710823059, 1.2058779001235962, 0.0, 72.66998291015625, 14.16749095916748, 0.0, 1000, 1000, 1000, 1000, -8.780518531799316, -4.86357307434082, 0.0, -9.083747863769531, -1.770936369895935, 0.0, 0.0, 0.008522693067789078, 0.008522693067789078, 0.0, -0.0, 0.012628203257918358, 0.012628203257918358)
(-9.110913276672363, -1.7819828987121582, 0.0, 0.0, 0.0, 0.0, -0.35092365741729736, 1.2058779001235962, 0.0, 72.8873062133789, 14.255863189697266, 0.0, 1000, 1000, 1000, 1000, -8.327606201171875, -4.939666271209717, 0.0, -9.110913276672363, -1.7819828987121582, 0.0, 0.0, -0.0010186218423768878, -0.0010186218423768878, 0.0, -0.0, 0.007402136921882629, 0.007402136921882629)
(-9.148489952087402, -1.7933710813522339, 0.0, 0.0, 0.0, 0.0, -0.534129798412323, 1.2058779001235962, 0.0, 73.18791961669922, 14.346968650817871, 0.0, 1000, 1000, 1000, 1000, -8.5021333694458, -5.399312973022461, 0.0, -9.148489952087402, -1.7933710813522339, 0.0, 0.0, 0.019326025620102882, 0.019326025620102882, 0.0, -0.0, 0.009742068126797676, 0.009742068126797676)
(-9.178983688354492, -1.796141505241394, 0.0, 0.0, 0.0, 0.0, -0.38145801424980164, 1.2822136878967285, 0.0, 73.43186950683594, 14.369132041931152, 0.0, 1000, 1000, 1000, 1000, -8.014809608459473, -5.030285358428955, 0.0, -9.178983688354492, -1.796141505241394, 0.0, 0.0, -0.0036087767221033573, -0.0036087767221033573, 0.0, -0.0, -0.004232718609273434, -0.004232718609273434)