
(-7.976245403289795, -8.152297973632812, 0.0, -1.0, -1.0, 0.0, -0.5035648941993713, 1.1449542045593262, 0.0, 27.90498161315918, 28.60919189453125, 0.0, 1000, 1000, 1000, 1000, -7.230312347412109, -10.173807144165039, 0.0, -7.976245403289795, -8.152297973632812, 7.102136611938477, 0.0, -0.0, 7.102136611938477, 6.866059303283691, 0.0, -0.0, 6.866059303283691)
(-8.011446952819824, -8.039976119995117, 0.0, -1.0, -1.0, 0.0, -0.3203587830066681, 1.3892290592193604, 0.0, 28.045787811279297, 28.15990447998047, 0.0, 1000, 1000, 1000, 1000, -7.175271987915039, -9.98965072631836, 0.0, -8.011446952819824, -8.039976119995117, 7.091536521911621, 0.0, -0.0, 7.091536521911621, 6.692668914794922, 0.0, -0.0, 6.692668914794922)
(-8.047255516052246, -7.941784858703613, 0.0, -1.0, -1.0, 0.0, -0.5951679348945618, 1.2823587656021118, 0.0, 28.189022064208984, 27.767139434814453, 0.0, 1000, 1000, 1000, 1000, -7.1995439529418945, -9.905576705932617, 0.0, -8.047255516052246, -7.941784858703613, 7.196047306060791, 0.0, -0.0, 7.196047306060791, 6.621195316314697, 0.0, -0.0, 6.621195316314697)
(-8.07778549194336, -7.845359802246094, 0.0, -1.0, -1.0, 0.0, -0.5035648941993713, 1.4197633266448975, 0.0, 28.311141967773438, 27.381439208984375, 0.0, 1000, 1000, 1000, 1000, -8.595223426818848, -10.025321006774902, 0.0, -8.07778549194336, -7.845359802246094, 7.203676700592041, 0.0, 0.0, 7.203676700592041, 6.490418910980225, 0.0, -0.0, 6.490418910980225)
(-8.10522174835205, -7.777799129486084, 0.0, -1.0, 0.0, 0.0, -0.30509158968925476, 1.3586946725845337, 0.0, 28.420886993408203, 31.111196517944336, 0.0, 1000, 1000, 1000, 1000, -7.54874324798584, -9.995115280151367, 0.0, -8.10522174835205, -7.777799129486084, 7.18149471282959, 0.0, -0.0, 7.18149471282959, 7.4381256103515625, 0.0, 0.0, 7.4381256103515625)
(-8.128789901733398, -7.7231292724609375, 0.0, -1.0, -1.0, 0.0, -0.6257022619247437, 0.16785496473312378, 0.0, 28.515159606933594, 26.89251708984375, 0.0, 1000, 1000, 1000, 1000, -9.050235748291016, -9.488873481750488, 0.0, -8.128789901733398, -7.7231292724609375, 7.285215377807617, 0.0, 0.0, 7.285215377807617, 6.68116569519043, 0.0, 0.0, 6.68116569519043)
(-8.170058250427246, -7.598838806152344, 0.0, -1.0, -1.0, 0.0, -1.022648811340332, 0.5800687074661255, 0.0, 28.680233001708984, 26.395355224609375, 0.0, 1000, 1000, 1000, 1000, -6.508094787597656, -9.96755599975586, 0.0, -8.170058250427246, -7.598838806152344, 7.42572021484375, 0.0, -0.0, 7.42572021484375, 6.453821659088135, 0.0, 0.0, 6.453821659088135)
(-8.203319549560547, -7.5511393547058105, 0.0, -1.0, -1.0, 0.0, -0.3661603033542633, 1.3892290592193604, 0.0, 28.813278198242188, 26.204557418823242, 0.0, 1000, 1000, 1000, 1000, -7.576470375061035, -11.367746353149414, 0.0, -8.203319549560547, -7.5511393547058105, 7.294859409332275, 0.0, -0.0, 7.294859409332275, 6.203832149505615, 0.0, -0.0, 6.203832149505615)
(-8.208503723144531, -7.493642807006836, 0.0, -1.0, -1.0, 0.0, -0.4424961805343628, 0.8090763092041016, 0.0, 28.834014892578125, 25.974571228027344, 0.0, 1000, 1000, 1000, 1000, -7.596125602722168, -10.347976684570312, 0.0, -8.208503723144531, -7.493642807006836, 7.319127559661865, 0.0, -0.0, 7.319127559661865, 6.2913737297058105, 0.0, 0.0, 6.2913737297058105)
(-8.332993507385254, -7.550602912902832, 0.0, -1.0, -1.0, 0.0, -0.7783740162849426, 1.1907557249069214, 0.0, 29.331974029541016, 26.202411651611328, 0.0, 1000, 1000, 1000, 1000, -9.754279136657715, -12.377788543701172, 0.0, -8.332993507385254, -7.550602912902832, 7.527586936950684, 0.0, -0.0, 7.527586936950684, 6.252913951873779, 0.0, -0.0, 6.252913951873779)
(-8.407256126403809, -7.688405513763428, 0.0, -1.0, -1.0, 0.0, 0.5498702526092529, -0.8855801820755005, 0.0, 29.629024505615234, 26.75362205505371, 0.0, 1000, 1000, 1000, 1000, -7.878499984741211, -9.643128395080566, 0.0, -8.407256126403809, -7.688405513763428, 7.26978874206543, 0.0, -0.0, 7.26978874206543, 6.9098005294799805, 0.0, -0.0, 6.9098005294799805)
(-9.049510955810547, -12.279765129089355, 0.0, 0.0, -1.0, 0.0, 3.1758244037628174, -7.954282283782959, 0.0, 36.19804382324219, 49.11906051635742, 0.0, 1000, 1000, 1000, 1000, -11.123368263244629, -19.53716278076172, 0.0, -9.049510955810547, -12.279765129089355, 8.255555152893066, 0.0, 0.0, 8.255555152893066, 14.268335342407227, 0.0, -0.0, 14.268335342407227)
(-6.6963911056518555, -11.244410514831543, 0.0, -1.0, -1.0, 0.0, 14.198724746704102, -1.1298549175262451, 0.0, 22.785564422607422, 40.97764205932617, 0.0, 1000, 1000, 1000, 1000, -11.105859756469727, -11.584447860717773, 0.0, -6.6963911056518555, -11.244410514831543, 2.14670991897583, 0.0, -0.0, 2.14670991897583, 10.526874542236328, 0.0, 0.0, 10.526874542236328)
(-1.045892596244812, -14.091754913330078, 0.0, -1.0, -1.0, 0.0, 30.839946746826172, -6.99245023727417, 0.0, 0.18357038497924805, 52.36701965332031, 0.0, 1000, 1000, 1000, 1000, -4.899994850158691, -12.082929611206055, 0.0, -1.045892596244812, -14.091754913330078, -7.664093971252441, 0.0, -0.0, -7.664093971252441, 14.83986759185791, 0.0, -0.0, 14.83986759185791)
(1.630781888961792, -12.387370109558105, 0.0, -1.0, -1.0, 0.0, -4.09135103225708, 25.328161239624023, 0.0, -10.523127555847168, 45.54948043823242, 0.0, 1000, 1000, 1000, 1000, -0.13286900520324707, -7.211902618408203, 0.0, 1.630781888961792, -12.387370109558105, -1.607944130897522, 0.0, 0.0, -1.607944130897522, 5.0553297996521, 0.0, -0.0, 5.0553297996521)
(0.41732215881347656, -6.534136772155762, 0.0, -1.0, -1.0, 0.0, 6.152923583984375, 1.0533511638641357, 0.0, -5.669288635253906, 22.136547088623047, 0.0, 1000, 1000, 1000, 1000, 3.3039510250091553, -12.730544090270996, 0.0, 0.41732215881347656, -6.534136772155762, -2.9555530548095703, 0.0, -0.0, -2.9555530548095703, 5.270799160003662, 0.0, 0.0, 5.270799160003662)
(3.3667993545532227, -8.947735786437988, 0.0, -1.0, -1.0, 0.0, 0.2597939074039459, 5.908312797546387, 0.0, -17.46719741821289, 31.790943145751953, 0.0, 1000, 1000, 1000, 1000, 12.011571884155273, -10.836795806884766, 0.0, 3.3667993545532227, -8.947735786437988, -4.431747913360596, 0.0, 0.0, -4.431747913360596, 6.4706573486328125, 0.0, -0.0, 6.4706573486328125)
(3.212355613708496, -7.612717151641846, 0.0, -1.0, -1.0, 0.0, -1.648603081703186, 5.969381809234619, 0.0, -16.849422454833984, 26.450868606567383, 0.0, 1000, 1000, 1000, 1000, 13.860797882080078, -2.825604200363159, 0.0, 3.212355613708496, -7.612717151641846, -3.8002047538757324, 0.0, -0.0, -3.8002047538757324, 5.1203718185424805, 0.0, -0.0, 5.1203718185424805)
(2.4618566036224365, -4.103726863861084, 0.0, 0.0, -1.0, 0.0, -6.396694660186768, 17.328161239624023, 0.0, -9.847426414489746, 12.414907455444336, 0.0, 1000, 1000, 1000, 1000, 17.193058013916016, -9.28843879699707, 0.0, 2.4618566036224365, -4.103726863861084, -0.8626829385757446, 0.0, 0.0, -0.8626829385757446, -1.2283134460449219, 0.0, -0.0, -1.2283134460449219)
(3.5507466793060303, -3.601412773132324, 0.0, -1.0, -1.0, 0.0, 4.122389316558838, 16.625869750976562, 0.0, -18.202987670898438, 10.405651092529297, 0.0, 1000, 1000, 1000, 1000, 7.119390487670898, -13.827077865600586, 0.0, 3.5507466793060303, -3.601412773132324, -5.581344127655029, 0.0, 0.0, -5.581344127655029, -1.5550546646118164, 0.0, -0.0, -1.5550546646118164)
(2.2425804138183594, -4.1922430992126465, 0.0, -1.0, 0.0, 0.0, -6.625702381134033, -2.0000839233398438, 0.0, -12.970321655273438, 16.768972396850586, 0.0, 1000, 1000, 1000, 1000, 4.978485107421875, -9.610239028930664, 0.0, 2.2425804138183594, -4.1922430992126465, -1.586154818534851, 0.0, -0.0, -1.586154818534851, 4.692264080047607, 0.0, -0.0, 4.692264080047607)
(2.0444462299346924, -6.091320514678955, 0.0, -1.0, -1.0, 0.0, 4.381931304931641, -7.587870121002197, 0.0, -12.17778491973877, 20.36528205871582, 0.0, 1000, 1000, 1000, 1000, 9.694759368896484, -14.971242904663086, 0.0, 2.0444462299346924, -6.091320514678955, -4.139928817749023, 0.0, -0.0, -4.139928817749023, 6.988287925720215, 0.0, -0.0, 6.988287925720215)
(5.06693696975708, -7.772288799285889, 0.0, -1.0, -1.0, 0.0, 6.000251770019531, -0.9466488361358643, 0.0, -24.26774787902832, 27.089155197143555, 0.0, 1000, 1000, 1000, 1000, 10.725951194763184, -3.174973726272583, 0.0, 5.06693696975708, -7.772288799285889, -7.566999912261963, 0.0, 0.0, -7.566999912261963, 7.008951187133789, 0.0, -0.0, 7.008951187133789)
(4.781711101531982, -3.5686957836151123, 0.0, -1.0, -1.0, 0.0, -5.419595241546631, 11.404496192932129, 0.0, -23.12684440612793, 10.27478313446045, 0.0, 1000, 1000, 1000, 1000, 2.4013776779174805, -5.725082874298096, 0.0, 4.781711101531982, -3.5686957836151123, -4.426812171936035, 0.0, 0.0, -4.426812171936035, -0.2824282646179199, 0.0, 0.0, -0.2824282646179199)
(8.776039123535156, -3.755730390548706, 0.0, -1.0, -1.0, 0.0, 39.60330581665039, 8.915946960449219, 0.0, -39.104156494140625, 11.022921562194824, 0.0, 1000, 1000, 1000, 1000, -6.137899398803711, -12.538429260253906, 0.0, 8.776039123535156, -3.755730390548706, -19.676864624023438, 0.0, -0.0, -19.676864624023438, 0.5267436504364014, 0.0, -0.0, 0.5267436504364014)
(9.650552749633789, -1.120436191558838, 0.0, -1.0, -1.0, 0.0, -9.190587997436523, 10.82434368133545, 0.0, -42.602210998535156, 0.48174476623535156, 0.0, 1000, 1000, 1000, 1000, 6.146413326263428, -7.8764328956604, 0.0, 9.650552749633789, -1.120436191558838, -8.3529052734375, 0.0, 0.0, -8.3529052734375, -2.5856497287750244, 0.0, -0.0, -2.5856497287750244)
(9.605748176574707, -0.7095368504524231, 0.0, -1.0, -1.0, 0.0, 2.183458089828491, -21.511533737182617, 0.0, -42.42299270629883, -1.1618525981903076, 0.0, 1000, 1000, 1000, 1000, 8.458695411682129, -12.531521797180176, 0.0, 9.605748176574707, -0.7095368504524231, -11.151612281799316, 0.0, -0.0, -11.151612281799316, 5.087420463562012, 0.0, 0.0, 5.087420463562012)
(10.536934852600098, -1.1897783279418945, 0.0, 0.0, -1.0, 0.0, -12.702037811279297, 14.885412216186523, 0.0, -42.14773941040039, 0.7591133117675781, 0.0, 1000, 1000, 1000, 1000, 12.308659553527832, -8.435907363891602, 0.0, 10.536934852600098, -1.1897783279418945, -7.361425399780273, 0.0, 0.0, -7.361425399780273, -3.5315747261047363, 0.0, -0.0, -3.5315747261047363)
(7.649030685424805, 3.628190755844116, 0.0, -1.0, -1.0, 0.0, -4.732572555541992, 25.465564727783203, 0.0, -34.59612274169922, -18.51276397705078, 0.0, 1000, 1000, 1000, 1000, 7.6562581062316895, -12.250651359558105, 0.0, 7.649030685424805, 3.628190755844116, -7.465887546539307, 0.0, -0.0, -7.465887546539307, -10.994582176208496, 0.0, -0.0, -10.994582176208496)
(5.695657730102539, 4.839962482452393, 0.0, -1.0, 0.0, 0.0, -10.442496299743652, 21.69457244873047, 0.0, -26.782630920410156, -19.35984992980957, 0.0, 1000, 1000, 1000, 1000, 3.005302906036377, 1.9683547019958496, 0.0, 5.695657730102539, 4.839962482452393, -4.085033416748047, 0.0, 0.0, -4.085033416748047, -10.263605117797852, 0.0, -0.0, -10.263605117797852)
(3.3547632694244385, 6.3325958251953125, 0.0, -1.0, -1.0, 0.0, 0.3666641116142273, 0.8243435025215149, 0.0, -17.419052124023438, -29.33038330078125, 0.0, 1000, 1000, 1000, 1000, 6.484275817871094, 3.1165285110473633, 0.0, 3.3547632694244385, 6.3325958251953125, -4.446429252624512, 0.0, -0.0, -4.446429252624512, -7.538681507110596, 0.0, 0.0, -7.538681507110596)
(3.4377222061157227, 2.9393904209136963, 0.0, -1.0, -1.0, 0.0, -1.9234122037887573, -14.030618667602539, 0.0, -17.75088882446289, -15.757561683654785, 0.0, 1000, 1000, 1000, 1000, 10.225302696228027, -10.538288116455078, 0.0, 3.4377222061157227, 2.9393904209136963, -3.956869125366211, 0.0, 0.0, -3.956869125366211, -0.4317357540130615, 0.0, 0.0, -0.4317357540130615)
(3.6490938663482666, 3.0937042236328125, 0.0, -1.0, -1.0, 0.0, 0.4429999887943268, 14.503732681274414, 0.0, -18.59637451171875, -16.37481689453125, 0.0, 1000, 1000, 1000, 1000, 7.991374969482422, -2.08223557472229, 0.0, 3.6490938663482666, 3.0937042236328125, -4.759843826293945, 0.0, -0.0, -4.759843826293945, -7.719637393951416, 0.0, -0.0, -7.719637393951416)
(6.393696308135986, 3.820882558822632, 0.0, -1.0, -1.0, 0.0, 8.748343467712402, -31.557336807250977, 0.0, -29.574785232543945, -19.283531188964844, 0.0, 1000, 1000, 1000, 1000, 1.6583055257797241, -6.818108558654785, 0.0, 6.393696308135986, 3.820882558822632, -9.580781936645508, 0.0, 0.0, -9.580781936645508, 3.068451404571533, 0.0, 0.0, 3.068451404571533)
(6.328047752380371, 0.3570288121700287, 0.0, -1.0, -1.0, 0.0, -18.228755950927734, 3.144954204559326, 0.0, -29.312191009521484, -5.428115367889404, 0.0, 1000, 1000, 1000, 1000, 10.451501846313477, -1.8430724143981934, 0.0, 6.328047752380371, 0.3570288121700287, -2.7708587646484375, 0.0, 0.0, -2.7708587646484375, -2.1432673931121826, 0.0, 0.0, -2.1432673931121826)
(4.140778541564941, -0.727262556552887, 0.0, -1.0, -1.0, 0.0, 5.2826948165893555, -5.068786144256592, 0.0, -20.563114166259766, -1.0909497737884521, 0.0, 1000, 1000, 1000, 1000, 4.449573040008545, -10.46712875366211, 0.0, 4.140778541564941, -0.727262556552887, -6.461452484130859, 0.0, -0.0, -6.461452484130859, 0.9944590926170349, 0.0, 0.0, 0.9944590926170349)
(7.594937801361084, -4.457414150238037, 0.0, 0.0, -1.0, 0.0, 2.763610601425171, -2.9008474349975586, 0.0, -30.379751205444336, 13.829656600952148, 0.0, 1000, 1000, 1000, 1000, 10.155909538269043, -17.06600570678711, 0.0, 7.594937801361084, -4.457414150238037, -8.285840034484863, 0.0, 0.0, -8.285840034484863, 4.182625770568848, 0.0, -0.0, 4.182625770568848)
(7.376081466674805, -1.7070633172988892, 0.0, -1.0, -1.0, 0.0, -1.4653970003128052, 23.786174774169922, 0.0, -33.50432586669922, 2.8282532691955566, 0.0, 1000, 1000, 1000, 1000, 7.437140464782715, -9.415420532226562, 0.0, 7.376081466674805, -1.7070633172988892, -8.009732246398926, -0.0, 0.0, -8.009732246398926, -5.239480495452881, 0.0, -0.0, -5.239480495452881)
(7.171803951263428, -0.1771639734506607, 0.0, -1.0, 0.0, 0.0, 2.5346031188964844, -10.3970308303833, 0.0, -32.687217712402344, 0.7086558938026428, 0.0, 1000, 1000, 1000, 1000, -0.8555421829223633, -8.794994354248047, 0.0, 7.171803951263428, -0.1771639734506607, -8.805455207824707, -0.0, -0.0, -8.805455207824707, 2.7764217853546143, 0.0, 0.0, 2.7764217853546143)
(11.365989685058594, -3.944768190383911, 0.0, -1.0, -1.0, 0.0, 8.152923583984375, 4.686938762664795, 0.0, -49.463958740234375, 11.779072761535645, 0.0, 1000, 1000, 1000, 1000, 8.854639053344727, -7.88642692565918, 0.0, 11.365989685058594, -3.944768190383911, -14.404220581054688, -0.0, 0.0, -14.404220581054688, 1.7730334997177124, 0.0, -0.0, 1.7730334997177124)
(8.970450401306152, -2.0958800315856934, 0.0, -1.0, -1.0, 0.0, -5.740206241607666, 2.473198413848877, 0.0, -39.88180160522461, 4.383520126342773, 0.0, 1000, 1000, 1000, 1000, 3.4691550731658936, -15.029666900634766, 0.0, 8.970450401306152, -2.0958800315856934, -8.535398483276367, -0.0, -0.0, -8.535398483276367, 0.4775804281234741, 0.0, 0.0, 0.4775804281234741)
(9.302996635437012, -1.398463249206543, 0.0, -1.0, -1.0, 0.0, 0.4582671821117401, 14.656404495239258, 0.0, -41.21198654174805, 1.5938529968261719, 0.0, 1000, 1000, 1000, 1000, 0.9223605394363403, -12.59516716003418, 0.0, 9.302996635437012, -1.398463249206543, -10.417563438415527, -0.0, 0.0, -10.417563438415527, -3.2656378746032715, 0.0, -0.0, -3.2656378746032715)
(7.183347225189209, 0.9832940697669983, 0.0, -1.0, -1.0, 0.0, -14.091351509094238, 12.870144844055176, 0.0, -32.73339080810547, -7.933176040649414, 0.0, 1000, 1000, 1000, 1000, 0.22749841213226318, -12.496894836425781, 0.0, 7.183347225189209, 0.9832940697669983, -4.660510063171387, -0.0, 0.0, -4.660510063171387, -5.200830459594727, 0.0, 0.0, -5.200830459594727)
(2.9899373054504395, -1.2355269193649292, 0.0, -1.0, -1.0, 0.0, 1.7559771537780762, -25.78634262084961, 0.0, -15.959749221801758, 0.9421076774597168, 0.0, 1000, 1000, 1000, 1000, -12.131805419921875, -6.582602500915527, 0.0, 2.9899373054504395, -1.2355269193649292, -4.428931713104248, -0.0, -0.0, -4.428931713104248, 6.682112693786621, 0.0, 0.0, 6.682112693786621)
(5.856457233428955, -3.4139180183410645, 0.0, -1.0, -1.0, 0.0, 20.58040428161621, 6.625870227813721, 0.0, -27.42582893371582, 9.655672073364258, 0.0, 1000, 1000, 1000, 1000, -8.187647819519043, -12.468265533447266, 0.0, 5.856457233428955, -3.4139180183410645, -12.001558303833008, -0.0, -0.0, -12.001558303833008, 0.7574504613876343, 0.0, -0.0, 0.7574504613876343)
(6.964041233062744, -0.8915686011314392, 0.0, -1.0, -1.0, 0.0, 0.39719846844673157, 27.2518253326416, 0.0, -31.856164932250977, -0.43372559547424316, 0.0, 1000, 1000, 1000, 1000, 0.8063929080963135, -10.952348709106445, 0.0, 6.964041233062744, -0.8915686011314392, -8.06334114074707, -0.0, -0.0, -8.06334114074707, -6.921387672424316, 0.0, -0.0, -6.921387672424316)
(1.3251334428787231, 3.86519455909729, 0.0, -1.0, -1.0, 0.0, -10.702037811279297, 15.114419937133789, 0.0, -9.300533294677734, -19.460777282714844, 0.0, 1000, 1000, 1000, 1000, -4.542867660522461, -5.290164470672607, 0.0, 1.3251334428787231, 3.86519455909729, 0.3503761291503906, -0.0, -0.0, 0.3503761291503906, -8.643798828125, 0.0, 0.0, -8.643798828125)
(6.242033004760742, 2.9072515964508057, 0.0, -1.0, 0.0, 0.0, 32.946815490722656, 43.23655700683594, 0.0, -28.96813201904297, -11.629006385803223, 0.0, 1000, 1000, 1000, 1000, 0.7424472570419312, -2.575824737548828, 0.0, 6.242033004760742, 2.9072515964508057, -15.478736877441406, -0.0, 0.0, -15.478736877441406, -13.716390609741211, 0.0, -0.0, -13.716390609741211)
(0.22410868108272552, -0.8012007474899292, 0.0, -1.0, -1.0, 0.0, -41.20585632324219, 1.4350305795669556, 0.0, -4.896434783935547, -0.7951970100402832, 0.0, 1000, 1000, 1000, 1000, 17.236827850341797, 3.5922069549560547, 0.0, 0.22410868108272552, -0.8012007474899292, 9.07735538482666, -0.0, 0.0, 9.07735538482666, -0.5575568675994873, 0.0, -0.0, -0.5575568675994873)
(-1.8602937459945679, 1.6513688564300537, 0.0, -1.0, -1.0, 0.0, 4.534603118896484, 6.580068588256836, 0.0, 3.4411749839782715, -10.605475425720215, 0.0, 1000, 1000, 1000, 1000, -5.057135105133057, -3.396632432937622, 0.0, -1.8602937459945679, 1.6513688564300537, -0.2733570337295532, -0.0, -0.0, -0.2733570337295532, -4.296385765075684, 0.0, -0.0, -4.296385765075684)
(-1.1391562223434448, 2.6601457595825195, 0.0, -1.0, -1.0, 0.0, 18.488801956176758, 14.198389053344727, 0.0, 0.5566248893737793, -14.640583038330078, 0.0, 1000, 1000, 1000, 1000, -0.8785042762756348, -2.42294979095459, 0.0, -1.1391562223434448, 2.6601457595825195, -4.483044147491455, -0.0, -0.0, -4.483044147491455, -7.209743022918701, 0.0, -0.0, -7.209743022918701)
(-2.834009885787964, 0.8060139417648315, 0.0, -1.0, -1.0, 0.0, -13.984480857849121, -13.221458435058594, 0.0, 7.3360395431518555, -7.224055767059326, 0.0, 1000, 1000, 1000, 1000, -5.441555500030518, -5.7200446128845215, 0.0, -2.834009885787964, 0.8060139417648315, 5.330130100250244, -0.0, -0.0, 5.330130100250244, 1.499350666999817, 0.0, 0.0, 1.499350666999817)
(-3.4651715755462646, 0.1073608323931694, 0.0, -1.0, -1.0, 0.0, -1.1447862386703491, 0.4273969531059265, 0.0, 9.860686302185059, -4.429443359375, 0.0, 1000, 1000, 1000, 1000, -3.7421512603759766, -4.893841743469238, 0.0, -3.4651715755462646, 0.1073608323931694, 2.7513680458068848, -0.0, 0.0, 2.7513680458068848, -1.214210033416748, 0.0, 0.0, -1.214210033416748)
(-3.753708839416504, -0.20034989714622498, 0.0, -1.0, -1.0, 0.0, -0.7783740162849426, 0.6258702278137207, 0.0, 11.014835357666016, -3.1986002922058105, 0.0, 1000, 1000, 1000, 1000, -4.731692790985107, -5.379022598266602, 0.0, -3.753708839416504, -0.20034989714622498, 2.9483022689819336, -0.0, 0.0, 2.9483022689819336, -0.9561176300048828, 0.0, 0.0, -0.9561176300048828)
(-1.7742666006088257, 1.6824376583099365, 0.0, -1.0, -1.0, 0.0, 37.1147575378418, 28.8090763092041, 0.0, 3.0970664024353027, -10.729750633239746, 0.0, 1000, 1000, 1000, 1000, 5.8030476570129395, -0.8893661499023438, 0.0, -1.7742666006088257, 1.6824376583099365, -8.504423141479492, -0.0, -0.0, -8.504423141479492, -9.884706497192383, 0.0, -0.0, -9.884706497192383)
(1.008388638496399, 3.680314302444458, 0.0, -1.0, -1.0, 0.0, 4.168190956115723, 5.725106716156006, 0.0, -8.033554077148438, -18.721256256103516, 0.0, 1000, 1000, 1000, 1000, 0.6665301322937012, -0.9404177665710449, 0.0, 1.008388638496399, 3.680314302444458, -3.05043625831604, -0.0, 0.0, -3.05043625831604, -6.11159086227417, 0.0, 0.0, -6.11159086227417)
(-3.1402411460876465, 0.3104974031448364, 0.0, 0.0, -1.0, 0.0, -20.534099578857422, -18.198556900024414, 0.0, 12.560964584350586, -5.241989612579346, 0.0, 1000, 1000, 1000, 1000, -2.908034324645996, -13.288451194763184, 0.0, -3.1402411460876465, 0.3104974031448364, 8.273765563964844, -0.0, -0.0, 8.273765563964844, 3.2391419410705566, 0.0, -0.0, 3.2391419410705566)
(-3.879002332687378, -0.4870612919330597, 0.0, -1.0, -1.0, 0.0, -5.984480857849121, -4.610771179199219, 0.0, 11.516009330749512, -2.051754951477051, 0.0, 1000, 1000, 1000, 1000, -4.490937232971191, -4.579211711883545, 0.0, -3.879002332687378, -0.4870612919330597, 4.375122547149658, -0.0, 0.0, 4.375122547149658, 0.639754056930542, 0.0, 0.0, 0.639754056930542)
(-4.31671667098999, -0.9523740410804749, 0.0, -1.0, 0.0, 0.0, -0.5951679348945618, 1.0380839109420776, 0.0, 13.266866683959961, 3.8094961643218994, 0.0, 1000, 1000, 1000, 1000, -3.8326311111450195, -4.757391929626465, 0.0, -4.31671667098999, -0.9523740410804749, 3.4655086994171143, -0.0, 0.0, 3.4655086994171143, 0.6928530931472778, 0.0, 0.0, 0.6928530931472778)
(-4.5828657150268555, -1.2207121849060059, 0.0, -1.0, -1.0, 0.0, -1.343259572982788, 0.15258778631687164, 0.0, 14.331462860107422, 0.8828487396240234, 0.0, 1000, 1000, 1000, 1000, -4.858261585235596, -5.075685024261475, 0.0, -4.5828657150268555, -1.2207121849060059, 3.9186806678771973, -0.0, 0.0, 3.9186806678771973, 0.18256524205207825, 0.0, 0.0, 0.18256524205207825)
(-4.736215114593506, -1.3575950860977173, 0.0, -1.0, -1.0, 0.0, -0.1982213705778122, 1.4350305795669556, 0.0, 14.944860458374023, 1.4303803443908691, 0.0, 1000, 1000, 1000, 1000, -5.383523464202881, -5.245438098907471, 0.0, -4.736215114593506, -1.3575950860977173, 3.7857704162597656, -0.0, -0.0, 3.7857704162597656, -0.0011625587940216064, 0.0, -0.0, -0.0011625587940216064)
(-4.905125617980957, -1.5265926122665405, 0.0, -1.0, -1.0, 0.0, -0.03028244338929653, 1.2976258993148804, 0.0, 15.620502471923828, 2.106370449066162, 0.0, 1000, 1000, 1000, 1000, -5.291696071624756, -5.835024833679199, 0.0, -4.905125617980957, -1.5265926122665405, 3.912696123123169, -0.0, -0.0, 3.912696123123169, 0.20218613743782043, 0.0, -0.0, 0.20218613743782043)
(-4.938114166259766, -1.5417110919952393, 0.0, -1.0, -1.0, 0.0, -0.15241985023021698, 1.328160285949707, 0.0, 15.752456665039062, 2.166844367980957, 0.0, 1000, 1000, 1000, 1000, -5.171878337860107, -5.3957109451293945, 0.0, -4.938114166259766, -1.5417110919952393, 3.9762191772460938, -0.0, -0.0, 3.9762191772460938, 0.2096710205078125, 0.0, 0.0, 0.2096710205078125)
(-5.026359558105469, -1.6174023151397705, 0.0, -1.0, -1.0, 0.0, -2.3356258869171143, -0.671839714050293, 0.0, 16.105438232421875, 2.469609260559082, 0.0, 1000, 1000, 1000, 1000, -4.394222259521484, -0.32656097412109375, 0.0, -5.026359558105469, -1.6174023151397705, 4.610266208648682, -0.0, 0.0, 4.610266208648682, 0.7853622436523438, 0.0, 0.0, 0.7853622436523438)
(-5.382411003112793, -2.002915143966675, 0.0, -1.0, -1.0, 0.0, -16.182954788208008, -22.22909164428711, 0.0, 17.529644012451172, 4.011660575866699, 0.0, 1000, 1000, 1000, 1000, -10.695542335510254, -5.694065093994141, 0.0, -5.382411003112793, -2.002915143966675, 8.428150177001953, -0.0, 0.0, 8.428150177001953, 6.560188293457031, 0.0, 0.0, 6.560188293457031)
(-1.550786018371582, -2.586869955062866, 0.0, -1.0, -1.0, 0.0, 59.86284637451172, 28.060985565185547, 0.0, 2.203144073486328, 6.347479820251465, 0.0, 1000, 1000, 1000, 1000, -0.19961023330688477, -1.7708797454833984, 0.0, -1.550786018371582, -2.586869955062866, -14.414925575256348, -0.0, -0.0, -14.414925575256348, -5.428376197814941, 0.0, -0.0, -5.428376197814941)
(-2.3307254314422607, -0.13836723566055298, 0.0, -1.0, -1.0, 0.0, 11.34376335144043, 10.900679588317871, 0.0, 5.322901725769043, -3.446531057357788, 0.0, 1000, 1000, 1000, 1000, -3.5117063522338867, -8.306428909301758, 0.0, -2.3307254314422607, -0.13836723566055298, -1.5052154064178467, -0.0, -0.0, -1.5052154064178467, -3.5868027210235596, 0.0, -0.0, -3.5868027210235596)
(-2.659867763519287, 0.23131471872329712, 0.0, 0.0, -1.0, 0.0, 0.42773282527923584, 1.8167098760604858, 0.0, 10.639471054077148, -4.925258636474609, 0.0, 1000, 1000, 1000, 1000, -0.7658486366271973, -2.2790372371673584, 0.0, -2.659867763519287, 0.23131471872329712, 2.5529346466064453, -0.0, 0.0, 2.5529346466064453, -1.6854921579360962, 0.0, -0.0, -1.6854921579360962)
(-2.9188344478607178, -0.04932628944516182, 0.0, -1.0, -1.0, 0.0, -1.2058550119400024, 0.7632747888565063, 0.0, 7.675337791442871, -3.802694797515869, 0.0, 1000, 1000, 1000, 1000, -3.9757466316223145, -5.761172294616699, 0.0, -2.9188344478607178, -0.04932628944516182, 2.2202982902526855, -0.0, -0.0, 2.2202982902526855, -1.1414923667907715, 0.0, -0.0, -1.1414923667907715)
(-2.9133918285369873, -0.025116950273513794, 0.0, -1.0, 0.0, 0.0, 0.4888015389442444, 1.9235801696777344, 0.0, 7.653567314147949, 0.10046780109405518, 0.0, 1000, 1000, 1000, 1000, -2.9110817909240723, -4.207850456237793, 0.0, -2.9133918285369873, -0.025116950273513794, 1.7911914587020874, -0.0, -0.0, 1.7911914587020874, -0.4557780921459198, 0.0, 0.0, -0.4557780921459198)
(0.9438970685005188, 3.0029561519622803, 0.0, -1.0, -1.0, 0.0, -23.09898567199707, -14.931381225585938, 0.0, -7.775588035583496, -16.011825561523438, 0.0, 1000, 1000, 1000, 1000, 5.866086006164551, 2.828192710876465, 0.0, 0.9438970685005188, 3.0029561519622803, 3.8308494091033936, -0.0, 0.0, 3.8308494091033936, -0.270111083984375, 0.0, 0.0, -0.270111083984375)
(0.7259132266044617, 2.756094455718994, 0.0, -1.0, -1.0, 0.0, 4.259793758392334, 4.4579315185546875, 0.0, -6.903653144836426, -15.024377822875977, 0.0, 1000, 1000, 1000, 1000, 2.805842399597168, -3.4889204502105713, 0.0, 0.7259132266044617, 2.756094455718994, -2.7908616065979004, -0.0, 0.0, -2.7908616065979004, -4.870577335357666, 0.0, 0.0, -4.870577335357666)
(-2.850311040878296, -0.08627603203058243, 0.0, -1.0, -1.0, 0.0, 2.6109390258789062, 2.82434344291687, 0.0, 7.401244163513184, -3.654895782470703, 0.0, 1000, 1000, 1000, 1000, -2.764833450317383, -3.7018849849700928, 0.0, -2.850311040878296, -0.08627603203058243, 1.1975762844085693, -0.0, -0.0, 1.1975762844085693, -1.619809865951538, 0.0, -0.0, -1.619809865951538)
(-2.8502259254455566, -0.06495048850774765, 0.0, -1.0, -1.0, 0.0, -1.3127251863479614, 1.099152684211731, 0.0, 7.400903701782227, -3.7401981353759766, 0.0, 1000, 1000, 1000, 1000, -1.0796418190002441, -1.9203581809997559, 0.0, -2.8502259254455566, -0.06495048850774765, 2.1784071922302246, -0.0, 0.0, 2.1784071922302246, -1.2098376750946045, 0.0, 0.0, -1.2098376750946045)
(-2.8625903129577637, -0.04865157976746559, 0.0, -1.0, -1.0, 0.0, -0.7783740162849426, 0.9617480635643005, 0.0, 7.450361251831055, -3.805393695831299, 0.0, 1000, 1000, 1000, 1000, -3.1032066345214844, -3.590834379196167, 0.0, -2.8625903129577637, -0.04865157976746559, 2.0571837425231934, -0.0, -0.0, 2.0571837425231934, -1.191785454750061, 0.0, -0.0, -1.191785454750061)
(-2.9190971851348877, -0.07972108572721481, 0.0, -1.0, -1.0, 0.0, 0.6109389066696167, 2.473198413848877, 0.0, 7.676388740539551, -3.6811156272888184, 0.0, 1000, 1000, 1000, 1000, -2.050382137298584, -3.362783432006836, 0.0, -2.9190971851348877, -0.07972108572721481, 1.7663624286651611, -0.0, -0.0, 1.7663624286651611, -1.5385785102844238, 0.0, -0.0, -1.5385785102844238)
(-2.802448272705078, 0.06772226840257645, 0.0, 0.0, -1.0, 0.0, 1.939183235168457, 4.289992332458496, 0.0, 11.209793090820312, -4.2708892822265625, 0.0, 1000, 1000, 1000, 1000, -0.19653725624084473, -1.6740529537200928, 0.0, -2.802448272705078, 0.06772226840257645, 2.317652463912964, -0.0, 0.0, 2.317652463912964, -2.1402204036712646, 0.0, -0.0, -2.1402204036712646)
(-2.9232730865478516, -0.05248597636818886, 0.0, -1.0, -1.0, 0.0, 0.10712213814258575, 1.9235801696777344, 0.0, 7.693092346191406, -3.790055990219116, 0.0, 1000, 1000, 1000, 1000, -0.2875511646270752, -0.6461377143859863, 0.0, -2.9232730865478516, -0.05248597636818886, 1.896492600440979, -0.0, 0.0, 1.896492600440979, -1.4284090995788574, 0.0, 0.0, -1.4284090995788574)
(-2.9730989933013916, -0.09567464143037796, 0.0, -1.0, 0.0, 0.0, -1.1142518520355225, 0.351061075925827, 0.0, 7.892395973205566, 0.38269856572151184, 0.0, 1000, 1000, 1000, 1000, -2.2493491172790527, -3.4684202671051025, 0.0, -2.9730989933013916, -0.09567464143037796, 2.251662015914917, -0.0, 0.0, 2.251662015914917, 0.007909372448921204, 0.0, 0.0, 0.007909372448921204)
(-2.993317127227783, -0.11640962958335876, 0.0, -1.0, -1.0, 0.0, -0.15241985023021698, 1.4655648469924927, 0.0, 7.973268508911133, -3.5343613624572754, 0.0, 1000, 1000, 1000, 1000, -2.4312634468078613, -3.6763906478881836, 0.0, -2.993317127227783, -0.11640962958335876, 2.0314221382141113, -0.0, -0.0, 2.0314221382141113, -1.2499815225601196, 0.0, -0.0, -1.2499815225601196)
(-2.9938175678253174, -0.11086440831422806, 0.0, -1.0, -1.0, 0.0, -0.2745572626590729, 1.4197633266448975, 0.0, 7.9752702713012695, -3.55654239654541, 0.0, 1000, 1000, 1000, 1000, -1.8972654342651367, -3.280789852142334, 0.0, -2.9938175678253174, -0.11086440831422806, 2.0624568462371826, -0.0, -0.0, 2.0624568462371826, -1.2440764904022217, 0.0, -0.0, -1.2440764904022217)
(-3.0125298500061035, -0.11490431427955627, 0.0, -1.0, -1.0, 0.0, -0.6104351282119751, 0.9770152568817139, 0.0, 8.050119400024414, -3.5403828620910645, 0.0, 1000, 1000, 1000, 1000, -2.0089359283447266, -2.8824539184570312, 0.0, -3.0125298500061035, -0.11490431427955627, 2.1651387214660645, -0.0, 0.0, 2.1651387214660645, -1.1293494701385498, 0.0, 0.0, -1.1293494701385498)
(-3.021833896636963, -0.11946672201156616, 0.0, -1.0, -1.0, 0.0, -0.488297700881958, 1.3739618062973022, 0.0, 8.087335586547852, -3.5221331119537354, 0.0, 1000, 1000, 1000, 1000, -1.5620555877685547, -2.753565549850464, 0.0, -3.021833896636963, -0.11946672201156616, 2.1439082622528076, -0.0, 0.0, 2.1439082622528076, -1.224023699760437, 0.0, -0.0, -1.224023699760437)
(-3.0287177562713623, -0.12196048349142075, 0.0, -1.0, -1.0, 0.0, -0.6867709755897522, 1.2823587656021118, 0.0, 8.11487102508545, -3.512158155441284, 0.0, 1000, 1000, 1000, 1000, -2.357387065887451, -3.422337532043457, 0.0, -3.0287177562713623, -0.12196048349142075, 2.2004106044769287, -0.0, 0.0, 2.2004106044769287, -1.1986292600631714, 0.0, -0.0, -1.1986292600631714)
(-3.044773578643799, -0.12905827164649963, 0.0, -1.0, -1.0, 0.0, -0.488297700881958, 1.328160285949707, 0.0, 8.179094314575195, -3.483767032623291, 0.0, 1000, 1000, 1000, 1000, -2.205745220184326, -2.9741671085357666, 0.0, -3.044773578643799, -0.12905827164649963, 2.1668479442596436, -0.0, 0.0, 2.1668479442596436, -1.2029818296432495, 0.0, -0.0, -1.2029818296432495)
(-3.05314040184021, -0.13478034734725952, 0.0, -1.0, -1.0, 0.0, -0.5646336078643799, 1.20602285861969, 0.0, 8.21256160736084, -3.460878610610962, 0.0, 1000, 1000, 1000, 1000, -2.041431427001953, -3.4090352058410645, 0.0, -3.05314040184021, -0.13478034734725952, 2.19429874420166, -0.0, -0.0, 2.19429874420166, -1.1667253971099854, 0.0, -0.0, -1.1667253971099854)
(-3.060525894165039, -0.13845542073249817, 0.0, -1.0, -1.0, 0.0, -0.5340992212295532, 1.1602213382720947, 0.0, 8.242103576660156, -3.446178436279297, 0.0, 1000, 1000, 1000, 1000, -2.3719611167907715, -3.179809093475342, 0.0, -3.060525894165039, -0.13845542073249817, 2.1940507888793945, -0.0, 0.0, 2.1940507888793945, -1.1515998840332031, 0.0, 0.0, -1.1515998840332031)
(-3.067186117172241, -0.13868524134159088, 0.0, 0.0, -1.0, 0.0, -0.2898244261741638, 1.1602213382720947, 0.0, 12.268744468688965, -3.4452590942382812, 0.0, 1000, 1000, 1000, 1000, -2.321166515350342, -3.3032174110412598, 0.0, -3.067186117172241, -0.13868524134159088, 3.1396422386169434, 0.0, 0.0, 3.1396422386169434, -1.1513700485229492, 0.0, -0.0, -1.1513700485229492)
(-3.073849678039551, -0.14368940889835358, 0.0, -1.0, -1.0, 0.0, -0.22875572741031647, 1.3586946725845337, 0.0, 8.295398712158203, -3.4252424240112305, 0.0, 1000, 1000, 1000, 1000, -2.1712422370910645, -3.5648653507232666, 0.0, -3.073849678039551, -0.14368940889835358, 2.1310386657714844, 0.0, -0.0, 2.1310386657714844, -1.1959842443466187, 0.0, -0.0, -1.1959842443466187)
(-3.0786001682281494, -0.13991323113441467, 0.0, -1.0, 0.0, 0.0, -0.30509158968925476, 1.0686182975769043, 0.0, 8.314400672912598, 0.5596529245376587, 0.0, 1000, 1000, 1000, 1000, -2.413017749786377, -3.2699508666992188, 0.0, -3.0786001682281494, -0.13991323113441467, 2.1548731327056885, 0.0, -0.0, 2.1548731327056885, -0.1272413432598114, 0.0, 0.0, -0.1272413432598114)
(-3.08896803855896, -0.13842082023620605, 0.0, -1.0, -1.0, 0.0, -0.5188320875167847, 1.2670916318893433, 0.0, 8.35587215423584, -3.446316719055176, 0.0, 1000, 1000, 1000, 1000, -2.120354652404785, -3.2223479747772217, 0.0, -3.08896803855896, -0.13842082023620605, 2.2186760902404785, 0.0, 0.0, 2.2186760902404785, -1.1783521175384521, 0.0, -0.0, -1.1783521175384521)
(-3.091306209564209, -0.1470072865486145, 0.0, -1.0, -1.0, 0.0, -0.16768702864646912, 0.7327404618263245, 0.0, 8.365224838256836, -3.411970853805542, 0.0, 1000, 1000, 1000, 1000, -2.013861656188965, -3.156982183456421, 0.0, -3.091306209564209, -0.1470072865486145, 2.133228063583374, 0.0, -0.0, 2.133228063583374, -1.0361778736114502, 0.0, 0.0, -1.0361778736114502)
(-3.093999147415161, -0.14172519743442535, 0.0, -1.0, -1.0, 0.0, -0.25929006934165955, 1.3586946725845337, 0.0, 8.375996589660645, -3.4330992698669434, 0.0, 1000, 1000, 1000, 1000, -2.0298399925231934, -3.4195799827575684, 0.0, -3.093999147415161, -0.14172519743442535, 2.1588215827941895, 0.0, -0.0, 2.1588215827941895, -1.1979484558105469, 0.0, -0.0, -1.1979484558105469)
(-3.100159168243408, -0.1514028161764145, 0.0, -1.0, -1.0, 0.0, -0.3966946601867676, 1.0533511638641357, 0.0, 8.400636672973633, -3.3943886756896973, 0.0, 1000, 1000, 1000, 1000, -2.0843615531921387, -3.1044020652770996, 0.0, -3.100159168243408, -0.1514028161764145, 2.1993327140808105, 0.0, -0.0, 2.1993327140808105, -1.1119349002838135, 0.0, 0.0, -1.1119349002838135)
(-3.095634937286377, -0.15101498365402222, 0.0, -1.0, -1.0, 0.0, -0.2745572626590729, 1.221290111541748, 0.0, 8.382539749145508, -3.395940065383911, 0.0, 1000, 1000, 1000, 1000, -1.905886173248291, -2.7062652111053467, 0.0, -3.095634937286377, -0.15101498365402222, 2.164274215698242, 0.0, -0.0, 2.164274215698242, -1.1543076038360596, 0.0, -0.0, -1.1543076038360596)
(-3.1019322872161865, -0.14156977832317352, 0.0, -1.0, -1.0, 0.0, -0.5340992212295532, 1.2518243789672852, 0.0, 8.407729148864746, -3.433720827102661, 0.0, 1000, 1000, 1000, 1000, -2.233262062072754, -3.2805912494659424, 0.0, -3.1019322872161865, -0.14156977832317352, 2.235457181930542, 0.0, 0.0, 2.235457181930542, -1.1713862419128418, 0.0, 0.0, -1.1713862419128418)
(-3.105997323989868, -0.14934739470481873, 0.0, -1.0, -1.0, 0.0, -0.488297700881958, 0.8396106958389282, 0.0, 8.423989295959473, -3.4026103019714355, 0.0, 1000, 1000, 1000, 1000, -2.528679370880127, -3.119769811630249, 0.0, -3.105997323989868, -0.14934739470481873, 2.228071689605713, 0.0, -0.0, 2.228071689605713, -1.0605552196502686, 0.0, 0.0, -1.0605552196502686)
(-3.105480670928955, -0.14982648193836212, 0.0, -1.0, -1.0, 0.0, -0.5188320875167847, 1.2823587656021118, 0.0, 8.42192268371582, -3.4006941318511963, 0.0, 1000, 1000, 1000, 1000, -2.057567596435547, -2.6719603538513184, 0.0, -3.105480670928955, -0.14982648193836212, 2.2351887226104736, 0.0, 0.0, 2.2351887226104736, -1.1707632541656494, 0.0, -0.0, -1.1707632541656494)
(-3.1120386123657227, -0.14695623517036438, 0.0, 0.0, -1.0, 0.0, -0.38142746686935425, 1.20602285861969, 0.0, 12.44815444946289, -3.412175178527832, 0.0, 1000, 1000, 1000, 1000, -2.410708427429199, -3.307346820831299, 0.0, -3.1120386123657227, -0.14695623517036438, 3.207395553588867, 0.0, 0.0, 3.207395553588867, -1.154549479484558, 0.0, -0.0, -1.154549479484558)
(-3.114112138748169, -0.1472947597503662, 0.0, -1.0, -1.0, 0.0, -0.42722901701927185, 1.3128931522369385, 0.0, 8.456448554992676, -3.410820960998535, 0.0, 1000, 1000, 1000, 1000, -2.163262367248535, -3.199730157852173, 0.0, -3.114112138748169, -0.1472947597503662, 2.220919370651245, 0.0, 0.0, 2.220919370651245, -1.1809284687042236, 0.0, -0.0, -1.1809284687042236)
(-3.105721950531006, -0.15108388662338257, 0.0, -1.0, -1.0, 0.0, -0.35089313983917236, 1.3739618062973022, 0.0, 8.422887802124023, -3.3956644535064697, 0.0, 1000, 1000, 1000, 1000, -1.6246309280395508, -3.436692237854004, 0.0, -3.105721950531006, -0.15108388662338257, 2.1934452056884766, 0.0, -0.0, 2.1934452056884766, -1.1924065351486206, 0.0, -0.0, -1.1924065351486206)
(-3.103477954864502, -0.15586939454078674, 0.0, -1.0, -1.0, 0.0, -0.488297700881958, 1.1602213382720947, 0.0, 8.413911819458008, -3.3765225410461426, 0.0, 1000, 1000, 1000, 1000, -1.974837303161621, -3.392937660217285, 0.0, -3.103477954864502, -0.15586939454078674, 2.2255523204803467, 0.0, 0.0, 2.2255523204803467, -1.134186029434204, 0.0, 0.0, -1.134186029434204)
(-3.1110916137695312, -0.15449883043766022, 0.0, -1.0, -1.0, 0.0, -0.5340992212295532, 1.2670916318893433, 0.0, 8.444366455078125, -3.382004737854004, 0.0, 1000, 1000, 1000, 1000, -1.9167160987854004, -3.2317686080932617, 0.0, -3.1110916137695312, -0.15449883043766022, 2.2446165084838867, 0.0, 0.0, 2.2446165084838867, -1.1622741222381592, 0.0, 0.0, -1.1622741222381592)
(-3.1137149333953857, -0.1544235199689865, 0.0, -1.0, -1.0, 0.0, -0.640969455242157, 1.1296870708465576, 0.0, 8.454859733581543, -3.382305860519409, 0.0, 1000, 1000, 1000, 1000, -1.9851372241973877, -3.107104778289795, 0.0, -3.1137149333953857, -0.1544235199689865, 2.2739572525024414, 0.0, 0.0, 2.2739572525024414, -1.1279982328414917, 0.0, 0.0, -1.1279982328414917)
(-3.1142356395721436, -0.1528211534023285, 0.0, -1.0, -1.0, 0.0, -0.45776334404945374, 1.3739618062973022, 0.0, 8.456942558288574, -3.3887152671813965, 0.0, 1000, 1000, 1000, 1000, -1.9730465412139893, -3.2353363037109375, 0.0, -3.1142356395721436, -0.1528211534023285, 2.2286765575408936, 0.0, 0.0, 2.2286765575408936, -1.190669298171997, 0.0, -0.0, -1.190669298171997)
(-3.1250290870666504, -0.1491830199956894, 0.0, -1.0, -1.0, 0.0, -0.47303053736686707, 1.5724351406097412, 0.0, 8.500116348266602, -3.4032678604125977, 0.0, 1000, 1000, 1000, 1000, -2.162199020385742, -3.4835314750671387, 0.0, -3.1250290870666504, -0.1491830199956894, 2.243286609649658, 0.0, -0.0, 2.243286609649658, -1.2439258098602295, 0.0, -0.0, -1.2439258098602295)
(-3.1294431686401367, -0.14799177646636963, 0.0, -1.0, -1.0, 0.0, -0.5340992212295532, 1.2976258993148804, 0.0, 8.517772674560547, -3.4080328941345215, 0.0, 1000, 1000, 1000, 1000, -2.3229990005493164, -3.2204480171203613, 0.0, -3.1294431686401367, -0.14799177646636963, 2.262968063354492, 0.0, 0.0, 2.262968063354492, -1.1764147281646729, 0.0, -0.0, -1.1764147281646729)
(-3.1357076168060303, -0.15577174723148346, 0.0, 0.0, -1.0, 0.0, -0.2745572626590729, 1.2976258993148804, 0.0, 12.542830467224121, -3.376913070678711, 0.0, 1000, 1000, 1000, 1000, -2.1842074394226074, -3.3612685203552246, 0.0, -3.1357076168060303, -0.15577174723148346, 3.2043468952178955, 0.0, 0.0, 3.2043468952178955, -1.1686347723007202, 0.0, -0.0, -1.1686347723007202)
(-3.1383039951324463, -0.16208161413669586, 0.0, -1.0, -1.0, 0.0, -0.4424961805343628, 1.1602213382720947, 0.0, 8.553215980529785, -3.3516736030578613, 0.0, 1000, 1000, 1000, 1000, -2.0227413177490234, -3.3033344745635986, 0.0, -3.1383039951324463, -0.16208161413669586, 2.2489280700683594, 0.0, 0.0, 2.2489280700683594, -1.1279737949371338, 0.0, 0.0, -1.1279737949371338)
(-3.135829448699951, -0.16637548804283142, 0.0, -1.0, 0.0, 0.0, -0.3966946601867676, 0.9770152568817139, 0.0, 8.543317794799805, -3.3344979286193848, 0.0, 1000, 1000, 1000, 1000, -2.4019575119018555, -2.6631104946136475, 0.0, -3.135829448699951, -0.16637548804283142, 2.2350029945373535, 0.0, 0.0, 2.2350029945373535, -1.0778782367706299, 0.0, 0.0, -1.0778782367706299)
(-3.132051706314087, -0.15875691175460815, 0.0, -1.0, -1.0, 0.0, -0.42722901701927185, 1.1907557249069214, 0.0, 8.528206825256348, -3.3649723529815674, 0.0, 1000, 1000, 1000, 1000, -2.0878052711486816, -3.1977877616882324, 0.0, -3.132051706314087, -0.15875691175460815, 2.238858938217163, 0.0, -0.0, 2.238858938217163, -1.1389319896697998, 0.0, 0.0, -1.1389319896697998)
(-3.1298105716705322, -0.15922100841999054, 0.0, -1.0, -1.0, 0.0, -0.6257022619247437, 1.4350305795669556, 0.0, 8.519242286682129, -3.3631160259246826, 0.0, 1000, 1000, 1000, 1000, -1.8972671031951904, -3.6712493896484375, 0.0, -3.1298105716705322, -0.15922100841999054, 2.286236047744751, 0.0, 0.0, 2.286236047744751, -1.199536681175232, 0.0, -0.0, -1.199536681175232)
(-3.1256606578826904, -0.1606326550245285, 0.0, -1.0, -1.0, 0.0, -0.3661603033542633, 1.099152684211731, 0.0, 8.502642631530762, -3.357469320297241, 0.0, 1000, 1000, 1000, 1000, -1.9919521808624268, -2.876237630844116, 0.0, -3.1256606578826904, -0.1606326550245285, 2.217200756072998, 0.0, -0.0, 2.217200756072998, -1.1141555309295654, 0.0, -0.0, -1.1141555309295654)
(-3.1272482872009277, -0.16500109434127808, 0.0, -1.0, -1.0, 0.0, -0.35089313983917236, 1.221290111541748, 0.0, 8.508993148803711, -3.3399956226348877, 0.0, 1000, 1000, 1000, 1000, -1.7888507843017578, -3.2054941654205322, 0.0, -3.1272482872009277, -0.16500109434127808, 2.2149715423583984, 0.0, -0.0, 2.2149715423583984, -1.1403214931488037, 0.0, 0.0, -1.1403214931488037)
(-3.128674030303955, -0.16523532569408417, 0.0, -1.0, 0.0, 0.0, -0.3661603033542633, 1.2518243789672852, 0.0, 8.51469612121582, 0.6609413027763367, 0.0, 1000, 1000, 1000, 1000, -2.1255855560302734, -3.6613609790802, 0.0, -3.128674030303955, -0.16523532569408417, 2.2202141284942627, 0.0, -0.0, 2.2202141284942627, -0.14772076904773712, 0.0, 0.0, -0.14772076904773712)
(-3.1275546550750732, -0.1582375019788742, 0.0, -1.0, -1.0, 0.0, -0.488297700881958, 1.2518243789672852, 0.0, 8.510218620300293, -3.3670499324798584, 0.0, 1000, 1000, 1000, 1000, -2.1012535095214844, -2.9354989528656006, 0.0, -3.1275546550750732, -0.1582375019788742, 2.249629020690918, 0.0, 0.0, 2.249629020690918, -1.1547186374664307, 0.0, 0.0, -1.1547186374664307)
(-3.129422664642334, -0.16932955384254456, 0.0, -1.0, -1.0, 0.0, -0.35089313983917236, 0.9159465432167053, 0.0, 8.517690658569336, -3.3226819038391113, 0.0, 1000, 1000, 1000, 1000, -5.064740180969238, -2.570769786834717, 0.0, -3.129422664642334, -0.16932955384254456, 2.2171459197998047, 0.0, -0.0, 2.2171459197998047, -1.059657096862793, 0.0, 0.0, -1.059657096862793)
(-3.1113617420196533, -0.17461225390434265, 0.0, -1.0, -1.0, 0.0, -0.4119618237018585, 1.9846488237380981, 0.0, 8.445446968078613, -3.30155086517334, 0.0, 1000, 1000, 1000, 1000, 1.2647335529327393, 0.5464625358581543, 0.0, -3.1113617420196533, -0.17461225390434265, 2.2143521308898926, 0.0, -0.0, 2.2143521308898926, -1.321549892425537, 0.0, -0.0, -1.321549892425537)
(-3.121377944946289, -0.13498099148273468, 0.0, -1.0, -1.0, 0.0, -0.35089313983917236, 1.7861756086349487, 0.0, 8.485511779785156, -3.460076093673706, 0.0, 1000, 1000, 1000, 1000, -1.6582798957824707, -4.407957553863525, 0.0, -3.121377944946289, -0.13498099148273468, 2.2091012001037598, 0.0, -0.0, 2.2091012001037598, -1.3115628957748413, 0.0, -0.0, -1.3115628957748413)
(-3.1198184490203857, -0.12559102475643158, 0.0, -1.0, -1.0, 0.0, -0.5188320875167847, 1.2518243789672852, 0.0, 8.479273796081543, -3.497635841369629, 0.0, 1000, 1000, 1000, 1000, -2.1875014305114746, -3.1740424633026123, 0.0, -3.1198184490203857, -0.12559102475643158, 2.2495265007019043, 0.0, -0.0, 2.2495265007019043, -1.1873650550842285, 0.0, -0.0, -1.1873650550842285)
(-3.127915143966675, -0.1295364946126938, 0.0, -1.0, -1.0, 0.0, -0.35089313983917236, 1.2518243789672852, 0.0, 8.5116605758667, -3.48185396194458, 0.0, 1000, 1000, 1000, 1000, -2.483102321624756, -3.293639659881592, 0.0, -3.127915143966675, -0.1295364946126938, 2.2156383991241455, 0.0, -0.0, 2.2156383991241455, -1.1834195852279663, 0.0, 0.0, -1.1834195852279663)
(-3.1289474964141846, -0.12999854981899261, 0.0, -1.0, -1.0, 0.0, -0.4424961805343628, 1.2823587656021118, 0.0, 8.515789985656738, -3.4800057411193848, 0.0, 1000, 1000, 1000, 1000, -2.246480941772461, -3.18143892288208, 0.0, -3.1289474964141846, -0.12999854981899261, 2.2395715713500977, 0.0, -0.0, 2.2395715713500977, -1.1905910968780518, 0.0, -0.0, -1.1905910968780518)
(-3.132892370223999, -0.13493649661540985, 0.0, -1.0, -1.0, 0.0, -0.38142746686935425, 1.2518243789672852, 0.0, 8.531569480895996, -3.460253953933716, 0.0, 1000, 1000, 1000, 1000, -1.9899301528930664, -3.212564706802368, 0.0, -3.132892370223999, -0.13493649661540985, 2.2282493114471436, 0.0, -0.0, 2.2282493114471436, -1.1780195236206055, 0.0, 0.0, -1.1780195236206055)
(-3.122697591781616, -0.13835668563842773, 0.0, -1.0, 0.0, 0.0, -0.3203587830066681, 1.1602213382720947, 0.0, 8.490790367126465, 0.5534267425537109, 0.0, 1000, 1000, 1000, 1000, -1.6878182888031006, -3.1039366722106934, 0.0, -3.122697591781616, -0.13835668563842773, 2.202787399291992, 0.0, -0.0, 2.202787399291992, -0.15169864892959595, 0.0, 0.0, -0.15169864892959595)
(-3.137779474258423, -0.11330641806125641, 0.0, -1.0, -1.0, 0.0, -0.915778636932373, 6.045717716217041, 0.0, 8.551117897033691, -3.546774387359619, 0.0, 1100, 1100, 1100, 1100, -3.0668725967407227, 2.730344295501709, 0.0, -3.137779474258423, -0.11330641806125641, 2.3667240142822266, 0.0, 0.0, 2.3667240142822266, -2.398123025894165, 0.0, -0.0, -2.398123025894165)
(-3.204962968826294, -0.11308814585208893, 0.0, -1.0, -1.0, 0.0, -0.9615801572799683, 2.4273970127105713, 0.0, 8.819851875305176, -3.547647476196289, 0.0, 1100, 1100, 1100, 1100, -2.8179373741149902, -7.727432727813721, 0.0, -3.204962968826294, -0.11308814585208893, 2.4453580379486084, 0.0, 0.0, 2.4453580379486084, -1.4937610626220703, 0.0, -0.0, -1.4937610626220703)
(-3.2650792598724365, -0.12390168756246567, 0.0, -1.0, -1.0, 0.0, -0.6867709755897522, 1.6029694080352783, 0.0, 9.060317039489746, -3.5043933391571045, 0.0, 1100, 1100, 1100, 1100, -3.992095470428467, -1.707169771194458, 0.0, -3.2650792598724365, -0.12390168756246567, 2.436772108078003, 0.0, 0.0, 2.436772108078003, -1.2768406867980957, 0.0, -0.0, -1.2768406867980957)
(-3.232039451599121, -0.15165024995803833, 0.0, -1.0, -1.0, 0.0, 0.4429999887943268, 2.4579312801361084, 0.0, 8.928157806396484, -3.3933990001678467, 0.0, 1100, 1100, 1100, 1100, -16.72052764892578, -9.011251449584961, 0.0, -3.232039451599121, -0.15165024995803833, 2.1212894916534424, 0.0, -0.0, 2.1212894916534424, -1.4628325700759888, 0.0, -0.0, -1.4628325700759888)
(-3.258333206176758, -0.1860826462507248, 0.0, -1.0, -1.0, 0.0, -1.8623435497283936, 3.7098395824432373, 0.0, 9.033332824707031, -3.255669355392456, 0.0, 1100, 1100, 1100, 1100, -10.182695388793945, -7.926812171936035, 0.0, -3.258333206176758, -0.1860826462507248, 2.723919153213501, 0.0, 0.0, 2.723919153213501, -1.7413772344589233, 0.0, -0.0, -1.7413772344589233)
(-3.217477798461914, -0.298917293548584, 0.0, -1.0, -1.0, 0.0, 0.6414732933044434, -0.6413053274154663, 0.0, 8.869911193847656, -2.804330825805664, 0.0, 1100, 1100, 1115, 1112, -5.872206687927246, -0.273773193359375, 0.0, -3.217477798461914, -0.298917293548584, 2.0571093559265137, 0.0, -0.0, 2.0571093559265137, -0.540756344795227, 0.0, 0.0, -0.540756344795227)
(-3.252620220184326, -0.19477897882461548, 0.0, -1.0, -1.0, 0.0, -2.3661603927612305, 1.20602285861969, 0.0, 9.010480880737305, -3.220884084701538, 0.0, 1118, 1126, 1151, 1147, -0.586061954498291, 4.680346488952637, 0.0, -3.252620220184326, -0.19477897882461548, 2.844160318374634, 0.0, 0.0, 2.844160318374634, -1.1067267656326294, 0.0, 0.0, -1.1067267656326294)
(-3.3311803340911865, -0.379113107919693, 0.0, -1.0, -1.0, 0.0, 1.0231527090072632, 0.7022061347961426, 0.0, 9.324721336364746, -2.4835476875305176, 0.0, 1149, 1155, 1166, 1163, -9.754270553588867, 4.021709442138672, 0.0, -3.3311803340911865, -0.379113107919693, 2.075392246246338, 0.0, -0.0, 2.075392246246338, -0.796438455581665, 0.0, -0.0, -0.796438455581665)
(-3.3376049995422363, -0.4246518909931183, 0.0, 0.0, -1.0, 0.0, 0.7941450476646423, 6.503732681274414, 0.0, 13.350419998168945, -2.3013925552368164, 0.0, 1167, 1178, 1191, 1189, -2.797720432281494, -7.026941299438477, 0.0, -3.3376049995422363, -0.4246518909931183, 3.139068841934204, 0.0, 0.0, 3.139068841934204, -2.2012813091278076, 0.0, -0.0, -2.2012813091278076)
(-3.2980735301971436, -0.5800325870513916, 0.0, -1.0, -1.0, 0.0, -2.992114543914795, -6.458099365234375, 0.0, 9.192294120788574, -1.6798696517944336, 0.0, 1196, 1199, 1224, 1215, 3.771866798400879, -1.0758287906646729, 0.0, -3.2980735301971436, -0.5800325870513916, 3.0461020469665527, 0.0, 0.0, 3.0461020469665527, 1.1945574283599854, 0.0, 0.0, 1.1945574283599854)
(-3.3277199268341064, -0.8372619152069092, 0.0, -1.0, 0.0, 0.0, -0.5799007415771484, -11.00771713256836, 0.0, 9.310879707336426, 3.3490476608276367, 0.0, 1222, 1219, 1253, 1241, -14.978836059570312, -2.979306697845459, 0.0, -3.3277199268341064, -0.8372619152069092, 2.4726951122283936, 0.0, -0.0, 2.4726951122283936, 3.589191198348999, 0.0, 0.0, 3.589191198348999)
(-3.3622851371765137, -0.6910547614097595, 0.0, -1.0, -1.0, 0.0, -6.198221206665039, -16.977182388305664, 0.0, 9.449140548706055, -1.235780954360962, 0.0, 1241, 1240, 1268, 1253, -2.618178367614746, 11.336416244506836, 0.0, -3.3622851371765137, -0.6910547614097595, 3.9118404388427734, 0.0, 0.0, 3.9118404388427734, 3.9353504180908203, 0.0, 0.0, 3.9353504180908203)
(-3.017225980758667, 0.3151404559612274, 0.0, -1.0, -1.0, 0.0, 7.649106979370117, 2.7785420417785645, 0.0, 8.068903923034668, -5.260561943054199, 0.0, 1268, 1273, 1267, 1270, -11.741355895996094, 30.32196044921875, 0.0, -3.017225980758667, 0.3151404559612274, 0.1049492359161377, 0.0, -0.0, 0.1049492359161377, -2.0097761154174805, 0.0, -0.0, -2.0097761154174805)
(-2.596250057220459, -0.030414704233407974, 0.0, -1.0, -1.0, 0.0, 3.481168031692505, 0.2594580054283142, 0.0, 6.385000228881836, -3.8783411979675293, 0.0, 1287, 1291, 1286, 1286, 11.29461669921875, 36.195945739746094, 0.0, -2.596250057220459, -0.030414704233407974, 0.7259580492973328, 0.0, -0.0, 0.7259580492973328, -1.034449815750122, 0.0, -0.0, -1.034449815750122)
(-2.4599499702453613, 0.39431238174438477, 0.0, -1.0, -1.0, 0.0, 2.0307862758636475, 7.893045902252197, 0.0, 5.839799880981445, -5.577249526977539, 0.0, 1296, 1304, 1330, 1335, -24.858041763305664, -18.077465057373047, 0.0, -2.4599499702453613, 0.39431238174438477, 0.9522534012794495, 0.0, -0.0, 0.9522534012794495, -3.3675737380981445, 0.0, -0.0, -3.3675737380981445)
(-3.2179970741271973, 0.545204758644104, 0.0, -1.0, -1.0, 0.0, -9.87761116027832, 10.610603332519531, 0.0, 8.871988296508789, -6.180819034576416, 0.0, 1340, 1358, 1323, 1322, -58.55575942993164, 3.753305435180664, 0.0, -3.2179970741271973, 0.545204758644104, 4.687399864196777, 0.0, 0.0, 4.687399864196777, -4.197855472564697, 0.0, -0.0, -4.197855472564697)
(-3.3619186878204346, 0.9858075380325317, 0.0, -1.0, -1.0, 0.0, 4.397198677062988, 9.251824378967285, 0.0, 9.447674751281738, -7.943230152130127, 0.0, 1369, 1380, 1355, 1361, 22.007408142089844, -8.324421882629395, 0.0, -3.3619186878204346, 0.9858075380325317, 1.2626190185546875, 0.0, -0.0, 1.2626190185546875, -4.298763751983643, 0.0, -0.0, -4.298763751983643)
(-3.7070770263671875, 0.921108067035675, 0.0, -1.0, -1.0, 0.0, 3.8170456886291504, 11.648771286010742, 0.0, 10.82830810546875, -7.684432029724121, 0.0, 1365, 1378, 1364, 1371, 78.41458129882812, -18.427467346191406, 0.0, -3.7070770263671875, 0.921108067035675, 1.7528156042099, 0.0, -0.0, 1.7528156042099, -4.833300590515137, 0.0, -0.0, -4.833300590515137)
(-4.084580421447754, 0.3849499821662903, 0.0, -1.0, -1.0, 0.0, 21.053686141967773, -12.168023109436035, 0.0, 12.338321685791016, -5.539799690246582, 0.0, 1396, 1388, 1368, 1369, -27.50324058532715, -65.4212646484375, 0.0, -4.084580421447754, 0.3849499821662903, -2.1788411140441895, 0.0, -0.0, -2.1788411140441895, 1.6570558547973633, 0.0, 0.0, 1.6570558547973633)
(-4.342724323272705, 0.4286095201969147, 0.0, -1.0, 0.0, 0.0, -21.755474090576172, 8.122053146362305, 0.0, 13.37089729309082, -1.7144380807876587, 0.0, 1360, 1383, 1420, 1407, -17.343486785888672, -48.252593994140625, 0.0, -4.342724323272705, 0.4286095201969147, 8.781593322753906, 0.0, 0.0, 8.781593322753906, -2.459122896194458, 0.0, -0.0, -2.459122896194458)
(-5.082156181335449, 0.9012531042098999, 0.0, 0.0, 1.0, 0.0, 2.8094122409820557, -3.17565655708313, 0.0, 20.328624725341797, -3.6050124168395996, 0.0, 1425, 1434, 1382, 1373, 50.95433807373047, 35.47029113769531, 0.0, -5.082156181335449, 0.9012531042098999, 4.37980318069458, 0.0, -0.0, 4.37980318069458, -0.10733896493911743, 0.0, 0.0, -0.10733896493911743)
(-3.387183666229248, -0.2256125658750534, 0.0, 1.0, 4.0, 0.0, -19.25165557861328, -3.8321449756622314, 0.0, 17.548734664916992, 16.902450561523438, 0.0, 1371, 1379, 1450, 1421, -5.717519760131836, 11.49188232421875, 0.0, -3.387183666229248, -0.2256125658750534, 9.200098037719727, 0.0, 0.0, 9.200098037719727, 5.183649063110352, 0.0, -0.0, 5.183649063110352)
(-3.352741241455078, 0.8105500936508179, 0.0, 4.0, 10.0, 0.0, -1.32799232006073, 27.908313751220703, 0.0, 29.410964965820312, 36.7578010559082, 0.0, 1389, 1400, 1434, 1415, -45.80705261230469, -3.09521484375, 0.0, -3.352741241455078, 0.8105500936508179, 7.684739112854004, 0.0, 0.0, 7.684739112854004, 2.212371826171875, 0.0, -0.0, 2.212371826171875)
(-1.9966057538986206, 2.716507911682129, 0.0, 5.0, 11.0, 0.0, -1.648603081703186, -9.771076202392578, 0.0, 27.98642349243164, 33.133968353271484, 0.0, 1457, 1451, 1387, 1351, -6.723989486694336, -36.33734130859375, 0.0, -1.9966057538986206, 2.716507911682129, 7.408756732940674, 0.0, 0.0, 7.408756732940674, 10.726261138916016, 0.0, 0.0, 10.726261138916016)
(-3.201636791229248, 4.977806568145752, 0.0, 4.0, 12.0, 0.0, -8.381427764892578, -10.42756462097168, 0.0, 28.806547164916992, 28.088773727416992, 0.0, 1432, 1432, 1412, 1374, -25.615434646606445, 56.991127014160156, 0.0, -3.201636791229248, 4.977806568145752, 9.296993255615234, 0.0, 0.0, 9.296993255615234, 9.629084587097168, 0.0, 0.0, 9.629084587097168)
(-1.4816555976867676, 4.763791561126709, 0.0, 3.0, 12.0, 0.0, -15.953946113586426, -30.61077117919922, 0.0, 17.92662239074707, 28.944833755493164, 0.0, 1441, 1429, 1431, 1385, -11.13892936706543, 43.36655044555664, 0.0, -1.4816555976867676, 4.763791561126709, 8.470142364501953, 0.0, 0.0, 8.470142364501953, 14.888900756835938, 0.0, 0.0, 14.888900756835938)
(0.03571559488773346, 4.034727573394775, 0.0, 3.0, 11.0, 0.0, -22.167686462402344, 11.511366844177246, 0.0, 11.857137680053711, 27.8610897064209, 0.0, 1395, 1404, 1454, 1429, 29.280540466308594, 3.654539108276367, 0.0, 0.03571559488773346, 4.034727573394775, 8.506206512451172, 0.0, 0.0, 8.506206512451172, 4.087430953979492, 0.0, -0.0, 4.087430953979492)
(0.5342941880226135, 5.809566020965576, 0.0, 2.0, 13.0, 0.0, -21.786006927490234, 44.748008728027344, 0.0, 5.862823486328125, 28.761735916137695, 0.0, 1385, 1407, 1454, 1448, -47.26422882080078, -44.95162582397461, 0.0, 0.5342941880226135, 5.809566020965576, 6.91220760345459, 0.0, 0.0, 6.91220760345459, -3.996568202972412, 0.0, -0.0, -3.996568202972412)
(1.4385559558868408, 7.70817232131958, 0.0, 0.0, 10.0, 0.0, 18.90101432800293, 32.67167282104492, 0.0, -5.754223823547363, 13.16731071472168, 0.0, 1430, 1427, 1424, 1446, 27.34347915649414, 1.3524670600891113, 0.0, 1.4385559558868408, 7.70817232131958, -6.163809776306152, 0.0, -0.0, -6.163809776306152, -4.8760905265808105, 0.0, -0.0, -4.8760905265808105)
(0.9354228377342224, 6.357500076293945, 0.0, 0.0, 7.0, 0.0, 1.313228964805603, -17.923748016357422, 0.0, -3.7416913509368896, 2.5699996948242188, 0.0, 1457, 1444, 1468, 1460, -35.19975280761719, 18.587505340576172, 0.0, 0.9354228377342224, 6.357500076293945, -1.2637300491333008, 0.0, -0.0, -1.2637300491333008, 5.12343692779541, 0.0, 0.0, 5.12343692779541)
(-3.409127950668335, 1.542718529701233, 0.0, -1.0, 5.0, 0.0, -15.587533950805664, 3.5877022743225098, 0.0, 9.63651180267334, 13.829126358032227, 0.0, 1476, 1484, 1444, 1426, -7.263337135314941, 29.89398956298828, 0.0, -3.409127950668335, 1.542718529701233, 6.306011199951172, 0.0, -0.0, 6.306011199951172, 2.5603561401367188, 0.0, -0.0, 2.5603561401367188)
(-7.3081841468811035, 1.7091883420944214, 0.0, -3.0, 2.0, 0.0, 3.4964351654052734, 32.717472076416016, 0.0, 17.232736587524414, 1.1632466316223145, 0.0, 1375, 1398, 1518, 1527, -40.415592193603516, 42.35537338256836, 0.0, -7.3081841468811035, 1.7091883420944214, 3.434075355529785, 0.0, -0.0, 3.434075355529785, -7.888556480407715, 0.0, -0.0, -7.888556480407715)
(-6.411359786987305, 8.637614250183105, 0.0, -1.0, -1.0, 0.0, -15.068449974060059, 24.060985565185547, 0.0, 21.64543914794922, -38.55045700073242, 0.0, 1417, 1467, 1459, 1472, -59.02164077758789, -14.329512596130371, 0.0, -6.411359786987305, 8.637614250183105, 9.178472518920898, 0.0, 0.0, 9.178472518920898, -15.652860641479492, 0.0, -0.0, -15.652860641479492)
(-4.8277668952941895, 5.521100997924805, 0.0, -1.0, -10.0, 0.0, 23.191091537475586, -44.54970169067383, 0.0, 15.311067581176758, -58.08440399169922, 0.0, 1464, 1467, 1436, 1447, -25.800485610961914, -28.53179359436035, 0.0, -4.8277668952941895, 5.521100997924805, -1.970005989074707, 0.0, -0.0, -1.970005989074707, -3.3836755752563477, 0.0, 0.0, -3.3836755752563477)
(-2.141768455505371, -7.930862903594971, 0.0, -2.0, -12.0, 0.0, 9.801778793334961, -52.76344299316406, 0.0, 0.5670738220214844, -16.276548385620117, 0.0, 1422, 1399, 1475, 1462, -61.097991943359375, -21.642879486083984, 0.0, -2.141768455505371, -7.930862903594971, -2.308676242828369, 0.0, 0.0, -2.308676242828369, 9.121723175048828, 0.0, 0.0, 9.121723175048828)
(-1.1646196842193604, -17.40593910217285, 0.0, -2.0, -12.0, 0.0, -26.305091857910156, -3.419931411743164, 0.0, -2.759580612182617, 21.642623901367188, 0.0, 1451, 1407, 1480, 1421, -8.27597713470459, -11.231904983520508, 0.0, -1.3101048469543457, -17.410655975341797, 5.886377811431885, 0.0, 0.0, 5.886377811431885, 6.265638828277588, 0.0, -0.0, 6.265638828277588)
(-10.586545944213867, -15.223686218261719, 0.0, -7.0, -9.0, 0.0, 39.66437530517578, 30.8090763092041, 0.0, 14.346183776855469, 24.894744873046875, 0.0, 1463, 1453, 1411, 1426, 1.2525328397750854, -1.9216926097869873, 0.0, -10.586545944213867, -15.223686218261719, -6.329547882080078, 0.0, -0.0, -6.329547882080078, -1.4785828590393066, 0.0, 0.0, -1.4785828590393066)
(-1.0027629137039185, -2.765141487121582, 0.0, -2.0, -5.0, 0.0, -13.404328346252441, -76.68710327148438, 0.0, -3.988948345184326, -8.939434051513672, 0.0, 1432, 1403, 1482, 1444, -36.459075927734375, 14.868803024291992, 0.0, -1.0027629137039185, -2.765141487121582, 2.3538451194763184, 0.0, 0.0, 2.3538451194763184, 16.93691635131836, 0.0, 0.0, 16.93691635131836)
(-3.672067642211914, -10.762947082519531, 0.0, -4.0, -8.0, 0.0, -6.442496299743652, -31.404664993286133, 0.0, -1.3117294311523438, 11.051788330078125, 0.0, 1402, 1384, 1496, 1472, -51.07491683959961, -19.21256446838379, 0.0, -3.672067642211914, -10.762947082519531, 1.2826917171478271, 0.0, 0.0, 1.2826917171478271, 10.614112854003906, 0.0, -0.0, 10.614112854003906)
(-10.746658325195312, -20.42266845703125, 0.0, -4.0, -7.0, 0.0, -35.007381439208984, -46.59550476074219, 0.0, 26.98663330078125, 53.690673828125, 0.0, 1477, 1458, 1452, 1371, 15.559147834777832, -9.873922348022461, 0.0, -10.746658325195312, -20.42266845703125, 15.498503684997559, 0.0, -0.0, 15.498503684997559, 25.071544647216797, 0.0, 0.0, 25.071544647216797)
(-12.71827220916748, -10.01516056060791, 0.0, 0.0, 4.0, 0.0, 16.610939025878906, 87.72510528564453, 0.0, 50.87308883666992, 56.06064224243164, 0.0, 1469, 1502, 1392, 1390, 16.526485443115234, 14.61672592163086, 0.0, -12.71827220916748, -10.01516056060791, 8.565537452697754, 0.0, -0.0, 8.565537452697754, -7.916115760803223, 0.0, -0.0, -7.916115760803223)
(-5.075299263000488, 8.205979347229004, 0.0, 3.0, 6.0, 0.0, 15.007885932922363, 55.32815933227539, 0.0, 32.30119705200195, -8.823917388916016, 0.0, 1412, 1452, 1437, 1461, 8.865767478942871, 30.478389739990234, 0.0, -5.075299263000488, 8.205979347229004, 4.323328018188477, 0.0, 0.0, 4.323328018188477, -16.03801918029785, 0.0, 0.0, -16.03801918029785)
(1.4100627899169922, 10.970662117004395, 0.0, 0.0, -1.0, 0.0, 10.046053886413574, -72.74817657470703, 0.0, -5.640251159667969, -47.88264846801758, 0.0, 1452, 1432, 1439, 1435, 45.80720520019531, 36.00984573364258, 0.0, 1.4100627899169922, 10.970662117004395, -3.9215762615203857, 0.0, 0.0, -3.9215762615203857, 6.216382026672363, 0.0, 0.0, 6.216382026672363)
(-5.284739017486572, -0.055249739438295364, 0.0, -1.0, -2.0, 0.0, -39.053184509277344, -45.90848159790039, 0.0, 17.13895606994629, -7.779001235961914, 0.0, 1493, 1502, 1405, 1358, 0.16659200191497803, 76.48439025878906, 0.0, -5.284739017486572, -0.055249739438295364, 14.04803466796875, 0.0, 0.0, 14.04803466796875, 9.532369613647461, 0.0, 0.0, 9.532369613647461)
(-6.322332382202148, -1.9371435642242432, 0.0, 0.0, -1.0, 0.0, 28.00025177001953, 14.228923797607422, 0.0, 25.289329528808594, 3.7485742568969727, 0.0, 1467, 1471, 1407, 1413, 39.140132904052734, 41.34098434448242, 0.0, -6.322332382202148, -1.9371435642242432, -0.6777305603027344, 0.0, -0.0, -0.6777305603027344, -2.6200873851776123, 0.0, -0.0, -2.6200873851776123)
(-3.7401092052459717, -0.043786343187093735, 0.0, 4.0, -1.0, 0.0, 12.12238883972168, -17.64893913269043, 0.0, 30.960437774658203, -3.824854612350464, 0.0, 1437, 1439, 1451, 1435, -1.4119563102722168, 13.614179611206055, 0.0, -3.7401092052459717, -0.043786343187093735, 4.709512233734131, 0.0, -0.0, 4.709512233734131, 3.4560210704803467, 0.0, 0.0, 3.4560210704803467)
(-1.6005809307098389, 1.5611311197280884, 0.0, 8.0, 3.0, 0.0, 16.076587677001953, 21.17548942565918, 0.0, 38.40232467651367, 5.7554755210876465, 0.0, 1416, 1435, 1457, 1454, 31.321191787719727, 50.02192306518555, 0.0, -1.6005809307098389, 1.5611311197280884, 5.58143424987793, 0.0, -0.0, 5.58143424987793, -3.8550033569335938, 0.0, -0.0, -3.8550033569335938)
(-3.8937394618988037, 5.245267391204834, 0.0, 11.0, 6.0, 0.0, 14.946816444396973, 33.419761657714844, 0.0, 59.57495880126953, 3.018930435180664, 0.0, 1444, 1481, 1422, 1415, 58.68192672729492, 28.344070434570312, 0.0, -3.8937394618988037, 5.245267391204834, 11.157035827636719, 0.0, -0.0, 11.157035827636719, -7.600207805633545, 0.0, -0.0, -7.600207805633545)
(0.44128403067588806, 7.312362194061279, 0.0, 15.0, 7.0, 0.0, 14.030786514282227, 40.259456634521484, 0.0, 58.23486328125, -1.2494487762451172, 0.0, 1446, 1489, 1398, 1397, 35.03765869140625, 26.734071731567383, 0.0, 0.44128403067588806, 7.312362194061279, 11.051019668579102, 0.0, 0.0, 11.051019668579102, -10.377225875854492, 0.0, -0.0, -10.377225875854492)
(0.251494437456131, 9.657675743103027, 0.0, -1.0, -1.0, 0.0, 13.862847328186035, -25.053518295288086, 0.0, -5.005977630615234, -42.63070297241211, 0.0, 1194, 1193, 1137, 1155, 1.5706347227096558, 19.31135368347168, 0.0, 0.251494437456131, 9.657675743103027, -4.717206001281738, 0.0, -0.0, -4.717206001281738, -4.394296169281006, 0.0, 0.0, -4.394296169281006)
(-3.5512449741363525, 1.4583102464675903, 0.0, -1.0, 0.0, 0.0, 45.817047119140625, 34.427398681640625, 0.0, 10.20497989654541, -5.833240985870361, 0.0, 1000, 1000, 1000, 1000, 4.062094211578369, 16.22459602355957, 0.0, -3.5512449741363525, 1.4583102464675903, -8.903017044067383, 0.0, -0.0, -8.903017044067383, -10.065159797668457, 0.0, 0.0, -10.065159797668457)
(-1.0426263809204102, 4.028998851776123, 0.0, -1.0, -1.0, 0.0, -23.23638916015625, -19.939014434814453, 0.0, 0.17050552368164062, -20.115995407104492, 0.0, 1000, 1000, 1000, 1000, 4.836918354034424, 5.039898872375488, 0.0, -1.0426263809204102, 4.028998851776123, 5.851723670959473, 0.0, 0.0, 5.851723670959473, -0.044245243072509766, 0.0, 0.0, -0.044245243072509766)
(-4.14138126373291, 0.5593586564064026, 0.0, 0.0, -1.0, 0.0, 13.25216007232666, 19.557167053222656, 0.0, 16.56552505493164, -6.237434387207031, 0.0, 1000, 1000, 1000, 1000, -2.473501682281494, -7.790241241455078, 0.0, -4.14138126373291, 0.5593586564064026, 0.8283412456512451, 0.0, -0.0, 0.8283412456512451, -6.448650360107422, 0.0, -0.0, -6.448650360107422)
(-3.924933671951294, 0.6957640647888184, 0.0, -1.0, -1.0, 0.0, -11.969213485717773, -14.290160179138184, 0.0, 11.699734687805176, -6.783056259155273, 0.0, 1000, 1000, 1000, 1000, -4.366125106811523, -2.5408360958099365, 0.0, -3.924933671951294, 0.6957640647888184, 5.917237281799316, 0.0, 0.0, 5.917237281799316, 1.8767759799957275, 0.0, 0.0, 1.8767759799957275)
(-3.6714744567871094, 0.8428379893302917, 0.0, -1.0, -1.0, 0.0, -3.1142518520355225, -2.5039007663726807, 0.0, 10.685897827148438, -7.371352195739746, 0.0, 1000, 1000, 1000, 1000, -1.0682477951049805, 2.6262001991271973, 0.0, -3.6714744567871094, 0.8428379893302917, 3.4500374794006348, 0.0, -0.0, 3.4500374794006348, -1.2168629169464111, 0.0, 0.0, -1.2168629169464111)
(-3.6894021034240723, 0.7710893154144287, 0.0, -1.0, -1.0, 0.0, -0.47303053736686707, 0.5037328004837036, 0.0, 10.757608413696289, -7.084357261657715, 0.0, 1000, 1000, 1000, 1000, -0.2910161018371582, 0.9864864349365234, 0.0, -3.6894021034240723, 0.7710893154144287, 2.80765962600708, 0.0, 0.0, 2.80765962600708, -1.8970224857330322, 0.0, 0.0, -1.8970224857330322)
(-3.6172564029693604, 0.7119894623756409, 0.0, -1.0, -1.0, 0.0, 0.06132061034440994, 1.4350305795669556, 0.0, 10.469025611877441, -6.847957611083984, 0.0, 1000, 1000, 1000, 1000, -1.5198016166687012, -0.22921228408813477, 0.0, -3.6172564029693604, 0.7119894623756409, 2.601926326751709, 0.0, -0.0, 2.601926326751709, -2.070747137069702, 0.0, 0.0, -2.070747137069702)
(-3.5725700855255127, 0.6670756936073303, 0.0, -1.0, -1.0, 0.0, -1.1753206253051758, -0.13748854398727417, 0.0, 10.29028034210205, -6.668302536010742, 0.0, 1000, 1000, 1000, 1000, -1.669356346130371, -2.9360227584838867, 0.0, -3.5725700855255127, 0.6670756936073303, 2.8664002418518066, 0.0, 0.0, 2.8664002418518066, -1.6327035427093506, 0.0, 0.0, -1.6327035427093506)
(-3.51479172706604, 0.6356142163276672, 0.0, -1.0, -1.0, 0.0, -1.1600534915924072, -0.1527557224035263, 0.0, 10.05916690826416, -6.54245662689209, 0.0, 1000, 1000, 1000, 1000, -2.3021106719970703, -2.0172438621520996, 0.0, -3.51479172706604, 0.6356142163276672, 2.804805040359497, 0.0, -0.0, 2.804805040359497, -1.5974252223968506, 0.0, 0.0, -1.5974252223968506)
(-3.4537625312805176, 0.6315310001373291, 0.0, -1.0, -1.0, 0.0, -0.7325724959373474, 0.5495343804359436, 0.0, 9.81505012512207, -6.526124000549316, 0.0, 1000, 1000, 1000, 1000, -2.0853042602539062, -2.302877426147461, 0.0, -3.4537625312805176, 0.6315310001373291, 2.6369056701660156, 0.0, -0.0, 2.6369056701660156, -1.7689145803451538, 0.0, 0.0, -1.7689145803451538)
(-3.3798880577087402, 0.6402837038040161, 0.0, -1.0, -1.0, 0.0, -0.15241985023021698, 1.2823587656021118, 0.0, 9.519552230834961, -6.5611348152160645, 0.0, 1000, 1000, 1000, 1000, -1.5616161823272705, -2.8669161796569824, 0.0, -3.3798880577087402, 0.6402837038040161, 2.4179930686950684, 0.0, -0.0, 2.4179930686950684, -1.9608733654022217, 0.0, -0.0, -1.9608733654022217)
(-3.310760498046875, 0.6593485474586487, 0.0, -1.0, -1.0, 0.0, -0.09135114401578903, 1.6945725679397583, 0.0, 9.2430419921875, -6.637393951416016, 0.0, 1000, 1000, 1000, 1000, -1.6936209201812744, -2.482555389404297, 0.0, -3.310760498046875, 0.6593485474586487, 2.3335983753204346, 0.0, -0.0, 2.3335983753204346, -2.082991600036621, 0.0, -0.0, -2.082991600036621)
(-3.2447621822357178, 0.6677460670471191, 0.0, -1.0, -1.0, 0.0, -0.30509158968925476, 1.3892290592193604, 0.0, 8.979048728942871, -6.670984268188477, 0.0, 1000, 1000, 1000, 1000, -1.5027999877929688, -2.832432508468628, 0.0, -3.2447621822357178, 0.6677460670471191, 2.321035146713257, 0.0, -0.0, 2.321035146713257, -2.0150532722473145, 0.0, 0.0, -2.0150532722473145)
(-3.195242166519165, 0.6698470115661621, 0.0, -1.0, 0.0, 0.0, -0.488297700881958, 1.099152684211731, 0.0, 8.78096866607666, -2.6793880462646484, 0.0, 1000, 1000, 1000, 1000, -1.7235846519470215, -2.5388495922088623, 0.0, -3.195242166519165, 0.6698470115661621, 2.3173165321350098, 0.0, 0.0, 2.3173165321350098, -0.9446351528167725, 0.0, 0.0, -0.9446351528167725)
(-3.155668258666992, 0.6627222895622253, 0.0, -1.0, -1.0, 0.0, -0.6257022619247437, 1.0838855504989624, 0.0, 8.622673034667969, -6.6508893966674805, 0.0, 1000, 1000, 1000, 1000, -1.6656217575073242, -2.664112091064453, 0.0, -3.155668258666992, 0.6627222895622253, 2.312093734741211, 0.0, 0.0, 2.312093734741211, -1.933693766593933, 0.0, 0.0, -1.933693766593933)
(-3.120258092880249, 0.6698260307312012, 0.0, -1.0, 0.0, 0.0, -0.47303053736686707, 1.20602285861969, 0.0, 8.481032371520996, -2.6793041229248047, 0.0, 1000, 1000, 1000, 1000, -1.5544281005859375, -2.2897226810455322, 0.0, -3.120258092880249, 0.6698260307312012, 2.238515615463257, 0.0, 0.0, 2.238515615463257, -0.9713317155838013, 0.0, 0.0, -0.9713317155838013)
(-3.0774190425872803, 0.6769131422042847, 0.0, -1.0, -1.0, 0.0, -0.35089313983917236, 1.4655648469924927, 0.0, 8.309676170349121, -6.707652568817139, 0.0, 1000, 1000, 1000, 1000, -1.571669578552246, -2.417036533355713, 0.0, -3.0774190425872803, 0.6769131422042847, 2.165142297744751, 0.0, -0.0, 2.165142297744751, -2.043304443359375, 0.0, -0.0, -2.043304443359375)
(-2.349031448364258, 1.4128841161727905, 0.0, -1.0, -1.0, 0.0, -7.847076416015625, -9.053519248962402, 0.0, 5.396125793457031, -9.65153694152832, 0.0, 1000, 1000, 1000, 1000, 2.632032871246338, 2.2211718559265137, 0.0, -2.349031448364258, 1.4128841161727905, 3.310800552368164, 0.0, 0.0, 3.310800552368164, -0.1495044231414795, 0.0, 0.0, -0.1495044231414795)
(-4.889230728149414, -2.252232313156128, 0.0, -1.0, -1.0, 0.0, -1.221122145652771, -12.916114807128906, 0.0, 15.556922912597656, 5.008929252624512, 0.0, 1000, 1000, 1000, 1000, -16.202064514160156, 6.3037004470825195, 0.0, -4.889230728149414, -2.252232313156128, 4.194511413574219, 0.0, -0.0, 4.194511413574219, 4.481261253356934, 0.0, -0.0, 4.481261253356934)
(-1.9804563522338867, -2.290295124053955, 0.0, -1.0, -1.0, 0.0, 18.12238883972168, 19.404495239257812, 0.0, 3.921825408935547, 5.16118049621582, 0.0, 1000, 1000, 1000, 1000, -6.064820289611816, 5.309473991394043, 0.0, -1.9804563522338867, -2.290295124053955, -3.550140857696533, 0.0, -0.0, -3.550140857696533, -3.560828685760498, 0.0, -0.0, -3.560828685760498)
(0.7904664278030396, 1.699021339416504, 0.0, -1.0, -1.0, 0.0, -11.160053253173828, -5.114587783813477, 0.0, -7.161865711212158, -10.796085357666016, 0.0, 1000, 1000, 1000, 1000, -1.162261962890625, -4.577531814575195, 0.0, 0.7904664278030396, 1.699021339416504, 0.9995468854904175, 0.0, 0.0, 0.9995468854904175, -1.4203743934631348, 0.0, 0.0, -1.4203743934631348)
(0.06520241498947144, -2.5688891410827637, 0.0, -1.0, -1.0, 0.0, 11.16055679321289, -15.954282760620117, 0.0, -4.260809898376465, 6.275556564331055, 0.0, 1000, 1000, 1000, 1000, 10.513620376586914, -10.220170021057129, 0.0, 0.06520241498947144, -2.5688891410827637, -3.855341672897339, 0.0, -0.0, -3.855341672897339, 5.557459831237793, 0.0, -0.0, 5.557459831237793)
(2.926741123199463, -6.476995468139648, 0.0, -1.0, -1.0, 0.0, -5.80127477645874, -29.923748016357422, 0.0, -15.706964492797852, 21.907981872558594, 0.0, 1000, 1000, 1000, 1000, 9.799853324890137, -21.89422607421875, 0.0, 2.926741123199463, -6.476995468139648, -2.4764223098754883, 0.0, 0.0, -2.4764223098754883, 12.957932472229004, 0.0, 0.0, 12.957932472229004)
(4.836023330688477, -7.360470294952393, 0.0, -1.0, -1.0, 0.0, 1.8933817148208618, 10.748007774353027, 0.0, -23.344093322753906, 25.44188117980957, 0.0, 1000, 1000, 1000, 1000, 9.655912399291992, -14.53646183013916, 0.0, 4.836023330688477, -7.360470294952393, -6.30936861038208, 0.0, 0.0, -6.30936861038208, 3.6734683513641357, 0.0, -0.0, 3.6734683513641357)
(0.1154819056391716, -6.337079048156738, 0.0, -1.0, -1.0, 0.0, -38.09135055541992, 10.015183448791504, 0.0, -4.46192741394043, 21.348316192626953, 0.0, 1000, 1000, 1000, 1000, 2.3528308868408203, -21.38160514831543, 0.0, 0.1154819056391716, -6.337079048156738, 8.407356262207031, 0.0, 0.0, 8.407356262207031, 2.8332831859588623, 0.0, -0.0, 2.8332831859588623)
(-3.6428639888763428, -3.8975532054901123, 0.0, -1.0, -1.0, 0.0, 7.694908618927002, 1.5877022743225098, 0.0, 10.571455955505371, 11.59021282196045, 0.0, 1000, 1000, 1000, 1000, -1.2522764205932617, -11.92420482635498, 0.0, -3.6428639888763428, -3.8975532054901123, 0.7191368341445923, 0.0, -0.0, 0.7191368341445923, 2.5006275177001953, 0.0, 0.0, 2.5006275177001953)
(-0.7685914039611816, -5.738572597503662, 0.0, -1.0, -1.0, 0.0, -14.244023323059082, 21.923580169677734, 0.0, -0.9256343841552734, 18.95429039001465, 0.0, 1000, 1000, 1000, 1000, 26.534191131591797, 18.40222930908203, 0.0, -0.7685914039611816, -5.738572597503662, 3.329597234725952, 0.0, 0.0, 3.329597234725952, -0.7423224449157715, 0.0, -0.0, -0.7423224449157715)
(-3.670992851257324, -2.9302475452423096, 0.0, -1.0, -1.0, 0.0, 0.8094122409820557, -2.626038074493408, 0.0, 10.683971405029297, 7.720990180969238, 0.0, 1000, 1000, 1000, 1000, -3.3180737495422363, -3.6170897483825684, 0.0, -3.670992851257324, -2.9302475452423096, 2.468639850616455, 0.0, -0.0, 2.468639850616455, 2.586757183074951, 0.0, 0.0, 2.586757183074951)
(-4.272693157196045, -2.9335150718688965, 0.0, -1.0, 0.0, 0.0, 1.7865114212036133, 5.969381809234619, 0.0, 13.09077262878418, 11.734060287475586, 0.0, 1000, 1000, 1000, 1000, -4.439301013946533, -5.812833309173584, 0.0, -4.272693157196045, -2.9335150718688965, 2.8260653018951416, 0.0, -0.0, 2.8260653018951416, 1.4411696195602417, 0.0, 0.0, 1.4411696195602417)
(-4.401144027709961, -2.8548552989959717, 0.0, -1.0, -1.0, 0.0, 1.4048320055007935, 3.3128931522369385, 0.0, 13.604576110839844, 7.419421195983887, 0.0, 1000, 1000, 1000, 1000, -3.221364974975586, -2.8113882541656494, 0.0, -4.401144027709961, -2.8548552989959717, 3.049936056137085, 0.0, -0.0, 3.049936056137085, 1.0266320705413818, 0.0, -0.0, 1.0266320705413818)
(-4.515036106109619, -2.8101131916046143, 0.0, 0.0, -1.0, 0.0, -0.22875572741031647, 1.404496192932129, 0.0, 18.060144424438477, 7.240452766418457, 0.0, 1000, 1000, 1000, 1000, -4.679263591766357, -5.441238880157471, 0.0, -4.515036106109619, -2.8101131916046143, 4.572225093841553, 0.0, 0.0, 4.572225093841553, 1.458989143371582, 0.0, -0.0, 1.458989143371582)
(-4.644516468048096, -2.7948131561279297, 0.0, -1.0, -1.0, 0.0, -0.6104351282119751, 1.0075496435165405, 0.0, 14.578065872192383, 7.179252624511719, 0.0, 1000, 1000, 1000, 1000, -4.784305095672607, -5.75712251663208, 0.0, -4.644516468048096, -2.7948131561279297, 3.7971253395080566, 0.0, 0.0, 3.7971253395080566, 1.5429257154464722, 0.0, 0.0, 1.5429257154464722)
(-4.7766594886779785, -2.7963345050811768, 0.0, -1.0, -1.0, 0.0, -0.7783740162849426, 1.221290111541748, 0.0, 15.106637954711914, 7.185338020324707, 0.0, 1000, 1000, 1000, 1000, -4.764657020568848, -5.736271381378174, 0.0, -4.7766594886779785, -2.7963345050811768, 3.971252918243408, 0.0, -0.0, 3.971252918243408, 1.4910119771957397, 0.0, -0.0, 1.4910119771957397)
(-4.886408805847168, -2.7808568477630615, 0.0, -1.0, -1.0, 0.0, -0.35089313983917236, 1.3739618062973022, 0.0, 15.545635223388672, 7.123427391052246, 0.0, 1000, 1000, 1000, 1000, -4.972273349761963, -5.575812816619873, 0.0, -4.886408805847168, -2.7808568477630615, 3.9741320610046387, 0.0, -0.0, 3.9741320610046387, 1.4373663663864136, 0.0, -0.0, 1.4373663663864136)
(-4.979687690734863, -2.762835741043091, 0.0, -1.0, -1.0, 0.0, -0.2745572626590729, 1.2823587656021118, 0.0, 15.918750762939453, 7.051342964172363, 0.0, 1000, 1000, 1000, 1000, -5.014118671417236, -5.782443046569824, 0.0, -4.979687690734863, -2.762835741043091, 4.0483269691467285, 0.0, -0.0, 4.0483269691467285, 1.4422460794448853, 0.0, -0.0, 1.4422460794448853)
(-5.073956489562988, -2.7570364475250244, 0.0, -1.0, -1.0, 0.0, -0.35089313983917236, 1.3586946725845337, 0.0, 16.295825958251953, 7.028145790100098, 0.0, 1000, 1000, 1000, 1000, -4.902531147003174, -5.82450008392334, 0.0, -5.073956489562988, -2.7570364475250244, 4.161679744720459, 0.0, -0.0, 4.161679744720459, 1.4173628091812134, 0.0, -0.0, 1.4173628091812134)
(-5.15157413482666, -2.7456510066986084, 0.0, -1.0, -1.0, 0.0, -0.33562594652175903, 1.2365572452545166, 0.0, 16.60629653930664, 6.982604026794434, 0.0, 1000, 1000, 1000, 1000, -4.6584649085998535, -5.908033847808838, 0.0, -5.15157413482666, -2.7456510066986084, 4.235480785369873, 0.0, 0.0, 4.235480785369873, 1.436511754989624, 0.0, -0.0, 1.436511754989624)
(-5.2233991622924805, -2.731509208679199, 0.0, -1.0, -1.0, 0.0, -0.33562594652175903, 1.1754885911941528, 0.0, 16.893596649169922, 6.926036834716797, 0.0, 1000, 1000, 1000, 1000, -4.990759372711182, -5.53175163269043, 0.0, -5.2233991622924805, -2.731509208679199, 4.307305812835693, 0.0, -0.0, 4.307305812835693, 1.4376370906829834, 0.0, 0.0, 1.4376370906829834)
(-5.358659267425537, -2.7956104278564453, 0.0, -1.0, -1.0, 0.0, -1.633335828781128, -0.2748931348323822, 0.0, 17.43463706970215, 7.182441711425781, 0.0, 1000, 1000, 1000, 1000, -5.879159927368164, -6.673626899719238, 0.0, -5.358659267425537, -2.7956104278564453, 4.766993045806885, 0.0, 0.0, 4.766993045806885, 1.8643337488174438, 0.0, 0.0, 1.8643337488174438)
(-5.400002956390381, -2.7332587242126465, 0.0, -1.0, -1.0, 0.0, 3.6033053398132324, 2.1373205184936523, 0.0, 17.600011825561523, 6.933034896850586, 0.0, 1000, 1000, 1000, 1000, -5.780998706817627, -8.9429931640625, 0.0, -5.400002956390381, -2.7332587242126465, 3.499176502227783, 0.0, -0.0, 3.499176502227783, 1.1989285945892334, 0.0, -0.0, 1.1989285945892334)
(-5.486554145812988, -2.7404768466949463, 0.0, -1.0, -1.0, 0.0, -10.350893020629883, -8.992450714111328, 0.0, 17.946216583251953, 6.961907386779785, 0.0, 1000, 1000, 1000, 1000, -5.715710639953613, -7.144043922424316, 0.0, -5.486554145812988, -2.7404768466949463, 7.074277400970459, 0.0, 0.0, 7.074277400970459, 3.9885895252227783, 0.0, 0.0, 3.9885895252227783)
(-4.552414417266846, -1.7043724060058594, 0.0, -1.0, -1.0, 0.0, -5.984480857849121, -4.839778423309326, 0.0, 14.209657669067383, 2.8174896240234375, 0.0, 1000, 1000, 1000, 1000, -1.1193044185638428, -4.833517074584961, 0.0, -4.552414417266846, -1.7043724060058594, 5.048534393310547, 0.0, 0.0, 5.048534393310547, 1.914317011833191, 0.0, 0.0, 1.914317011833191)
(-5.45784854888916, -2.6236572265625, 0.0, -1.0, -1.0, 0.0, -2.625702381134033, -1.1451221704483032, 0.0, 17.83139419555664, 6.49462890625, 0.0, 1000, 1000, 1000, 1000, -7.455678939819336, -6.0020647048950195, 0.0, -5.45784854888916, -2.6236572265625, 5.114274024963379, 0.0, 0.0, 5.114274024963379, 1.9099377393722534, 0.0, 0.0, 1.9099377393722534)
(-5.494240760803223, -2.6167755126953125, 0.0, -1.0, 0.0, 0.0, -1.221122145652771, 1.3586946725845337, 0.0, 17.97696304321289, 10.46710205078125, 0.0, 1000, 1000, 1000, 1000, -7.187385559082031, -6.66213846206665, 0.0, -5.494240760803223, -2.6167755126953125, 4.799521446228027, 0.0, -0.0, 4.799521446228027, 2.277101755142212, 0.0, 0.0, 2.277101755142212)
(-5.163141250610352, -2.229050397872925, 0.0, -1.0, -1.0, 0.0, 0.12238931655883789, 2.3052594661712646, 0.0, 16.652565002441406, 4.916201591491699, 0.0, 1000, 1000, 1000, 1000, -4.25865364074707, -5.122776031494141, 0.0, -5.163141250610352, -2.229050397872925, 4.132544040679932, 0.0, 0.0, 4.132544040679932, 0.6527355313301086, 0.0, 0.0, 0.6527355313301086)
(-5.259861469268799, -2.3361167907714844, 0.0, 0.0, -1.0, 0.0, -3.068450450897217, -1.435198426246643, 0.0, 21.039445877075195, 5.3444671630859375, 0.0, 1000, 1000, 1000, 1000, -4.051425933837891, -3.3405344486236572, 0.0, -5.259861469268799, -2.3361167907714844, 6.026974201202393, 0.0, 0.0, 6.026974201202393, 1.6949163675308228, 0.0, 0.0, 1.6949163675308228)
(-5.0601067543029785, -2.0418965816497803, 0.0, -1.0, -1.0, 0.0, 3.939183235168457, 5.282358646392822, 0.0, 16.240427017211914, 4.167586326599121, 0.0, 1000, 1000, 1000, 1000, -3.901695728302002, -4.7538886070251465, 0.0, -5.0601067543029785, -2.0418965816497803, 3.0753109455108643, 0.0, -0.0, 3.0753109455108643, -0.2786930799484253, 0.0, -0.0, -0.2786930799484253)
(-5.507184982299805, -2.4998559951782227, 0.0, -1.0, -1.0, 0.0, -4.6104350090026855, -3.496267080307007, 0.0, 22.02873992919922, 5.999423980712891, 0.0, 1000, 1000, 1000, 1000, -4.877652168273926, -5.459457874298096, 0.0, -5.507184982299805, -2.4998559951782227, 6.659793853759766, 0.0, 0.0, 6.659793853759766, 2.373922824859619, 0.0, -0.0, 2.373922824859619)
(-4.6808390617370605, -1.5826940536499023, 0.0, -1.0, -1.0, 0.0, 10.56513786315918, 12.44266414642334, 0.0, 14.723356246948242, 2.3307762145996094, 0.0, 1000, 1000, 1000, 1000, -4.054830551147461, -4.605190277099609, 0.0, -4.6808390617370605, -1.5826940536499023, 1.0395545959472656, 0.0, -0.0, 1.0395545959472656, -2.5279719829559326, 0.0, -0.0, -2.5279719829559326)
(-3.641761302947998, -0.43866604566574097, 0.0, -1.0, -1.0, 0.0, -3.602801561355591, -2.2901604175567627, 0.0, 10.567045211791992, -2.245335817337036, 0.0, 1000, 1000, 1000, 1000, -2.070852279663086, -3.43422794342041, 0.0, -3.641761302947998, -0.43866604566574097, 3.542461633682251, 0.0, -0.0, 3.542461633682251, 0.01120615005493164, 0.0, 0.0, 0.01120615005493164)
(-3.7377140522003174, -0.5521430969238281, 0.0, -1.0, -1.0, 0.0, -3.343259572982788, -1.8779466152191162, 0.0, 10.95085620880127, -1.7914276123046875, 0.0, 1000, 1000, 1000, 1000, -2.545107841491699, -3.404536724090576, 0.0, -3.7377140522003174, -0.5521430969238281, 3.573529005050659, 0.0, 0.0, 3.573529005050659, 0.021629750728607178, 0.0, 0.0, 0.021629750728607178)
(-3.907975912094116, -0.654694139957428, 0.0, -1.0, -1.0, 0.0, -3.480664014816284, -1.832145094871521, 0.0, 11.631903648376465, -1.381223440170288, 0.0, 1000, 1000, 1000, 1000, -3.0724563598632812, -3.0690557956695557, 0.0, -3.907975912094116, -0.654694139957428, 3.778141975402832, 0.0, 0.0, 3.778141975402832, 0.11273041367530823, 0.0, 0.0, 0.11273041367530823)
(-4.109626293182373, -0.8567739129066467, 0.0, -1.0, -1.0, 0.0, 9.878114700317383, 12.64113712310791, 0.0, 12.438505172729492, -0.5729043483734131, 0.0, 1000, 1000, 1000, 1000, -2.6424612998962402, -4.008403778076172, 0.0, -4.109626293182373, -0.8567739129066467, 0.6400976181030273, 0.0, -0.0, 0.6400976181030273, -3.3035104274749756, 0.0, -0.0, -3.3035104274749756)
(-1.6301372051239014, 1.7368531227111816, 0.0, -1.0, -1.0, 0.0, 16.061321258544922, 18.8090763092041, 0.0, 2.5205488204956055, -10.947412490844727, 0.0, 1000, 1000, 1000, 1000, -1.7174725532531738, -1.1153700351715088, 0.0, -1.6301372051239014, 1.7368531227111816, -3.385193109512329, 0.0, -0.0, -3.385193109512329, -7.439122200012207, 0.0, -0.0, -7.439122200012207)
(-1.5759838819503784, 1.7983453273773193, 0.0, -1.0, -1.0, 0.0, -25.266923904418945, -25.114587783813477, 0.0, 2.3039355278015137, -11.193381309509277, 0.0, 1000, 1000, 1000, 1000, -0.18692874908447266, -0.8497576713562012, 0.0, -1.5759838819503784, 1.7983453273773193, 6.892714977264404, 0.0, 0.0, 6.892714977264404, 3.48030161857605, 0.0, 0.0, 3.48030161857605)
(-2.4441168308258057, 0.8441234827041626, 0.0, -1.0, -1.0, 0.0, 16.275060653686523, 22.03045082092285, 0.0, 5.776467323303223, -7.37649393081665, 0.0, 1000, 1000, 1000, 1000, -3.6696743965148926, 0.6854748725891113, 0.0, -2.4441168308258057, 0.8441234827041626, -2.624648332595825, 0.0, -0.0, -2.624648332595825, -7.351736068725586, 0.0, -0.0, -7.351736068725586)
(-2.9169485569000244, 0.3173254728317261, 0.0, -1.0, -1.0, 0.0, -31.8012752532959, -31.557336807250977, 0.0, 7.667794227600098, -5.269301891326904, 0.0, 1000, 1000, 1000, 1000, -0.22670531272888184, -1.010777473449707, 0.0, -2.9169485569000244, 0.3173254728317261, 9.867267608642578, 0.0, 0.0, 9.867267608642578, 6.5720086097717285, 0.0, 0.0, 6.5720086097717285)
(-3.6315770149230957, -0.5744615793228149, 0.0, -1.0, -1.0, 0.0, 26.18345832824707, 30.54953384399414, 0.0, 10.526308059692383, -1.7021536827087402, 0.0, 1000, 1000, 1000, 1000, -1.1683566570281982, -0.7738480567932129, 0.0, -3.6315770149230957, -0.5744615793228149, -3.914287567138672, 0.0, -0.0, -3.914287567138672, -8.062921524047852, 0.0, -0.0, -8.062921524047852)
(-3.6439061164855957, -0.42279717326164246, 0.0, -1.0, -1.0, 0.0, -22.33562660217285, -22.000083923339844, 0.0, 10.575624465942383, -2.3088111877441406, 0.0, 1000, 1000, 1000, 1000, -3.472844123840332, -4.365295886993408, 0.0, -3.6439061164855957, -0.42279717326164246, 8.227812767028809, 0.0, 0.0, 8.227812767028809, 4.922818183898926, 0.0, 0.0, 4.922818183898926)
(-2.7699134349823, 0.40904471278190613, 0.0, -1.0, -1.0, 0.0, 22.931549072265625, 27.557167053222656, 0.0, 7.079653739929199, -5.636178970336914, 0.0, 1000, 1000, 1000, 1000, -1.4783294200897217, -0.904085636138916, 0.0, -2.7699134349823, 0.40904471278190613, -3.9629738330841064, 0.0, -0.0, -3.9629738330841064, -8.298336029052734, 0.0, -0.0, -8.298336029052734)
(-3.909517526626587, -0.7074581384658813, 0.0, -1.0, 0.0, 0.0, -25.923412322998047, -26.2901611328125, 0.0, 11.638070106506348, -1.1701674461364746, 0.0, 1000, 1000, 1000, 1000, -3.7281408309936523, -3.555144786834717, 0.0, -3.909517526626587, -0.7074581384658813, 9.39037036895752, 0.0, 0.0, 9.39037036895752, 6.279998302459717, 0.0, 0.0, 6.279998302459717)
(-3.0602712631225586, 0.17888356745243073, 0.0, -1.0, -1.0, 0.0, 15.206358909606934, 19.099153518676758, 0.0, 8.241085052490234, -4.715534210205078, 0.0, 1000, 1000, 1000, 1000, 1.2826051712036133, -0.2401571273803711, 0.0, -3.0602712631225586, 0.17888356745243073, -1.7413184642791748, 0.0, 0.0, -1.7413184642791748, -5.953671932220459, 0.0, 0.0, -5.953671932220459)
(-5.28011417388916, -2.208009958267212, 0.0, -1.0, 0.0, 0.0, -8.015015602111816, -8.809244155883789, 0.0, 17.12045669555664, 8.832039833068848, 0.0, 1000, 1000, 1000, 1000, -8.6072416305542, -5.317312717437744, 0.0, -5.28011417388916, -2.208009958267212, 6.283867835998535, 0.0, -0.0, 6.283867835998535, 4.410321235656738, 0.0, -0.0, 4.410321235656738)
(-2.7223002910614014, 0.5816398859024048, 0.0, -1.0, -1.0, 0.0, -3.816541910171509, -2.03061842918396, 0.0, 6.8892011642456055, -6.326559543609619, 0.0, 1000, 1000, 1000, 1000, -0.41893553733825684, 0.3039064407348633, 0.0, -2.7223002910614014, 0.5816398859024048, 2.676435708999634, 0.0, 0.0, 2.676435708999634, -1.0739853382110596, 0.0, 0.0, -1.0739853382110596)
(-4.970425128936768, -1.8246076107025146, 0.0, 0.0, -1.0, 0.0, 9.359030723571777, 11.175488471984863, 0.0, 15.88170051574707, 7.298430442810059, 0.0, 1000, 1000, 1000, 1000, -6.291173934936523, -4.624438285827637, 0.0, -4.970425128936768, -1.8246076107025146, 1.6306674480438232, 0.0, -0.0, 1.6306674480438232, -0.9692645072937012, 0.0, -0.0, -0.9692645072937012)
(-2.5454585552215576, 0.8116715550422668, 0.0, -1.0, -1.0, 0.0, -14.091351509094238, -13.526801109313965, 0.0, 6.1818342208862305, -7.246685981750488, 0.0, 1000, 1000, 1000, 1000, -0.2793450355529785, -0.49745798110961914, 0.0, -2.5454585552215576, 0.8116715550422668, 5.068296432495117, 0.0, 0.0, 5.068296432495117, 1.5700287818908691, 0.0, 0.0, 1.5700287818908691)
(-4.928105354309082, -1.7212079763412476, 0.0, 0.0, -1.0, 0.0, 13.328495979309082, 17.068618774414062, 0.0, 19.712421417236328, 2.8848319053649902, 0.0, 1000, 1000, 1000, 1000, -1.0199503898620605, -5.076612949371338, 0.0, -4.928105354309082, -1.7212079763412476, 1.5959813594818115, 0.0, -0.0, 1.5959813594818115, -3.5459465980529785, 0.0, -0.0, -3.5459465980529785)
(-3.9314048290252686, -0.6753859519958496, 0.0, -1.0, -1.0, 0.0, -14.625701904296875, -14.076419830322266, 0.0, 11.725619316101074, -1.2984561920166016, 0.0, 1000, 1000, 1000, 1000, -3.1781067848205566, -3.3586583137512207, 0.0, -3.9314048290252686, -0.6753859519958496, 6.587830543518066, 0.0, 0.0, 6.587830543518066, 3.194490909576416, 0.0, 0.0, 3.194490909576416)
(-4.536015033721924, -1.361515998840332, 0.0, -1.0, -1.0, 0.0, 17.374298095703125, 20.076251983642578, 0.0, 18.144060134887695, 1.4460639953613281, 0.0, 1000, 1000, 1000, 1000, -2.6359357833862305, -2.74741530418396, 0.0, -4.536015033721924, -1.361515998840332, 0.19244050979614258, 0.0, -0.0, 0.19244050979614258, -4.6575469970703125, 0.0, -0.0, -4.6575469970703125)
(-4.660859107971191, -1.38664972782135, 0.0, -1.0, -1.0, 0.0, -18.39669418334961, -19.114587783813477, 0.0, 14.643436431884766, 1.5465989112854004, 0.0, 1000, 1000, 1000, 1000, -4.676415920257568, -5.329926490783691, 0.0, -4.660859107971191, -1.38664972782135, 8.260032653808594, 0.0, 0.0, 8.260032653808594, 5.16529655456543, 0.0, 0.0, 5.16529655456543)