
(-4.840129852294922, -4.726434707641602, 0.0, 0.0, 0.0, 0.0, -0.41198474168777466, 1.3893206119537354, 0.0, 38.721038818359375, 37.81147766113281, 0.0, 1000, 1000, 1000, 1000, -4.840129852294922, -4.726434707641602, 0.0, -4.840129852294922, -4.726434707641602, 0.0, 0.0, 9.830214500427246, 9.830214500427246, 0.0, 0.0, 9.149246215820312, 9.149246215820312)
(-4.971078395843506, -4.427428722381592, 0.0, 0.0, 0.0, 0.0, -0.6562595367431641, 1.2519160509109497, 0.0, 39.76862716674805, 35.419429779052734, 0.0, 1000, 1000, 1000, 1000, -5.5392165184021, -4.757009506225586, 0.0, -4.971078395843506, -4.427428722381592, 0.0, 0.0, 0.10955885797739029, 0.10955885797739029, 0.0, 0.0, -0.061981651932001114, -0.061981651932001114)
(-5.085287094116211, -4.1630144119262695, 0.0, 0.0, 0.0, 0.0, -0.44251909852027893, 1.2671831846237183, 0.0, 40.68229675292969, 33.304115295410156, 0.0, 1000, 1000, 1000, 1000, -5.246376991271973, -4.395211219787598, 0.0, -5.085287094116211, -4.1630144119262695, 0.0, 0.0, 0.18990637362003326, 0.18990637362003326, 0.0, 0.0, -0.06550801545381546, -0.06550801545381546)
(-5.182314872741699, -3.9056570529937744, 0.0, 0.0, 0.0, 0.0, -0.8852671980857849, 1.2366487979888916, 0.0, 41.458518981933594, 31.245256423950195, 0.0, 1000, 1000, 1000, 1000, -5.150773525238037, -4.518492698669434, 0.0, -5.182314872741699, -3.9056570529937744, 0.0, 0.0, 0.18148046731948853, 0.18148046731948853, 0.0, 0.0, 0.313326358795166, 0.313326358795166)
(-5.279839992523193, -3.691176414489746, 0.0, 0.0, 0.0, 0.0, -0.8852671980857849, 0.8244351148605347, 0.0, 42.23871994018555, 29.52941131591797, 0.0, 1000, 1000, 1000, 1000, -4.6441144943237305, -4.253235816955566, 0.0, -5.279839992523193, -3.691176414489746, 0.0, 0.0, 0.16132746636867523, 0.16132746636867523, 0.0, 0.0, 0.07108216732740402, 0.07108216732740402)
(-5.365417003631592, -3.49186635017395, 0.0, 0.0, 0.0, 0.0, -1.160076379776001, 0.8091679215431213, 0.0, 42.923336029052734, 27.9349308013916, 0.0, 1000, 1000, 1000, 1000, -5.334767818450928, -5.241811275482178, 0.0, -5.365417003631592, -3.49186635017395, 0.0, 0.0, 0.36631959676742554, 0.36631959676742554, 0.0, 0.0, -0.052344512194395065, -0.052344512194395065)
(-5.601675987243652, -3.449594259262085, 0.0, 0.0, 0.0, 0.0, -1.190610647201538, 0.1832137405872345, 0.0, 44.81340789794922, 27.59675407409668, 0.0, 1000, 1000, 1000, 1000, -5.709552764892578, -4.231343746185303, 0.0, -5.601675987243652, -3.449594259262085, 0.0, 0.0, 0.08456382155418396, 0.08456382155418396, 0.0, 0.0, 0.10534446686506271, 0.10534446686506271)
(-5.673443794250488, -3.2992494106292725, 0.0, 0.0, 0.0, 0.0, -0.7783969640731812, 1.526725172996521, 0.0, 45.387550354003906, 26.39399528503418, 0.0, 1000, 1000, 1000, 1000, -5.30972957611084, -4.658039093017578, 0.0, -5.673443794250488, -3.2992494106292725, 0.0, 0.0, 0.2319563925266266, 0.2319563925266266, 0.0, 0.0, -0.03216037526726723, -0.03216037526726723)
(-5.976550102233887, -3.375690221786499, 0.0, 0.0, 0.0, 0.0, 0.36664122343063354, 1.0229084491729736, 0.0, 47.812400817871094, 27.005521774291992, 0.0, 1000, 1000, 1000, 1000, -2.7746481895446777, -5.2525715827941895, 0.0, -5.976550102233887, -3.375690221786499, 0.0, 0.0, -0.354328989982605, -0.354328989982605, 0.0, 0.0, 0.22506511211395264, 0.22506511211395264)
(-6.623106956481934, -4.812741279602051, 0.0, 0.0, 0.0, 0.0, -6.366183280944824, -14.07632827758789, 0.0, 52.98485565185547, 38.501930236816406, 0.0, 1000, 1000, 1000, 1000, -8.035780906677246, -5.172961711883545, 0.0, -6.623106956481934, -4.812741279602051, 0.0, 0.0, 0.7287285923957825, 0.7287285923957825, 0.0, 0.0, 1.535709023475647, 1.535709023475647)
(-6.739164352416992, -9.482699394226074, 0.0, 0.0, 0.0, 0.0, 2.2597711086273193, -20.152664184570312, 0.0, 53.91331481933594, 75.8615951538086, 0.0, 1000, 1000, 1000, 1000, -2.5635032653808594, -9.579327583312988, 0.0, -6.739164352416992, -9.482699394226074, 0.0, 0.0, -0.45045220851898193, -0.45045220851898193, 0.0, 0.0, 0.7866922616958618, 0.7866922616958618)
(-6.52375602722168, -7.755546569824219, 0.0, 0.0, 0.0, 0.0, -1.4806870222091675, -27.404573440551758, 0.0, 52.19004821777344, 62.04437255859375, 0.0, 1000, 1000, 1000, 1000, -2.03684663772583, -1.9792311191558838, 0.0, -6.52375602722168, -7.755546569824219, 0.0, 0.0, 0.5283446907997131, 0.5283446907997131, 0.0, 0.0, 8.75943374633789, 8.75943374633789)
(-6.831121921539307, -12.253350257873535, 0.0, 0.0, 0.0, 0.0, 2.946793794631958, 5.8473358154296875, 0.0, 54.64897537231445, 98.02680206298828, 0.0, 1000, 1000, 1000, 1000, -0.05509185791015625, -23.420915603637695, 0.0, -6.831121921539307, -12.253350257873535, 0.0, 0.0, -1.8838053941726685, -1.8838053941726685, 0.0, 0.0, 0.9789252877235413, 0.9789252877235413)
(-6.413875579833984, -8.762308120727539, 0.0, 0.0, 0.0, 0.0, 8.122365951538086, -0.6870152950286865, 0.0, 51.311004638671875, 70.09846496582031, 0.0, 1000, 1000, 1000, 1000, -2.6909685134887695, -5.874238014221191, 0.0, -6.413875579833984, -8.762308120727539, 0.0, 0.0, -1.8016966581344604, -1.8016966581344604, 0.0, 0.0, 4.222949028015137, 4.222949028015137)
(-8.050315856933594, -13.762884140014648, 0.0, 0.0, 0.0, 0.0, -15.95396900177002, -15.832053184509277, 0.0, 64.40252685546875, 110.10307312011719, 0.0, 1000, 1000, 1000, 1000, -9.83871841430664, -22.050785064697266, 0.0, -8.050315856933594, -13.762884140014648, 0.0, 0.0, 1.0378252267837524, 1.0378252267837524, 0.0, 0.0, -0.033868458122015, -0.033868458122015)
(0.6818652749061584, -11.998784065246582, 0.0, 0.0, 0.0, 0.0, 57.75595474243164, 26.839702606201172, 0.0, -5.454922199249268, 95.99027252197266, 0.0, 1000, 1000, 1000, 1000, 3.148425817489624, -15.882410049438477, 0.0, 0.6818652749061584, -11.998784065246582, -0.0, 0.0, -1.8823719024658203, -1.8823719024658203, 0.0, 0.0, -1.6236467361450195, -1.6236467361450195)
(-0.8725188374519348, -3.7072126865386963, 0.0, 0.0, 0.0, 0.0, -51.266944885253906, 42.77863311767578, 0.0, 6.9801506996154785, 29.65770149230957, 0.0, 1000, 1000, 1000, 1000, 3.2125415802001953, 2.905970573425293, 0.0, -0.8725188374519348, -3.7072126865386963, 0.0, 0.0, 4.451268196105957, 4.451268196105957, -0.0, 0.0, -2.4651944637298584, -2.4651944637298584)
(-9.96630859375, 1.417851448059082, 0.0, 0.0, 0.0, 0.0, -14.121908187866211, 22.732831954956055, 0.0, 79.73046875, -11.342811584472656, 0.0, 1000, 1000, 1000, 1000, -14.691747665405273, -1.3049530982971191, 0.0, -9.96630859375, 1.417851448059082, 0.0, 0.0, -0.772136390209198, -0.772136390209198, -0.0, 0.0, -2.0646142959594727, -2.0646142959594727)
(-3.305687427520752, 3.690297842025757, 0.0, 0.0, 0.0, 0.0, 37.862823486328125, -26.183198928833008, 0.0, 26.445499420166016, -29.522382736206055, 0.0, 1000, 1000, 1000, 1000, -1.7758934497833252, 6.650020599365234, 0.0, -3.305687427520752, 3.690297842025757, -0.0, 0.0, -0.6660313606262207, -0.6660313606262207, -0.0, 0.0, 4.214558124542236, 4.214558124542236)
(-3.7945492267608643, 0.8774660229682922, 0.0, 0.0, 0.0, 0.0, -20.091373443603516, 0.32061833143234253, 0.0, 30.356393814086914, -7.019728183746338, 0.0, 1000, 1000, 1000, 1000, 0.678516149520874, -0.660585880279541, 0.0, -3.7945492267608643, 0.8774660229682922, 0.0, 0.0, 0.588440477848053, 0.588440477848053, -0.0, 0.0, -0.21263514459133148, -0.21263514459133148)
(-3.732741117477417, 1.7667012214660645, 0.0, 0.0, 0.0, 0.0, 8.442976951599121, -4.137396812438965, 0.0, 29.861928939819336, -14.133609771728516, 0.0, 1000, 1000, 1000, 1000, -1.117072582244873, 2.94270658493042, 0.0, -3.732741117477417, 1.7667012214660645, 0.0, 0.0, -1.4464823007583618, -1.4464823007583618, -0.0, 0.0, 1.3570599555969238, 1.3570599555969238)
(-1.595199704170227, -1.8189998865127563, 0.0, 0.0, 0.0, 0.0, -5.328015327453613, -4.4732747077941895, 0.0, 12.761597633361816, 14.55199909210205, 0.0, 1000, 1000, 1000, 1000, 0.29210829734802246, -4.842150688171387, 0.0, -1.595199704170227, -1.8189998865127563, 0.0, 0.0, 0.9771637320518494, 0.9771637320518494, 0.0, 0.0, 0.9362334609031677, 0.9362334609031677)
(-4.571734428405762, -0.5164193511009216, 0.0, 0.0, 0.0, 0.0, -13.450152397155762, 8.595427513122559, 0.0, 36.573875427246094, 4.131354808807373, 0.0, 1000, 1000, 1000, 1000, -4.169307708740234, -2.5516867637634277, 0.0, -4.571734428405762, -0.5164193511009216, 0.0, 0.0, 0.6645650267601013, 0.6645650267601013, -0.0, 0.0, -0.34801316261291504, -0.34801316261291504)
(-5.781110763549805, -0.12314537912607193, 0.0, 0.0, 0.0, 0.0, -2.946335792541504, 10.198480606079102, 0.0, 46.24888610839844, 0.9851630330085754, 0.0, 1000, 1000, 1000, 1000, -5.133341312408447, -2.2370104789733887, 0.0, -5.781110763549805, -0.12314537912607193, 0.0, 0.0, 1.049743890762329, 1.049743890762329, -0.0, 0.0, -1.3420116901397705, -1.3420116901397705)
(-6.183831214904785, 0.09179093688726425, 0.0, 0.0, -1.0, 0.0, 8.473511695861816, -2.74808406829834, 0.0, 49.47064971923828, -8.73432731628418, 0.0, 1000, 1000, 1000, 1000, -5.684732913970947, -1.219282865524292, 0.0, -6.183831214904785, 0.09179093688726425, 0.0, 0.0, -1.0704363584518433, -1.0704363584518433, -0.0, 0.0, -1.2513892650604248, -1.2513892650604248)
(-3.911081552505493, -0.8315612077713013, 0.0, 0.0, 0.0, 0.0, 6.25977087020874, -5.251900672912598, 0.0, 31.288652420043945, 6.65248966217041, 0.0, 1000, 1000, 1000, 1000, -2.5525546073913574, -3.1775221824645996, 0.0, -3.911081552505493, -0.8315612077713013, 0.0, 0.0, -0.11427058279514313, -0.11427058279514313, 0.0, 0.0, 0.15930746495723724, 0.15930746495723724)
(-3.8552029132843018, -1.0336368083953857, 0.0, 0.0, 0.0, 0.0, 0.0612977109849453, -0.7328168153762817, 0.0, 30.841623306274414, 8.269094467163086, 0.0, 1000, 1000, 1000, 1000, -1.7607343196868896, -4.447790145874023, 0.0, -3.8552029132843018, -1.0336368083953857, 0.0, 0.0, 0.685110867023468, 0.685110867023468, 0.0, 0.0, 0.3750247061252594, 0.3750247061252594)
(-3.417241334915161, -0.8581968545913696, 0.0, 0.0, 0.0, 0.0, -0.534122109413147, 2.900770902633667, 0.0, 27.33793067932129, 6.865574836730957, 0.0, 1000, 1000, 1000, 1000, -1.4395427703857422, -3.8182826042175293, 0.0, -3.417241334915161, -0.8581968545913696, 0.0, 0.0, 0.1770773082971573, 0.1770773082971573, 0.0, 0.0, -0.14955204725265503, -0.14955204725265503)
(-4.249063968658447, -0.6427536010742188, 0.0, 0.0, 0.0, 0.0, -4.5646562576293945, 3.007641315460205, 0.0, 33.99251174926758, 5.14202880859375, 0.0, 1000, 1000, 1000, 1000, -3.437598705291748, -3.2305729389190674, 0.0, -4.249063968658447, -0.6427536010742188, 0.0, 0.0, 0.8666737079620361, 0.8666737079620361, 0.0, 0.0, -0.1818234622478485, -0.1818234622478485)
(-5.449794292449951, -0.38610413670539856, 0.0, 0.0, -1.0, 0.0, -8.457786560058594, 4.9160380363464355, 0.0, 43.59835433959961, -4.911167144775391, 0.0, 1000, 1000, 1000, 1000, -4.8834614753723145, -3.099651336669922, 0.0, -5.449794292449951, -0.38610413670539856, 0.0, 0.0, 0.5566466450691223, 0.5566466450691223, -0.0, 0.0, -2.0334901809692383, -2.0334901809692383)
(-5.299728870391846, -0.6579863429069519, 0.0, 0.0, 0.0, 0.0, 5.313206195831299, -2.427473306655884, 0.0, 42.397830963134766, 5.263890743255615, 0.0, 1000, 1000, 1000, 1000, -5.876105308532715, -2.143782377243042, 0.0, -5.299728870391846, -0.6579863429069519, 0.0, 0.0, -0.3047088086605072, -0.3047088086605072, 0.0, 0.0, 0.13638608157634735, 0.13638608157634735)
(-4.477068901062012, -1.0843299627304077, 0.0, -1.0, 0.0, 0.0, 2.412442684173584, 0.5954274535179138, 0.0, 27.816551208496094, 8.674639701843262, 0.0, 1000, 1000, 1000, 1000, -3.104999542236328, -3.96197509765625, 0.0, -4.477068901062012, -1.0843299627304077, 0.0, 0.0, -1.5246334075927734, -1.5246334075927734, 0.0, 0.0, 0.028734860941767693, 0.028734860941767693)
(-4.328493118286133, -1.1219912767410278, 0.0, 0.0, 0.0, 0.0, -9.022671699523926, 2.076343536376953, 0.0, 34.62794494628906, 8.975930213928223, 0.0, 1000, 1000, 1000, 1000, -2.2481722831726074, -4.166271686553955, 0.0, -4.328493118286133, -1.1219912767410278, 0.0, 0.0, 0.9829087257385254, 0.9829087257385254, 0.0, 0.0, -0.03181624040007591, -0.03181624040007591)
(-4.233414173126221, -0.9627188444137573, 0.0, 0.0, 0.0, 0.0, 7.572748184204102, 0.7939007878303528, 0.0, 33.867313385009766, 7.701750755310059, 0.0, 1000, 1000, 1000, 1000, -2.744297981262207, -3.5265309810638428, 0.0, -4.233414173126221, -0.9627188444137573, 0.0, 0.0, -0.6889150738716125, -0.6889150738716125, 0.0, 0.0, -0.053896043449640274, -0.053896043449640274)
(-5.319580554962158, -0.4152538478374481, 0.0, 0.0, -1.0, 0.0, -10.381450653076172, 10.000007629394531, 0.0, 42.556644439697266, -4.677968978881836, 0.0, 1000, 1000, 1000, 1000, -5.315434455871582, -2.925903558731079, 0.0, -5.319580554962158, -0.4152538478374481, 0.0, 0.0, 0.15759508311748505, 0.15759508311748505, -0.0, 0.0, -2.930325984954834, -2.930325984954834)
(-4.888862609863281, -0.25435033440589905, 0.0, 0.0, 0.0, 0.0, 4.275038242340088, 1.4503892660140991, 0.0, 39.11090087890625, 2.0348026752471924, 0.0, 1000, 1000, 1000, 1000, -3.9579477310180664, -2.599003314971924, 0.0, -4.888862609863281, -0.25435033440589905, 0.0, 0.0, -0.11506018787622452, -0.11506018787622452, 0.0, 0.0, -0.21126867830753326, -0.21126867830753326)
(-4.7959089279174805, -0.5822299122810364, 0.0, -1.0, 0.0, 0.0, -4.350915908813477, 1.419854998588562, 0.0, 30.367271423339844, 4.657839298248291, 0.0, 1000, 1000, 1000, 1000, -3.5343499183654785, -3.5353641510009766, 0.0, -4.7959089279174805, -0.5822299122810364, 0.0, 0.0, -0.9911860823631287, -0.9911860823631287, 0.0, 0.0, -0.3740672767162323, -0.3740672767162323)
(-4.872364044189453, -0.475808322429657, 0.0, 0.0, 0.0, 0.0, 1.3742748498916626, 0.687030553817749, 0.0, 38.978912353515625, 3.806466579437256, 0.0, 1000, 1000, 1000, 1000, -3.844684600830078, -3.1773488521575928, 0.0, -4.872364044189453, -0.475808322429657, 0.0, 0.0, -0.14511096477508545, -0.14511096477508545, 0.0, 0.0, -0.138787642121315, -0.138787642121315)
(-4.7875542640686035, -0.23154732584953308, 0.0, 0.0, 0.0, 0.0, 1.0536640882492065, 2.58016037940979, 0.0, 38.30043411254883, 1.8523786067962646, 0.0, 1000, 1000, 1000, 1000, -3.573859691619873, -2.601088285446167, 0.0, -4.7875542640686035, -0.23154732584953308, 0.0, 0.0, -0.2765131890773773, -0.2765131890773773, -0.0, 0.0, -0.2115754932165146, -0.2115754932165146)
(-4.76238489151001, -0.1939859241247177, 0.0, 0.0, 0.0, 0.0, -1.8623664379119873, 1.9236717224121094, 0.0, 38.09907913208008, 1.5518873929977417, 0.0, 1000, 1000, 1000, 1000, -3.6491189002990723, -3.2457377910614014, 0.0, -4.76238489151001, -0.1939859241247177, 0.0, 0.0, 0.12766312062740326, 0.12766312062740326, -0.0, 0.0, -0.08724841475486755, -0.08724841475486755)
(-4.967776775360107, -0.06514579057693481, 0.0, 0.0, 0.0, 0.0, -0.6715267300605774, 1.297717571258545, 0.0, 39.74221420288086, 0.5211663246154785, 0.0, 1000, 1000, 1000, 1000, -2.9459939002990723, -2.3333213329315186, 0.0, -4.967776775360107, -0.06514579057693481, 0.0, 0.0, 8.571106910705566, 8.571106910705566, -0.0, 0.0, -0.06871873140335083, -0.06871873140335083)
(-4.450408935546875, 0.16859447956085205, 0.0, 0.0, 0.0, 0.0, 3.2521374225616455, 0.7175648808479309, 0.0, 35.603271484375, -1.3487558364868164, 0.0, 1000, 1000, 1000, 1000, -4.058230876922607, -2.0663998126983643, 0.0, -4.450408935546875, 0.16859447956085205, 0.0, 0.0, -0.2651253044605255, -0.2651253044605255, -0.0, 0.0, 0.19793453812599182, 0.19793453812599182)
(-3.7811315059661865, -0.2064986377954483, 0.0, 0.0, 0.0, 0.0, -0.24404580891132355, -0.1831984668970108, 0.0, 30.249052047729492, 1.6519891023635864, 0.0, 1000, 1000, 1000, 1000, 0.3074634075164795, 2.6543045043945312, 0.0, -3.7811315059661865, -0.2064986377954483, 0.0, 0.0, 0.19906629621982574, 0.19906629621982574, 0.0, 0.0, 0.033546604216098785, 0.033546604216098785)
(-3.2706117630004883, -0.02147093415260315, 0.0, 0.0, 0.0, 0.0, 3.6185495853424072, 2.1068778038024902, 0.0, 26.164894104003906, 0.1717674732208252, 0.0, 1000, 1000, 1000, 1000, -4.672214984893799, -7.018588066101074, 0.0, -3.2706117630004883, -0.02147093415260315, 0.0, 0.0, -0.33629757165908813, -0.33629757165908813, -0.0, 0.0, -0.0986543744802475, -0.0986543744802475)
(-2.916565179824829, -0.0018248355481773615, 0.0, 0.0, 0.0, 0.0, 0.3361068665981293, 1.5877939462661743, 0.0, 23.332521438598633, 0.014598684385418892, 0.0, 1000, 1000, 1000, 1000, -0.596550464630127, -2.1603071689605713, 0.0, -2.916565179824829, -0.0018248355481773615, 0.0, 0.0, -0.18394939601421356, -0.18394939601421356, -0.0, 0.0, 0.07651381939649582, 0.07651381939649582)
(-2.6674187183380127, 0.019816026091575623, 0.0, 0.0, 0.0, 0.0, 1.1910686492919922, 0.33588549494743347, 0.0, 21.3393497467041, -0.15852820873260498, 0.0, 1000, 1000, 1000, 1000, -1.353137493133545, -2.4247829914093018, 0.0, -2.6674187183380127, 0.019816026091575623, 0.0, 0.0, -0.24938124418258667, -0.24938124418258667, -0.0, 0.0, 0.11565422266721725, 0.11565422266721725)
(-2.0377044677734375, -0.15587909519672394, 0.0, 0.0, 0.0, 0.0, 0.9315267205238342, 1.7404656410217285, 0.0, 16.3016357421875, 1.2470327615737915, 0.0, 1000, 1000, 1000, 1000, -0.37610888481140137, -2.8646273612976074, 0.0, -2.0377044677734375, -0.15587909519672394, 0.0, 0.0, 0.04972896724939346, 0.04972896724939346, -0.0, 0.0, -0.1784057319164276, -0.1784057319164276)
(-2.0066306591033936, 0.02674931101500988, 0.0, 0.0, 0.0, 0.0, -1.0074045658111572, 0.44275572896003723, 0.0, 16.05304527282715, -0.21399448812007904, 0.0, 1000, 1000, 1000, 1000, -0.5100831985473633, -3.3067448139190674, 0.0, -2.0066306591033936, 0.02674931101500988, 0.0, 0.0, 0.05113663524389267, 0.05113663524389267, -0.0, 0.0, 0.07168164849281311, 0.07168164849281311)
(-2.032118082046509, 0.18568088114261627, 0.0, 0.0, 0.0, 0.0, -0.2593129873275757, 1.2824504375457764, 0.0, 16.25694465637207, -1.4854470491409302, 0.0, 1000, 1000, 1000, 1000, -0.41748499870300293, -2.6890041828155518, 0.0, -2.032118082046509, 0.18568088114261627, 0.0, 0.0, 0.019632186740636826, 0.019632186740636826, -0.0, 0.0, 0.15346871316432953, 0.15346871316432953)
(-1.9665664434432983, 0.4523340165615082, 0.0, 0.0, 0.0, 0.0, 0.7025190591812134, 1.2061145305633545, 0.0, 15.732531547546387, -3.6186721324920654, 0.0, 1100, 1100, 1100, 1100, -1.1825976371765137, -2.4758243560791016, 0.0, -1.9665664434432983, 0.4523340165615082, 0.0, 0.0, -0.24285674095153809, -0.24285674095153809, -0.0, 0.0, -0.027882257476449013, -0.027882257476449013)
(-1.4122174978256226, 0.7449064254760742, 0.0, 0.0, 0.0, 0.0, -3.0990076065063477, 5.221381664276123, 0.0, 11.29773998260498, -5.959251403808594, 0.0, 1100, 1100, 1100, 1100, -0.19944500923156738, -4.369531631469727, 0.0, -1.4122174978256226, 0.7449064254760742, 0.0, 0.0, 0.5922917127609253, 0.5922917127609253, -0.0, 0.0, -0.4097657799720764, -0.4097657799720764)
(-2.4627275466918945, 1.9942214488983154, 0.0, 0.0, 0.0, 0.0, -0.7325954437255859, 1.0687099695205688, 0.0, 19.701820373535156, -15.953771591186523, 0.0, 1100, 1100, 1100, 1100, 0.021272659301757812, 2.955061912536621, 0.0, -2.4627275466918945, 1.9942214488983154, 0.0, 0.0, -0.3795022666454315, -0.3795022666454315, -0.0, 0.0, 0.15807180106639862, 0.15807180106639862)
(-4.071349143981934, 1.7219467163085938, 0.0, 0.0, 0.0, 0.0, -1.190610647201538, -1.4809083938598633, 0.0, 32.57079315185547, -13.77557373046875, 0.0, 1122, 1122, 1128, 1130, -2.205411911010742, 1.362905502319336, 0.0, -4.071349143981934, 1.7219467163085938, 0.0, 0.0, -0.5313698649406433, -0.5313698649406433, -0.0, 0.0, -0.4602920114994049, -0.4602920114994049)
(-2.8457438945770264, 2.0194060802459717, 0.0, 0.0, 0.0, 0.0, -7.6028242111206055, 12.21374797821045, 0.0, 22.76595115661621, -16.155248641967773, 0.0, 1173, 1178, 1163, 1164, 2.5440330505371094, 0.8656573295593262, 0.0, -2.8457438945770264, 2.0194060802459717, 0.0, 0.0, 0.959134042263031, 0.959134042263031, -0.0, 0.0, -1.5515015125274658, -1.5515015125274658)
(-3.1936275959014893, 2.0879225730895996, 0.0, 0.0, 0.0, 0.0, -3.8470993041992188, -2.427473306655884, 0.0, 25.549020767211914, -16.703380584716797, 0.0, 1242, 1242, 1256, 1255, -6.499049186706543, 2.5118021965026855, 0.0, -3.1936275959014893, 2.0879225730895996, 0.0, 0.0, 0.27478018403053284, 0.27478018403053284, -0.0, 0.0, 0.3323790431022644, 0.3323790431022644)
(-2.588273525238037, 2.679860830307007, 0.0, 0.0, 0.0, 0.0, 4.885725021362305, 0.48855724930763245, 0.0, 20.706188201904297, -21.438886642456055, 0.0, 1321, 1317, 1323, 1322, -4.4695892333984375, -7.663630485534668, 0.0, -2.588273525238037, 2.679860830307007, 0.0, 0.0, -0.6014813184738159, -0.6014813184738159, -0.0, 0.0, 1.1966909170150757, 1.1966909170150757)
(-3.182918071746826, 3.6607518196105957, 0.0, 0.0, 0.0, 0.0, -18.8700008392334, 24.244281768798828, 0.0, 25.46334457397461, -29.286014556884766, 0.0, 1363, 1384, 1456, 1455, -5.927985191345215, -7.027202129364014, 0.0, -3.182918071746826, 3.6607518196105957, 0.0, 0.0, 5.785436630249023, 5.785436630249023, -0.0, 0.0, -5.049236297607422, -5.049236297607422)
(-3.6739931106567383, 4.868051528930664, 0.0, 0.0, 0.0, 0.0, 17.267404556274414, -11.87785530090332, 0.0, 29.391944885253906, -38.94441223144531, 0.0, 1488, 1472, 1398, 1403, 20.884485244750977, 14.112754821777344, 0.0, -3.6739931106567383, 4.868051528930664, 0.0, 0.0, -5.093118190765381, -5.093118190765381, -0.0, 0.0, 2.6510629653930664, 2.6510629653930664)
(-2.610997438430786, 3.59915828704834, 0.0, 0.0, 0.0, 0.0, 14.27503776550293, 3.0992443561553955, 0.0, 20.88797950744629, -28.79326629638672, 0.0, 1482, 1478, 1412, 1418, 28.33884048461914, -0.6565127372741699, 0.0, -2.610997438430786, 3.59915828704834, 0.0, 0.0, -2.5013043880462646, -2.5013043880462646, -0.0, 0.0, -0.8566518425941467, -0.8566518425941467)
(-19.344135284423828, 7.33429479598999, 0.0, 0.0, 0.0, 0.0, -160.5493927001953, -3.633580207824707, 0.0, 154.75308227539062, -58.67435836791992, 0.0, 1352, 1365, 1557, 1516, -15.20948600769043, -20.63093376159668, 0.0, -19.344135284423828, 7.33429479598999, 0.0, 0.0, 13.713980674743652, 13.713980674743652, -0.0, 0.0, 7.08762264251709, 7.08762264251709)
(-13.794833183288574, 5.442134857177734, 0.0, 0.0, 0.0, 0.0, 102.04602813720703, 13.358786582946777, 0.0, 110.3586654663086, -43.537078857421875, 0.0, 1507, 1518, 1374, 1391, 3.1566576957702637, -46.98508071899414, 0.0, -13.794833183288574, 5.442134857177734, 0.0, 0.0, -1.4745006561279297, -1.4745006561279297, -0.0, 0.0, -6.723697185516357, -6.723697185516357)
(-11.013522148132324, 9.290580749511719, 0.0, 0.0, 0.0, 0.0, 37.1147346496582, 3.1603128910064697, 0.0, 88.1081771850586, -74.32464599609375, 0.0, 1574, 1548, 1327, 1341, -0.25535082817077637, 58.32456970214844, 0.0, -11.013522148132324, 9.290580749511719, 0.0, 0.0, -9.872522354125977, -9.872522354125977, -0.0, 0.0, 3.231595516204834, 3.231595516204834)
(25.892770767211914, -1.9591503143310547, 0.0, 0.0, 0.0, 0.0, 50.351375579833984, -9.404572486877441, 0.0, -207.1421661376953, 15.673202514648438, 0.0, 1398, 1447, 1473, 1471, 4.056309700012207, 5.225616455078125, 0.0, 25.892770767211914, -1.9591503143310547, -0.0, 0.0, 12.981216430664062, 12.981216430664062, 0.0, 0.0, -11.684965133666992, -11.684965133666992)
(7.0137763023376465, 8.811727523803711, 0.0, 0.0, 0.0, 0.0, -23.251678466796875, 13.603060722351074, 0.0, -56.11021041870117, -70.49382019042969, 0.0, 1426, 1416, 1470, 1478, 42.992122650146484, -3.3164749145507812, 0.0, 7.0137763023376465, 8.811727523803711, -0.0, 0.0, -4.542659759521484, -4.542659759521484, -0.0, 0.0, 0.5263773798942566, 0.5263773798942566)
(5.212020397186279, 10.029478073120117, 0.0, 0.0, 0.0, 0.0, -95.35855102539062, -103.60304260253906, 0.0, -41.696163177490234, -80.23582458496094, 0.0, 1534, 1528, 1407, 1322, -26.137062072753906, 36.43354034423828, 0.0, 5.212020397186279, 10.029478073120117, 0.0, 0.0, 19.662168502807617, 19.662168502807617, 0.0, 0.0, 22.684017181396484, 22.684017181396484)
(-17.80612564086914, 13.544928550720215, 0.0, 0.0, 0.0, 0.0, 136.3819122314453, 113.87786865234375, 0.0, 142.44900512695312, -108.35942840576172, 0.0, 1551, 1564, 1287, 1387, -38.67731857299805, -18.107301712036133, 0.0, -17.80612564086914, 13.544928550720215, 0.0, 0.0, -21.647705078125, -21.647705078125, -0.0, 0.0, -28.430280685424805, -28.430280685424805)
(2.867716073989868, 13.692697525024414, 0.0, 0.0, 0.0, 0.0, -0.961603045463562, 24.10687828063965, 0.0, -22.941728591918945, -109.54158020019531, 0.0, 1415, 1441, 1467, 1467, -67.78123474121094, 14.574926376342773, 0.0, 2.867716073989868, 13.692697525024414, -0.0, 0.0, 6.623401641845703, 6.623401641845703, -0.0, 0.0, -6.603360176086426, -6.603360176086426)
(0.6490163207054138, 13.845487594604492, 0.0, 0.0, 0.0, 0.0, -68.33564758300781, -20.183198928833008, 0.0, -5.1921305656433105, -110.76390075683594, 0.0, 1376, 1391, 1528, 1496, -48.2779541015625, -9.809489250183105, 0.0, 0.6490163207054138, 13.845487594604492, 0.0, 0.0, 11.815484046936035, 11.815484046936035, -0.0, -0.0, 4.164942264556885, 4.164942264556885)
(-33.45383834838867, 8.121967315673828, 0.0, 0.0, 0.0, 0.0, 41.526947021484375, -50.12213134765625, 0.0, 267.6307067871094, -64.97573852539062, 0.0, 1530, 1458, 1392, 1414, -70.44817352294922, 10.134716033935547, 0.0, -33.45383834838867, 8.121967315673828, 0.0, 0.0, -23.42397117614746, -23.42397117614746, -0.0, -0.0, 12.339423179626465, 12.339423179626465)
(-8.438234329223633, 8.213850975036621, 0.0, 0.0, 0.0, 0.0, 18.122365951538086, 49.96947479248047, 0.0, 67.50587463378906, -65.71080780029297, 0.0, 1465, 1497, 1412, 1416, -74.02803039550781, -10.778230667114258, 0.0, -8.438234329223633, 8.213850975036621, 0.0, 0.0, 6.965377330780029, 6.965377330780029, -0.0, -0.0, -9.045412063598633, -9.045412063598633)
(2.57696795463562, 7.147711753845215, 0.0, 0.0, 0.0, 0.0, 158.9925994873047, -51.29770278930664, 0.0, -20.61574363708496, -57.18169403076172, 0.0, 1438, 1388, 1468, 1496, 11.019131660461426, 70.3692626953125, 0.0, 2.57696795463562, 7.147711753845215, -0.0, 0.0, -19.692790985107422, -19.692790985107422, -0.0, -0.0, 5.539744853973389, 5.539744853973389)
(16.721784591674805, -2.051084280014038, 0.0, 0.0, 0.0, 0.0, -114.4119873046875, -10.183198928833008, 0.0, -133.77427673339844, 16.408674240112305, 0.0, 1294, 1301, 1616, 1579, 32.550052642822266, -8.385570526123047, 0.0, 16.721784591674805, -2.051084280014038, -0.0, 0.0, 10.884283065795898, 10.884283065795898, 0.0, -0.0, 7.855435371398926, 7.855435371398926)
(-4.5282464027404785, 7.523812294006348, 0.0, 0.0, 0.0, 0.0, -38.931068420410156, 15.129778861999512, 0.0, 36.22597122192383, -60.19049835205078, 0.0, 1401, 1395, 1502, 1492, 10.674614906311035, -36.74908447265625, 0.0, -4.5282464027404785, 7.523812294006348, 0.0, 0.0, 0.9454957246780396, 0.9454957246780396, -0.0, -0.0, 3.810960531234741, 3.810960531234741)
(-17.915367126464844, 5.539261341094971, 0.0, 0.0, 0.0, 0.0, -220.39671325683594, -10.687015533447266, 0.0, 143.32293701171875, -44.314090728759766, 0.0, 1313, 1358, 1584, 1534, 1.803056001663208, 35.213714599609375, 0.0, -17.915367126464844, 5.539261341094971, 0.0, 0.0, 23.767248153686523, 23.767248153686523, -0.0, -0.0, 1.3824671506881714, 1.3824671506881714)
(-15.1194486618042, 12.272196769714355, 0.0, 0.0, 0.0, 0.0, 164.97732543945312, -2.167931318283081, 0.0, 120.9555892944336, -98.17757415771484, 0.0, 1576, 1560, 1318, 1336, -73.8529281616211, 6.279178619384766, 0.0, -15.1194486618042, 12.272196769714355, -0.0, 0.0, -8.564800262451172, -8.564800262451172, -0.0, -0.0, -0.7782730460166931, -0.7782730460166931)
(-3.21846604347229, 14.252120971679688, 0.0, 0.0, 0.0, 0.0, 49.57274627685547, -6.74808406829834, 0.0, 25.74772834777832, -114.0169677734375, 0.0, 1536, 1516, 1361, 1377, 54.7332649230957, 3.284698486328125, 0.0, -3.21846604347229, 14.252120971679688, -0.0, 0.0, -8.983205795288086, -8.983205795288086, -0.0, -0.0, 0.8972573280334473, 0.8972573280334473)
(26.915424346923828, 2.3231098651885986, 0.0, 0.0, 0.0, 0.0, -1.8318320512771606, 15.709931373596191, 0.0, -215.32339477539062, -18.58487892150879, 0.0, 1360, 1444, 1502, 1485, -38.98866271972656, 20.03878402709961, 0.0, 26.915424346923828, 2.3231098651885986, -0.0, 0.0, 25.152254104614258, 25.152254104614258, -0.0, -0.0, -16.81973648071289, -16.81973648071289)
(-1.1496351957321167, 12.40092945098877, 0.0, 0.0, 0.0, 0.0, -14.564656257629395, 25.511457443237305, 0.0, 9.197081565856934, -99.20743560791016, 0.0, 1396, 1377, 1500, 1517, 5.540641784667969, 63.177955627441406, 0.0, -1.1496351957321167, 12.40092945098877, 0.0, 0.0, -9.05273723602295, -9.05273723602295, -0.0, -0.0, 0.513019323348999, 0.513019323348999)
(-5.379629611968994, 9.521575927734375, 0.0, 0.0, 0.0, 0.0, -89.60282135009766, -81.92366027832031, 0.0, 43.03703689575195, -76.172607421875, 0.0, 1550, 1535, 1379, 1327, 3.0078563690185547, 6.420642852783203, 0.0, -5.379629611968994, 9.521575927734375, 0.0, 0.0, 9.364300727844238, 9.364300727844238, 0.0, -0.0, 16.613330841064453, 16.613330841064453)
(-25.57514762878418, 9.885013580322266, 0.0, 0.0, 0.0, 0.0, 145.52694702148438, -53.1450309753418, 0.0, 204.60118103027344, -79.08010864257812, 0.0, 1636, 1559, 1292, 1303, -4.032773017883301, 0.7638921737670898, 0.0, -25.57514762878418, 9.885013580322266, 0.0, 0.0, -22.040090560913086, -22.040090560913086, -0.0, -0.0, 16.411781311035156, 16.411781311035156)
(-10.533357620239258, 12.947640419006348, 0.0, 0.0, 0.0, 0.0, -19.694427490234375, 32.88550567626953, 0.0, 84.26686096191406, -103.58112335205078, 0.0, 1455, 1476, 1430, 1428, -55.15524673461914, 6.060588836669922, 0.0, -10.533357620239258, 12.947640419006348, 0.0, 0.0, 5.657304763793945, 5.657304763793945, -0.0, -0.0, -4.778474807739258, -4.778474807739258)
(-3.5471272468566895, 12.046523094177246, 0.0, 0.0, 0.0, 0.0, 52.00022888183594, -16.229000091552734, 0.0, 28.377017974853516, -96.37218475341797, 0.0, 1427, 1414, 1475, 1475, 24.61478042602539, 54.98361587524414, 0.0, -3.5471272468566895, 12.046523094177246, -0.0, 0.0, -3.297232151031494, -3.297232151031494, -0.0, -0.0, 3.199948310852051, 3.199948310852051)
(21.44178581237793, 4.054235458374023, 0.0, 0.0, 0.0, 0.0, -119.89289855957031, 81.37405395507812, 0.0, -171.53428649902344, -32.43388366699219, 0.0, 1270, 1352, 1593, 1579, 18.155500411987305, 20.185298919677734, 0.0, 21.44178581237793, 4.054235458374023, -0.0, 0.0, 23.89851188659668, 23.89851188659668, -0.0, -0.0, -17.08249855041504, -17.08249855041504)
(-8.216849327087402, 9.960747718811035, 0.0, 0.0, 0.0, 0.0, -57.648624420166016, 23.190847396850586, 0.0, 65.73479461669922, -79.68598175048828, 0.0, 1410, 1410, 1489, 1480, 32.090858459472656, 14.987674713134766, 0.0, -8.216849327087402, 9.960747718811035, 0.0, 0.0, 2.064582586288452, 2.064582586288452, -0.0, -0.0, 2.190263271331787, 2.190263271331787)
(-7.432453632354736, 9.708622932434082, 0.0, 0.0, 0.0, 0.0, 34.733055114746094, -54.77861785888672, 0.0, 59.45962905883789, -77.66898345947266, 0.0, 1528, 1498, 1388, 1376, 21.68848419189453, -0.04249382019042969, 0.0, -7.432453632354736, 9.708622932434082, 0.0, 0.0, -4.0965118408203125, -4.0965118408203125, -0.0, -0.0, 10.542993545532227, 10.542993545532227)
(-5.741056442260742, -0.625303328037262, 0.0, 0.0, 0.0, 0.0, -20.640993118286133, 6.290083885192871, 0.0, 45.92845153808594, 5.002426624298096, 0.0, 1402, 1392, 1510, 1486, -5.19467306137085, -25.61375617980957, 0.0, -5.741056442260742, -0.625303328037262, 0.0, 0.0, 3.5645639896392822, 3.5645639896392822, -0.0, -0.0, 8.188375473022461, 8.188375473022461)
(-6.466973781585693, 3.6450066566467285, 0.0, 0.0, 0.0, 0.0, 1.3742748498916626, 16.12214469909668, 0.0, 51.73579025268555, -29.160053253173828, 0.0, 1514, 1516, 1377, 1383, 0.057280898094177246, -18.238689422607422, 0.0, -6.466973781585693, 3.6450066566467285, 0.0, 0.0, -1.2766838073730469, -1.2766838073730469, -0.0, -0.0, -2.2090580463409424, -2.2090580463409424)
(-0.644097626209259, -15.606669425964355, 0.0, 0.0, 0.0, 0.0, 46.13763427734375, -80.82441711425781, 0.0, 5.152781009674072, 124.85335540771484, 0.0, 1494, 1489, 1398, 1408, 2.629427433013916, 15.938116073608398, 0.0, -0.644097626209259, -15.606669425964355, -0.0, 0.0, -3.6118924617767334, -3.6118924617767334, 0.0, -0.0, -1.1064437627792358, -1.1064437627792358)
(-2.2023234367370605, -3.727599859237671, 0.0, 0.0, 0.0, 0.0, -12.610458374023438, 73.77100372314453, 0.0, 17.618587493896484, 29.820798873901367, 0.0, 1380, 1402, 1500, 1508, -2.7865705490112305, -73.9103012084961, 0.0, -2.2023234367370605, -3.727599859237671, 0.0, 0.0, 3.275324821472168, 3.275324821472168, -0.0, -0.0, -7.493303298950195, -7.493303298950195)
(-4.898473262786865, 5.399866104125977, 0.0, 0.0, 0.0, 0.0, -41.9539680480957, 34.96184158325195, 0.0, 39.18778610229492, -43.19892883300781, 0.0, 1433, 1452, 1457, 1448, -11.290643692016602, -49.38370132446289, 0.0, -4.898473262786865, 5.399866104125977, 0.0, 0.0, 7.058000087738037, 7.058000087738037, -0.0, -0.0, -2.757134199142456, -2.757134199142456)
(-6.597020149230957, 14.099547386169434, 0.0, 0.0, 0.0, 0.0, 27.343740463256836, -67.35877227783203, 0.0, 52.776161193847656, -112.79637908935547, 0.0, 1535, 1481, 1399, 1376, 37.845184326171875, 36.89968490600586, 0.0, -6.597020149230957, 14.099547386169434, 0.0, 0.0, -7.882641792297363, -7.882641792297363, -0.0, -0.0, 19.36566925048828, 19.36566925048828)
(-4.703728199005127, 4.250614643096924, 0.0, 0.0, 0.0, 0.0, 21.664350509643555, -7.129763126373291, 0.0, 37.629825592041016, -34.00491714477539, 0.0, 1447, 1448, 1445, 1450, 24.279155731201172, -21.69129753112793, 0.0, -4.703728199005127, 4.250614643096924, 0.0, 0.0, -1.050227403640747, -1.050227403640747, -0.0, -0.0, -1.1601389646530151, -1.1601389646530151)
(-2.9093425273895264, 19.473560333251953, 0.0, 0.0, 0.0, 0.0, -11.434885025024414, 62.24428176879883, 0.0, 23.27474021911621, -155.78848266601562, 0.0, 1412, 1424, 1479, 1475, -3.172313690185547, -14.319403648376465, 0.0, -2.9093425273895264, 19.473560333251953, 0.0, 0.0, 3.846160411834717, 3.846160411834717, -0.0, -0.0, -2.0885331630706787, -2.0885331630706787)
(-6.248429775238037, 10.44036865234375, 0.0, 0.0, 0.0, 0.0, -7.93870210647583, -29.160297393798828, 0.0, 49.9874382019043, -83.52294921875, 0.0, 1433, 1439, 1460, 1458, -61.797874450683594, 20.02351951599121, 0.0, -6.248429775238037, 10.44036865234375, 0.0, 0.0, 2.004147529602051, 2.004147529602051, -0.0, -0.0, -0.883666455745697, -0.883666455745697)
(-2.7914483547210693, 6.008116245269775, 0.0, 0.0, 0.0, 0.0, -28.289846420288086, -55.66411590576172, 0.0, 22.331586837768555, -48.0649299621582, 0.0, 1521, 1510, 1396, 1364, 16.754995346069336, 29.643157958984375, 0.0, -2.7914483547210693, 6.008116245269775, 0.0, 0.0, 5.179925918579102, 5.179925918579102, 0.0, -0.0, 10.822687149047852, 10.822687149047852)
(-37.2724494934082, 3.18758487701416, 0.0, 0.0, 0.0, 0.0, 45.75595474243164, -21.02289390563965, 0.0, 298.1795959472656, -25.50067901611328, 0.0, 1454, 1404, 1453, 1478, -22.831989288330078, -40.13259506225586, 0.0, -37.2724494934082, 3.18758487701416, 0.0, 0.0, -18.773727416992188, -18.773727416992188, -0.0, -0.0, 6.247909069061279, 6.247909069061279)
(-7.241027355194092, 3.6659955978393555, 0.0, 0.0, 0.0, 0.0, 87.5880126953125, 53.55725860595703, 0.0, 57.928218841552734, -29.327964782714844, 0.0, 1480, 1494, 1391, 1424, -12.091302871704102, 0.2578544616699219, 0.0, -7.241027355194092, 3.6659955978393555, -0.0, 0.0, -4.946855545043945, -4.946855545043945, -0.0, -0.0, -11.80799388885498, -11.80799388885498)
(1.5630748271942139, 1.9374750852584839, 0.0, 0.0, 0.0, 0.0, -106.73259735107422, 53.755733489990234, 0.0, -12.504598617553711, -15.499800682067871, 0.0, 1286, 1351, 1584, 1569, -65.8743896484375, 15.413681030273438, 0.0, 1.5630748271942139, 1.9374750852584839, 0.0, 0.0, 19.97956085205078, 19.97956085205078, -0.0, -0.0, -12.428936004638672, -12.428936004638672)
(5.973422050476074, -1.001915454864502, 0.0, 0.0, 0.0, 0.0, 188.71778869628906, -56.38167190551758, 0.0, -47.787376403808594, 8.015323638916016, 0.0, 1503, 1458, 1413, 1420, -61.02849578857422, -28.767358779907227, 0.0, 5.973422050476074, -1.001915454864502, -0.0, 0.0, -13.179865837097168, -13.179865837097168, 0.0, -0.0, 9.524840354919434, 9.524840354919434)
(10.536592483520508, -2.2614662647247314, 0.0, 0.0, 0.0, 0.0, -95.11427307128906, 18.36642074584961, 0.0, -84.29273986816406, 18.09173011779785, 0.0, 1305, 1307, 1591, 1587, 18.350862503051758, 34.478389739990234, 0.0, 10.536592483520508, -2.2614662647247314, 0.0, 0.0, 1.268824577331543, 1.268824577331543, -0.0, -0.0, 0.5336810350418091, 0.5336810350418091)
(3.9567360877990723, 0.3082200884819031, 0.0, 0.0, 0.0, 0.0, -0.01503816805779934, 15.969472885131836, 0.0, -31.653888702392578, -2.4657607078552246, 0.0, 1417, 1433, 1466, 1474, 10.769889831542969, 76.2719955444336, 0.0, 3.9567360877990723, 0.3082200884819031, -0.0, 0.0, 1.9677857160568237, 1.9677857160568237, -0.0, -0.0, -6.177490234375, -6.177490234375)
(-28.482114791870117, 0.622675895690918, 0.0, 0.0, 0.0, 0.0, -14.579923629760742, 1.3282519578933716, 0.0, 227.85691833496094, -4.981407165527344, 0.0, 1396, 1337, 1512, 1545, 33.67155075073242, -50.06546401977539, 0.0, -28.482114791870117, 0.622675895690918, 0.0, 0.0, -23.144962310791016, -23.144962310791016, -0.0, -0.0, 6.5609354972839355, 6.5609354972839355)
(-1.8039897680282593, -0.8019151091575623, 0.0, 0.0, 0.0, 0.0, 50.244503021240234, -5.419839859008789, 0.0, 14.431918144226074, 6.415320873260498, 0.0, 1506, 1506, 1395, 1383, 11.800800323486328, -13.837369918823242, 0.0, -1.8039897680282593, -0.8019151091575623, -0.0, 0.0, 2.6389167308807373, 2.6389167308807373, 0.0, -0.0, 3.095655679702759, 3.095655679702759)
(2.9762306213378906, 2.005864143371582, 0.0, 0.0, 0.0, 0.0, -44.931068420410156, -29.175565719604492, 0.0, -23.809844970703125, -16.046913146972656, 0.0, 1463, 1467, 1445, 1416, 39.2005500793457, -9.493316650390625, 0.0, 2.9762306213378906, 2.005864143371582, 0.0, 0.0, 8.360625267028809, 8.360625267028809, 0.0, -0.0, 6.204901695251465, 6.204901695251465)
(-22.73542022705078, 0.1625644415616989, 0.0, 0.0, 0.0, 0.0, 98.68724822998047, 26.549625396728516, 0.0, 181.88336181640625, -1.3005155324935913, 0.0, 1459, 1441, 1418, 1473, -18.560699462890625, 44.5711784362793, 0.0, -22.73542022705078, 0.1625644415616989, 0.0, 0.0, -18.136154174804688, -18.136154174804688, -0.0, -0.0, -9.341948509216309, -9.341948509216309)
(5.378271579742432, 1.89958918094635, 0.0, 0.0, 0.0, 0.0, 31.420076370239258, 63.358787536621094, 0.0, -43.02617263793945, -15.1967134475708, 0.0, 1462, 1488, 1414, 1426, -77.79055786132812, -2.1543614864349365, 0.0, 5.378271579742432, 1.89958918094635, -0.0, 0.0, 3.543316602706909, 3.543316602706909, -0.0, -0.0, -9.324517250061035, -9.324517250061035)
(-8.974211692810059, 2.373194694519043, 0.0, 0.0, 0.0, 0.0, -206.51885986328125, -33.11449432373047, 0.0, 71.79369354248047, -18.985557556152344, 0.0, 1389, 1420, 1512, 1469, 22.43018341064453, 2.336987018585205, 0.0, -8.974211692810059, 2.373194694519043, 0.0, 0.0, 18.47540855407715, 18.47540855407715, 0.0, -0.0, 2.8592398166656494, 2.8592398166656494)
(-5.050771713256836, -1.0148825645446777, 0.0, 0.0, 0.0, 0.0, 72.53457641601562, -7.419839859008789, 0.0, 40.40617370605469, 8.119060516357422, 0.0, 1528, 1538, 1358, 1366, -7.279488563537598, 46.204307556152344, 0.0, -5.050771713256836, -1.0148825645446777, -0.0, 0.0, 0.5896114706993103, 0.5896114706993103, 0.0, -0.0, -4.20374870300293, -4.20374870300293)
(-4.010644912719727, 0.6961967945098877, 0.0, 0.0, 0.0, 0.0, -25.358549118041992, 61.80153274536133, 0.0, 32.08515930175781, -5.569574356079102, 0.0, 1420, 1465, 1449, 1468, -35.07914733886719, 23.141584396362305, 0.0, -4.010644912719727, 0.6961967945098877, 0.0, 0.0, 6.476889133453369, 6.476889133453369, -0.0, -0.0, -15.988075256347656, -15.988075256347656)
(-3.678757429122925, 2.0407044887542725, 0.0, 0.0, 0.0, 0.0, 7.175801753997803, -12.183198928833008, 0.0, 29.4300594329834, -16.32563591003418, 0.0, 1000, 1000, 1000, 1000, 23.2253475189209, -0.9821605682373047, 0.0, -3.678757429122925, 2.0407044887542725, 0.0, 0.0, 0.29827892780303955, 0.29827892780303955, -0.0, -0.0, 1.3943277597427368, 1.3943277597427368)
(-1.9913417100906372, -0.031155509874224663, 0.0, 0.0, 0.0, 0.0, -4.518855094909668, 0.1832137405872345, 0.0, 15.930733680725098, 0.2492440789937973, 0.0, 1000, 1000, 1000, 1000, 2.4221627712249756, 1.7484707832336426, 0.0, -1.9913417100906372, -0.031155509874224663, 0.0, 0.0, 0.5465471148490906, 0.5465471148490906, 0.0, -0.0, -0.41455817222595215, -0.41455817222595215)
(-2.1363487243652344, -2.3440968990325928, 0.0, 0.0, 0.0, 0.0, 10.82465648651123, -11.221366882324219, 0.0, 17.090789794921875, 18.752775192260742, 0.0, 1000, 1000, 1000, 1000, 1.1803500652313232, -3.2801430225372314, 0.0, -2.1363487243652344, -2.3440968990325928, 0.0, 0.0, -1.805193305015564, -1.805193305015564, 0.0, -0.0, 1.6741979122161865, 1.6741979122161865)
(-2.0003435611724854, -8.102118492126465, 0.0, 0.0, 0.0, 0.0, -14.457786560058594, -13.32823657989502, 0.0, 16.002748489379883, 64.81694793701172, 0.0, 1000, 1000, 1000, 1000, -3.9213995933532715, -13.819587707519531, 0.0, -2.0003435611724854, -8.102118492126465, 0.0, 0.0, 1.762385368347168, 1.762385368347168, 0.0, -0.0, -1.2031505107879639, -1.2031505107879639)
(-6.465687274932861, -7.090572357177734, 0.0, 0.0, 0.0, 0.0, -4.854732990264893, 23.74046516418457, 0.0, 51.72549819946289, 56.724578857421875, 0.0, 1000, 1000, 1000, 1000, -9.979537010192871, -7.723020553588867, 0.0, -6.465687274932861, -7.090572357177734, 0.0, 0.0, -1.1411409378051758, -1.1411409378051758, 0.0, -0.0, -2.427034616470337, -2.427034616470337)
(-4.359881401062012, -7.351308345794678, 0.0, 0.0, 0.0, 0.0, 14.198701858520508, -6.961824417114258, 0.0, 34.879051208496094, 58.81046676635742, 0.0, 1000, 1000, 1000, 1000, -5.234623908996582, -8.695768356323242, 0.0, -4.359881401062012, -7.351308345794678, 0.0, 0.0, -0.7242434620857239, -0.7242434620857239, 0.0, -0.0, -0.32535719871520996, -0.32535719871520996)
(-3.7237114906311035, -10.915412902832031, 0.0, 0.0, 0.0, 0.0, -2.763129711151123, -24.961824417114258, 0.0, 29.789691925048828, 87.32330322265625, 0.0, 1000, 1000, 1000, 1000, -0.7518291473388672, -13.925355911254883, 0.0, -3.7237114906311035, -10.915412902832031, 0.0, 0.0, 0.31816697120666504, 0.31816697120666504, 0.0, -0.0, 1.5322582721710205, 1.5322582721710205)
(-2.014827013015747, -12.089863777160645, 0.0, 0.0, 0.0, 0.0, 16.168167114257812, 7.923671722412109, 0.0, 16.118616104125977, 96.71891021728516, 0.0, 1000, 1000, 1000, 1000, -2.3332886695861816, -12.566152572631836, 0.0, -2.014827013015747, -12.089863777160645, -0.0, 0.0, -0.9359583258628845, -0.9359583258628845, 0.0, -0.0, -0.7259333729743958, -0.7259333729743958)
(0.3294444978237152, -13.393808364868164, 0.0, 0.0, 0.0, 0.0, -11.404351234436035, -16.39693832397461, 0.0, -2.6355559825897217, 107.15046691894531, 0.0, 1000, 1000, 1000, 1000, -1.0901544094085693, -12.786937713623047, 0.0, 0.3294444978237152, -13.393808364868164, 0.0, 0.0, 2.7088727951049805, 2.7088727951049805, 0.0, -0.0, 2.1796419620513916, 2.1796419620513916)
(-6.7528510093688965, -13.167013168334961, 0.0, 0.0, 0.0, 0.0, -39.7707633972168, 6.259549617767334, 0.0, 54.02280807495117, 105.33610534667969, 0.0, 1000, 1000, 1000, 1000, -2.5732908248901367, -21.74492645263672, 0.0, -6.7528510093688965, -13.167013168334961, 0.0, 0.0, 3.5118420124053955, 3.5118420124053955, 0.0, -0.0, -1.920428991317749, -1.920428991317749)
(-7.353299140930176, -12.12658405303955, 0.0, 0.0, 0.0, 0.0, 3.420076370239258, -8.106863021850586, 0.0, 58.826393127441406, 97.0126724243164, 0.0, 1000, 1000, 1000, 1000, -5.774280071258545, -18.41057586669922, 0.0, -7.353299140930176, -12.12658405303955, 0.0, 0.0, -0.08677642047405243, -0.08677642047405243, 0.0, -0.0, 1.5581694841384888, 1.5581694841384888)
(-5.34488582611084, -12.068899154663086, 0.0, 0.0, 0.0, 0.0, 0.9925954341888428, 10.488556861877441, 0.0, 42.75908660888672, 96.55119323730469, 0.0, 1000, 1000, 1000, 1000, -3.5893607139587402, -0.688727855682373, 0.0, -5.34488582611084, -12.068899154663086, 0.0, 0.0, 1.3676642179489136, 1.3676642179489136, 0.0, -0.0, -1.138983964920044, -1.138983964920044)
(-6.434533596038818, -10.91051959991455, 0.0, 0.0, 0.0, 0.0, 13.511679649353027, 4.000007629394531, 0.0, 51.47626876831055, 87.2841567993164, 0.0, 1000, 1000, 1000, 1000, -9.178801536560059, -13.25499153137207, 0.0, -6.434533596038818, -10.91051959991455, 0.0, 0.0, -2.043344736099243, -2.043344736099243, 0.0, -0.0, -0.14685210585594177, -0.14685210585594177)
(-7.342918872833252, -9.447224617004395, 0.0, 0.0, 0.0, 0.0, 9.78648853302002, 29.969472885131836, 0.0, 58.743350982666016, 75.57779693603516, 0.0, 1000, 1000, 1000, 1000, -11.168167114257812, -16.036819458007812, 0.0, -7.342918872833252, -9.447224617004395, 0.0, 0.0, -2.598684310913086, -2.598684310913086, 0.0, -0.0, -3.7088921070098877, -3.7088921070098877)
(-6.85476541519165, -7.682502269744873, 0.0, 0.0, 0.0, 0.0, 2.6719846725463867, 6.931305408477783, 0.0, 54.8381233215332, 61.460018157958984, 0.0, 1000, 1000, 1000, 1000, -7.796439170837402, -5.379630088806152, 0.0, -6.85476541519165, -7.682502269744873, 0.0, 0.0, -0.06928544491529465, -0.06928544491529465, 0.0, -0.0, -0.7909517288208008, -0.7909517288208008)
(-6.197601318359375, -6.490659713745117, 0.0, 0.0, 0.0, 0.0, 11.771221160888672, 14.732831954956055, 0.0, 49.580810546875, 51.92527770996094, 0.0, 1000, 1000, 1000, 1000, -7.796804428100586, -9.707661628723145, 0.0, -6.197601318359375, -6.490659713745117, 0.0, 0.0, -1.3683550357818604, -1.3683550357818604, 0.0, -0.0, -1.0214735269546509, -1.0214735269546509)
(-0.4627683162689209, 0.10727620869874954, 0.0, 0.0, 0.0, 0.0, 40.427711486816406, 45.49618911743164, 0.0, 3.702146530151367, -0.8582096695899963, 0.0, 1000, 1000, 1000, 1000, -1.418229579925537, -3.1911211013793945, 0.0, -0.4627683162689209, 0.10727620869874954, -0.0, 0.0, -3.6662182807922363, -3.6662182807922363, -0.0, -0.0, -3.9525344371795654, -3.9525344371795654)
(-0.8429177403450012, 0.15690745413303375, 0.0, 0.0, 0.0, 0.0, -11.083740234375, -7.770984649658203, 0.0, 6.74334192276001, -1.25525963306427, 0.0, 1000, 1000, 1000, 1000, -1.874650478363037, -4.277445316314697, 0.0, -0.8429177403450012, 0.15690745413303375, 0.0, 0.0, -0.781053900718689, -0.781053900718689, 0.0, -0.0, -0.7464169263839722, -0.7464169263839722)
(-0.6547724604606628, 0.9306116700172424, 0.0, 0.0, 0.0, 0.0, -6.076107025146484, -4.870221138000488, 0.0, 5.238179683685303, -7.4448933601379395, 0.0, 1000, 1000, 1000, 1000, -1.7029821872711182, -2.501814842224121, 0.0, -0.6547724604606628, 0.9306116700172424, 0.0, 0.0, 0.029575489461421967, 0.029575489461421967, -0.0, -0.0, 0.09151371568441391, 0.09151371568441391)
(-0.5891266465187073, 1.2486211061477661, 0.0, 0.0, 0.0, 0.0, 1.145267128944397, 2.6717634201049805, 0.0, 4.713013172149658, -9.988968849182129, 0.0, 1000, 1000, 1000, 1000, -0.4768829345703125, -0.40744543075561523, 0.0, -0.5891266465187073, 1.2486211061477661, 0.0, 0.0, -0.42930248379707336, -0.42930248379707336, -0.0, -0.0, -0.60284423828125, -0.60284423828125)
(-0.5307118892669678, 1.4995160102844238, 0.0, 0.0, 0.0, 0.0, 0.7177862524986267, 2.442755699157715, 0.0, 4.245695114135742, -11.99612808227539, 0.0, 1000, 1000, 1000, 1000, 0.641058087348938, 0.06013822555541992, 0.0, -0.5307118892669678, 1.4995160102844238, 0.0, 0.0, -0.03642231598496437, -0.03642231598496437, -0.0, -0.0, -0.07647928595542908, -0.07647928595542908)
(-0.6131935715675354, 1.5764185190200806, 0.0, 0.0, 0.0, 0.0, -1.3432824611663818, 0.44275572896003723, 0.0, 4.905548572540283, -12.611348152160645, 0.0, 1000, 1000, 1000, 1000, -0.24444890022277832, -0.8117504119873047, 0.0, -0.6131935715675354, 1.5764185190200806, 0.0, 0.0, 0.15812750160694122, 0.15812750160694122, -0.0, -0.0, 0.0690782219171524, 0.0690782219171524)
(-0.6370408535003662, 1.7110393047332764, 0.0, 0.0, 0.0, 0.0, 0.07656488567590714, 1.648862600326538, 0.0, 5.09632682800293, -13.688314437866211, 0.0, 1000, 1000, 1000, 1000, 0.11408162117004395, -0.28072547912597656, 0.0, -0.6370408535003662, 1.7110393047332764, 0.0, 0.0, 0.22240237891674042, 0.22240237891674042, -0.0, -0.0, -0.08513421565294266, -0.08513421565294266)
(-0.67686527967453, 1.8072288036346436, 0.0, 0.0, 0.0, 0.0, -0.7325954437255859, 1.099244236946106, 0.0, 5.41492223739624, -14.457830429077148, 0.0, 1000, 1000, 1000, 1000, -0.04967904090881348, -0.2632732391357422, 0.0, -0.67686527967453, 1.8072288036346436, 0.0, 0.0, 0.06481149047613144, 0.06481149047613144, -0.0, -0.0, -0.01543648075312376, -0.01543648075312376)
(-0.7042900919914246, 1.9103879928588867, 0.0, 0.0, 0.0, 0.0, -0.5035877823829651, 1.4656565189361572, 0.0, 5.6343207359313965, -15.283103942871094, 0.0, 1000, 1000, 1000, 1000, 0.18960142135620117, -0.09610939025878906, 0.0, -0.7042900919914246, 1.9103879928588867, 0.0, 0.0, 0.022449446842074394, 0.022449446842074394, -0.0, -0.0, -0.06204969063401222, -0.06204969063401222)
(-0.7385903596878052, 1.989621639251709, 0.0, 0.0, 0.0, 0.0, -0.44251909852027893, 1.3282519578933716, 0.0, 5.908722877502441, -15.916973114013672, 0.0, 1000, 1000, 1000, 1000, -0.05997037887573242, -0.304440975189209, 0.0, -0.7385903596878052, 1.989621639251709, 0.0, 0.0, -0.0020907858852297068, -0.0020907858852297068, -0.0, -0.0, 0.45432883501052856, 0.45432883501052856)
(-0.763137698173523, 2.0785913467407227, 0.0, 0.0, 0.0, 0.0, -0.4577862620353699, 1.2519160509109497, 0.0, 6.105101585388184, -16.62873077392578, 0.0, 1000, 1000, 1000, 1000, 0.08865511417388916, -0.3235034942626953, 0.0, -0.763137698173523, 2.0785913467407227, 0.0, 0.0, 0.017827320843935013, 0.017827320843935013, -0.0, -0.0, -0.006041299551725388, -0.006041299551725388)
(-0.7984359860420227, 2.1455671787261963, 0.0, 0.0, 0.0, 0.0, -0.4272519052028656, 1.2671831846237183, 0.0, 6.387487888336182, -17.16453742980957, 0.0, 1000, 1000, 1000, 1000, 0.1527400016784668, -0.13458824157714844, 0.0, -0.7984359860420227, 2.1455671787261963, 0.0, 0.0, 0.35572025179862976, 0.35572025179862976, -0.0, -0.0, -0.019987696781754494, -0.019987696781754494)
(-0.818083643913269, 2.207167625427246, 0.0, 0.0, 0.0, 0.0, -0.39671754837036133, 1.099244236946106, 0.0, 6.544669151306152, -17.65734100341797, 0.0, 1000, 1000, 1000, 1000, 0.05011451244354248, -0.5717101097106934, 0.0, -0.818083643913269, 2.207167625427246, 0.0, 0.0, 0.002711613429710269, 0.002711613429710269, -0.0, -0.0, 0.8560754656791687, 0.8560754656791687)
(-0.844040036201477, 2.265733242034912, 0.0, 0.0, 0.0, 0.0, -0.4577862620353699, 1.3435190916061401, 0.0, 6.752320289611816, -18.125865936279297, 0.0, 1000, 1000, 1000, 1000, -0.08082818984985352, -0.4273805618286133, 0.0, -0.844040036201477, 2.265733242034912, 0.0, 0.0, 0.0025780571158975363, 0.0025780571158975363, -0.0, -0.0, -0.03643369674682617, -0.03643369674682617)
(-0.8646414875984192, 2.310577630996704, 0.0, 0.0, 0.0, 0.0, -0.6562595367431641, 1.1603130102157593, 0.0, 6.9171319007873535, -18.484621047973633, 0.0, 1000, 1000, 1000, 1000, -0.2588801383972168, -0.5699386596679688, 0.0, -0.8646414875984192, 2.310577630996704, 0.0, 0.0, 0.06504985690116882, 0.06504985690116882, -0.0, -0.0, 0.6153985261917114, 0.6153985261917114)
(-0.8749369382858276, 2.364074230194092, 0.0, 0.0, 0.0, 0.0, -0.28984731435775757, 1.5877939462661743, 0.0, 6.999495506286621, -18.912593841552734, 0.0, 1000, 1000, 1000, 1000, 0.024112939834594727, -0.6040134429931641, 0.0, -0.8749369382858276, 2.364074230194092, 0.0, 0.0, -0.03109060414135456, -0.03109060414135456, -0.0, -0.0, -0.10754989087581635, -0.10754989087581635)
(-0.884484052658081, 2.4107296466827393, 0.0, 0.0, 0.0, 0.0, -0.2745801508426666, 1.4351221323013306, 0.0, 7.075872421264648, -19.285837173461914, 0.0, 1000, 1000, 1000, 1000, -0.03636574745178223, -0.14161252975463867, 0.0, -0.884484052658081, 2.4107296466827393, 0.0, 0.0, 0.3962387442588806, 0.3962387442588806, -0.0, -0.0, -0.05319448187947273, -0.05319448187947273)
(-0.8923360705375671, 2.4462814331054688, 0.0, 0.0, 0.0, 0.0, -0.534122109413147, 1.1603130102157593, 0.0, 7.138688564300537, -19.57025146484375, 0.0, 1000, 1000, 1000, 1000, -0.20200133323669434, -0.07481908798217773, 0.0, -0.8923360705375671, 2.4462814331054688, 0.0, 0.0, 0.030315140262246132, 0.030315140262246132, -0.0, -0.0, 1.0024206638336182, 1.0024206638336182)
(-0.9119229316711426, 2.4868853092193604, 0.0, 0.0, 0.0, 0.0, -0.4730534255504608, 1.404587745666504, 0.0, 7.295383453369141, -19.895082473754883, 0.0, 1000, 1000, 1000, 1000, -0.04469799995422363, -0.39165639877319336, 0.0, -0.9119229316711426, 2.4868853092193604, 0.0, 0.0, 0.00645885756239295, 0.00645885756239295, -0.0, -0.0, -0.037937674671411514, -0.037937674671411514)
(-0.9201166033744812, 2.521042585372925, 0.0, 0.0, 0.0, 0.0, -0.44251909852027893, 1.3435190916061401, 0.0, 7.36093282699585, -20.1683406829834, 0.0, 1000, 1000, 1000, 1000, -0.25518345832824707, 0.014938831329345703, 0.0, -0.9201166033744812, 2.521042585372925, 0.0, 0.0, 0.7178455591201782, 0.7178455591201782, -0.0, -0.0, -0.02891716919839382, -0.02891716919839382)
(-0.9264435172080994, 2.552015542984009, 0.0, 0.0, 0.0, 0.0, -0.3509160280227661, 1.3129847049713135, 0.0, 7.411548137664795, -20.41612434387207, 0.0, 1000, 1000, 1000, 1000, -0.23812198638916016, -0.29282617568969727, 0.0, -0.9264435172080994, 2.552015542984009, 0.0, 0.0, -0.020223429426550865, -0.020223429426550865, -0.0, -0.0, -0.024416739121079445, -0.024416739121079445)
(-0.9374370574951172, 2.5828328132629395, 0.0, 0.0, 0.0, 0.0, -0.3051145076751709, 1.1908472776412964, 0.0, 7.4994964599609375, -20.662662506103516, 0.0, 1000, 1000, 1000, 1000, -0.09412121772766113, -0.20460748672485352, 0.0, -0.9374370574951172, 2.5828328132629395, 0.0, 0.0, -0.035522282123565674, -0.035522282123565674, -0.0, -0.0, 0.01744833029806614, 0.01744833029806614)
(-0.9551170468330383, 2.607884168624878, 0.0, 0.0, 0.0, 0.0, -0.41198474168777466, 1.2519160509109497, 0.0, 7.640936374664307, -20.863073348999023, 0.0, 1000, 1000, 1000, 1000, 0.09901857376098633, -0.05221271514892578, 0.0, -0.9551170468330383, 2.607884168624878, 0.0, 0.0, -0.015187814831733704, -0.015187814831733704, -0.0, -0.0, 0.9850974082946777, 0.9850974082946777)
(-0.9951637387275696, 2.6068503856658936, 0.0, 0.0, 0.0, 0.0, 1.160534381866455, 2.900770902633667, 0.0, 7.961309909820557, -20.85480308532715, 0.0, 1000, 1000, 1000, 1000, -0.5831658840179443, -0.42296266555786133, 0.0, -0.9951637387275696, 2.6068503856658936, 0.0, 0.0, -0.39212292432785034, -0.39212292432785034, -0.0, -0.0, -0.4333718419075012, -0.4333718419075012)
(-1.0077502727508545, 2.6284878253936768, 0.0, 0.0, 0.0, 0.0, -5.679160118103027, -4.396938800811768, 0.0, 8.062002182006836, -21.027902603149414, 0.0, 1000, 1000, 1000, 1000, 0.9986437559127808, 0.7334342002868652, 0.0, -1.0077502727508545, 2.6284878253936768, 0.0, 0.0, 1.6604666709899902, 1.6604666709899902, -0.0, -0.0, 1.052568793296814, 1.052568793296814)
(-0.9938561916351318, 2.658017873764038, 0.0, 0.0, -1.0, 0.0, -3.694427490234375, -2.9770915508270264, 0.0, 7.950849533081055, -29.264142990112305, 0.0, 1000, 1000, 1000, 1000, -1.0965003967285156, -3.712864398956299, 0.0, -0.9938561916351318, 2.658017873764038, 0.0, 0.0, 0.2509285807609558, 0.2509285807609558, -0.0, -0.0, -1.2791389226913452, -1.2791389226913452)
(-5.945439338684082, -2.8179097175598145, 0.0, 0.0, 0.0, 0.0, -36.030303955078125, -39.29770278930664, 0.0, 47.563514709472656, 22.543277740478516, 0.0, 1000, 1000, 1000, 1000, -5.203812122344971, -5.928085803985596, 0.0, -5.945439338684082, -2.8179097175598145, 0.0, 0.0, 2.81951642036438, 2.81951642036438, 0.0, -0.0, 3.27087140083313, 3.27087140083313)
(-7.104292392730713, -4.22329044342041, 0.0, 0.0, -1.0, 0.0, 0.15290077030658722, 2.1374123096466064, 0.0, 56.8343391418457, 25.78632354736328, 0.0, 1000, 1000, 1000, 1000, -5.157970905303955, -8.594882011413574, 0.0, -7.104292392730713, -4.22329044342041, 0.0, 0.0, 0.21420477330684662, 0.21420477330684662, 0.0, -0.0, -1.0306161642074585, -1.0306161642074585)
(-7.297999382019043, -4.4063286781311035, 0.0, 0.0, 0.0, 0.0, 0.5345801711082458, 2.290083885192871, 0.0, 58.383995056152344, 35.25062942504883, 0.0, 1000, 1000, 1000, 1000, -6.531894683837891, -7.425088405609131, 0.0, -7.297999382019043, -4.4063286781311035, 0.0, 0.0, -0.10379497706890106, -0.10379497706890106, 0.0, -0.0, -0.1437138319015503, -0.1437138319015503)
(-7.176087379455566, -4.262171268463135, 0.0, 0.0, 0.0, 0.0, 1.2979389429092407, 2.6717634201049805, 0.0, 57.40869903564453, 34.09737014770508, 0.0, 1000, 1000, 1000, 1000, -6.359714508056641, -8.083324432373047, 0.0, -7.176087379455566, -4.262171268463135, 0.0, 0.0, 0.6069931983947754, 0.6069931983947754, 0.0, -0.0, -0.146241694688797, -0.146241694688797)
(-4.10157585144043, -0.7845420837402344, 0.0, 0.0, -1.0, 0.0, 28.504045486450195, 33.67939758300781, 0.0, 32.81260681152344, -1.723663330078125, 0.0, 1000, 1000, 1000, 1000, -4.030661106109619, -4.8452558517456055, 0.0, -4.10157585144043, -0.7845420837402344, 0.0, 0.0, -2.7158238887786865, -2.7158238887786865, -0.0, -0.0, -4.966560363769531, -4.966560363769531)
(-2.327732563018799, 1.2702510356903076, 0.0, 0.0, 0.0, 0.0, -11.770763397216797, -11.282435417175293, 0.0, 18.62186050415039, -10.162008285522461, 0.0, 1000, 1000, 1000, 1000, -5.062838077545166, -4.863645553588867, 0.0, -2.327732563018799, 1.2702510356903076, 0.0, 0.0, -0.8316036462783813, -0.8316036462783813, 0.0, -0.0, -0.7542723417282104, -0.7542723417282104)
(-1.5146151781082153, 2.1769349575042725, 0.0, -1.0, 0.0, 0.0, -11.022671699523926, -9.725183486938477, 0.0, 4.116921424865723, -17.41547966003418, 0.0, 1000, 1000, 1000, 1000, -3.6209397315979004, -2.4692065715789795, 0.0, -1.5146151781082153, 2.1769349575042725, 0.0, 0.0, -1.1041855812072754, -1.1041855812072754, -0.0, -0.0, 0.45260491967201233, 0.45260491967201233)
(-1.3763734102249146, 2.3487801551818848, 0.0, 0.0, 0.0, 0.0, 1.0231298208236694, 3.083976984024048, 0.0, 11.010987281799316, -18.790241241455078, 0.0, 1000, 1000, 1000, 1000, -1.6948082447052002, -2.2522737979888916, 0.0, -1.3763734102249146, 2.3487801551818848, 0.0, 0.0, -0.9378818869590759, -0.9378818869590759, -0.0, -0.0, -1.0557200908660889, -1.0557200908660889)
(-1.1368082761764526, 2.620903253555298, 0.0, 0.0, 0.0, 0.0, 1.343740463256836, 3.2061145305633545, 0.0, 9.094466209411621, -20.967226028442383, 0.0, 1000, 1000, 1000, 1000, 1.1120433807373047, 0.5166316032409668, 0.0, -1.1368082761764526, 2.620903253555298, 0.0, 0.0, -0.11808754503726959, -0.11808754503726959, -0.0, -0.0, -0.13524959981441498, -0.13524959981441498)
(-1.1703557968139648, 2.5839641094207764, 0.0, 0.0, 0.0, 0.0, -1.4043511152267456, 0.16794656217098236, 0.0, 9.362846374511719, -20.67171287536621, 0.0, 1000, 1000, 1000, 1000, 0.018558621406555176, -0.7466773986816406, 0.0, -1.1703557968139648, 2.5839641094207764, 0.0, 0.0, 0.12038782238960266, 0.12038782238960266, -0.0, -0.0, 0.13895611464977264, 0.13895611464977264)
(-1.1376007795333862, 2.614177942276001, 0.0, 0.0, 0.0, 0.0, -0.01503816805779934, 1.6030610799789429, 0.0, 9.10080623626709, -20.913423538208008, 0.0, 1000, 1000, 1000, 1000, 0.04386711120605469, -0.2644214630126953, 0.0, -1.1376007795333862, 2.614177942276001, 0.0, 0.0, -0.04456805810332298, -0.04456805810332298, -0.0, -0.0, -0.025471774861216545, -0.025471774861216545)
(-1.1376988887786865, 2.6180906295776367, 0.0, -1.0, 0.0, 0.0, -0.6257252097129822, 1.1603130102157593, 0.0, 1.1015911102294922, -20.944725036621094, 0.0, 1000, 1000, 1000, 1000, 0.07150495052337646, -0.3034677505493164, 0.0, -1.1376988887786865, 2.6180906295776367, 0.0, 0.0, -1.6781798601150513, -1.6781798601150513, -0.0, -0.0, -0.018748199567198753, -0.018748199567198753)
(-1.1167341470718384, 2.642601251602173, 0.0, 0.0, 0.0, 0.0, -0.3814503848552704, 1.297717571258545, 0.0, 8.933873176574707, -21.140810012817383, 0.0, 1000, 1000, 1000, 1000, 0.27805566787719727, -0.1032414436340332, 0.0, -1.1167341470718384, 2.642601251602173, 0.0, 0.0, 0.007195992860943079, 0.007195992860943079, -0.0, -0.0, 0.01386303175240755, 0.01386303175240755)
(-1.1156606674194336, 2.648789882659912, 0.0, 0.0, 0.0, 0.0, -0.41198474168777466, 1.2671831846237183, 0.0, 8.925285339355469, -21.190319061279297, 0.0, 1000, 1000, 1000, 1000, -0.16166210174560547, -0.44461679458618164, 0.0, -1.1156606674194336, 2.648789882659912, 0.0, 0.0, 0.0008571564103476703, 0.0008571564103476703, -0.0, -0.0, -0.006286132615059614, -0.006286132615059614)
(-1.1108094453811646, 2.6679177284240723, 0.0, 0.0, 0.0, 0.0, -0.534122109413147, 1.1450457572937012, 0.0, 8.886475563049316, -21.343341827392578, 0.0, 1000, 1000, 1000, 1000, -0.05443286895751953, -0.3696780204772949, 0.0, -1.1108094453811646, 2.6679177284240723, 0.0, 0.0, 0.008799627423286438, 0.008799627423286438, -0.0, -0.0, 0.02890998311340809, 0.02890998311340809)
(-1.1055254936218262, 2.683835744857788, 0.0, 0.0, 0.0, 0.0, -0.32038167119026184, 1.404587745666504, 0.0, 8.84420394897461, -21.470685958862305, 0.0, 1000, 1000, 1000, 1000, 0.1950981616973877, -0.3150510787963867, 0.0, -1.1055254936218262, 2.683835744857788, 0.0, 0.0, -0.024355890229344368, -0.024355890229344368, -0.0, -0.0, -0.031984053552150726, -0.031984053552150726)
(-1.0968142747879028, 2.687089204788208, 0.0, -1.0, 0.0, 0.0, -0.4272519052028656, 1.2824504375457764, 0.0, 0.7745141983032227, -21.496713638305664, 0.0, 1000, 1000, 1000, 1000, 0.1045602560043335, -0.6142640113830566, 0.0, -1.0968142747879028, 2.687089204788208, 0.0, 0.0, -1.6908828020095825, -1.6908828020095825, -0.0, -0.0, -0.008494424633681774, -0.008494424633681774)
(-1.0922549962997437, 2.7053496837615967, 0.0, 0.0, 0.0, 0.0, -0.4272519052028656, 1.4351221323013306, 0.0, 8.73803997039795, -21.642797470092773, 0.0, 1000, 1000, 1000, 1000, 0.004113197326660156, -0.12636089324951172, 0.0, -1.0922549962997437, 2.7053496837615967, 0.0, 0.0, 0.0034013153053820133, 0.0034013153053820133, -0.0, -0.0, -0.03276263549923897, -0.03276263549923897)