
(0.7191615104675293, -0.8492417335510254, 0.0, 0.0, 0.0, 0.0, -0.320435106754303, 1.2668778896331787, 0.0, -5.753292083740234, 6.793933868408203, 0.0, 1000, 1000, 1000, 1000, 0.7191615104675293, -0.8492417335510254, 0.0, 0.7191615104675293, -0.8492417335510254, -0.0, -0.0, -3.4118340015411377, -3.4118340015411377, 0.0, 0.0, 3.4709908962249756, 3.4709908962249756)
(0.6358756422996521, -0.551364004611969, 0.0, 0.0, 0.0, 0.0, -0.3815038204193115, 1.236343502998352, 0.0, -5.087005138397217, 4.410912036895752, 0.0, 1000, 1000, 1000, 1000, 0.6899228096008301, -0.7310590744018555, 0.0, 0.6358756422996521, -0.551364004611969, -0.0, -0.0, 0.0459844172000885, 0.0459844172000885, 0.0, 0.0, -0.17462795972824097, -0.17462795972824097)
(0.5665608644485474, -0.2747117578983307, 0.0, 0.0, 0.0, 0.0, -0.4120381772518158, 1.3432137966156006, 0.0, -4.532486915588379, 2.1976940631866455, 0.0, 1000, 1000, 1000, 1000, 1.1640839576721191, -0.7254204750061035, 0.0, 0.5665608644485474, -0.2747117578983307, -0.0, -0.0, 0.42829009890556335, 0.42829009890556335, 0.0, 0.0, -0.19041812419891357, -0.19041812419891357)
(0.5095289945602417, -0.002146900398656726, 0.0, 0.0, 0.0, 0.0, -0.167763352394104, 1.3279465436935425, 0.0, -4.076231956481934, 0.017175203189253807, 0.0, 1000, 1000, 1000, 1000, 0.6999936103820801, -1.3731677532196045, 0.0, 0.5095289945602417, -0.002146900398656726, -0.0, -0.0, -0.09489763528108597, -0.09489763528108597, -0.0, 0.0, 0.7874255180358887, 0.7874255180358887)
(0.42897653579711914, 0.20604898035526276, 0.0, 0.0, 0.0, 0.0, -1.022725224494934, 0.3508473336696625, 0.0, -3.431812286376953, -1.648391842842102, 0.0, 1000, 1000, 1000, 1000, 0.09643411636352539, -0.6368098258972168, 0.0, 0.42897653579711914, 0.20604898035526276, -0.0, -0.0, 0.3393680453300476, 0.3393680453300476, -0.0, 0.0, 0.3209277093410492, 0.3209277093410492)
(0.18314549326896667, 0.17060492932796478, 0.0, 0.0, 0.0, 0.0, -4.152496337890625, -3.282740354537964, 0.0, -1.4651639461517334, -1.3648394346237183, 0.0, 1000, 1000, 1000, 1000, 1.743969202041626, -0.03887796401977539, 0.0, 0.18314549326896667, 0.17060492932796478, 0.0, -0.0, 1.5833827257156372, 1.5833827257156372, 0.0, 0.0, 2.4032671451568604, 2.4032671451568604)
(-6.948301792144775, -7.8499603271484375, 0.0, 0.0, 0.0, 0.0, 33.20628356933594, 2.3508472442626953, 0.0, 55.5864143371582, 62.7996826171875, 0.0, 1000, 1000, 1000, 1000, -29.042280197143555, -62.40627670288086, 0.0, -6.948301792144775, -7.8499603271484375, 0.0, 0.0, -36.78251266479492, -36.78251266479492, 0.0, 0.0, -20.205211639404297, -20.205211639404297)
(-7.840530872344971, -9.702278137207031, 0.0, 0.0, 0.0, 0.0, -2.976923704147339, -9.664420127868652, 0.0, 62.724246978759766, 77.61822509765625, 0.0, 1000, 1000, 1000, 1000, -5.654607772827148, -14.036386489868164, 0.0, -7.840530872344971, -9.702278137207031, 0.0, 0.0, -0.26572325825691223, -0.26572325825691223, 0.0, 0.0, 1.113747477531433, 1.113747477531433)
(-7.227553367614746, -8.679497718811035, 0.0, 0.0, 0.0, 0.0, -12.137228965759277, -30.83999252319336, 0.0, 57.82042694091797, 69.43598175048828, 0.0, 1000, 1000, 1000, 1000, -6.338801383972168, -9.593481063842773, 0.0, -7.227553367614746, -8.679497718811035, 0.0, 0.0, 6.4378814697265625, 6.4378814697265625, 0.0, 0.0, 17.56214141845703, 17.56214141845703)
(-9.207441329956055, -16.733577728271484, 0.0, 0.0, 0.0, 0.0, -25.267000198364258, -0.7025877833366394, 0.0, 73.65953063964844, 133.86862182617188, 0.0, 1000, 1000, 1000, 1000, -8.868020057678223, -22.097545623779297, 0.0, -9.207441329956055, -16.733577728271484, 0.0, 0.0, 6.329498291015625, 6.329498291015625, 0.0, 0.0, -9.981525421142578, -9.981525421142578)
(-10.778489112854004, -8.214940071105957, 0.0, 0.0, 0.0, 0.0, 9.557427406311035, 18.014968872070312, 0.0, 86.22791290283203, 65.71952056884766, 0.0, 1000, 1000, 1000, 1000, -10.802608489990234, -7.7845458984375, 0.0, -10.778489112854004, -8.214940071105957, 0.0, 0.0, 0.13888424634933472, 0.13888424634933472, 0.0, 0.0, 2.712195634841919, 2.712195634841919)
(-4.75206995010376, -4.542259216308594, 0.0, 0.0, 0.0, 0.0, 24.549793243408203, -18.733121871948242, 0.0, 38.01655960083008, 36.33807373046875, 0.0, 1000, 1000, 1000, 1000, -3.6664695739746094, 1.3919878005981445, 0.0, -4.75206995010376, -4.542259216308594, 0.0, 0.0, -1.211255669593811, -1.211255669593811, 0.0, 0.0, 12.506409645080566, 12.506409645080566)
(-2.107274293899536, -3.4784152507781982, 0.0, 0.0, 0.0, 0.0, 9.114679336547852, 20.64092445373535, 0.0, 16.85819435119629, 27.827322006225586, 0.0, 1000, 1000, 1000, 1000, -3.7504920959472656, -1.079657793045044, 0.0, -2.107274293899536, -3.4784152507781982, 0.0, 0.0, -0.1133761778473854, -0.1133761778473854, 0.0, 0.0, 0.9100486040115356, 0.9100486040115356)
(-4.275902271270752, -3.6657044887542725, 0.0, 0.0, 0.0, 0.0, -27.892953872680664, -7.89342737197876, 0.0, 34.207218170166016, 29.32563591003418, 0.0, 1000, 1000, 1000, 1000, -2.665792942047119, -4.3145952224731445, 0.0, -4.275902271270752, -3.6657044887542725, 0.0, 0.0, 7.337835788726807, 7.337835788726807, 0.0, 0.0, 5.2274346351623535, 5.2274346351623535)
(-6.927754878997803, -4.318614482879639, 0.0, 0.0, 0.0, 0.0, 11.7864351272583, -4.381977081298828, 0.0, 55.42203903198242, 34.54891586303711, 0.0, 1000, 1000, 1000, 1000, -7.562213897705078, -7.309356212615967, 0.0, -6.927754878997803, -4.318614482879639, 0.0, 0.0, -4.813387870788574, -4.813387870788574, 0.0, 0.0, 1.1326825618743896, 1.1326825618743896)
(-3.0639519691467285, -3.2486541271209717, 0.0, 0.0, 0.0, 0.0, 8.274984359741211, 6.625656604766846, 0.0, 24.511615753173828, 25.989233016967773, 0.0, 1000, 1000, 1000, 1000, -1.2259445190429688, -3.6829402446746826, 0.0, -3.0639519691467285, -3.2486541271209717, 0.0, 0.0, 0.34109458327293396, 0.34109458327293396, 0.0, 0.0, -1.119102954864502, -1.119102954864502)
(-3.8224563598632812, -2.0162200927734375, 0.0, 0.0, 0.0, 0.0, -14.976923942565918, 8.976801872253418, 0.0, 30.57965087890625, 16.1297607421875, 0.0, 1000, 1000, 1000, 1000, -2.915774345397949, -4.772696018218994, 0.0, -3.8224563598632812, -2.0162200927734375, 0.0, 0.0, 3.7673866748809814, 3.7673866748809814, 0.0, 0.0, 0.0850403681397438, 0.0850403681397438)
(-5.8659844398498535, -0.688821017742157, 0.0, 0.0, 0.0, 0.0, 5.694831848144531, -0.5651832222938538, 0.0, 46.92787551879883, 5.510568141937256, 0.0, 1000, 1000, 1000, 1000, -6.604409217834473, -1.2279701232910156, 0.0, -5.8659844398498535, -0.688821017742157, 0.0, 0.0, -3.248814344406128, -3.248814344406128, 0.0, 0.0, 1.1121935844421387, 1.1121935844421387)
(-4.107139587402344, -1.2285228967666626, 0.0, 0.0, 0.0, 0.0, 4.8704047203063965, -2.1529693603515625, 0.0, 32.85711669921875, 9.8281831741333, 0.0, 1000, 1000, 1000, 1000, -4.083171844482422, -2.9656081199645996, 0.0, -4.107139587402344, -1.2285228967666626, 0.0, 0.0, -0.5292006134986877, -0.5292006134986877, 0.0, 0.0, 1.3525924682617188, 1.3525924682617188)
(-3.6246695518493652, -1.4995311498641968, 0.0, 0.0, 0.0, 0.0, -0.9921908378601074, -0.07663358747959137, 0.0, 28.997356414794922, 11.996249198913574, 0.0, 1000, 1000, 1000, 1000, -2.2697267532348633, -2.7518622875213623, 0.0, -3.6246695518493652, -1.4995311498641968, 0.0, 0.0, 0.5013059377670288, 0.5013059377670288, 0.0, 0.0, 0.29162362217903137, 0.29162362217903137)
(-3.8930211067199707, -1.5566320419311523, 0.0, 0.0, 0.0, 0.0, -4.870053291320801, 6.289778709411621, 0.0, 31.144168853759766, 12.453056335449219, 0.0, 1000, 1000, 1000, 1000, -3.0907392501831055, -5.014865875244141, 0.0, -3.8930211067199707, -1.5566320419311523, 0.0, 0.0, 2.3152060508728027, 2.3152060508728027, 0.0, 0.0, -2.2063727378845215, -2.2063727378845215)
(-3.5272252559661865, -0.5295058488845825, 0.0, 0.0, 0.0, 0.0, 11.32841968536377, 3.9539008140563965, 0.0, 28.217802047729492, 4.23604679107666, 0.0, 1000, 1000, 1000, 1000, -3.6991844177246094, -2.5585968494415283, 0.0, -3.5272252559661865, -0.5295058488845825, 0.0, 0.0, -3.1555702686309814, -3.1555702686309814, 0.0, 0.0, 0.9968975186347961, 0.9968975186347961)
(-2.602936267852783, -0.28078681230545044, 0.0, 0.0, 0.0, 0.0, -5.938755512237549, 3.083671808242798, 0.0, 20.823490142822266, 2.2462944984436035, 0.0, 1000, 1000, 1000, 1000, -1.2709729671478271, -3.208366870880127, 0.0, -2.602936267852783, -0.28078681230545044, 0.0, 0.0, 2.008549928665161, 2.008549928665161, -0.0, 0.0, -0.6063176393508911, -0.6063176393508911)
(-3.471531629562378, 0.13344721496105194, 0.0, 0.0, 0.0, 0.0, -1.2517328262329102, 1.7096259593963623, 0.0, 27.772253036499023, -1.0675777196884155, 0.0, 1000, 1000, 1000, 1000, -2.9741458892822266, -1.7668819427490234, 0.0, -3.471531629562378, 0.13344721496105194, 0.0, 0.0, -0.013486198149621487, -0.013486198149621487, -0.0, 0.0, -0.16099876165390015, -0.16099876165390015)
(-3.382319688796997, 0.02784641832113266, 0.0, 0.0, 0.0, 0.0, 2.992542028427124, -0.839992344379425, 0.0, 27.058557510375977, -0.22277134656906128, 0.0, 1000, 1000, 1000, 1000, -3.0230727195739746, -2.196791648864746, 0.0, -3.382319688796997, 0.02784641832113266, 0.0, 0.0, -0.7014092803001404, -0.7014092803001404, 0.0, 0.0, 0.35924920439720154, 0.35924920439720154)
(-3.3552725315093994, 0.0914778932929039, 0.0, 0.0, 0.0, 0.0, -3.0532596111297607, 1.6180229187011719, 0.0, 26.842180252075195, -0.7318231463432312, 0.0, 1000, 1000, 1000, 1000, -2.585409641265869, -2.9519801139831543, 0.0, -3.3552725315093994, 0.0914778932929039, 0.0, 0.0, 0.5643001794815063, 0.5643001794815063, -0.0, 0.0, -0.14366817474365234, -0.14366817474365234)
(-3.1427817344665527, -0.0021189232356846333, 0.0, 0.0, 0.0, 0.0, 2.6261298656463623, 1.419549584388733, 0.0, 25.142253875732422, 0.016951385885477066, 0.0, 1000, 1000, 1000, 1000, -2.7237982749938965, -2.663180351257324, 0.0, -3.1427817344665527, -0.0021189232356846333, 0.0, 0.0, -0.41532793641090393, -0.41532793641090393, -0.0, 0.0, 1.7651658058166504, 1.7651658058166504)
(-3.16278338432312, -0.08975540101528168, 0.0, 0.0, 0.0, 0.0, -2.3051679134368896, 0.33558014035224915, 0.0, 25.30226707458496, 0.7180432081222534, 0.0, 1000, 1000, 1000, 1000, -2.1219186782836914, -2.5282132625579834, 0.0, -3.16278338432312, -0.08975540101528168, 0.0, 0.0, 0.3549245595932007, 0.3549245595932007, 0.0, 0.0, 0.09773493558168411, 0.09773493558168411)
(-3.079843521118164, -0.13981151580810547, 0.0, 0.0, 0.0, 0.0, 1.1452137231826782, 1.6790915727615356, 0.0, 24.638748168945312, 1.1184921264648438, 0.0, 1000, 1000, 1000, 1000, -2.9477357864379883, -2.847019910812378, 0.0, -3.079843521118164, -0.13981151580810547, 0.0, 0.0, 1.538691520690918, 1.538691520690918, -0.0, 0.0, -0.30436304211616516, -0.30436304211616516)
(-3.1261134147644043, -0.15794217586517334, 0.0, 0.0, -1.0, 0.0, -2.549442768096924, 1.312679409980774, 0.0, 25.008907318115234, -6.736462593078613, 0.0, 1000, 1000, 1000, 1000, -1.6978044509887695, -2.571408748626709, 0.0, -3.1261134147644043, -0.15794217586517334, 0.0, 0.0, 0.48814910650253296, 0.48814910650253296, -0.0, 0.0, -4.6055426597595215, -4.6055426597595215)
(-3.315638542175293, -0.09681953489780426, 0.0, 0.0, 0.0, 0.0, -1.6792137622833252, 2.610389232635498, 0.0, 26.525108337402344, 0.7745562791824341, 0.0, 1000, 1000, 1000, 1000, -2.285519599914551, -2.805370807647705, 0.0, -3.315638542175293, -0.09681953489780426, 0.0, 0.0, 0.3223739266395569, 0.3223739266395569, -0.0, 0.0, -0.34489181637763977, -0.34489181637763977)
(-3.550593376159668, 0.044988054782152176, 0.0, 0.0, 0.0, 0.0, 1.2368167638778687, 0.656190812587738, 0.0, 28.404747009277344, -0.3599044382572174, 0.0, 1000, 1000, 1000, 1000, -3.2665743827819824, -2.3089773654937744, 0.0, -3.550593376159668, 0.044988054782152176, 0.0, 0.0, -0.48687943816185, -0.48687943816185, -0.0, 0.0, 0.1852809339761734, 0.1852809339761734)
(-3.6518967151641846, -0.021844474598765373, 0.0, 0.0, 0.0, 0.0, -6.839519023895264, -0.22930534183979034, 0.0, 29.215173721313477, 0.17475579679012299, 0.0, 1000, 1000, 1000, 1000, -1.8654754161834717, -2.999619245529175, 0.0, -3.6518967151641846, -0.021844474598765373, 0.0, 0.0, 1.9231948852539062, 1.9231948852539062, 0.0, 0.0, 0.08107148110866547, 0.08107148110866547)
(-3.2517611980438232, 0.14050337672233582, 0.0, 0.0, 0.0, 0.0, 2.8246030807495117, 1.0684045553207397, 0.0, 26.014089584350586, -1.1240270137786865, 0.0, 1000, 1000, 1000, 1000, -2.0047030448913574, -2.1841623783111572, 0.0, -3.2517611980438232, 0.14050337672233582, 0.0, 0.0, 2.090877056121826, 2.090877056121826, -0.0, 0.0, 0.42910265922546387, 0.42910265922546387)
(-3.550262451171875, 0.12485068291425705, 0.0, 0.0, -1.0, 0.0, -2.9616565704345703, 1.114206075668335, 0.0, 28.402099609375, -8.998805046081543, 0.0, 1000, 1000, 1000, 1000, -2.5927209854125977, -3.112366199493408, 0.0, -3.550262451171875, 0.12485068291425705, 0.0, 0.0, 0.2468157559633255, 0.2468157559633255, -0.0, 0.0, -5.255250453948975, -5.255250453948975)
(-3.604278087615967, 0.07759379595518112, 0.0, 0.0, 0.0, 0.0, -1.8318854570388794, 2.39664888381958, 0.0, 28.834224700927734, -0.620750367641449, 0.0, 1000, 1000, 1000, 1000, -2.438913345336914, -2.6614460945129395, 0.0, -3.604278087615967, 0.07759379595518112, 0.0, 0.0, 16.51862144470215, 16.51862144470215, -0.0, 0.0, -1.6657675504684448, -1.6657675504684448)
(-3.611585855484009, 0.04953603073954582, 0.0, 0.0, 0.0, 0.0, -0.2440992295742035, 0.24397709965705872, 0.0, 28.89268684387207, -0.3962882459163666, 0.0, 1000, 1000, 1000, 1000, -1.7923591136932373, -2.7702648639678955, 0.0, -3.611585855484009, 0.04953603073954582, 0.0, 0.0, -0.14047974348068237, -0.14047974348068237, -0.0, 0.0, 0.11112005263566971, 0.11112005263566971)
(-3.375788927078247, 0.16194751858711243, 0.0, 0.0, 0.0, 0.0, 1.0536106824874878, 1.2516106367111206, 0.0, 27.006311416625977, -1.2955801486968994, 0.0, 1000, 1000, 1000, 1000, -1.84342622756958, -3.2084648609161377, 0.0, -3.375788927078247, 0.16194751858711243, 0.0, 0.0, -0.3420228958129883, -0.3420228958129883, -0.0, 0.0, 0.42908546328544617, 0.42908546328544617)
(-2.968047618865967, 0.3584543466567993, 0.0, 0.0, 0.0, 0.0, -1.969290018081665, 0.4729847311973572, 0.0, 23.744380950927734, -2.8676347732543945, 0.0, 1000, 1000, 1000, 1000, -1.7701425552368164, -2.4003546237945557, 0.0, -2.968047618865967, 0.3584543466567993, 0.0, 0.0, 0.8951737880706787, 0.8951737880706787, -0.0, 0.0, 0.28654518723487854, 0.28654518723487854)
(-3.074476718902588, 0.0699315220117569, 0.0, 0.0, 0.0, 0.0, -0.5647099018096924, 0.16764122247695923, 0.0, 24.595813751220703, -0.5594521760940552, 0.0, 1000, 1000, 1000, 1000, -1.7880184650421143, -3.0473806858062744, 0.0, -3.074476718902588, 0.0699315220117569, 0.0, 0.0, 0.25717565417289734, 0.25717565417289734, -0.0, 0.0, 0.15100261569023132, 0.15100261569023132)
(-3.279120445251465, 0.10252507030963898, 0.0, 0.0, 0.0, 0.0, -0.4883740544319153, 0.6256564855575562, 0.0, 26.23296356201172, -0.8202005624771118, 0.0, 1000, 1000, 1000, 1000, -1.7789568901062012, -3.3400583267211914, 0.0, -3.279120445251465, 0.10252507030963898, 0.0, 0.0, -0.13847100734710693, -0.13847100734710693, -0.0, 0.0, 0.11839727312326431, 0.11839727312326431)
(-3.2416579723358154, 0.1239297091960907, 0.0, 0.0, 0.0, 0.0, -1.4196717739105225, 2.4119160175323486, 0.0, 25.933263778686523, -0.9914376735687256, 0.0, 1000, 1000, 1000, 1000, -3.4233827590942383, -2.4579107761383057, 0.0, -3.2416579723358154, 0.1239297091960907, 0.0, 0.0, 0.29076117277145386, 0.29076117277145386, -0.0, 0.0, -0.1858830600976944, -0.1858830600976944)
(-2.9791100025177, 0.08888863027095795, 0.0, 0.0, 0.0, 0.0, 1.5726946592330933, 2.4119160175323486, 0.0, 23.8328800201416, -0.7111090421676636, 0.0, 1000, 1000, 1000, 1000, -2.392746925354004, -6.403249740600586, 0.0, -2.9791100025177, 0.08888863027095795, 0.0, 0.0, -0.20396152138710022, -0.20396152138710022, -0.0, 0.0, -1.0521318912506104, -1.0521318912506104)
(-2.6870336532592773, 0.5738401412963867, 0.0, 0.0, 0.0, 0.0, -1.1143282651901245, 0.45771756768226624, 0.0, 21.49626922607422, -4.590721130371094, 0.0, 1000, 1000, 1000, 1000, -0.7785489559173584, -1.7086849212646484, 0.0, -2.6870336532592773, 0.5738401412963867, 0.0, 0.0, 0.4067528247833252, 0.4067528247833252, -0.0, 0.0, 0.5004108548164368, 0.5004108548164368)
(-2.770286798477173, 0.27098631858825684, 0.0, 0.0, 0.0, 0.0, 0.8704046010971069, -0.13770228624343872, 0.0, 22.162294387817383, -2.1678905487060547, 0.0, 1000, 1000, 1000, 1000, -0.5070414543151855, -3.435302734375, 0.0, -2.770286798477173, 0.27098631858825684, 0.0, 0.0, -0.5514728426933289, -0.5514728426933289, -0.0, 0.0, 0.5402168035507202, 0.5402168035507202)
(-2.818761110305786, 0.37293103337287903, 0.0, 0.0, 0.0, 0.0, -0.8853206038475037, 1.8317633867263794, 0.0, 22.55008888244629, -2.9834482669830322, 0.0, 1000, 1000, 1000, 1000, -2.2541627883911133, -2.0406298637390137, 0.0, -2.818761110305786, 0.37293103337287903, 0.0, 0.0, -0.050828080624341965, -0.050828080624341965, -0.0, 0.0, 0.09865324199199677, 0.09865324199199677)
(-2.6687395572662354, 0.10027384757995605, 0.0, 0.0, 0.0, 0.0, 0.7024656534194946, -0.9010610580444336, 0.0, 21.349916458129883, -0.8021907806396484, 0.0, 1000, 1000, 1000, 1000, -0.9581596851348877, -3.2531981468200684, 0.0, -2.6687395572662354, 0.10027384757995605, 0.0, 0.0, -0.23131603002548218, -0.23131603002548218, 0.0, 0.0, 0.4547823965549469, 0.4547823965549469)
(-2.566690683364868, -0.4031180143356323, 0.0, 0.0, 0.0, 0.0, -0.8395190834999084, 2.076038122177124, 0.0, 20.533525466918945, 3.2249441146850586, 0.0, 1000, 1000, 1000, 1000, -1.1754920482635498, -3.56937575340271, 0.0, -2.566690683364868, -0.4031180143356323, 0.0, 0.0, 0.0880226343870163, 0.0880226343870163, 0.0, 0.0, -0.8554946780204773, -0.8554946780204773)
(-2.5539205074310303, -0.3411676585674286, 0.0, 0.0, 0.0, 0.0, 0.16811449825763702, 0.5645877718925476, 0.0, 20.431364059448242, 2.7293412685394287, 0.0, 1000, 1000, 1000, 1000, -1.5676414966583252, -3.6438257694244385, 0.0, -2.5539205074310303, -0.3411676585674286, 0.0, 0.0, -0.1196054145693779, -0.1196054145693779, 0.0, 0.0, -0.03625636175274849, -0.03625636175274849)
(-2.6725146770477295, -0.15586638450622559, 0.0, 0.0, 0.0, 0.0, -1.1448626518249512, 0.7935954332351685, 0.0, 21.380117416381836, 1.2469310760498047, 0.0, 1000, 1000, 1000, 1000, -1.7479877471923828, -3.180540084838867, 0.0, -2.6725146770477295, -0.15586638450622559, 0.0, 0.0, -0.01352213229984045, -0.01352213229984045, 0.0, 0.0, 0.6839476823806763, 0.6839476823806763)
(-2.712294816970825, -0.19059734046459198, 0.0, 0.0, 0.0, 0.0, -0.167763352394104, 1.969167947769165, 0.0, 21.6983585357666, 1.5247787237167358, 0.0, 1000, 1000, 1000, 1000, -1.295480489730835, -3.5664961338043213, 0.0, -2.712294816970825, -0.19059734046459198, 0.0, 0.0, -0.057269927114248276, -0.057269927114248276, -0.0, 0.0, -0.08091922849416733, -0.08091922849416733)
(-2.641723155975342, -0.17907880246639252, 0.0, 0.0, 0.0, 0.0, -3.0227251052856445, 5.8164963722229, 0.0, 21.133785247802734, 1.4326304197311401, 0.0, 1100, 1100, 1100, 1100, -19.67127799987793, 5.442563056945801, 0.0, -2.641723155975342, -0.17907880246639252, 0.0, 0.0, 2.2725603580474854, 2.2725603580474854, -0.0, 0.0, -3.925232172012329, -3.925232172012329)
(-2.9229907989501953, -0.16896389424800873, 0.0, 0.0, 0.0, 0.0, -4.839519023895264, 4.579854965209961, 0.0, 23.383926391601562, 1.3517111539840698, 0.0, 1100, 1100, 1100, 1100, -6.557168960571289, -3.2736406326293945, 0.0, -2.9229907989501953, -0.16896389424800873, 0.0, 0.0, 0.9583957195281982, 0.9583957195281982, -0.0, 0.0, -1.4490493535995483, -1.4490493535995483)
(-2.2894158363342285, -0.026110637933015823, 0.0, 0.0, 0.0, 0.0, 3.740633487701416, -3.0079312324523926, 0.0, 18.315326690673828, 0.2088851034641266, 0.0, 1100, 1100, 1100, 1100, -4.30687952041626, -2.478466033935547, 0.0, -2.2894158363342285, -0.026110637933015823, 0.0, 0.0, -0.24256829917430878, -0.24256829917430878, 0.0, 0.0, 1.6647392511367798, 1.6647392511367798)
(-2.3193464279174805, 0.17366528511047363, 0.0, 0.0, 0.0, 0.0, 3.12994647026062, -1.8018244504928589, 0.0, 18.554771423339844, -1.389322280883789, 0.0, 1119, 1112, 1131, 1132, 2.8775806427001953, -8.699771881103516, 0.0, -2.3193464279174805, 0.17366528511047363, 0.0, 0.0, -1.9571691751480103, -1.9571691751480103, 0.0, 0.0, 1.2496603727340698, 1.2496603727340698)
(-3.118070602416992, 0.3413073718547821, 0.0, 0.0, 0.0, 0.0, -1.2822672128677368, -2.1529693603515625, 0.0, 24.944564819335938, -2.730458974838257, 0.0, 1162, 1156, 1184, 1181, -11.413856506347656, 0.328249454498291, 0.0, -3.118070602416992, 0.3413073718547821, 0.0, 0.0, -0.8880563974380493, -0.8880563974380493, -0.0, 0.0, 2.368725538253784, 2.368725538253784)
(-2.854372262954712, 0.7356723546981812, 0.0, 0.0, 0.0, 0.0, 2.1528472900390625, 4.259244441986084, 0.0, 22.834978103637695, -5.885378837585449, 0.0, 1276, 1273, 1258, 1263, 0.3773146867752075, 2.0851244926452637, 0.0, -2.854372262954712, 0.7356723546981812, 0.0, 0.0, -2.1586720943450928, -2.1586720943450928, -0.0, 0.0, -0.6865120530128479, -0.6865120530128479)
(-2.730893850326538, 0.7962846755981445, 0.0, 0.0, 0.0, 0.0, -6.030358791351318, 6.091305255889893, 0.0, 21.847150802612305, -6.370277404785156, 0.0, 1289, 1304, 1333, 1336, -2.375633716583252, -24.924259185791016, 0.0, -2.730893850326538, 0.7962846755981445, 0.0, 0.0, 3.0290164947509766, 3.0290164947509766, -0.0, 0.0, -4.7430596351623535, -4.7430596351623535)
(-3.9965457916259766, 2.4979891777038574, 0.0, 0.0, 0.0, 0.0, 8.198648452758789, 26.18290901184082, 0.0, 31.972366333007812, -19.98391342163086, 0.0, 1354, 1376, 1357, 1391, -55.636741638183594, 1.7030653953552246, 0.0, -3.9965457916259766, 2.4979891777038574, 0.0, 0.0, -2.984717607498169, -2.984717607498169, -0.0, 0.0, -14.131804466247559, -14.131804466247559)
(-3.1129682064056396, 2.7096781730651855, 0.0, 0.0, 0.0, 0.0, 25.49635887145996, -12.687320709228516, 0.0, 24.903745651245117, -21.677425384521484, 0.0, 1432, 1388, 1430, 1444, 49.46150207519531, -12.109280586242676, 0.0, -3.1129682064056396, 2.7096781730651855, -0.0, 0.0, -14.447404861450195, -14.447404861450195, -0.0, 0.0, 7.452016830444336, 7.452016830444336)
(-3.4275622367858887, 3.900871515274048, 0.0, 0.0, 0.0, 0.0, 12.778801918029785, -15.771289825439453, 0.0, 27.42049789428711, -31.206972122192383, 0.0, 1554, 1509, 1423, 1416, 24.30131721496582, 30.143741607666016, 0.0, -3.4275622367858887, 3.900871515274048, 0.0, 0.0, -9.715807914733887, -9.715807914733887, -0.0, 0.0, 12.928191184997559, 12.928191184997559)
(-4.609859466552734, 5.609216690063477, 0.0, 0.0, 0.0, 0.0, 9.496358871459961, 6.931000232696533, 0.0, 36.878875732421875, -44.87373352050781, 0.0, 1592, 1566, 1444, 1456, 4.540692329406738, 46.1854248046875, 0.0, -4.609859466552734, 5.609216690063477, 0.0, 0.0, -9.540891647338867, -9.540891647338867, -0.0, 0.0, 3.6433217525482178, 3.6433217525482178)
(-5.57963228225708, 6.054879188537598, 0.0, 0.0, 0.0, 0.0, -2.045625925064087, 25.648557662963867, 0.0, 44.63705825805664, -48.43903350830078, 0.0, 1520, 1534, 1488, 1520, -3.235866069793701, -51.542945861816406, 0.0, -5.57963228225708, 6.054879188537598, 0.0, 0.0, -4.323275566101074, -4.323275566101074, -0.0, 0.0, -11.317822456359863, -11.317822456359863)
(-2.196854591369629, 6.019101142883301, 0.0, 0.0, 0.0, 0.0, 41.98490905761719, 15.63329029083252, 0.0, 17.57483673095703, -48.152809143066406, 0.0, 1487, 1493, 1521, 1558, 1.9366142749786377, 52.25044250488281, 0.0, -2.196854591369629, 6.019101142883301, -0.0, 0.0, -7.813389301300049, -7.813389301300049, -0.0, 0.0, -10.688502311706543, -10.688502311706543)
(0.025211038067936897, 6.295555114746094, 0.0, 0.0, 0.0, 0.0, -15.63341236114502, -21.939228057861328, 0.0, -0.20168830454349518, -50.36444091796875, 0.0, 1478, 1457, 1587, 1536, 11.638679504394531, 26.556676864624023, 0.0, 0.025211038067936897, 6.295555114746094, 0.0, 0.0, 7.4240522384643555, 7.4240522384643555, -0.0, 0.0, 18.0484619140625, 18.0484619140625)
(0.021960152313113213, 8.933001518249512, 0.0, 0.0, 0.0, 0.0, 17.09941291809082, -3.2674732208251953, 0.0, -0.1756812185049057, -71.4640121459961, 0.0, 1531, 1490, 1524, 1513, 15.672365188598633, 11.794107437133789, 0.0, 0.021960152313113213, 8.933001518249512, -0.0, 0.0, -7.653602123260498, -7.653602123260498, -0.0, 0.0, 13.113386154174805, 13.113386154174805)
(0.6449532508850098, 9.478748321533203, 0.0, 0.0, 0.0, 0.0, 2.74826717376709, -38.19877243041992, 0.0, -5.159626007080078, -75.82998657226562, 0.0, 1558, 1496, 1520, 1484, 14.215744018554688, 69.51235961914062, 0.0, 0.6449532508850098, 9.478748321533203, -0.0, 0.0, -6.469406604766846, -6.469406604766846, -0.0, 0.0, 24.5484676361084, 24.5484676361084)
(-4.5461626052856445, 8.861672401428223, 0.0, 0.0, 0.0, 0.0, -5.221198558807373, 34.39664840698242, 0.0, 36.369300842285156, -70.89337921142578, 0.0, 1474, 1499, 1509, 1576, 14.373598098754883, -5.533109188079834, 0.0, -4.5461626052856445, 8.861672401428223, 0.0, 0.0, -10.436302185058594, -10.436302185058594, -0.0, 0.0, -22.994760513305664, -22.994760513305664)
(-5.155296802520752, 9.761956214904785, 0.0, 0.0, 0.0, 0.0, 19.404756546020508, 12.732526779174805, 0.0, 41.242374420166016, -78.09564971923828, 0.0, 1450, 1476, 1555, 1577, -71.73296356201172, 10.226726531982422, 0.0, -5.155296802520752, 9.761956214904785, 0.0, 0.0, 1.2159762382507324, 1.2159762382507324, -0.0, -0.0, -11.964574813842773, -11.964574813842773)
(-1.8885059356689453, 9.53944206237793, 0.0, 0.0, 0.0, 0.0, -14.946389198303223, 26.396648406982422, 0.0, 15.108047485351562, -76.31553649902344, 0.0, 1408, 1453, 1589, 1608, 6.958168029785156, -7.220412254333496, 0.0, -1.8885059356689453, 9.53944206237793, 0.0, 0.0, 6.416872024536133, 6.416872024536133, -0.0, -0.0, -15.91584587097168, -15.91584587097168)
(-3.701049566268921, 12.873595237731934, 0.0, 0.0, 0.0, 0.0, 4.3665876388549805, -3.31327486038208, 0.0, 29.608396530151367, -102.98876190185547, 0.0, 1503, 1489, 1534, 1531, 23.82322883605957, 59.76710510253906, 0.0, -3.701049566268921, 12.873595237731934, 0.0, 0.0, -2.6635653972625732, -2.6635653972625732, -0.0, -0.0, 4.412783622741699, 4.412783622741699)
(-4.93214225769043, 12.581236839294434, 0.0, 0.0, 0.0, 0.0, 25.23681640625, 24.014968872070312, 0.0, 39.45713806152344, -100.64989471435547, 0.0, 1486, 1504, 1500, 1568, -5.542393207550049, -23.021635055541992, 0.0, -4.93214225769043, 12.581236839294434, 0.0, 0.0, -12.81897258758545, -12.81897258758545, -0.0, -0.0, -21.539472579956055, -21.539472579956055)
(-7.063024997711182, 16.691761016845703, 0.0, 0.0, 0.0, 0.0, -9.099061012268066, 58.38138198852539, 0.0, 56.50419998168945, -133.53408813476562, 0.0, 1520, 1556, 1464, 1518, -11.84534740447998, -27.684858322143555, 0.0, -7.063024997711182, 16.691761016845703, 0.0, 0.0, -4.46565055847168, -4.46565055847168, -0.0, -0.0, -22.494081497192383, -22.494081497192383)
(-7.828548431396484, 15.589805603027344, 0.0, 0.0, 0.0, 0.0, 3.710099220275879, 8.625656127929688, 0.0, 62.628387451171875, -124.71844482421875, 0.0, 1503, 1513, 1499, 1544, 8.307218551635742, 7.249397277832031, 0.0, -7.828548431396484, 15.589805603027344, 0.0, 0.0, -8.676980972290039, -8.676980972290039, -0.0, -0.0, -13.539228439331055, -13.539228439331055)
(-9.453083992004395, 15.87855052947998, 0.0, 0.0, 0.0, 0.0, -16.3204345703125, 42.33557891845703, 0.0, 75.62467193603516, -127.02840423583984, 0.0, 1486, 1518, 1509, 1545, -37.69618225097656, 33.60246658325195, 0.0, -9.453083992004395, 15.87855052947998, 0.0, 0.0, -1.1867280006408691, -1.1867280006408691, -0.0, -0.0, -16.850908279418945, -16.850908279418945)
(-7.361273288726807, 16.646747589111328, 0.0, 0.0, 0.0, 0.0, -0.9311221241950989, -3.3743433952331543, 0.0, 58.89018630981445, -133.17398071289062, 0.0, 1491, 1501, 1542, 1525, -51.43489074707031, -3.2444238662719727, 0.0, -7.361273288726807, 16.646747589111328, 0.0, 0.0, 6.651881217956543, 6.651881217956543, -0.0, -0.0, 1.6378921270370483, 1.6378921270370483)
(-3.84572696685791, 16.227048873901367, 0.0, 0.0, 0.0, 0.0, -10.076160430908203, 35.770694732666016, 0.0, 30.76581573486328, -129.81639099121094, 0.0, 1440, 1472, 1554, 1592, 0.28823935985565186, 29.042030334472656, 0.0, -3.84572696685791, 16.227048873901367, 0.0, 0.0, -1.3705205917358398, -1.3705205917358398, -0.0, -0.0, -17.71842384338379, -17.71842384338379)
(-2.0904598236083984, 17.05280303955078, 0.0, 0.0, 0.0, 0.0, 13.053610801696777, -37.55754852294922, 0.0, 16.723678588867188, -136.42242431640625, 0.0, 1600, 1537, 1482, 1438, 30.174699783325195, 6.859102249145508, 0.0, -2.0904598236083984, 17.05280303955078, 0.0, 0.0, -4.790205001831055, -4.790205001831055, -0.0, -0.0, 26.761682510375977, 26.761682510375977)
(-2.4632022380828857, 16.386959075927734, 0.0, 0.0, 0.0, 0.0, -7.984557151794434, -19.664419174194336, 0.0, 19.705617904663086, -131.09567260742188, 0.0, 1471, 1474, 1575, 1537, 12.78091812133789, 37.309722900390625, 0.0, -2.4632022380828857, 16.386959075927734, 0.0, 0.0, 10.246468544006348, 10.246468544006348, -0.0, -0.0, 8.859541893005371, 8.859541893005371)
(-1.7714897394180298, 15.181830406188965, 0.0, 0.0, 0.0, 0.0, 15.832236289978027, 12.885198593139648, 0.0, 14.171917915344238, -121.45464324951172, 0.0, 1452, 1466, 1558, 1582, -8.974492073059082, -9.793174743652344, 0.0, -1.7714897394180298, 15.181830406188965, -0.0, 0.0, -2.357126474380493, -2.357126474380493, -0.0, -0.0, -9.471956253051758, -9.471956253051758)
(-4.265169620513916, 16.566198348999023, 0.0, 0.0, 0.0, 0.0, 7.786435127258301, -11.87816047668457, 0.0, 34.12135696411133, -132.5295867919922, 0.0, 1581, 1552, 1462, 1459, 8.692435264587402, -11.980300903320312, 0.0, -4.265169620513916, 16.566198348999023, 0.0, 0.0, -6.370298385620117, -6.370298385620117, -0.0, -0.0, 8.252561569213867, 8.252561569213867)
(-5.452693939208984, 14.368658065795898, 0.0, 0.0, 0.0, 0.0, 4.519259452819824, 15.953900337219238, 0.0, 43.621551513671875, -114.94926452636719, 0.0, 1525, 1523, 1478, 1524, 30.310514450073242, -8.100363731384277, 0.0, -5.452693939208984, 14.368658065795898, 0.0, 0.0, -12.338064193725586, -12.338064193725586, -0.0, -0.0, -11.013022422790527, -11.013022422790527)
(-1.7331452369689941, 14.294059753417969, 0.0, 0.0, 0.0, 0.0, 13.52689266204834, 28.488252639770508, 0.0, 13.865161895751953, -114.35247802734375, 0.0, 1362, 1392, 1436, 1477, -9.900248527526855, -23.36009979248047, 0.0, -1.7331452369689941, 14.294059753417969, 0.0, 0.0, -2.756744146347046, -2.756744146347046, -0.0, -0.0, -17.91659927368164, -17.91659927368164)
(0.08725839108228683, 9.882333755493164, 0.0, 0.0, 0.0, 0.0, -9.083793640136719, -21.191137313842773, 0.0, -0.6980671286582947, -79.05867004394531, 0.0, 1000, 1000, 1000, 1000, 16.81363296508789, 8.693421363830566, 0.0, 0.08725839108228683, 9.882333755493164, 0.0, 0.0, 3.110264301300049, 3.110264301300049, -0.0, -0.0, 2.6082348823547363, 2.6082348823547363)
(-2.518716335296631, 5.4262003898620605, 0.0, 0.0, 0.0, 0.0, -8.778450012207031, -14.992664337158203, 0.0, 20.149730682373047, -43.409603118896484, 0.0, 1000, 1000, 1000, 1000, -11.034171104431152, -6.838216304779053, 0.0, -2.518716335296631, 5.4262003898620605, 0.0, 0.0, 0.5045591592788696, 0.5045591592788696, -0.0, -0.0, 3.016864538192749, 3.016864538192749)
(0.4028412401676178, 2.2289845943450928, 0.0, 0.0, 0.0, 0.0, 17.603229522705078, -13.61861801147461, 0.0, -3.2227299213409424, -17.831876754760742, 0.0, 1000, 1000, 1000, 1000, -0.5684731006622314, -1.3839235305786133, 0.0, 0.4028412401676178, 2.2289845943450928, -0.0, 0.0, -0.7942543029785156, -0.7942543029785156, -0.0, -0.0, 5.722240447998047, 5.722240447998047)
(-1.9293146133422852, -0.9331619739532471, 0.0, 0.0, 0.0, 0.0, -23.16012954711914, 4.7783284187316895, 0.0, 15.434516906738281, 7.465295791625977, 0.0, 1000, 1000, 1000, 1000, 0.2448662519454956, -8.369373321533203, 0.0, -1.9293146133422852, -0.9331619739532471, 0.0, 0.0, 3.960007429122925, 3.960007429122925, 0.0, -0.0, -2.9598910808563232, -2.9598910808563232)
(-5.057136535644531, -1.6283106803894043, 0.0, 0.0, 0.0, 0.0, -2.1982977390289307, -5.496480941772461, 0.0, 40.45709228515625, 13.026485443115234, 0.0, 1000, 1000, 1000, 1000, -4.234817981719971, -4.969271659851074, 0.0, -5.057136535644531, -1.6283106803894043, 0.0, 0.0, -0.6179766654968262, -0.6179766654968262, 0.0, -0.0, 0.49492397904396057, 0.49492397904396057)
(-5.680629730224609, -3.5802226066589355, 0.0, 0.0, 0.0, 0.0, -11.007457733154297, 0.274511456489563, 0.0, 45.445037841796875, 28.641780853271484, 0.0, 1000, 1000, 1000, 1000, -5.746161460876465, -12.615470886230469, 0.0, -5.680629730224609, -3.5802226066589355, 0.0, 0.0, 2.8649673461914062, 2.8649673461914062, 0.0, -0.0, -0.7513318061828613, -0.7513318061828613)
(-8.807624816894531, -7.046698093414307, 0.0, 0.0, 0.0, 0.0, -9.465473175048828, -36.275108337402344, 0.0, 70.46099853515625, 56.37358474731445, 0.0, 1000, 1000, 1000, 1000, -11.805143356323242, -20.658462524414062, 0.0, -8.807624816894531, -7.046698093414307, 0.0, 0.0, 1.0802134275436401, 1.0802134275436401, 0.0, -0.0, 11.89094352722168, 11.89094352722168)
(-6.141496658325195, -10.286272048950195, 0.0, 0.0, 0.0, 0.0, 13.816969871520996, 8.305046081542969, 0.0, 49.13197326660156, 82.29017639160156, 0.0, 1000, 1000, 1000, 1000, -5.4167256355285645, -15.248254776000977, 0.0, -6.141496658325195, -10.286272048950195, 0.0, 0.0, -1.8516038656234741, -1.8516038656234741, 0.0, -0.0, -3.5909149646759033, -3.5909149646759033)
(-7.930126667022705, -8.245246887207031, 0.0, 0.0, 0.0, 0.0, -30.915855407714844, 10.442450523376465, 0.0, 63.44101333618164, 65.96197509765625, 0.0, 1000, 1000, 1000, 1000, -4.509631156921387, -18.73721694946289, 0.0, -7.930126667022705, -8.245246887207031, 0.0, 0.0, 9.201863288879395, 9.201863288879395, 0.0, -0.0, 0.9038591980934143, 0.9038591980934143)
(-8.874702453613281, -6.463195323944092, 0.0, 0.0, 0.0, 0.0, 3.236816883087158, 1.007335901260376, 0.0, 70.99761962890625, 51.705562591552734, 0.0, 1000, 1000, 1000, 1000, -10.142918586730957, -13.070921897888184, 0.0, -8.874702453613281, -6.463195323944092, 0.0, 0.0, -1.1859517097473145, -1.1859517097473145, 0.0, -0.0, 1.0704129934310913, 1.0704129934310913)
(-6.901538372039795, -6.030361175537109, 0.0, 0.0, 0.0, 0.0, 27.313152313232422, -17.0231990814209, 0.0, 55.21230697631836, 48.242889404296875, 0.0, 1000, 1000, 1000, 1000, -9.695731163024902, -8.214277267456055, 0.0, -6.901538372039795, -6.030361175537109, 0.0, 0.0, -9.102636337280273, -9.102636337280273, 0.0, -0.0, 8.019237518310547, 8.019237518310547)
(-4.2790937423706055, -7.745260238647461, 0.0, 0.0, 0.0, 0.0, 4.839870452880859, 6.610389232635498, 0.0, 34.232749938964844, 61.96208190917969, 0.0, 1000, 1000, 1000, 1000, -4.244571208953857, -11.041362762451172, 0.0, -4.2790937423706055, -7.745260238647461, 0.0, 0.0, -2.2275357246398926, -2.2275357246398926, 0.0, -0.0, -2.1005289554595947, -2.1005289554595947)
(-2.41263484954834, -6.14529275894165, 0.0, 0.0, 0.0, 0.0, -8.549442291259766, -5.756022930145264, 0.0, 19.30107879638672, 49.1623420715332, 0.0, 1000, 1000, 1000, 1000, -2.3189196586608887, -12.89660930633545, 0.0, -2.41263484954834, -6.14529275894165, 0.0, 0.0, 3.0514838695526123, 3.0514838695526123, 0.0, -0.0, 3.6470518112182617, 3.6470518112182617)
(-1.2225368022918701, -4.82655143737793, 0.0, 0.0, 0.0, 0.0, -8.045625686645508, -6.5499162673950195, 0.0, 9.780294418334961, 38.61241149902344, 0.0, 1000, 1000, 1000, 1000, -2.079017162322998, -11.226325988769531, 0.0, -1.2225368022918701, -4.82655143737793, 0.0, 0.0, 0.5715601444244385, 0.5715601444244385, 0.0, -0.0, 0.6247179508209229, 0.6247179508209229)
(-1.0993211269378662, -4.7723870277404785, 0.0, 0.0, 0.0, 0.0, 1.4963587522506714, 3.25161075592041, 0.0, 8.79456901550293, 38.17909622192383, 0.0, 1000, 1000, 1000, 1000, -1.4080135822296143, -9.8258056640625, 0.0, -1.0993211269378662, -4.7723870277404785, 0.0, 0.0, -1.8993744850158691, -1.8993744850158691, 0.0, -0.0, -1.9217982292175293, -1.9217982292175293)
(-0.9592189788818359, -4.702698230743408, 0.0, 0.0, 0.0, 0.0, 0.15284733474254608, 1.7248930931091309, 0.0, 7.6737518310546875, 37.621585845947266, 0.0, 1000, 1000, 1000, 1000, 0.4186166524887085, -8.240108489990234, 0.0, -0.9592189788818359, -4.702698230743408, 0.0, 0.0, 0.0829944983124733, 0.0829944983124733, 0.0, -0.0, 0.21244686841964722, 0.21244686841964722)
(-1.0112680196762085, -4.835122585296631, 0.0, 0.0, 0.0, 0.0, -0.4883740544319153, 1.1905419826507568, 0.0, 8.090144157409668, 38.68098068237305, 0.0, 1000, 1000, 1000, 1000, 0.009953141212463379, -8.96727180480957, 0.0, -1.0112680196762085, -4.835122585296631, 0.0, 0.0, -0.015213447622954845, -0.015213447622954845, 0.0, -0.0, -0.09397097676992416, -0.09397097676992416)
(-1.0027610063552856, -4.888583183288574, 0.0, 0.0, 0.0, 0.0, -0.5799770951271057, 0.9157328009605408, 0.0, 8.022088050842285, 39.108665466308594, 0.0, 1000, 1000, 1000, 1000, -0.29001355171203613, -8.72097396850586, 0.0, -1.0027610063552856, -4.888583183288574, 0.0, 0.0, 0.12265385687351227, 0.12265385687351227, 0.0, -0.0, 0.29502660036087036, 0.29502660036087036)
(-1.0162391662597656, -4.9627461433410645, 0.0, 0.0, 0.0, 0.0, -0.320435106754303, 1.4653511047363281, 0.0, 8.129913330078125, 39.701969146728516, 0.0, 1000, 1000, 1000, 1000, -0.1707897186279297, -8.599246978759766, 0.0, -1.0162391662597656, -4.9627461433410645, 0.0, 0.0, -0.01589440554380417, -0.01589440554380417, 0.0, -0.0, -0.08553596585988998, -0.08553596585988998)
(-1.0282307863235474, -5.036870002746582, 0.0, 0.0, 0.0, 0.0, -0.47310686111450195, 0.7783282399177551, 0.0, 8.225846290588379, 40.294960021972656, 0.0, 1000, 1000, 1000, 1000, 0.7439137697219849, -9.130382537841797, 0.0, -1.0282307863235474, -5.036870002746582, 0.0, 0.0, 0.14399532973766327, 0.14399532973766327, 0.0, -0.0, 0.3585347831249237, 0.3585347831249237)
(-1.0369768142700195, -5.089498519897461, 0.0, 0.0, 0.0, 0.0, -0.13722901046276093, 1.54168701171875, 0.0, 8.295814514160156, 40.71598815917969, 0.0, 1000, 1000, 1000, 1000, -0.30194878578186035, -8.60779857635498, 0.0, -1.0369768142700195, -5.089498519897461, 0.0, 0.0, -0.1701214611530304, -0.1701214611530304, 0.0, -0.0, -0.1668795794248581, -0.1668795794248581)
(-1.0511202812194824, -5.163649559020996, 0.0, 0.0, 0.0, 0.0, -0.10669465363025665, 1.663824439048767, 0.0, 8.40896224975586, 41.30919647216797, 0.0, 1000, 1000, 1000, 1000, -0.25554466247558594, -8.760969161987305, 0.0, -1.0511202812194824, -5.163649559020996, 0.0, 0.0, -0.06310208886861801, -0.06310208886861801, 0.0, -0.0, -0.1034960001707077, -0.1034960001707077)
(-1.2420762777328491, -5.370946884155273, 0.0, 0.0, 0.0, 0.0, 0.565061092376709, 1.6485573053359985, 0.0, 9.936610221862793, 42.96757507324219, 0.0, 1000, 1000, 1000, 1000, -1.4715352058410645, -9.84144115447998, 0.0, -1.2420762777328491, -5.370946884155273, 0.0, 0.0, -1.2574619054794312, -1.2574619054794312, 0.0, -0.0, -0.8480745553970337, -0.8480745553970337)
(-1.2581942081451416, -5.487668991088867, 0.0, 0.0, 0.0, 0.0, 1.8169695138931274, 3.0684046745300293, 0.0, 10.065553665161133, 43.90135192871094, 0.0, 1000, 1000, 1000, 1000, 1.9380038976669312, -8.427325248718262, 0.0, -1.2581942081451416, -5.487668991088867, 0.0, 0.0, 0.2067461609840393, 0.2067461609840393, 0.0, -0.0, 0.16319270431995392, 0.16319270431995392)
(-1.233221173286438, -5.465559005737305, 0.0, 0.0, 0.0, 0.0, -0.595244288444519, 1.8317633867263794, 0.0, 9.865769386291504, 43.72447204589844, 0.0, 1000, 1000, 1000, 1000, 0.26899635791778564, -8.755175590515137, 0.0, -1.233221173286438, -5.465559005737305, 0.0, 0.0, 0.5441595315933228, 0.5441595315933228, 0.0, -0.0, 0.07381414622068405, 0.07381414622068405)
(-1.223634958267212, -5.428297996520996, 0.0, 0.0, 0.0, 0.0, 0.4123893082141876, 1.9844350814819336, 0.0, 9.789079666137695, 43.42638397216797, 0.0, 1000, 1000, 1000, 1000, -0.866934061050415, -8.697858810424805, 0.0, -1.223634958267212, -5.428297996520996, 0.0, 0.0, -0.7004187107086182, -0.7004187107086182, 0.0, -0.0, -0.08933543413877487, -0.08933543413877487)
(-1.3345738649368286, -5.609369277954102, 0.0, 0.0, 0.0, 0.0, 1.9696412086486816, 3.9539008140563965, 0.0, 10.676590919494629, 44.87495422363281, 0.0, 1000, 1000, 1000, 1000, -0.1160588264465332, -8.701027870178223, 0.0, -1.3345738649368286, -5.609369277954102, 0.0, 0.0, -1.1627596616744995, -1.1627596616744995, 0.0, -0.0, -1.281777024269104, -1.281777024269104)
(-1.3374274969100952, -5.561923027038574, 0.0, 0.0, 0.0, 0.0, 0.09177862852811813, 1.8012290000915527, 0.0, 10.699419975280762, 44.495384216308594, 0.0, 1000, 1000, 1000, 1000, -0.8451623916625977, -9.285272598266602, 0.0, -1.3374274969100952, -5.561923027038574, 0.0, 0.0, -0.33689144253730774, -0.33689144253730774, 0.0, -0.0, -0.28359946608543396, -0.28359946608543396)
(-1.2616586685180664, -5.491004943847656, 0.0, 0.0, 0.0, 0.0, 0.030709924176335335, 1.007335901260376, 0.0, 10.093269348144531, 43.92803955078125, 0.0, 1000, 1000, 1000, 1000, 0.7673014402389526, -9.060062408447266, 0.0, -1.2616586685180664, -5.491004943847656, 0.0, 0.0, -0.21324819326400757, -0.21324819326400757, 0.0, -0.0, -0.0185829009860754, -0.0185829009860754)
(-1.202521562576294, -5.46862268447876, 0.0, 0.0, 0.0, 0.0, 0.45819082856178284, 1.8928320407867432, 0.0, 9.620172500610352, 43.74898147583008, 0.0, 1000, 1000, 1000, 1000, -0.12857556343078613, -8.907068252563477, 0.0, -1.202521562576294, -5.46862268447876, 0.0, 0.0, -0.21258579194545746, -0.21258579194545746, 0.0, -0.0, -0.30631721019744873, -0.30631721019744873)
(-1.2897940874099731, -5.623466968536377, 0.0, 0.0, 0.0, 0.0, 2.0765113830566406, 4.289778709411621, 0.0, 10.318352699279785, 44.987735748291016, 0.0, 1000, 1000, 1000, 1000, -1.2134485244750977, -6.93337345123291, 0.0, -1.2897940874099731, -5.623466968536377, 0.0, 0.0, -0.5489448308944702, -0.5489448308944702, 0.0, -0.0, -0.04410115256905556, -0.04410115256905556)
(-1.2838550806045532, -5.652263641357422, 0.0, 0.0, 0.0, 0.0, -1.0532594919204712, 0.549320638179779, 0.0, 10.270840644836426, 45.218109130859375, 0.0, 1000, 1000, 1000, 1000, -0.4573960304260254, -9.11309814453125, 0.0, -1.2838550806045532, -5.652263641357422, 0.0, 0.0, 0.1686595380306244, 0.1686595380306244, 0.0, -0.0, 0.16474506258964539, 0.16474506258964539)
(-1.3143799304962158, -5.678781032562256, 0.0, 0.0, 0.0, 0.0, -0.2135648876428604, 1.3584809303283691, 0.0, 10.515039443969727, 45.43024826049805, 0.0, 1000, 1000, 1000, 1000, -0.3942296504974365, -9.17703628540039, 0.0, -1.3143799304962158, -5.678781032562256, 0.0, 0.0, -0.16008976101875305, -0.16008976101875305, 0.0, -0.0, -0.06741063296794891, -0.06741063296794891)
(-1.353648066520691, -5.756643772125244, 0.0, 0.0, 0.0, 0.0, -0.7021145224571228, 1.007335901260376, 0.0, 10.829184532165527, 46.05315017700195, 0.0, 1000, 1000, 1000, 1000, -0.3620266914367676, -8.399300575256348, 0.0, -1.353648066520691, -5.756643772125244, 0.0, 0.0, 0.25593891739845276, 0.25593891739845276, 0.0, -0.0, 0.16838403046131134, 0.16838403046131134)
(-1.4258841276168823, -5.830832004547119, 0.0, 0.0, 0.0, 0.0, -0.10669465363025665, 2.0302367210388184, 0.0, 11.407073020935059, 46.64665603637695, 0.0, 1000, 1000, 1000, 1000, -0.36305975914001465, -9.760734558105469, 0.0, -1.4258841276168823, -5.830832004547119, 0.0, 0.0, -0.43173861503601074, -0.43173861503601074, 0.0, -0.0, -0.6957484483718872, -0.6957484483718872)
(-1.382333517074585, -5.800724506378174, 0.0, 0.0, 0.0, 0.0, -0.015091602690517902, 1.4500839710235596, 0.0, 11.05866813659668, 46.40579605102539, 0.0, 1000, 1000, 1000, 1000, -0.2886929512023926, -8.510590553283691, 0.0, -1.382333517074585, -5.800724506378174, 0.0, 0.0, -0.16609381139278412, -0.16609381139278412, 0.0, -0.0, 0.4235904812812805, 0.4235904812812805)
(-1.3988854885101318, -5.826359748840332, 0.0, 0.0, 0.0, 0.0, -0.09142748266458511, 1.4653511047363281, 0.0, 11.191083908081055, 46.610877990722656, 0.0, 1000, 1000, 1000, 1000, -0.545276403427124, -9.117304801940918, 0.0, -1.3988854885101318, -5.826359748840332, 0.0, 0.0, -0.12130331993103027, -0.12130331993103027, 0.0, -0.0, -0.06321109086275101, -0.06321109086275101)