
(2.0, -0.2617459297180176, 0.0, 0.0, 0.0, 0.0, -0.13721373677253723, 1.739931344985962, 0.0, -16.0, 2.0939674377441406, 0.0, 1000, 1000, 1000, 1000, 2.0, -0.2617459297180176, 0.0, 2.0, -0.2617459297180176, -0.0, -0.015862785279750824, -9.961830139160156, -9.977692604064941, 0.0, 0.0003540360776241869, 0.22233466804027557, 0.2226887047290802)
(1.8967572450637817, -0.0045756069011986256, 0.0, 0.0, 0.0, 0.0, -0.15248091518878937, 1.4956564903259277, 0.0, -15.174057960510254, 0.036604855209589005, 0.0, 1000, 1000, 1000, 1000, 1.8778325319290161, -0.4444718360900879, 0.0, 1.8967572450637817, -0.0045756069011986256, -0.0, -0.9053734540939331, -0.0650784820318222, -0.9704519510269165, -0.0, -0.01320193987339735, -0.2679167091846466, -0.28111863136291504)
(1.7761787176132202, 0.22367236018180847, 0.0, 0.0, 0.0, 0.0, -0.09141221642494202, 1.8009999990463257, 0.0, -14.209429740905762, -1.7893788814544678, 0.0, 1000, 1000, 1000, 1000, 1.7128889560699463, -0.3406691551208496, 0.0, 1.7761787176132202, 0.22367236018180847, -0.0, -1.5703983306884766, -0.04306624084711075, -1.613464593887329, -0.0, -0.14371542632579803, 0.06461852043867111, -0.07909690588712692)
(1.697588562965393, 0.4469022750854492, 0.0, 0.0, 0.0, 0.0, -0.25935113430023193, 1.0529084205627441, 0.0, -13.580708503723145, -3.5752182006835938, 0.0, 1000, 1000, 1000, 1000, 1.1850814819335938, -0.21271800994873047, 0.0, 1.697588562965393, 0.4469022750854492, -0.0, -2.220010280609131, 0.029118282720446587, -2.190891981124878, -0.0, -0.3365064263343811, 0.08193083852529526, -0.25457558035850525)
(1.612783670425415, 0.6344356536865234, 0.0, 0.0, 0.0, 0.0, 0.8551526665687561, 2.778099298477173, 0.0, -12.90226936340332, -5.0754852294921875, 0.0, 1000, 1000, 1000, 1000, 2.0300281047821045, 0.8808126449584961, 0.0, 1.612783670425415, 0.6344356536865234, -0.0, -2.8476243019104004, -0.3948746621608734, -3.2424988746643066, -0.0, -0.5949108600616455, -0.9696491956710815, -1.564560055732727)
(1.4503206014633179, 0.7313756346702576, 0.0, 0.0, 0.0, 0.0, -0.13721373677253723, 1.9078701734542847, 0.0, -11.602564811706543, -5.8510050773620605, 0.0, 1000, 1000, 1000, 1000, 2.3623673915863037, -0.7080044746398926, 0.0, 1.4503206014633179, 0.7313756346702576, -0.0, -3.3931872844696045, -0.3539273738861084, -3.747114658355713, -0.0, -0.9362156987190247, -0.11388645321130753, -1.0501021146774292)
(0.19156460464000702, -0.44751718640327454, 0.0, 0.0, 0.0, 0.0, -12.778434753417969, -11.832588195800781, 0.0, -1.5325168371200562, 3.5801374912261963, 0.0, 1000, 1000, 1000, 1000, 1.5101348161697388, -0.8939189910888672, 0.0, 0.19156460464000702, -0.44751718640327454, 0.0, -3.512699842453003, 3.336785078048706, -0.1759149134159088, 0.0, -0.8637657165527344, 3.1630609035491943, 2.29929518699646)
(-4.873506546020508, -5.584836959838867, 0.0, 0.0, 0.0, 0.0, -32.747901916503906, -34.90129089355469, 0.0, 38.98805236816406, 44.67869567871094, 0.0, 1000, 1000, 1000, 1000, -3.2299861907958984, -7.473067283630371, 0.0, -4.873506546020508, -5.584836959838867, 0.0, -1.8283977508544922, 4.923038482666016, 3.0946409702301025, 0.0, 1.0697708129882812, 5.506441593170166, 6.576212406158447)
(-7.3576788902282715, -9.318861961364746, 0.0, 0.0, 0.0, 0.0, -0.9921755790710449, -11.679916381835938, 0.0, 58.86143112182617, 74.55089569091797, 0.0, 1000, 1000, 1000, 1000, -6.744601249694824, -13.73069953918457, 0.0, -7.3576788902282715, -9.318861961364746, 0.0, 1.2319190502166748, 0.7874986529350281, 2.0194175243377686, 0.0, 4.768118858337402, 3.5716733932495117, 8.339792251586914)
(-5.187664985656738, -4.6135969161987305, 0.0, 0.0, 0.0, 0.0, 10.198663711547852, 36.2742805480957, 0.0, 41.501319885253906, 36.908775329589844, 0.0, 1000, 1000, 1000, 1000, -7.614314079284668, -16.254112243652344, 0.0, -5.187664985656738, -4.6135969161987305, 0.0, 3.30329966545105, 1.9484256505966187, 5.251725196838379, 0.0, 6.827221870422363, -3.3583972454071045, 3.4688243865966797)
(-3.9517714977264404, -2.035943031311035, 0.0, 0.0, 0.0, 0.0, 22.58034324645996, 21.66359519958496, 0.0, 31.614171981811523, 16.28754425048828, 0.0, 1000, 1000, 1000, 1000, -5.7666215896606445, -6.822161674499512, 0.0, -3.9517714977264404, -2.035943031311035, 0.0, 4.943597316741943, -5.6384453773498535, -0.6948480010032654, -0.0, 7.482598304748535, -6.534337997436523, 0.9482603669166565)
(2.118065595626831, -0.22450219094753265, 0.0, 0.0, 0.0, 0.0, -3.526526689529419, -3.2524352073669434, 0.0, -16.94452476501465, 1.7960175275802612, 0.0, 1000, 1000, 1000, 1000, 10.477263450622559, 2.5887107849121094, 0.0, 2.118065595626831, -0.22450219094753265, -0.0, 4.006345748901367, 7.216864585876465, 11.223210334777832, 0.0, 7.233656406402588, -3.6248104572296143, 3.6088457107543945)
(-4.442567825317383, 2.135979652404785, 0.0, 0.0, 0.0, 0.0, -7.022709846496582, 20.533824920654297, 0.0, 35.54054260253906, -17.08783721923828, 0.0, 1000, 1000, 1000, 1000, -9.657662391662598, 1.1763510704040527, 0.0, -4.442567825317383, 2.135979652404785, 0.0, 5.7202982902526855, -4.563169479370117, 1.1571288108825684, -0.0, 6.326743125915527, -6.399624824523926, -0.07288169860839844)
(-2.259220838546753, 4.380438327789307, 0.0, 0.0, 0.0, 0.0, 1.2520992755889893, 9.404053688049316, 0.0, 18.073766708374023, -35.04350662231445, 0.0, 1000, 1000, 1000, 1000, -1.440415620803833, 4.49431037902832, 0.0, -2.259220838546753, 4.380438327789307, 0.0, 6.566169738769531, 3.0181665420532227, 9.584336280822754, -0.0, 4.620199203491211, 0.5511170625686646, 5.171316146850586)
(-1.911350965499878, 1.3179771900177002, 0.0, 0.0, 0.0, 0.0, 28.015457153320312, -17.359304428100586, 0.0, 15.290807723999023, -10.543817520141602, 0.0, 1000, 1000, 1000, 1000, -0.5753457546234131, 2.879128932952881, 0.0, -1.911350965499878, 1.3179771900177002, -0.0, 7.538079261779785, -9.473858833312988, -1.9357801675796509, 0.0, 4.050014019012451, 4.103882312774658, 8.15389633178711)
(2.3828518390655518, -0.6057164669036865, 0.0, 0.0, 0.0, 0.0, -18.091411590576172, 13.571991920471191, 0.0, -19.062814712524414, 4.845731735229492, 0.0, 1000, 1000, 1000, 1000, 4.0214033126831055, -6.463630199432373, 0.0, 2.3828518390655518, -0.6057164669036865, -0.0, 6.230271816253662, 8.821222305297852, 15.051494598388672, -0.0, 4.599123001098633, -0.8933960199356079, 3.7057271003723145)
(-3.6653881072998047, 2.6888649463653564, 0.0, 0.0, 0.0, 0.0, -17.69446563720703, 6.152144908905029, 0.0, 29.323104858398438, -21.51091957092285, 0.0, 1000, 1000, 1000, 1000, -3.4566774368286133, 1.6101198196411133, 0.0, -3.6653881072998047, 2.6888649463653564, 0.0, 7.79059362411499, 1.0978116989135742, 8.888405799865723, -0.0, 3.463780164718628, 1.5630072355270386, 5.026787281036377)
(-1.6184214353561401, 2.651637554168701, 0.0, 0.0, 0.0, 0.0, 28.32080078125, -7.3898396492004395, 0.0, 12.947371482849121, -21.21310043334961, 0.0, 1000, 1000, 1000, 1000, -1.6033978462219238, 0.7994675636291504, 0.0, -1.6184214353561401, 2.651637554168701, -0.0, 8.70063304901123, -4.929477691650391, 3.771155595779419, -0.0, 2.3551650047302246, 2.6816165447235107, 5.0367817878723145)
(-0.08879067748785019, 0.646532416343689, 0.0, 0.0, 0.0, 0.0, -12.473092079162598, -0.26006871461868286, 0.0, 0.7103254199028015, -5.172259330749512, 0.0, 1000, 1000, 1000, 1000, 0.9513070583343506, -3.9513070583343506, 0.0, -0.08879067748785019, 0.646532416343689, 0.0, 8.438360214233398, 3.9484777450561523, 12.38683795928955, -0.0, 2.083543300628662, -0.024861548095941544, 2.0586819648742676)
(-2.517932176589966, 1.2028884887695312, 0.0, 0.0, 0.0, 0.0, 2.366603136062622, 1.0834428071975708, 0.0, 20.143457412719727, -9.62310791015625, 0.0, 1000, 1000, 1000, 1000, -1.6598668098449707, -2.1097519397735596, 0.0, -2.517932176589966, 1.2028884887695312, 0.0, 9.570789337158203, -2.9500205516815186, 6.620769023895264, -0.0, 1.5111680030822754, -0.48735496401786804, 1.023813009262085)
(-1.7482913732528687, 1.6736479997634888, 0.0, 0.0, 0.0, 0.0, -2.6562976837158203, 1.3735190629959106, 0.0, 13.98633098602295, -13.38918399810791, 0.0, 1000, 1000, 1000, 1000, -1.4596531391143799, -0.6778059005737305, 0.0, -1.7482913732528687, 1.6736479997634888, 0.0, 10.152117729187012, 0.8334342241287231, 10.985551834106445, -0.0, 0.7841867208480835, 1.5736652612686157, 2.357851982116699)
(-2.104912519454956, 2.014272689819336, 0.0, 0.0, 0.0, 0.0, -4.3662214279174805, 2.7475647926330566, 0.0, 16.83930015563965, -16.114181518554688, 0.0, 1000, 1000, 1000, 1000, -1.0655333995819092, -0.6537847518920898, 0.0, -2.104912519454956, 2.014272689819336, 0.0, 10.952933311462402, 1.0921365022659302, 12.045069694519043, -0.0, 0.02972891367971897, 0.7063394784927368, 0.7360684275627136)
(-3.0238099098205566, 2.297260284423828, 0.0, 0.0, 0.0, 0.0, -0.5799618363380432, -0.015793893486261368, 0.0, 24.190479278564453, -18.378082275390625, 0.0, 1000, 1000, 1000, 1000, -2.8190221786499023, 0.8011951446533203, 0.0, -3.0238099098205566, 2.297260284423828, 0.0, 12.121038436889648, 0.5080735683441162, 12.629111289978027, -0.0, -0.884772002696991, 0.9365847110748291, 0.051812686026096344)
(-3.8777780532836914, 1.366571068763733, 0.0, 0.0, 0.0, 0.0, -4.015076160430908, 0.10634350776672363, 0.0, 31.02222442626953, -10.932568550109863, 0.0, 1000, 1000, 1000, 1000, -3.148715019226074, -2.0796196460723877, 0.0, -3.8777780532836914, 1.366571068763733, 0.0, 13.58338737487793, 0.2798071801662445, 13.863194465637207, -0.0, -1.4254881143569946, 1.9007126092910767, 0.47522449493408203)
(-3.0502567291259766, 2.0325474739074707, 0.0, 0.0, 0.0, 0.0, 7.496374130249023, 3.816267251968384, 0.0, 24.402053833007812, -16.260379791259766, 0.0, 1000, 1000, 1000, 1000, -3.178955554962158, 0.30224609375, 0.0, -3.0502567291259766, 2.0325474739074707, 0.0, 14.846616744995117, -1.8448841571807861, 13.00173282623291, -0.0, -2.2257840633392334, -0.007988227531313896, -2.2337722778320312)
(-1.2034233808517456, 1.3078142404556274, 0.0, 0.0, 0.0, 0.0, -0.381488561630249, -1.4661755561828613, 0.0, 9.627387046813965, -10.46251392364502, 0.0, 1000, 1000, 1000, 1000, -0.10200333595275879, -2.353245735168457, 0.0, -1.2034233808517456, 1.3078142404556274, 0.0, 15.203397750854492, 2.920746088027954, 18.124143600463867, -0.0, -2.8154661655426025, -0.45161697268486023, -3.267083168029785)
(-3.0955772399902344, 1.5726103782653809, 0.0, 0.0, 0.0, 0.0, -6.931107044219971, 2.80863356590271, 0.0, 24.764617919921875, -12.580883026123047, 0.0, 1000, 1000, 1000, 1000, -1.9111647605895996, -1.3298625946044922, 0.0, -3.0955772399902344, 1.5726103782653809, 0.0, 16.390548706054688, 0.22143764793872833, 16.61198616027832, -0.0, -3.4431140422821045, -0.16075754165649414, -3.6038715839385986)
(-4.203770637512207, 2.357853651046753, 0.0, 0.0, 0.0, 0.0, -7.877671718597412, 7.785732746124268, 0.0, 33.630165100097656, -18.862829208374023, 0.0, 1000, 1000, 1000, 1000, -3.1985459327697754, -0.8523507118225098, 0.0, -4.203770637512207, 2.357853651046753, 0.0, 17.996496200561523, 1.9224090576171875, 19.91890525817871, -0.0, -4.35005521774292, -1.3258733749389648, -5.675928592681885)
(-4.975783824920654, 2.5916123390197754, 0.0, 0.0, 0.0, 0.0, 8.565075874328613, -1.5883129835128784, 0.0, 39.806270599365234, -20.732898712158203, 0.0, 1000, 1000, 1000, 1000, -4.882375717163086, 0.5344014167785645, 0.0, -4.975783824920654, 2.5916123390197754, 0.0, 20.034832000732422, -3.0480222702026367, 16.9868106842041, -0.0, -5.503132343292236, 2.0046439170837402, -3.498488426208496)
(-4.335942268371582, 3.3678622245788574, 0.0, 0.0, 0.0, 0.0, -4.244083881378174, 7.6483283042907715, 0.0, 34.687538146972656, -26.94289779663086, 0.0, 1000, 1000, 1000, 1000, -3.5132951736450195, 0.19864130020141602, 0.0, -4.335942268371582, 3.3678622245788574, 0.0, 21.543109893798828, 1.3923544883728027, 22.93546485900879, -0.0, -6.736321449279785, 0.023738296702504158, -6.712583065032959)
(-3.6388585567474365, 3.319772720336914, 0.0, 0.0, 0.0, 0.0, 12.015458106994629, -7.084496021270752, 0.0, 29.110868453979492, -26.558181762695312, 0.0, 1000, 1000, 1000, 1000, -2.566619873046875, 0.8313279151916504, 0.0, -3.6388585567474365, 3.319772720336914, 0.0, 23.03036117553711, -1.2107237577438354, 21.819637298583984, -0.0, -8.117979049682617, 2.3994951248168945, -5.7184834480285645)
(-2.9580280780792236, 2.448075771331787, 0.0, 0.0, 0.0, 0.0, -9.297518730163574, 2.2132136821746826, 0.0, 23.66422462463379, -27.584606170654297, 0.0, 1000, 1000, 1000, 1000, -1.5388922691345215, -1.5361766815185547, 0.0, -2.9580280780792236, 2.448075771331787, 0.0, 23.963472366333008, 2.492617130279541, 26.45608901977539, -0.0, -9.03295612335205, -3.3746566772460938, -12.407612800598145)
(-3.1400203704833984, 2.391822576522827, 0.0, 0.0, 0.0, 0.0, 5.007824420928955, 0.7933664321899414, 0.0, 25.120162963867188, -19.134580612182617, 0.0, 1000, 1000, 1000, 1000, -1.749929428100586, -0.5351910591125488, 0.0, -3.1400203704833984, 2.391822576522827, 0.0, 25.29681968688965, -0.9815578460693359, 24.315261840820312, -0.0, -9.984444618225098, 0.434441477060318, -9.550003051757812)
(-2.4655673503875732, 1.7530468702316284, 0.0, 0.0, 0.0, 0.0, 1.740648865699768, 1.66359543800354, 0.0, 19.724538803100586, -14.024374961853027, 0.0, 1000, 1000, 1000, 1000, -1.0613634586334229, -0.5808310508728027, 0.0, -2.4655673503875732, 1.7530468702316284, 0.0, 25.818180084228516, 9.693798065185547, 35.51197814941406, -0.0, -10.385005950927734, -8.940364837646484, -19.32537078857422)
(-2.138251304626465, 1.814410924911499, 0.0, 0.0, 0.0, 0.0, 0.4887404441833496, 0.06054198369383812, 0.0, 17.10601043701172, -14.515287399291992, 0.0, 1000, 1000, 1000, 1000, -0.6290104389190674, -0.6001639366149902, 0.0, -2.138251304626465, 1.814410924911499, 0.0, 26.612106323242188, -0.2340266853570938, 26.378080368041992, -0.0, -11.15804672241211, 0.13759958744049072, -11.02044677734375)
(-2.0314362049102783, 1.4555691480636597, 0.0, 0.0, 0.0, 0.0, -5.0837788581848145, 2.7170305252075195, 0.0, 16.251489639282227, -11.644553184509277, 0.0, 1000, 1000, 1000, 1000, 0.36165761947631836, -1.813126564025879, 0.0, -2.0314362049102783, 1.4555691480636597, 0.0, 27.361705780029297, 1.585974097251892, 28.947681427001953, -0.0, -11.730256080627441, -0.5416669249534607, -12.271923065185547)
(-1.8331191539764404, 1.0076706409454346, 0.0, 0.0, 0.0, 0.0, 5.649045944213867, -3.221900701522827, 0.0, 14.664953231811523, -8.061365127563477, 0.0, 1000, 1000, 1000, 1000, -1.400217056274414, -3.464653968811035, 0.0, -1.8331191539764404, 1.0076706409454346, 0.0, 28.16605567932129, -1.2534984350204468, 26.91255760192871, -0.0, -12.237181663513184, 0.3001580536365509, -11.937024116516113)
(-2.4627606868743896, 1.8149539232254028, 0.0, 0.0, 0.0, 0.0, -6.579961776733398, 5.923137187957764, 0.0, 19.702085494995117, -14.519631385803223, 0.0, 1000, 1000, 1000, 1000, -1.5547609329223633, -1.9227793216705322, 0.0, -2.4627606868743896, 1.8149539232254028, 0.0, 29.004985809326172, 0.6653059124946594, 29.670291900634766, -0.0, -12.929240226745605, -0.32131266593933105, -13.250553131103516)
(-2.3121676445007324, 1.5735288858413696, 0.0, 0.0, 0.0, 0.0, 0.35133588314056396, 0.1368778645992279, 0.0, 18.49734115600586, -12.588231086730957, 0.0, 1000, 1000, 1000, 1000, -0.8451478481292725, -2.0945863723754883, 0.0, -2.3121676445007324, 1.5735288858413696, 0.0, 29.940441131591797, 0.4329513907432556, 30.373394012451172, -0.0, -13.624509811401367, -0.26886752247810364, -13.893377304077148)
(-2.6438796520233154, 1.8561397790908813, 0.0, 0.0, 0.0, 0.0, 1.4658397436141968, 0.8544350862503052, 0.0, 21.151037216186523, -14.84911823272705, 0.0, 1000, 1000, 1000, 1000, -1.977607011795044, -1.8127574920654297, 0.0, -2.6438796520233154, 1.8561397790908813, 0.0, 30.957210540771484, -1.3473740816116333, 29.60983657836914, -0.0, -14.376042366027832, 0.9589855670928955, -13.417057037353516)
(-2.7034387588500977, 2.125290870666504, 0.0, 0.0, 0.0, 0.0, -1.3891221284866333, 1.2513816356658936, 0.0, 21.62751007080078, -17.00232696533203, 0.0, 1100, 1100, 1100, 1100, -2.226097583770752, -0.7118663787841797, 0.0, -2.7034387588500977, 2.125290870666504, 0.0, 31.91866111755371, -0.1493866890668869, 31.769275665283203, -0.0, -15.220718383789062, 0.5424544811248779, -14.678263664245605)
(-2.6695940494537354, 2.59828782081604, 0.0, 0.0, 0.0, 0.0, -1.8013359308242798, 5.587259769439697, 0.0, 21.356752395629883, -20.78630256652832, 0.0, 1100, 1100, 1100, 1100, -2.3037614822387695, 0.7800440788269043, 0.0, -2.6695940494537354, 2.59828782081604, 0.0, 32.96372604370117, 0.5222569108009338, 33.485984802246094, -0.0, -16.220861434936523, 0.158395454287529, -16.06246566772461)
(-3.1691062450408936, 3.2898330688476562, 0.0, 0.0, 0.0, 0.0, 8.061259269714355, -5.0997633934021, 0.0, 25.35284996032715, -26.31866455078125, 0.0, 1100, 1100, 1100, 1100, -3.6782913208007812, 1.6115775108337402, 0.0, -3.1691062450408936, 3.2898330688476562, 0.0, 34.23556900024414, -3.806185007095337, 30.42938232421875, -0.0, -17.612239837646484, 2.083268404006958, -15.528970718383789)
(-2.985680103302002, 3.448181390762329, 0.0, 0.0, 0.0, 0.0, -15.007442474365234, 1.770465612411499, 0.0, 23.885440826416016, -27.585451126098633, 0.0, 1100, 1100, 1100, 1100, 0.78173828125, 2.297478199005127, 0.0, -2.985680103302002, 3.448181390762329, 0.0, 35.116844177246094, 2.6079256534576416, 37.724769592285156, -0.0, -18.89981460571289, 2.0712339878082275, -16.82857894897461)
(-3.5246965885162354, 2.5499768257141113, 0.0, 0.0, 0.0, 0.0, 2.3818702697753906, -6.992893218994141, 0.0, 28.197572708129883, -20.39981460571289, 0.0, 1100, 1150, 1100, 1100, -5.77955436706543, 6.9674787521362305, 0.0, -3.5246965885162354, 2.5499768257141113, 0.0, 36.607051849365234, -0.8626435995101929, 35.744407653808594, -0.0, -19.90631103515625, 4.468713283538818, -15.437597274780273)
(-1.340378999710083, 1.7017734050750732, 0.0, 0.0, 0.0, 0.0, 9.679579734802246, 2.8239006996154785, 0.0, 10.723031997680664, -13.614187240600586, 0.0, 1100, 1199, 1140, 1114, 3.7692887783050537, 5.062255859375, 0.0, -1.340378999710083, 1.7017734050750732, 0.0, 37.142940521240234, -1.3560963869094849, 35.78684616088867, -0.0, -20.58843231201172, -2.2167301177978516, -22.80516242980957)
(-0.024953391402959824, 1.7333189249038696, 0.0, 0.0, 0.0, 0.0, 11.618511199951172, -3.6035802364349365, 0.0, 0.1996271312236786, -13.866551399230957, 0.0, 1140, 1248, 1226, 1199, 3.1586108207702637, 6.468584060668945, 0.0, -0.024953391402959824, 1.7333189249038696, -0.0, 37.21654510498047, -3.5785295963287354, 33.63801574707031, -0.0, -21.394611358642578, 1.1600316762924194, -20.23457908630371)
(1.0653983354568481, 0.7786454558372498, 0.0, 0.0, 0.0, 0.0, 9.420038223266602, -4.6722822189331055, 0.0, -8.523186683654785, -6.229163646697998, 0.0, 1214, 1327, 1288, 1261, 23.19995880126953, -0.27933645248413086, 0.0, 1.0653983354568481, 0.7786454558372498, -0.0, 36.819114685058594, -1.6593700647354126, 35.15974426269531, -0.0, -21.76593017578125, 0.04961821064352989, -21.716312408447266)
(5.048854351043701, 1.627381443977356, 0.0, 0.0, 0.0, 0.0, 40.275001525878906, 6.243748188018799, 0.0, -40.39083480834961, -13.019051551818848, 0.0, 1246, 1336, 1270, 1282, 2.4523937702178955, 3.9743528366088867, 0.0, 5.048854351043701, 1.627381443977356, -0.0, 34.916351318359375, -15.023648262023926, 19.892702102661133, -0.0, -22.39297103881836, -3.1740119457244873, -25.566984176635742)
(8.07886791229248, 2.400860071182251, 0.0, 0.0, 0.0, 0.0, -17.480724334716797, 14.030007362365723, 0.0, -64.63094329833984, -19.206880569458008, 0.0, 1200, 1347, 1313, 1299, 35.88816452026367, 27.431575775146484, 0.0, 8.07886791229248, 2.400860071182251, -0.0, 31.532358169555664, 8.609644889831543, 40.14200210571289, -0.0, -23.25164031982422, -9.829282760620117, -33.08092498779297)
(5.046137809753418, 2.115821361541748, 0.0, 0.0, 0.0, 0.0, -20.763168334960938, 13.571991920471191, 0.0, -40.369102478027344, -16.926570892333984, 0.0, 1218, 1370, 1310, 1312, 17.19857406616211, 12.425743103027344, 0.0, 5.046137809753418, 2.115821361541748, -0.0, 29.791540145874023, 7.6565423011779785, 37.448081970214844, -0.0, -24.19869613647461, -14.193706512451172, -38.39240264892578)
(2.9513845443725586, 2.9790942668914795, 0.0, 0.0, 0.0, 0.0, 10.992557525634766, -7.206633567810059, 0.0, -23.61107635498047, -23.832754135131836, 0.0, 1285, 1359, 1297, 1289, 22.796968460083008, 13.791690826416016, 0.0, 2.9513845443725586, 2.9790942668914795, -0.0, 28.732275009155273, -8.02026653289795, 20.71200942993164, -0.0, -25.369915008544922, 9.037490844726562, -16.33242416381836)
(2.4428281784057617, 4.036592960357666, 0.0, 0.0, 0.0, 0.0, 6.7635498046875, -5.603579998016357, 0.0, -19.542625427246094, -32.29274368286133, 0.0, 1255, 1335, 1341, 1347, -22.348546981811523, -7.125307083129883, 0.0, 2.4428281784057617, 4.036592960357666, -0.0, 27.55306625366211, -9.040345191955566, 18.51272201538086, -0.0, -26.904598236083984, 5.612558364868164, -21.29203987121582)
(-0.8488126993179321, 2.984825372695923, 0.0, 0.0, 0.0, 0.0, -10.534160614013672, -22.73335075378418, 0.0, 6.790501594543457, -23.878602981567383, 0.0, 1260, 1349, 1348, 1318, -71.92051696777344, -18.29445457458496, 0.0, -0.8488126993179321, 2.984825372695923, 0.0, 27.931848526000977, 1.6953141689300537, 29.62716293334961, -0.0, -28.161218643188477, 13.32434368133545, -14.836874961853027)
(-2.2291486263275146, 2.17816162109375, 0.0, 0.0, 0.0, 0.0, 17.54217529296875, -22.428007125854492, 0.0, 17.833189010620117, -17.42529296875, 0.0, 1308, 1369, 1306, 1296, 1.548740267753601, 19.874971389770508, 0.0, -2.2291486263275146, 2.17816162109375, 0.0, 28.994525909423828, -11.232917785644531, 17.761608123779297, 0.0, -28.955036163330078, 16.193065643310547, -12.761968612670898)
(-0.4308253526687622, 2.396969795227051, 0.0, 0.0, 0.0, 0.0, 18.595611572265625, -0.8860229253768921, 0.0, 3.4466028213500977, -19.175758361816406, 0.0, 1249, 1343, 1355, 1358, -8.200068473815918, -22.920358657836914, 0.0, -0.4308253526687622, 2.396969795227051, -0.0, 29.18905258178711, -6.455657482147217, 22.733396530151367, -0.0, -29.768747329711914, 5.418132305145264, -24.350614547729492)
(0.9937363266944885, 3.7737796306610107, 0.0, 0.0, 0.0, 0.0, 8.549809455871582, 6.884969234466553, 0.0, -7.949890613555908, -30.190237045288086, 0.0, 1260, 1380, 1360, 1378, 0.8651872873306274, -14.496055603027344, 0.0, 0.9937363266944885, 3.7737796306610107, -0.0, 28.811742782592773, -3.276677131652832, 25.535066604614258, -0.0, -31.271759033203125, -2.954554557800293, -34.226314544677734)
(1.0098837614059448, 4.1837334632873535, 0.0, 0.0, 0.0, 0.0, 6.19866418838501, -10.718084335327148, 0.0, -8.079070091247559, -33.46986770629883, 0.0, 1292, 1377, 1358, 1356, -46.1107177734375, -8.29238224029541, 0.0, 1.0098837614059448, 4.1837334632873535, -0.0, 28.35239601135254, -6.521455764770508, 21.83094024658203, -0.0, -32.786293029785156, 11.963077545166016, -20.823213577270508)
(2.32169771194458, 2.766465187072754, 0.0, 0.0, 0.0, 0.0, -11.90820598602295, 12.869702339172363, 0.0, -18.57358169555664, -22.13172149658203, 0.0, 1296, 1450, 1316, 1323, 4.6271538734436035, -19.036178588867188, 0.0, 2.32169771194458, 2.766465187072754, -0.0, 27.532772064208984, 9.136938095092773, 36.66971206665039, -0.0, -33.876930236816406, -6.456442832946777, -40.333370208740234)
(0.9300848841667175, 3.6629412174224854, 0.0, 0.0, 0.0, 0.0, -28.289884567260742, -2.550145149230957, 0.0, -7.44067907333374, -29.303529739379883, 0.0, 1264, 1416, 1379, 1359, -55.93058395385742, -25.72723388671875, 0.0, 0.9300848841667175, 3.6629412174224854, 0.0, 27.120168685913086, 15.794817924499512, 42.91498565673828, -0.0, -35.35474395751953, 2.4410619735717773, -32.9136848449707)
(-1.960927128791809, 3.9292209148406982, 0.0, 0.0, 0.0, 0.0, 2.1681296825408936, 3.9689388275146484, 0.0, 15.687417030334473, -31.433767318725586, 0.0, 1321, 1442, 1442, 1469, -48.54226303100586, -32.22785949707031, 0.0, -1.960927128791809, 3.9292209148406982, 0.0, 27.997356414794922, -4.543539524078369, 23.45381736755371, -0.0, -37.01870346069336, -0.13305088877677917, -37.151756286621094)
(1.3493741750717163, 7.148428916931152, 0.0, 0.0, 0.0, 0.0, 11.221565246582031, -1.7409846782684326, 0.0, -10.79499340057373, -57.18743133544922, 0.0, 1362, 1489, 1416, 1418, 14.958677291870117, 17.842872619628906, 0.0, 1.3493741750717163, 7.148428916931152, -0.0, 27.55792236328125, 3.5818798542022705, 31.139802932739258, -0.0, -39.73233413696289, 7.483255386352539, -32.24907684326172)
(1.7690330743789673, 8.040608406066895, 0.0, 0.0, 0.0, 0.0, 1.0688930749893188, -6.794419765472412, 0.0, -14.152264595031738, -64.32486724853516, 0.0, 1331, 1457, 1430, 1464, 15.23853588104248, 1.303544521331787, 0.0, 1.7690330743789673, 8.040608406066895, -0.0, 26.714733123779297, -3.760432720184326, 22.954301834106445, -0.0, -43.06951141357422, 3.0330088138580322, -40.036502838134766)
(1.648376226425171, 5.649755477905273, 0.0, 0.0, 0.0, 0.0, -24.549427032470703, -6.3516716957092285, 0.0, -13.187009811401367, -45.19804382324219, 0.0, 1350, 1517, 1397, 1422, 39.09642028808594, 16.3452091217041, 0.0, 1.648376226425171, 5.649755477905273, 0.0, 26.001697540283203, 9.827709197998047, 35.82940673828125, -0.0, -45.29088592529297, -2.6915500164031982, -47.98243713378906)
(0.29901596903800964, 4.718026638031006, 0.0, 0.0, 0.0, 0.0, -0.8242366313934326, 16.549091339111328, 0.0, -2.392127752304077, -37.74421310424805, 0.0, 1344, 1500, 1388, 1454, -24.779674530029297, -10.16790771484375, 0.0, 0.29901596903800964, 4.718026638031006, -0.0, 25.966800689697266, -3.482236623764038, 22.48456382751465, -0.0, -46.858726501464844, -8.484829902648926, -55.34355545043945)
(-1.721328616142273, 4.413224697113037, 0.0, 0.0, 0.0, 0.0, -27.266984939575195, 13.55672550201416, 0.0, 13.770628929138184, -35.3057975769043, 0.0, 1327, 1505, 1407, 1447, 9.336687088012695, 25.81165885925293, 0.0, -1.721328616142273, 4.413224697113037, 0.0, 26.44330406188965, 8.0858736038208, 34.529178619384766, -0.0, -48.59855270385742, -6.0688252449035645, -54.66737747192383)
(-20.825258255004883, 7.156619548797607, 0.0, 0.0, 0.0, 0.0, -54.83950424194336, 9.999473571777344, 0.0, 166.60206604003906, -57.25295639038086, 0.0, 1345, 1523, 1385, 1437, -12.83237361907959, -10.917470932006836, 0.0, -20.825258255004883, 7.156619548797607, 0.0, 34.3837776184082, -3.006458044052124, 31.3773193359375, -0.0, -51.40949249267578, -6.247951030731201, -57.657440185546875)
(-14.826301574707031, 4.970056533813477, 0.0, 0.0, 0.0, 0.0, 53.86278533935547, 16.42695426940918, 0.0, 118.61041259765625, -39.76045227050781, 0.0, 1368, 1593, 1314, 1411, -11.150131225585938, 0.661778450012207, 0.0, -14.826301574707031, 4.970056533813477, 0.0, 40.73054122924805, -8.724122047424316, 32.00642013549805, -0.0, -53.50074005126953, -27.096899032592773, -80.59764099121094)
(0.5631511211395264, 0.29404929280281067, 0.0, 0.0, 0.0, 0.0, 54.152862548828125, 17.220848083496094, 0.0, -4.505208969116211, -2.3523943424224854, 0.0, 1388, 1572, 1334, 1388, 17.80410385131836, 4.716958045959473, 0.0, 0.5631511211395264, 0.29404929280281067, -0.0, 40.24420928955078, -7.794641494750977, 32.44956588745117, -0.0, -53.06789016723633, -6.199871063232422, -59.26776123046875)
(19.614959716796875, 3.057454824447632, 0.0, 0.0, 0.0, 0.0, 47.29790115356445, 19.08344268798828, 0.0, -156.919677734375, -24.459638595581055, 0.0, 1311, 1472, 1408, 1495, -0.30855798721313477, 22.071258544921875, 0.0, 19.614959716796875, 3.057454824447632, -0.0, 29.001916885375977, -10.548907279968262, 18.4530086517334, -0.0, -55.060386657714844, -6.883624076843262, -61.94401168823242)
(24.403160095214844, 5.45682430267334, 0.0, 0.0, 0.0, 0.0, 8.778817176818848, 40.21321487426758, 0.0, -195.22528076171875, -43.65459442138672, 0.0, 1267, 1434, 1435, 1550, 7.683632850646973, -45.577579498291016, 0.0, 24.403160095214844, 5.45682430267334, -0.0, 19.209810256958008, -5.886579990386963, 13.323229789733887, -0.0, -57.278778076171875, -13.196966171264648, -70.47574615478516)
(18.867874145507812, 12.269237518310547, 0.0, 0.0, 0.0, 0.0, -22.931106567382812, 14.22848129272461, 0.0, -150.9429931640625, -98.15390014648438, 0.0, 1302, 1444, 1415, 1524, 42.49420166015625, 8.547715187072754, 0.0, 18.867874145507812, 12.269237518310547, -0.0, 12.172126770019531, -3.827962636947632, 8.34416389465332, -0.0, -61.747467041015625, -0.8622494339942932, -62.609718322753906)
(10.909653663635254, 13.83926010131836, 0.0, 0.0, 0.0, 0.0, -44.71736526489258, 2.671229124069214, 0.0, -87.27722930908203, -110.71408081054688, 0.0, 1250, 1429, 1460, 1547, 17.536203384399414, 17.466594696044922, 0.0, 10.909653663635254, 13.83926010131836, -0.0, 8.294816017150879, 14.667346954345703, 22.9621639251709, -0.0, -67.1454849243164, 0.5862106084823608, -66.55927276611328)
(-3.042175531387329, 14.042325973510742, 0.0, 0.0, 0.0, 0.0, -46.85477066040039, -23.267702102661133, 0.0, 24.337404251098633, -112.33860778808594, 0.0, 1308, 1451, 1406, 1526, 18.609769821166992, 51.69123458862305, 0.0, -3.042175531387329, 14.042325973510742, 0.0, 9.535165786743164, -3.588873863220215, 5.946292400360107, -0.0, -72.85487365722656, 6.975097179412842, -65.87977600097656)
(-12.932470321655273, 10.814547538757324, 0.0, 0.0, 0.0, 0.0, -33.083778381347656, 13.633061408996582, 0.0, 103.45976257324219, -86.5163803100586, 0.0, 1313, 1498, 1371, 1504, 11.10063648223877, 6.33797550201416, 0.0, -12.932470321655273, 10.814547538757324, 0.0, 14.600557327270508, -1.8606282472610474, 12.73992919921875, -0.0, -76.56957244873047, -3.132434606552124, -79.70201110839844)
(-13.389184951782227, 6.1378092765808105, 0.0, 0.0, 0.0, 0.0, 33.78644943237305, 14.411686897277832, 0.0, 107.11347961425781, -49.102474212646484, 0.0, 1341, 1550, 1316, 1479, -41.02629089355469, 6.7038116455078125, 0.0, -13.389184951782227, 6.1378092765808105, 0.0, 20.29590606689453, -8.814604759216309, 11.481301307678223, -0.0, -78.92840576171875, -14.360692024230957, -93.28910064697266)
(-7.353394031524658, 3.2732045650482178, 0.0, 0.0, 0.0, 0.0, 50.88568878173828, -37.160831451416016, 0.0, 58.827152252197266, -26.185636520385742, 0.0, 1441, 1581, 1267, 1397, 73.45758819580078, 13.485544204711914, 0.0, -7.353394031524658, 3.2732045650482178, 0.0, 23.036502838134766, -20.144868850708008, 2.891633987426758, 0.0, -80.46973419189453, 12.945405006408691, -67.52433013916016)
(3.545877456665039, 2.0325446128845215, 0.0, 0.0, 0.0, 0.0, 49.694847106933594, 15.480389595031738, 0.0, -28.367019653320312, -16.260356903076172, 0.0, 1440, 1655, 1221, 1370, 14.7750825881958, -49.9211540222168, 0.0, 3.545877456665039, 2.0325446128845215, -0.0, 21.590045928955078, -5.210159778594971, 16.379884719848633, -0.0, -81.09242248535156, -9.999955177307129, -91.09237670898438)
(14.94613265991211, -0.8230466842651367, 0.0, 0.0, 0.0, 0.0, 15.420038223266602, 23.434587478637695, 0.0, -119.56906127929688, 6.584373474121094, 0.0, 1275, 1509, 1372, 1530, 21.841957092285156, -34.0177116394043, 0.0, 14.94613265991211, -0.8230466842651367, -0.0, 15.357414245605469, 3.9114694595336914, 19.268882751464844, -0.0, -80.83946228027344, -17.333824157714844, -98.17328643798828)
(5.820428848266602, -1.197251319885254, 0.0, 0.0, 0.0, 0.0, -78.8395004272461, -32.824954986572266, 0.0, -46.56343078613281, 9.578010559082031, 0.0, 1202, 1375, 1524, 1585, 38.8599967956543, 30.999332427978516, 0.0, 5.820428848266602, -1.197251319885254, 0.0, 12.439602851867676, 15.667335510253906, 28.106937408447266, 0.0, -80.64649200439453, 22.14461898803711, -58.50187301635742)
(-11.554057121276855, -0.4873203635215759, 0.0, 0.0, 0.0, 0.0, -88.88530731201172, -23.69518280029297, 0.0, 92.43245697021484, 3.8985629081726074, 0.0, 1185, 1385, 1532, 1583, -10.141140937805176, 1.87005615234375, 0.0, -11.554057121276855, -0.4873203635215759, 0.0, 17.20159149169922, 20.228784561157227, 37.43037796020508, 0.0, -80.56903076171875, 17.824371337890625, -62.744659423828125)
(-23.216697692871094, 3.013157844543457, 0.0, 0.0, 0.0, 0.0, -14.289885520935059, 40.99184036254883, 0.0, 185.73358154296875, -24.105262756347656, 0.0, 1291, 1527, 1364, 1505, -35.72031021118164, -49.694576263427734, 0.0, -23.216697692871094, 3.013157844543457, 0.0, 26.793991088867188, -3.15523624420166, 23.638755798339844, -0.0, -81.88211059570312, -12.354011535644531, -94.23612213134766)
(-7.602207660675049, 3.0421571731567383, 0.0, 0.0, 0.0, 0.0, 115.58797454833984, 3.5719923973083496, 0.0, 60.81766128540039, -24.337257385253906, 0.0, 1474, 1659, 1192, 1360, 1.1928751468658447, -41.80363082885742, 0.0, -7.602207660675049, 3.0421571731567383, -0.0, 30.45455551147461, -26.094511032104492, 4.360044479370117, -0.0, -83.37318420410156, -4.96152925491333, -88.33470916748047)
(19.19734764099121, 0.013192577287554741, 0.0, 0.0, 0.0, 0.0, 91.34370422363281, 3.5719923973083496, 0.0, -153.5787811279297, -0.10554061830043793, 0.0, 1469, 1674, 1197, 1346, -17.192340850830078, -25.657636642456055, 0.0, 19.19734764099121, 0.013192577287554741, -0.0, 22.4046688079834, -8.352200508117676, 14.052468299865723, -0.0, -83.25007629394531, -5.007553577423096, -88.25762939453125)
(25.37447738647461, 0.6420909762382507, 0.0, 0.0, 0.0, 0.0, -83.80133819580078, 19.541458129882812, 0.0, -202.99581909179688, -5.136727809906006, 0.0, 1184, 1422, 1503, 1577, 66.94744110107422, 10.458562850952148, 0.0, 25.37447738647461, 0.6420909762382507, -0.0, 11.189274787902832, 30.080215454101562, 41.26948928833008, -0.0, -83.202880859375, 5.278256893157959, -77.92462158203125)
(-3.174846649169922, 3.178463935852051, 0.0, 0.0, 0.0, 0.0, -109.37385559082031, -23.405107498168945, 0.0, 25.398773193359375, -25.427711486816406, 0.0, 1179, 1362, 1527, 1614, 36.547584533691406, 47.06027603149414, 0.0, -3.174846649169922, 3.178463935852051, 0.0, 12.898594856262207, 10.956441879272461, 23.85503578186035, -0.0, -84.60421752929688, 16.903465270996094, -67.70075225830078)
(-25.220476150512695, 5.190321445465088, 0.0, 0.0, 0.0, 0.0, -29.63339614868164, 28.778099060058594, 0.0, 201.76380920410156, -41.5225715637207, 0.0, 1282, 1496, 1368, 1536, 3.099780321121216, -61.59238052368164, 0.0, -25.220476150512695, 5.190321445465088, 0.0, 23.66868019104004, -12.229833602905273, 11.43884563446045, -0.0, -86.39088439941406, -9.471805572509766, -95.86268615722656)
(-11.85544490814209, 7.242568492889404, 0.0, 0.0, 0.0, 0.0, 99.40476989746094, 46.900238037109375, 0.0, 94.84355926513672, -57.940547943115234, 0.0, 1429, 1712, 1166, 1375, -59.42091751098633, 14.790462493896484, 0.0, -11.85544490814209, 7.242568492889404, -0.0, 29.277212142944336, -10.474055290222168, 18.803157806396484, -0.0, -89.44419860839844, -33.526153564453125, -122.97034454345703)
(16.26833152770996, 1.2612864971160889, 0.0, 0.0, 0.0, 0.0, 89.49637603759766, -34.428009033203125, 0.0, -130.1466522216797, -10.090291976928711, 0.0, 1482, 1659, 1207, 1334, -11.954877853393555, -30.35618019104004, 0.0, 16.26833152770996, 1.2612864971160889, -0.0, 21.992475509643555, -9.589227676391602, 12.40324878692627, 0.0, -89.95044708251953, 13.800259590148926, -76.15018463134766)
(22.122121810913086, -0.6849913001060486, 0.0, 0.0, 0.0, 0.0, -75.48072814941406, 13.999473571777344, 0.0, -176.9769744873047, 5.479930400848389, 0.0, 1199, 1467, 1457, 1559, 12.97268009185791, -46.49364471435547, 0.0, 22.122121810913086, -0.6849913001060486, -0.0, 12.315876007080078, 29.443260192871094, 41.75913619995117, -0.0, -89.48407745361328, -2.9746172428131104, -92.45869445800781)
(-2.2974135875701904, 0.9531402587890625, 0.0, 0.0, 0.0, 0.0, -109.58759307861328, 3.159778594970703, 0.0, 18.379308700561523, -7.6251220703125, 0.0, 1146, 1395, 1516, 1625, 42.922142028808594, 40.154239654541016, 0.0, -2.2974135875701904, 0.9531402587890625, 0.0, 13.705665588378906, 21.239591598510742, 34.94525909423828, -0.0, -90.01099395751953, 0.08850175887346268, -89.92249298095703)
(-21.764272689819336, 3.7018611431121826, 0.0, 0.0, 0.0, 0.0, -20.747900009155273, 41.43458938598633, 0.0, 174.1141815185547, -29.61488914489746, 0.0, 1369, 1590, 1259, 1460, -1.6878058910369873, 34.926307678222656, 0.0, -21.764272689819336, 3.7018611431121826, 0.0, 22.918994903564453, -17.841346740722656, 5.077646255493164, -0.0, -91.22063446044922, -14.310937881469727, -105.53157043457031)
(-4.355072975158691, 4.58648681640625, 0.0, 0.0, 0.0, 0.0, 123.78645324707031, -50.763885498046875, 0.0, 34.84058380126953, -36.69189453125, 0.0, 1504, 1637, 1212, 1329, 15.027585983276367, -19.704238891601562, 0.0, -4.355072975158691, 4.58648681640625, -0.0, 25.446001052856445, -21.451875686645508, 3.9941256046295166, 0.0, -93.32740783691406, 30.816146850585938, -62.51125717163086)
(19.97142219543457, 0.6634149551391602, 0.0, 0.0, 0.0, 0.0, 77.75591278076172, -22.55014419555664, 0.0, -159.77137756347656, -5.307319641113281, 0.0, 1473, 1653, 1198, 1353, 29.767135620117188, -39.99152374267578, 0.0, 19.97142219543457, 0.6634149551391602, -0.0, 16.82974624633789, -10.694790840148926, 6.134954452514648, 0.0, -93.70419311523438, 9.913276672363281, -83.7909164428711)
(11.885743141174316, 1.9450544118881226, 0.0, 0.0, 0.0, 0.0, -126.45782470703125, -14.947092056274414, 0.0, -95.08594512939453, -15.56043529510498, 0.0, 1178, 1434, 1492, 1570, 44.64102554321289, 12.821781158447266, 0.0, 11.885743141174316, 1.9450544118881226, 0.0, 10.997354507446289, 33.52775573730469, 44.525108337402344, -0.0, -95.01480102539062, 11.334776878356934, -83.68002319335938)
(-13.145676612854004, 2.7030510902404785, 0.0, 0.0, 0.0, 0.0, -72.73263549804688, -0.5959465503692627, 0.0, 105.16541290283203, -21.624408721923828, 0.0, 1187, 1423, 1457, 1606, -37.65395736694336, -48.86180877685547, 0.0, -13.145676612854004, 2.7030510902404785, 0.0, 16.657485961914062, 5.078706741333008, 21.73619270324707, -0.0, -96.2491683959961, -0.12511655688285828, -96.37428283691406)
(-17.516796112060547, 4.4957475662231445, 0.0, 0.0, 0.0, 0.0, 68.68721008300781, 35.72466278076172, 0.0, 140.13436889648438, -35.965980529785156, 0.0, 1379, 1611, 1222, 1462, -17.183591842651367, 32.927581787109375, 0.0, -17.516796112060547, 4.4957475662231445, 0.0, 24.544775009155273, -26.453065872192383, -1.908290982246399, -0.0, -98.08723449707031, -19.703184127807617, -117.79041290283203)
(5.3587517738342285, 2.6077239513397217, 0.0, 0.0, 0.0, 0.0, 87.93912506103516, -15.649381637573242, 0.0, -42.87001419067383, -20.861791610717773, 0.0, 1456, 1673, 1181, 1348, -2.5417685508728027, 12.845085144042969, 0.0, 5.3587517738342285, 2.6077239513397217, -0.0, 22.12598419189453, -9.31605339050293, 12.809930801391602, -0.0, -99.38703918457031, 3.2722280025482178, -96.11480712890625)
(14.755742073059082, 2.679579496383667, 0.0, 0.0, 0.0, 0.0, -2.1219465732574463, 5.57199239730835, 0.0, -118.04593658447266, -21.436635971069336, 0.0, 1000, 1000, 1000, 1000, 3.1147193908691406, 2.7676258087158203, 0.0, 14.755742073059082, 2.679579496383667, -0.0, 15.4104585647583, 0.5713241696357727, 15.981782913208008, -0.0, -100.52696228027344, 4.088571071624756, -96.43838500976562)
(2.306231737136841, 5.039506912231445, 0.0, 0.0, 0.0, 0.0, -26.97690773010254, 14.152145385742188, 0.0, -18.449853897094727, -40.31605529785156, 0.0, 1000, 1000, 1000, 1000, 12.942131042480469, -1.692167043685913, 0.0, 2.306231737136841, 5.039506912231445, 0.0, 14.85461139678955, -3.7760355472564697, 11.07857608795166, -0.0, -102.4487533569336, -0.47830429673194885, -102.92706298828125)
(1.5414013862609863, 2.2863080501556396, 0.0, 0.0, 0.0, 0.0, -4.854771137237549, -3.7104504108428955, 0.0, -12.33121109008789, -18.290464401245117, 0.0, 1000, 1000, 1000, 1000, 8.132052421569824, -6.182608604431152, 0.0, 1.5414013862609863, 2.2863080501556396, -0.0, 14.486013412475586, 1.2643671035766602, 15.750380516052246, -0.0, -103.39322662353516, 0.38211432099342346, -103.0111083984375)
(0.5387215614318848, -1.6569833755493164, 0.0, 0.0, 0.0, 0.0, 7.114694595336914, -16.428007125854492, 0.0, -4.309772491455078, 13.255867004394531, 0.0, 1000, 1000, 1000, 1000, 1.2919654846191406, -13.116557121276855, 0.0, 0.5387215614318848, -1.6569833755493164, -0.0, 14.380732536315918, -1.530860185623169, 12.849872589111328, 0.0, -102.99505615234375, 3.3732409477233887, -99.62181854248047)
(0.297421932220459, -3.083799362182617, 0.0, 0.0, 0.0, 0.0, -11.480725288391113, 1.1903129816055298, 0.0, -2.379375457763672, 24.670394897460938, 0.0, 1000, 1000, 1000, 1000, -2.0786213874816895, -11.176204681396484, 0.0, 0.297421932220459, -3.083799362182617, 0.0, 14.011711120605469, 2.956467628479004, 16.968177795410156, 0.0, -101.88497161865234, -0.49878451228141785, -102.38375854492188)
(-0.6607400178909302, -3.3375611305236816, 0.0, 0.0, 0.0, 0.0, 8.778817176818848, -8.931824684143066, 0.0, 5.285920143127441, 26.700489044189453, 0.0, 1000, 1000, 1000, 1000, -3.19980525970459, -10.906129837036133, 0.0, -0.6607400178909302, -3.3375611305236816, -0.0, 14.372255325317383, -3.0674283504486084, 11.304826736450195, 0.0, -100.84456634521484, 3.9552042484283447, -96.88936614990234)
(0.01653500646352768, -4.478618621826172, 0.0, 0.0, 0.0, 0.0, -17.266984939575195, 7.7551984786987305, 0.0, -0.13228005170822144, 35.828948974609375, 0.0, 1000, 1000, 1000, 1000, 1.4333178997039795, -11.800271987915039, 0.0, 0.01653500646352768, -4.478618621826172, 0.0, 14.113001823425293, 5.657059192657471, 19.770061492919922, 0.0, -99.0965576171875, -2.4214510917663574, -101.51800537109375)
(-4.125250816345215, -4.553195476531982, 0.0, 0.0, 0.0, 0.0, -10.579961776733398, -12.24480152130127, 0.0, 33.00200653076172, 36.42556381225586, 0.0, 1000, 1000, 1000, 1000, -3.6975884437561035, -11.075525283813477, 0.0, -4.125250816345215, -4.553195476531982, 0.0, 15.84264087677002, 0.6402656435966492, 16.482906341552734, 0.0, -97.63719940185547, 4.409585475921631, -93.22761535644531)
(-2.0174760818481445, -8.924562454223633, 0.0, 0.0, 0.0, 0.0, 23.14522933959961, -13.237168312072754, 0.0, 16.139808654785156, 71.39649963378906, 0.0, 1000, 1000, 1000, 1000, -4.446943283081055, -14.795577049255371, 0.0, -2.0174760818481445, -8.924562454223633, -0.0, 16.793861389160156, -4.470000743865967, 12.323860168457031, 0.0, -94.36320495605469, 1.932104229927063, -92.43110656738281)
(-3.994828224182129, -8.487934112548828, 0.0, 0.0, 0.0, 0.0, -41.724998474121094, 0.6406946778297424, 0.0, 31.95862579345703, 67.90347290039062, 0.0, 1000, 1000, 1000, 1000, -3.0046935081481934, -14.164393424987793, 0.0, -3.994828224182129, -8.487934112548828, 0.0, 17.735536575317383, 9.097491264343262, 26.833026885986328, 0.0, -91.01963806152344, 6.265592575073242, -84.75404357910156)
(-6.0472941398620605, -7.898807048797607, 0.0, 0.0, 0.0, 0.0, -18.625762939453125, 25.617794036865234, 0.0, 48.378353118896484, 63.19045639038086, 0.0, 1000, 1000, 1000, 1000, -16.67130470275879, -5.350727081298828, 0.0, -6.0472941398620605, -7.898807048797607, 0.0, 20.23406410217285, 6.494475841522217, 26.728538513183594, 0.0, -87.82423400878906, -2.115540027618408, -89.93977355957031)
(-6.3264594078063965, -5.189380168914795, 0.0, 0.0, 0.0, 0.0, 1.5727099180221558, 5.4345879554748535, 0.0, 50.61167526245117, 41.51504135131836, 0.0, 1000, 1000, 1000, 1000, -7.2674360275268555, -14.467061996459961, 0.0, -6.3264594078063965, -5.189380168914795, 0.0, 22.61831283569336, -0.9774649143218994, 21.640846252441406, 0.0, -86.2895278930664, -1.4769680500030518, -87.76649475097656)
(-5.723321437835693, -3.742788553237915, 0.0, 0.0, 0.0, 0.0, -0.27461832761764526, 1.770465612411499, 0.0, 45.78657150268555, 29.94230842590332, 0.0, 1000, 1000, 1000, 1000, -5.611530780792236, -8.571033477783203, 0.0, -5.723321437835693, -3.742788553237915, 0.0, 24.691694259643555, -1.0840082168579102, 23.60768699645996, 0.0, -85.13807678222656, -0.32986268401145935, -85.46793365478516)
(-4.10680627822876, -1.8961101770401, 0.0, 0.0, 0.0, 0.0, 16.412405014038086, 20.62542724609375, 0.0, 32.85445022583008, 15.1688814163208, 0.0, 1000, 1000, 1000, 1000, -6.083930969238281, -6.8684234619140625, 0.0, -4.10680627822876, -1.8961101770401, 0.0, 26.31197166442871, -4.0577850341796875, 22.254186630249023, -0.0, -84.4214859008789, -4.806284427642822, -89.22776794433594)
(-0.01641456037759781, 2.7368171215057373, 0.0, 0.0, 0.0, 0.0, -20.244083404541016, -13.420373916625977, 0.0, 0.13131648302078247, -21.8945369720459, 0.0, 1000, 1000, 1000, 1000, -0.8267991542816162, -4.346819877624512, 0.0, -0.01641456037759781, 2.7368171215057373, 0.0, 25.982646942138672, 8.910351753234863, 34.893001556396484, -0.0, -85.8906021118164, 5.643057346343994, -80.24754333496094)
(-0.42424237728118896, 2.3824920654296875, 0.0, 0.0, 0.0, 0.0, -6.763167858123779, -4.977625846862793, 0.0, 3.3939390182495117, -19.0599365234375, 0.0, 1000, 1000, 1000, 1000, -0.21750521659851074, -3.072482109069824, 0.0, -0.42424237728118896, 2.3824920654296875, 0.0, 26.244665145874023, 2.33909273147583, 28.583757400512695, -0.0, -86.77499389648438, 2.351682662963867, -84.42330932617188)
(-0.5509237051010132, 2.2870841026306152, 0.0, 0.0, 0.0, 0.0, -0.01507633551955223, 1.7551984786987305, 0.0, 4.4073896408081055, -18.296672821044922, 0.0, 1000, 1000, 1000, 1000, 0.2059478759765625, -1.6865994930267334, 0.0, -0.5509237051010132, 2.2870841026306152, 0.0, 26.436687469482422, -0.15535150468349457, 26.281335830688477, -0.0, -87.70604705810547, -0.1921570599079132, -87.89820861816406)
(-0.6992880702018738, 2.169048309326172, 0.0, 0.0, 0.0, 0.0, -1.1906489133834839, 1.0681755542755127, 0.0, 5.59430456161499, -17.352386474609375, 0.0, 1000, 1000, 1000, 1000, 0.08023262023925781, -1.6090667247772217, 0.0, -0.6992880702018738, 2.169048309326172, 0.0, 26.71603775024414, 0.16434021294116974, 26.8803768157959, -0.0, -88.62516784667969, 0.2654992640018463, -88.35967254638672)
(-0.8566579222679138, 2.069319248199463, 0.0, 0.0, 0.0, 0.0, -1.114313006401062, 0.9002366662025452, 0.0, 6.8532633781433105, -16.554553985595703, 0.0, 1000, 1000, 1000, 1000, -0.5373129844665527, -1.900029182434082, 0.0, -0.8566579222679138, 2.069319248199463, 0.0, 27.053686141967773, 0.21729230880737305, 27.270978927612305, -0.0, -89.4734115600586, 0.1971483677625656, -89.2762680053711)
(-1.273794174194336, 1.8364630937576294, 0.0, 0.0, 0.0, 0.0, -3.816602945327759, 0.3048167824745178, 0.0, 10.190353393554688, -14.691704750061035, 0.0, 1000, 1000, 1000, 1000, -0.03246498107910156, -2.1023521423339844, 0.0, -1.273794174194336, 1.8364630937576294, 0.0, 27.507549285888672, 1.086979866027832, 28.59453010559082, -0.0, -90.24044036865234, 0.16100969910621643, -90.07942962646484)
(-3.551603078842163, 0.30187931656837463, 0.0, 0.0, 0.0, 0.0, -18.19828224182129, -13.038694381713867, 0.0, 28.412824630737305, -2.415034532546997, 0.0, 1000, 1000, 1000, 1000, -3.805112838745117, -1.859973669052124, 0.0, -3.551603078842163, 0.30187931656837463, 0.0, 28.77791976928711, 3.513529062271118, 32.29145050048828, 0.0, -90.49008178710938, 3.6761281490325928, -86.81395721435547)
(-4.2661452293396, -0.11770623177289963, 0.0, 0.0, 0.0, 0.0, -3.41965651512146, -1.374572515487671, 0.0, 34.1291618347168, 0.941649854183197, 0.0, 1000, 1000, 1000, 1000, -4.671605587005615, -5.015162944793701, 0.0, -4.2661452293396, -0.11770623177289963, 0.0, 30.485977172851562, 0.49377766251564026, 30.979755401611328, 0.0, -90.4525375366211, 0.48186397552490234, -89.97067260742188)
(-4.287951469421387, -0.12950479984283447, 0.0, 0.0, 0.0, 0.0, -0.25935113430023193, 1.3735190629959106, 0.0, 34.303611755371094, 1.0360383987426758, 0.0, 1000, 1000, 1000, 1000, -3.044705867767334, -3.755528211593628, 0.0, -4.287951469421387, -0.12950479984283447, 0.0, 32.10753631591797, 0.15201230347156525, 32.25954818725586, -0.0, -90.5105209350586, 0.4975188076496124, -90.01300048828125)
(-4.368785381317139, -0.20569539070129395, 0.0, 0.0, 0.0, 0.0, -0.3204198479652405, 1.4040534496307373, 0.0, 34.95028305053711, 1.6455631256103516, 0.0, 1000, 1000, 1000, 1000, -3.536243438720703, -3.9310572147369385, 0.0, -4.368785381317139, -0.20569539070129395, 0.0, 33.76729965209961, -0.01821157895028591, 33.749088287353516, 0.0, -90.49869537353516, -0.04404919594526291, -90.54273986816406)
(-4.40983247756958, -0.2506543695926666, 0.0, 0.0, 0.0, 0.0, -0.4120228886604309, 1.3277175426483154, 0.0, 35.27865982055664, 2.005234956741333, 0.0, 1000, 1000, 1000, 1000, -3.7998366355895996, -3.8631558418273926, 0.0, -4.40983247756958, -0.2506543695926666, 0.0, 35.406646728515625, 0.17704424262046814, 35.58369064331055, 0.0, -90.47273254394531, -0.04593956843018532, -90.51866912841797)
(-4.454755783081055, -0.2997722923755646, 0.0, 0.0, 0.0, 0.0, -0.4120228886604309, 1.2513816356658936, 0.0, 35.63804626464844, 2.3981783390045166, 0.0, 1000, 1000, 1000, 1000, -3.780637264251709, -4.121464252471924, 0.0, -4.454755783081055, -0.2997722923755646, 0.0, 37.09374237060547, -0.030443662777543068, 37.06330108642578, 0.0, -90.46025848388672, 0.49157199263572693, -89.96868896484375)
(-4.496999740600586, -0.3624128997325897, 0.0, 0.0, 0.0, 0.0, -0.5494275093078613, 1.1597785949707031, 0.0, 35.97599792480469, 2.8993031978607178, 0.0, 1000, 1000, 1000, 1000, -3.578782558441162, -3.913109302520752, 0.0, -4.496999740600586, -0.3624128997325897, 0.0, 38.79847717285156, 0.05418435484170914, 38.8526611328125, 0.0, -90.39225769042969, 0.05496855080127716, -90.33728790283203)
(-4.547033786773682, -0.40881839394569397, 0.0, 0.0, 0.0, 0.0, -0.3356870114803314, 1.5261908769607544, 0.0, 36.37627029418945, 3.2705471515655518, 0.0, 1000, 1000, 1000, 1000, -3.8576889038085938, -3.796910285949707, 0.0, -4.547033786773682, -0.40881839394569397, 0.0, 40.526283264160156, 0.20129279792308807, 40.727577209472656, 0.0, -90.30333709716797, -0.18775516748428345, -90.49109649658203)
(-4.576724052429199, -0.43454667925834656, 0.0, 0.0, 0.0, 0.0, -0.4883587658405304, 1.465122103691101, 0.0, 36.613792419433594, 3.4763734340667725, 0.0, 1000, 1000, 1000, 1000, -3.8150558471679688, -3.7993836402893066, 0.0, -4.576724052429199, -0.43454667925834656, 0.0, 42.262176513671875, 0.06586065888404846, 42.32803726196289, 0.0, -90.20506286621094, -0.1380579024553299, -90.3431167602539)
(-4.604442119598389, -0.47039878368377686, 0.0, 0.0, 0.0, 0.0, -0.4883587658405304, 1.1903129816055298, 0.0, 36.83553695678711, 3.763190269470215, 0.0, 1000, 1000, 1000, 1000, -3.8649802207946777, -4.15920877456665, 0.0, -4.604442119598389, -0.47039878368377686, 0.0, 43.97810745239258, 0.26904600858688354, 44.247154235839844, 0.0, -90.0944595336914, 0.05013184994459152, -90.04432678222656)
(-4.64125919342041, -0.5034267902374268, 0.0, 0.0, 0.0, 0.0, -0.7326335906982422, 1.3124504089355469, 0.0, 37.13007354736328, 4.027414321899414, 0.0, 1000, 1000, 1000, 1000, -3.756162643432617, -3.829336404800415, 0.0, -4.64125919342041, -0.5034267902374268, 0.0, 45.73877716064453, 0.19737595319747925, 45.936153411865234, 0.0, -90.00198364257812, 0.42444077134132385, -89.57754516601562)