
(1.1440536975860596, -0.37917327880859375, 0.0, 0.0, 0.0, 0.0, -0.36621373891830444, 1.282244324684143, 0.0, -9.152429580688477, 3.03338623046875, 0.0, 1000, 1000, 1000, 1000, 1.1440536975860596, -0.37917327880859375, 0.0, 1.1440536975860596, -0.37917327880859375, -0.0, -0.0, -11.035487174987793, -11.035487174987793, 0.0, 0.0, 2.199434280395508, 2.199434280395508)
(1.0569838285446167, -0.08075292408466339, 0.0, 0.0, 0.0, 0.0, -0.32041221857070923, 1.3433129787445068, 0.0, -8.455870628356934, 0.6460233926773071, 0.0, 1000, 1000, 1000, 1000, 0.9995831251144409, -0.15914630889892578, 0.0, 1.0569838285446167, -0.08075292408466339, -0.0, -0.0, 0.0062789455987513065, 0.0062789455987513065, -0.0, 0.0, -0.4608505368232727, -0.4608505368232727)
(0.9717826247215271, 0.1914886087179184, 0.0, 0.0, 0.0, 0.0, -0.5341526865959167, 1.282244324684143, 0.0, -7.774260997772217, -1.5319088697433472, 0.0, 1000, 1000, 1000, 1000, 1.4270249605178833, 0.2090892791748047, 0.0, 0.9717826247215271, 0.1914886087179184, -0.0, -0.0, 0.2754818797111511, 0.2754818797111511, -0.0, 0.0, -0.4244789481163025, -0.4244789481163025)
(0.8919281959533691, 0.4188094139099121, 0.0, 0.0, 0.0, 0.0, -0.5341526865959167, 1.1753740310668945, 0.0, -7.135425567626953, -3.350475311279297, 0.0, 1000, 1000, 1000, 1000, 1.2780263423919678, -0.8451247215270996, 0.0, 0.8919281959533691, 0.4188094139099121, -0.0, -0.0, 0.5156437754631042, 0.5156437754631042, -0.0, 0.0, -0.17816179990768433, -0.17816179990768433)
(0.8141887187957764, 0.6466120481491089, 0.0, 0.0, 0.0, 0.0, -0.32041221857070923, 1.0227023363113403, 0.0, -6.513509750366211, -5.172896385192871, 0.0, 1000, 1000, 1000, 1000, 1.4269168376922607, 0.08893966674804688, 0.0, 0.8141887187957764, 0.6466120481491089, -0.0, -0.0, -0.00533686438575387, -0.00533686438575387, -0.0, 0.0, 0.5755093097686768, 0.5755093097686768)
(0.7527256608009338, 0.8474493026733398, 0.0, 0.0, 0.0, 0.0, -0.41201525926589966, 1.389114499092102, 0.0, -6.021805286407471, -6.779594421386719, 0.0, 1000, 1000, 1000, 1000, 0.9780128002166748, -0.097900390625, 0.0, 0.7527256608009338, 0.8474493026733398, -0.0, -0.0, 0.09335050731897354, 0.09335050731897354, -0.0, 0.0, -0.42579805850982666, -0.42579805850982666)
(0.6941292881965637, 1.03897225856781, 0.0, 0.0, 0.0, 0.0, -0.48835113644599915, 1.282244324684143, 0.0, -5.55303430557251, -8.31177806854248, 0.0, 1000, 1000, 1000, 1000, 1.4153462648391724, -0.49811553955078125, 0.0, 0.6941292881965637, 1.03897225856781, -0.0, -0.0, 0.2094229757785797, 0.2094229757785797, -0.0, 0.0, -0.24672351777553558, -0.24672351777553558)
(0.6506115198135376, 1.2064868211746216, 0.0, 0.0, 0.0, 0.0, -0.3051450252532959, 1.5265190601348877, 0.0, -5.204892158508301, -9.651894569396973, 0.0, 1000, 1000, 1000, 1000, 2.1509931087493896, -0.34430408477783203, 0.0, 0.6506115198135376, 1.2064868211746216, -0.0, -0.0, -0.03849777206778526, -0.03849777206778526, -0.0, 0.0, -0.5926500558853149, -0.5926500558853149)
(0.6018986701965332, 1.3519121408462524, 0.0, 0.0, 0.0, 0.0, -0.28987786173820496, 1.1448396444320679, 0.0, -4.815189361572266, -10.81529712677002, 0.0, 1000, 1000, 1000, 1000, 1.6261600255966187, -0.764307975769043, 0.0, 0.6018986701965332, 1.3519121408462524, -0.0, -0.0, -0.15219615399837494, -0.15219615399837494, -0.0, 0.0, -0.04603322595357895, -0.04603322595357895)
(0.5559978485107422, 1.4987468719482422, 0.0, 0.0, 0.0, 0.0, -0.2288091629743576, 1.4501831531524658, 0.0, -4.4479827880859375, -11.989974975585938, 0.0, 1000, 1000, 1000, 1000, 1.1784789562225342, -0.4618372917175293, 0.0, 0.5559978485107422, 1.4987468719482422, -0.0, -0.0, -0.23691822588443756, -0.23691822588443756, -0.0, -0.0, -0.38236168026924133, -0.38236168026924133)
(0.510273814201355, 1.6164542436599731, 0.0, 0.0, 0.0, 0.0, -0.3967480957508087, 1.6486564874649048, 0.0, -4.08219051361084, -12.931633949279785, 0.0, 1000, 1000, 1000, 1000, 1.3107773065567017, -0.29279518127441406, 0.0, 0.510273814201355, 1.6164542436599731, -0.0, -0.0, -0.03829114884138107, -0.03829114884138107, -0.0, -0.0, -0.6172292232513428, -0.6172292232513428)
(-1.2482435703277588, -0.12014318257570267, 0.0, 0.0, 0.0, 0.0, -17.266977310180664, -16.778823852539062, 0.0, 9.98594856262207, 0.9611454606056213, 0.0, 1000, 1000, 1000, 1000, -1.8339354991912842, -3.0462265014648438, 0.0, -1.2482435703277588, -0.12014318257570267, 0.0, -0.0, 6.4229278564453125, 6.4229278564453125, 0.0, -0.0, 6.618622303009033, 6.618622303009033)
(-5.063446521759033, -4.032856464385986, 0.0, 0.0, 0.0, 0.0, -24.045602798461914, -24.10706901550293, 0.0, 40.507572174072266, 32.26285171508789, 0.0, 1000, 1000, 1000, 1000, -8.166027069091797, -3.035487174987793, 0.0, -5.063446521759033, -4.032856464385986, 0.0, -0.0, 10.027713775634766, 10.027713775634766, 0.0, 0.0, 11.533224105834961, 11.533224105834961)
(-5.886971950531006, -4.764540672302246, 0.0, 0.0, 0.0, 0.0, 6.427679538726807, 9.160106658935547, 0.0, 47.09577560424805, 38.11632537841797, 0.0, 1000, 1000, 1000, 1000, -5.287322044372559, -8.094144821166992, 0.0, -5.886971950531006, -4.764540672302246, 0.0, 0.0, 2.0531554222106934, 2.0531554222106934, 0.0, 0.0, 1.603855013847351, 1.603855013847351)
(-7.642960071563721, -6.825890064239502, 0.0, 0.0, 0.0, 0.0, -2.7784273624420166, -10.992565155029297, 0.0, 61.143680572509766, 54.607120513916016, 0.0, 1000, 1000, 1000, 1000, -5.147182464599609, -17.197128295898438, 0.0, -7.642960071563721, -6.825890064239502, 0.0, 0.0, -3.1004769802093506, -3.1004769802093506, 0.0, 0.0, 7.015084743499756, 7.015084743499756)
(-13.196267127990723, -6.789996147155762, 0.0, 0.0, 0.0, 0.0, -10.595221519470215, 54.06087112426758, 0.0, 105.57013702392578, 54.319969177246094, 0.0, 1000, 1000, 1000, 1000, -17.408096313476562, -14.540766716003418, 0.0, -13.196267127990723, -6.789996147155762, 0.0, 0.0, -4.250479698181152, -4.250479698181152, 0.0, 0.0, -34.641151428222656, -34.641151428222656)
(-6.805324077606201, -1.5189775228500366, 0.0, 0.0, 0.0, 0.0, 33.49637985229492, 2.8547632694244385, 0.0, 54.44259262084961, 12.151820182800293, 0.0, 1000, 1000, 1000, 1000, -1.3166687488555908, -1.5317041873931885, 0.0, -6.805324077606201, -1.5189775228500366, 0.0, 0.0, -3.179781913757324, -3.179781913757324, 0.0, 0.0, -5.067546844482422, -5.067546844482422)
(-3.8445684909820557, 6.571160793304443, 0.0, 0.0, 0.0, 0.0, 8.656686782836914, 44.686824798583984, 0.0, 30.756547927856445, -52.56928634643555, 0.0, 1000, 1000, 1000, 1000, -1.4617033004760742, 9.382739067077637, 0.0, -3.8445684909820557, 6.571160793304443, 0.0, 0.0, 0.07636549323797226, 0.07636549323797226, -0.0, 0.0, 0.4232311248779297, 0.4232311248779297)
(4.430533409118652, 5.553169250488281, 0.0, 0.0, 0.0, 0.0, 36.64141845703125, -19.023099899291992, 0.0, -35.44426727294922, -44.42535400390625, 0.0, 1000, 1000, 1000, 1000, 7.893963813781738, 11.472267150878906, 0.0, 4.430533409118652, 5.553169250488281, -0.0, 0.0, -4.30626916885376, -4.30626916885376, -0.0, 0.0, 15.808452606201172, 15.808452606201172)
(2.662567377090454, 3.23892879486084, 0.0, 0.0, 0.0, 0.0, -38.244075775146484, -14.534549713134766, 0.0, -21.300539016723633, -25.91143035888672, 0.0, 1000, 1000, 1000, 1000, 4.3419342041015625, -1.4010870456695557, 0.0, 2.662567377090454, 3.23892879486084, 0.0, 0.0, 15.931831359863281, 15.931831359863281, -0.0, 0.0, 13.082805633544922, 13.082805633544922)
(2.103299617767334, 2.923365831375122, 0.0, 0.0, 0.0, 0.0, 12.10706901550293, -5.358977317810059, 0.0, -16.826396942138672, -23.386926651000977, 0.0, 1000, 1000, 1000, 1000, 2.8845877647399902, 1.5262246131896973, 0.0, 2.103299617767334, 2.923365831375122, -0.0, 0.0, -4.285597324371338, -4.285597324371338, -0.0, 0.0, 2.359149217605591, 2.359149217605591)
(1.0852360725402832, 2.552896022796631, 0.0, 0.0, 0.0, 0.0, -24.3509464263916, 4.2135419845581055, 0.0, -8.681888580322266, -20.423168182373047, 0.0, 1000, 1000, 1000, 1000, 3.0908961296081543, -0.0027513504028320312, 0.0, 1.0852360725402832, 2.552896022796631, 0.0, 0.0, 11.738834381103516, 11.738834381103516, -0.0, 0.0, -4.27552604675293, -4.27552604675293)
(-2.9273903369903564, 2.087552070617676, 0.0, 0.0, 0.0, 0.0, -3.0074350833892822, -4.519282341003418, 0.0, 23.41912269592285, -16.700416564941406, 0.0, 1000, 1000, 1000, 1000, -2.611314296722412, -3.1510813236236572, 0.0, -2.9273903369903564, 2.087552070617676, 0.0, 0.0, -2.1322782039642334, -2.1322782039642334, -0.0, -0.0, 2.03130841255188, 2.03130841255188)
(-3.5800297260284424, 1.4982454776763916, 0.0, 0.0, 0.0, 0.0, -6.198274612426758, 1.4807175397872925, 0.0, 28.64023780822754, -11.985963821411133, 0.0, 1000, 1000, 1000, 1000, -3.5710196495056152, -1.2390220165252686, 0.0, -3.5800297260284424, 1.4982454776763916, 0.0, 0.0, 1.5093330144882202, 1.5093330144882202, -0.0, -0.0, -1.6818890571594238, -1.6818890571594238)
(-3.4640841484069824, 1.2452778816223145, 0.0, 0.0, 0.0, 0.0, 4.1070685386657715, 3.0990381240844727, 0.0, 27.71267318725586, -9.962223052978516, 0.0, 1000, 1000, 1000, 1000, -2.3549342155456543, -2.6451668739318848, 0.0, -3.4640841484069824, 1.2452778816223145, 0.0, 0.0, -0.9763892292976379, -0.9763892292976379, -0.0, -0.0, -2.4774670600891113, -2.4774670600891113)
(-1.6349546909332275, 0.7345935106277466, 0.0, 0.0, 0.0, 0.0, 9.282641410827637, -2.0001983642578125, 0.0, 13.07963752746582, -5.876748085021973, 0.0, 1000, 1000, 1000, 1000, -0.4980580806732178, -2.7579052448272705, 0.0, -1.6349546909332275, 0.7345935106277466, 0.0, 0.0, -1.7677885293960571, -1.7677885293960571, -0.0, -0.0, 2.2996795177459717, 2.2996795177459717)
(-1.1223589181900024, 0.4040699899196625, 0.0, 0.0, 0.0, 0.0, -0.5188854932785034, 1.3280458450317383, 0.0, 8.97887134552002, -3.2325599193573, 0.0, 1000, 1000, 1000, 1000, 0.6500437259674072, -4.050624847412109, 0.0, -1.1223589181900024, 0.4040699899196625, 0.0, 0.0, 0.5555753111839294, 0.5555753111839294, -0.0, -0.0, -0.5014143586158752, -0.5014143586158752)
(-1.8030225038528442, 0.7504576444625854, 0.0, 0.0, 0.0, 0.0, -4.412015438079834, 3.053236722946167, 0.0, 14.424180030822754, -6.003661155700684, 0.0, 1000, 1000, 1000, 1000, -0.8598940372467041, -2.6170573234558105, 0.0, -1.8030225038528442, 0.7504576444625854, 0.0, 0.0, 1.6787952184677124, 1.6787952184677124, -0.0, -0.0, 1.1603832244873047, 1.1603832244873047)
(-1.6260493993759155, 1.3332304954528809, 0.0, 0.0, 0.0, 0.0, -0.4730839729309082, -1.1910381317138672, 0.0, 13.008395195007324, -10.665843963623047, 0.0, 1000, 1000, 1000, 1000, -0.1195535659790039, -0.8955588340759277, 0.0, -1.6260493993759155, 1.3332304954528809, 0.0, 0.0, 0.7538520097732544, 0.7538520097732544, -0.0, -0.0, 1.6354918479919434, 1.6354918479919434)
(-2.0723748207092285, 0.7722073197364807, 0.0, 0.0, 0.0, 0.0, -4.244076251983643, 1.1753740310668945, 0.0, 16.578998565673828, -6.177658557891846, 0.0, 1000, 1000, 1000, 1000, -1.9744961261749268, -2.6437292098999023, 0.0, -2.0723748207092285, 0.7722073197364807, 0.0, 0.0, 2.9254448413848877, 2.9254448413848877, -0.0, -0.0, -1.1190184354782104, -1.1190184354782104)
(-1.7371326684951782, 0.4416167736053467, 0.0, 0.0, 0.0, 0.0, 2.4582138061523438, -0.3818778693675995, 0.0, 13.897061347961426, -3.5329341888427734, 0.0, 1000, 1000, 1000, 1000, -0.40717506408691406, -1.4035656452178955, 0.0, -1.7371326684951782, 0.4416167736053467, 0.0, 0.0, -0.7084692120552063, -0.7084692120552063, -0.0, -0.0, 3.188302516937256, 3.188302516937256)
(-2.1716041564941406, 0.6762426495552063, 0.0, 0.0, 0.0, 0.0, -1.6333893537521362, -7.191038131713867, 0.0, 17.372833251953125, -5.40994119644165, 0.0, 1000, 1000, 1000, 1000, -1.336418867111206, -2.242387294769287, 0.0, -2.1716041564941406, 0.6762426495552063, 0.0, 0.0, -1.4370592832565308, -1.4370592832565308, 0.0, -0.0, 7.126749038696289, 7.126749038696289)
(-1.7344865798950195, 0.480683833360672, 0.0, 0.0, 0.0, 0.0, -4.595221519470215, 3.1448397636413574, 0.0, 13.875892639160156, -3.845470666885376, 0.0, 1000, 1000, 1000, 1000, -0.12391257286071777, -2.7384984493255615, 0.0, -1.7344865798950195, 0.480683833360672, 0.0, 0.0, 5.205875396728516, 5.205875396728516, -0.0, -0.0, -0.5307655930519104, -0.5307655930519104)
(-2.1516964435577393, 0.14015628397464752, 0.0, 0.0, 0.0, 0.0, 1.7101221084594727, 4.763160228729248, 0.0, 17.213571548461914, -1.1212502717971802, 0.0, 1000, 1000, 1000, 1000, -1.6584172248840332, -3.057887077331543, 0.0, -2.1516964435577393, 0.14015628397464752, 0.0, 0.0, -1.5844948291778564, -1.5844948291778564, -0.0, -0.0, -4.19967794418335, -4.19967794418335)
(-1.6708544492721558, 0.5489946603775024, 0.0, 0.0, 0.0, 0.0, 4.87042760848999, 4.198274612426758, 0.0, 13.366835594177246, -4.3919572830200195, 0.0, 1000, 1000, 1000, 1000, -0.9742529392242432, -2.7125325202941895, 0.0, -1.6708544492721558, 0.5489946603775024, 0.0, 0.0, -1.6790658235549927, -1.6790658235549927, -0.0, -0.0, -1.7440508604049683, -1.7440508604049683)
(-1.8658808469772339, 0.820267379283905, 0.0, 0.0, 0.0, 0.0, -6.595221519470215, 0.28987786173820496, 0.0, 14.927046775817871, -6.56213903427124, 0.0, 1000, 1000, 1000, 1000, -0.9718835353851318, -1.627323865890503, 0.0, -1.8658808469772339, 0.820267379283905, 0.0, 0.0, 2.450923442840576, 2.450923442840576, -0.0, -0.0, 2.5598905086517334, 2.5598905086517334)
(-1.974622130393982, 0.3391178250312805, 0.0, 0.0, 0.0, 0.0, 0.16813740134239197, 1.266977071762085, 0.0, 15.796977043151855, -2.712942600250244, 0.0, 1000, 1000, 1000, 1000, -1.2342884540557861, -3.7310359477996826, 0.0, -1.974622130393982, 0.3391178250312805, 0.0, 0.0, 0.18008190393447876, 0.18008190393447876, -0.0, -0.0, -0.30693650245666504, -0.30693650245666504)
(-1.7650049924850464, 0.6865274310112, 0.0, 0.0, 0.0, 0.0, -1.587587833404541, 4.503618240356445, 0.0, 14.120039939880371, -5.4922194480896, 0.0, 1000, 1000, 1000, 1000, -0.7162106037139893, -2.4373528957366943, 0.0, -1.7650049924850464, 0.6865274310112, 0.0, 0.0, 2.9741504192352295, 2.9741504192352295, -0.0, -0.0, -2.8711066246032715, -2.8711066246032715)
(-2.130402088165283, 0.554881751537323, 0.0, 0.0, 0.0, 0.0, 1.4047785997390747, -0.7482900619506836, 0.0, 17.043216705322266, -4.439054012298584, 0.0, 1000, 1000, 1000, 1000, -1.8014957904815674, -2.9343810081481934, 0.0, -2.130402088165283, 0.554881751537323, 0.0, 0.0, -1.8937370777130127, -1.8937370777130127, -0.0, -0.0, -0.12308866530656815, -0.12308866530656815)
(-1.9772413969039917, 0.4595312178134918, 0.0, 0.0, 0.0, 0.0, -1.9081984758377075, 0.427282452583313, 0.0, 15.817931175231934, -3.6762497425079346, 0.0, 1000, 1000, 1000, 1000, -0.18511486053466797, -2.7541568279266357, 0.0, -1.9772413969039917, 0.4595312178134918, 0.0, 0.0, 19.229537963867188, 19.229537963867188, -0.0, -0.0, -4.389243125915527, -4.389243125915527)
(-2.0187089443206787, 0.3849453032016754, 0.0, 0.0, 0.0, 0.0, 1.4047785997390747, 2.1066718101501465, 0.0, 16.14967155456543, -3.0795624256134033, 0.0, 1000, 1000, 1000, 1000, -0.3008856773376465, -3.7286951541900635, 0.0, -2.0187089443206787, 0.3849453032016754, 0.0, 0.0, -0.7054135799407959, -0.7054135799407959, -0.0, -0.0, -0.8197696208953857, -1.1196054220199585)
(-1.9037909507751465, 0.6520165801048279, 0.0, -1.0, 0.0, 0.0, 0.19867175817489624, -0.015465648844838142, 0.0, 7.230327606201172, -5.216132640838623, 0.0, 1000, 1000, 1000, 1000, -0.4898221492767334, -1.6123161315917969, 0.0, -1.9037909507751465, 0.6520165801048279, 0.0, 0.0, -10.546566009521484, -10.546566009521484, -0.0, -0.0, 1.07174551486969, 1.07174551486969)
(-2.0555477142333984, 0.27184242010116577, 0.0, 0.0, 0.0, 0.0, 0.5040152668952942, 0.427282452583313, 0.0, 16.444381713867188, -2.174739360809326, 0.0, 1000, 1000, 1000, 1000, -2.1317925453186035, -2.570033550262451, 0.0, -2.0555477142333984, 0.27184242010116577, 0.0, 0.0, -1.214993953704834, -1.214993953704834, -0.0, -0.0, 0.01314092893153429, 0.01314092893153429)
(-1.6647520065307617, 0.012564882636070251, 0.0, -1.0, 0.0, 0.0, 2.7177557945251465, -0.04600000008940697, 0.0, 5.318016052246094, -0.10051906108856201, 0.0, 1000, 1000, 1000, 1000, -0.4588601589202881, -3.0453500747680664, 0.0, -1.6647520065307617, 0.012564882636070251, 0.0, 0.0, -8.953771591186523, -8.953771591186523, -0.0, -0.0, 0.14045128226280212, 0.14045128226280212)
(-1.0183181762695312, 0.1311884969472885, 0.0, 0.0, 0.0, 0.0, -3.3891146183013916, 8.198274612426758, 0.0, 8.14654541015625, -1.049507975578308, 0.0, 1000, 1000, 1000, 1000, 0.8657188415527344, -2.7612619400024414, 0.0, -1.0183181762695312, 0.1311884969472885, 0.0, 0.0, 3.3166933059692383, 3.3166933059692383, -0.0, -0.0, -3.3834714889526367, -3.3834714889526367)
(-3.120734691619873, 0.5272173881530762, 0.0, 0.0, 0.0, 0.0, -2.3204121589660645, 0.6562900543212891, 0.0, 24.965877532958984, -4.217739105224609, 0.0, 1000, 1000, 1000, 1000, -2.3338441848754883, -2.3582446575164795, 0.0, -3.120734691619873, 0.5272173881530762, 0.0, 0.0, -3.5167224407196045, -3.5167224407196045, -0.0, -0.0, 0.4973088204860687, 0.4973088204860687)
(-2.726684331893921, 0.3354698419570923, 0.0, -1.0, 0.0, 0.0, -1.4349160194396973, -1.7101221084594727, 0.0, 21.813474655151367, -2.6837587356567383, 0.0, 1000, 1000, 1000, 1000, -2.1588926315307617, -2.8767263889312744, 0.0, -2.726684331893921, 0.3354698419570923, 0.0, 0.0, -0.6596319079399109, -0.6596319079399109, -0.0, -0.0, 2.1721997261047363, 2.1721997261047363)
(-1.8724497556686401, -0.003429737873375416, 0.0, 0.0, 0.0, 0.0, 1.9696640968322754, 2.7784273624420166, 0.0, 14.979598045349121, 0.027437902987003326, 0.0, 1100, 1100, 1100, 1100, -0.42659544944763184, -3.086069107055664, 0.0, -1.8724497556686401, -0.003429737873375416, 0.0, 0.0, 0.18893375992774963, 0.18893375992774963, -0.0, -0.0, -0.11255747079849243, -0.11255747079849243)
(-1.889559268951416, 0.07858088612556458, 0.0, 0.0, 0.0, 0.0, 0.07653435319662094, 1.5570534467697144, 0.0, 15.116474151611328, -0.6286470890045166, 0.0, 1100, 1100, 1100, 1100, -0.4378013610839844, -3.3195457458496094, 0.0, -1.889559268951416, 0.07858088612556458, 0.0, 0.0, -0.9460929036140442, -0.9460929036140442, -0.0, -0.0, -0.8615103363990784, -0.8615103363990784)
(-1.8485790491104126, 0.03837759047746658, 0.0, 0.0, 0.0, 0.0, -1.3280458450317383, 2.1830077171325684, 0.0, 14.7886323928833, -0.30702072381973267, 0.0, 1100, 1100, 1100, 1100, 4.5452985763549805, -11.487424850463867, 0.0, -1.8485790491104126, 0.03837759047746658, 0.0, 0.0, 3.501980781555176, 3.501980781555176, -0.0, -0.0, -1.720388650894165, -1.720388650894165)
(-1.6526349782943726, 0.5541525483131409, 0.0, 0.0, 0.0, 0.0, 7.053633689880371, 1.9845343828201294, 0.0, 13.22107982635498, -4.433220386505127, 0.0, 1100, 1100, 1100, 1100, -1.0022780895233154, -5.470417499542236, 0.0, -1.6526349782943726, 0.5541525483131409, 0.0, 0.0, -4.173542022705078, -4.173542022705078, -0.0, -0.0, 0.6435734033584595, 0.6435734033584595)
(-2.6527512073516846, 0.9914901852607727, 0.0, 0.0, 0.0, 0.0, -5.831862449645996, -2.8246259689331055, 0.0, 21.222009658813477, -7.931921482086182, 0.0, 1100, 1100, 1100, 1100, -6.091412544250488, -1.6378347873687744, 0.0, -2.6527512073516846, 0.9914901852607727, 0.0, 0.0, -0.819568932056427, -0.819568932056427, -0.0, -0.0, 3.842902183532715, 3.842902183532715)
(-2.605912208557129, 0.5516865253448486, 0.0, 0.0, 0.0, 0.0, -1.9845343828201294, 5.0685038566589355, 0.0, 20.84729766845703, -4.413492202758789, 0.0, 1110, 1113, 1130, 1133, -1.8006255626678467, -4.8411545753479, 0.0, -2.605912208557129, 0.5516865253448486, 0.0, 0.0, 0.14723780751228333, 0.14723780751228333, -0.0, -0.0, -1.6658563613891602, -1.6658563613891602)
(-2.9663500785827637, 1.7916431427001953, 0.0, 0.0, 0.0, 0.0, -4.518885612487793, 1.2211755514144897, 0.0, 23.73080062866211, -14.333145141601562, 0.0, 1199, 1196, 1216, 1202, 2.7362613677978516, -6.631500244140625, 0.0, -2.9663500785827637, 1.7916431427001953, 0.0, 0.0, 2.8761167526245117, 2.8761167526245117, -0.0, -0.0, 4.238787651062012, 4.238787651062012)
(-2.837930679321289, 1.915199875831604, 0.0, 0.0, 0.0, 0.0, -9.175374031066895, 6.091404438018799, 0.0, 22.703445434570312, -15.321599006652832, 0.0, 1274, 1306, 1280, 1282, -0.4007735252380371, -8.991833686828613, 0.0, -2.837930679321289, 1.915199875831604, 0.0, 0.0, 7.638104438781738, 7.638104438781738, -0.0, -0.0, -8.626944541931152, -8.626944541931152)
(-3.138969898223877, 2.5199923515319824, 0.0, 0.0, 0.0, 0.0, -11.954000473022461, 3.450183153152466, 0.0, 25.111759185791016, -20.15993881225586, 0.0, 1363, 1376, 1382, 1341, -14.210718154907227, 14.514871597290039, 0.0, -3.138969898223877, 2.5199923515319824, 0.0, 0.0, 13.195094108581543, 13.195094108581543, -0.0, -0.0, 6.917263984680176, 6.917263984680176)
(-3.5298092365264893, 1.8096681833267212, 0.0, 0.0, 0.0, 0.0, -25.724992752075195, 2.091404676437378, 0.0, 28.238473892211914, -14.47734546661377, 0.0, 1387, 1467, 1422, 1370, -25.281206130981445, -38.51475143432617, 0.0, -3.5298092365264893, 1.8096681833267212, 0.0, 0.0, 33.042694091796875, 33.042694091796875, -0.0, -0.0, -7.3337225914001465, -7.3337225914001465)
(-3.314592123031616, 4.289573669433594, 0.0, 0.0, 0.0, 0.0, 4.198671817779541, 27.007434844970703, 0.0, 26.51673698425293, -34.31658935546875, 0.0, 1455, 1490, 1370, 1410, 39.876708984375, -6.055844306945801, 0.0, -3.314592123031616, 4.289573669433594, 0.0, 0.0, -1.3032130002975464, -1.3032130002975464, -0.0, -0.0, -18.88796043395996, -18.88796043395996)
(-1.2549383640289307, 4.840395450592041, 0.0, 0.0, 0.0, 0.0, 13.007832527160645, 0.8547633290290833, 0.0, 10.039506912231445, -38.72316360473633, 0.0, 1409, 1415, 1442, 1456, -41.36063766479492, -25.79319190979004, 0.0, -1.2549383640289307, 4.840395450592041, -0.0, 0.0, -2.1436870098114014, -2.1436870098114014, -0.0, -0.0, -4.96214485168457, -4.96214485168457)
(-1.7927097082138062, 5.3803887367248535, 0.0, 0.0, 0.0, 0.0, 20.580350875854492, 5.8929314613342285, 0.0, 14.34167766571045, -43.04310989379883, 0.0, 1426, 1393, 1424, 1479, 33.17488479614258, 17.380136489868164, 0.0, -1.7927097082138062, 5.3803887367248535, -0.0, 0.0, -22.040172576904297, -22.040172576904297, -0.0, -0.0, -5.152923107147217, -5.152923107147217)
(-2.042494773864746, 5.556169033050537, 0.0, 0.0, 0.0, 0.0, -11.740259170532227, 20.778427124023438, 0.0, 16.33995819091797, -44.4493522644043, 0.0, 1382, 1490, 1418, 1431, -61.01067352294922, 22.03242301940918, 0.0, -2.042494773864746, 5.556169033050537, 0.0, 0.0, 23.59748077392578, 23.59748077392578, -0.0, -0.0, -30.362403869628906, -30.362403869628906)
(-3.0976014137268066, 5.507418632507324, 0.0, 0.0, 0.0, 0.0, -15.908198356628418, 19.343313217163086, 0.0, 24.780811309814453, -44.059349060058594, 0.0, 1402, 1471, 1421, 1428, 0.8806103467941284, -6.415131568908691, 0.0, -3.0976014137268066, 5.507418632507324, 0.0, 0.0, 15.234274864196777, 15.234274864196777, -0.0, -0.0, -18.88782501220703, -18.88782501220703)
(-4.357990264892578, 5.905895233154297, 0.0, 0.0, 0.0, 0.0, 14.427679061889648, 4.54941987991333, 0.0, 34.863922119140625, -47.247161865234375, 0.0, 1478, 1448, 1377, 1419, 8.671789169311523, 64.7624282836914, 0.0, -4.357990264892578, 5.905895233154297, 0.0, 0.0, -18.248075485229492, -18.248075485229492, -0.0, -0.0, -3.1442019939422607, -3.1442019939422607)
(-3.9904794692993164, 5.91445779800415, 0.0, 0.0, 0.0, 0.0, -25.251708984375, 20.91583251953125, 0.0, 31.92383575439453, -47.3156623840332, 0.0, 1360, 1484, 1440, 1438, -74.20464324951172, 7.891746520996094, 0.0, -3.9904794692993164, 5.91445779800415, 0.0, 0.0, 31.43720054626465, 31.43720054626465, -0.0, -0.0, -30.308549880981445, -30.308549880981445)
(-3.2833027839660645, 5.838989734649658, 0.0, 0.0, 0.0, 0.0, -0.8547633290290833, 17.786060333251953, 0.0, 26.266422271728516, -46.711917877197266, 0.0, 1369, 1411, 1450, 1492, -12.232349395751953, 2.028003215789795, 0.0, -3.2833027839660645, 5.838989734649658, 0.0, 0.0, -0.002678314223885536, -0.002678314223885536, -0.0, -0.0, -20.618860244750977, -20.618860244750977)
(-3.863321542739868, 6.344686985015869, 0.0, 0.0, 0.0, 0.0, -4.564687252044678, 16.549419403076172, 0.0, 30.906572341918945, -50.75749588012695, 0.0, 1383, 1428, 1443, 1467, 1.8037354946136475, -11.095669746398926, 0.0, -3.863321542739868, 6.344686985015869, 0.0, 0.0, 5.3890509605407715, 5.3890509605407715, -0.0, -0.0, -17.479393005371094, -17.479393005371094)
(-5.166140556335449, 6.468935966491699, 0.0, 0.0, 0.0, 0.0, 22.70248794555664, 3.190641164779663, 0.0, 41.329124450683594, -51.751487731933594, 0.0, 1483, 1417, 1377, 1444, 31.95332145690918, 5.326372146606445, 0.0, -5.166140556335449, 6.468935966491699, 0.0, 0.0, -33.3123779296875, -33.3123779296875, -0.0, -0.0, -0.4184207022190094, -0.4184207022190094)
(-6.5134992599487305, 7.26764440536499, 0.0, 0.0, 0.0, 0.0, 12.168137550354004, -22.87042808532715, 0.0, 52.107994079589844, -58.14115524291992, 0.0, 1478, 1360, 1458, 1426, 30.160614013671875, 14.224931716918945, 0.0, -6.5134992599487305, 7.26764440536499, 0.0, 0.0, -21.26736831665039, -21.26736831665039, -0.0, -0.0, 37.51283264160156, 37.51283264160156)
(-5.674352645874023, 6.270447254180908, 0.0, 0.0, 0.0, 0.0, 2.381877899169922, 3.511251926422119, 0.0, 45.39482116699219, -50.163578033447266, 0.0, 1385, 1426, 1454, 1458, -37.17409896850586, 6.733157157897949, 0.0, -5.674352645874023, 6.270447254180908, 0.0, 0.0, 9.322674751281738, 9.322674751281738, -0.0, -0.0, -11.302860260009766, -11.302860260009766)
(-21.02743148803711, 4.878678321838379, 0.0, 0.0, 0.0, 0.0, -121.34331512451172, 0.808961808681488, 0.0, 168.21945190429688, -39.02942657470703, 0.0, 1278, 1326, 1584, 1535, -4.243304252624512, 49.21854782104492, 0.0, -21.02743148803711, 4.878678321838379, 0.0, 0.0, 24.31744384765625, 24.31744384765625, -0.0, -0.0, 0.1479349285364151, 0.1479349285364151)
(-21.821155548095703, 5.56769323348999, 0.0, 0.0, 0.0, 0.0, 24.717756271362305, -2.7482900619506836, 0.0, 174.56924438476562, -44.54154586791992, 0.0, 1456, 1457, 1419, 1390, -10.27794075012207, -22.23796844482422, 0.0, -21.821155548095703, 5.56769323348999, 0.0, 0.0, 7.764562606811523, 7.764562606811523, -0.0, -0.0, 6.8144121170043945, 6.8144121170043945)
(-11.552812576293945, 6.976562976837158, 0.0, 0.0, 0.0, 0.0, 40.65668869018555, -5.710122108459473, 0.0, 92.42250061035156, -55.812503814697266, 0.0, 1483, 1461, 1378, 1400, -29.539703369140625, 2.821448802947998, 0.0, -11.552812576293945, 6.976562976837158, 0.0, 0.0, -10.897054672241211, -10.897054672241211, -0.0, -0.0, 0.1234515979886055, 0.1234515979886055)
(-10.155203819274902, 8.613934516906738, 0.0, 0.0, 0.0, 0.0, -10.992167472839355, 16.564687728881836, 0.0, 81.24163055419922, -68.9114761352539, 0.0, 1452, 1438, 1409, 1423, -26.52074432373047, 32.71209716796875, 0.0, -10.155203819274902, 8.613934516906738, 0.0, 0.0, -6.843423366546631, -6.843423366546631, -0.0, -0.0, -0.03542657196521759, -0.03542657196521759)
(-9.300643920898438, 9.190969467163086, 0.0, 0.0, 0.0, 0.0, -5.358580112457275, -3.1147022247314453, 0.0, 74.4051513671875, -73.52775573730469, 0.0, 1388, 1403, 1494, 1437, 2.525062322616577, 1.1373586654663086, 0.0, -9.300643920898438, 9.190969467163086, 0.0, 0.0, 18.21308135986328, 18.21308135986328, -0.0, -0.0, 10.469822883605957, 10.469822883605957)
(-10.00029182434082, 8.057275772094727, 0.0, 0.0, 0.0, 0.0, 4.641419887542725, -26.48874855041504, 0.0, 80.00233459472656, -64.45820617675781, 0.0, 1450, 1405, 1452, 1415, -29.929664611816406, 52.638336181640625, 0.0, -10.00029182434082, 8.057275772094727, 0.0, 0.0, -2.2943522930145264, -2.2943522930145264, -0.0, -0.0, 20.54193115234375, 20.54193115234375)
(-10.37728500366211, 6.159671306610107, 0.0, 0.0, 0.0, 0.0, -12.47308349609375, 11.31277847290039, 0.0, 83.01828002929688, -49.27737045288086, 0.0, 1369, 1435, 1443, 1475, -10.149174690246582, -60.7965087890625, 0.0, -10.37728500366211, 6.159671306610107, 0.0, 0.0, 8.392888069152832, 8.392888069152832, -0.0, -0.0, -24.555313110351562, -24.555313110351562)
(-8.737016677856445, 6.876276969909668, 0.0, 0.0, 0.0, 0.0, 2.061267137527466, -12.39714527130127, 0.0, 69.89613342285156, -55.010215759277344, 0.0, 1435, 1405, 1472, 1411, -25.148283004760742, 1.6883454322814941, 0.0, -8.737016677856445, 6.876276969909668, 0.0, 0.0, 7.725987434387207, 7.725987434387207, -0.0, -0.0, 22.868122100830078, 22.868122100830078)
(-8.421051979064941, 7.748025417327881, 0.0, 0.0, 0.0, 0.0, 18.397144317626953, 10.625755310058594, 0.0, 67.36841583251953, -61.98420333862305, 0.0, 1446, 1408, 1403, 1466, 12.802682876586914, 10.525232315063477, 0.0, -8.421051979064941, 7.748025417327881, 0.0, 0.0, -25.1987247467041, -25.1987247467041, -0.0, -0.0, -6.227468967437744, -6.227468967437744)
(-8.033478736877441, 7.8380889892578125, 0.0, 0.0, 0.0, 0.0, 13.068901062011719, 11.618122100830078, 0.0, 64.26782989501953, -62.7047119140625, 0.0, 1468, 1460, 1362, 1432, 8.905841827392578, 22.09374237060547, 0.0, -8.033478736877441, 7.8380889892578125, 0.0, 0.0, -19.50450897216797, -19.50450897216797, -0.0, -0.0, -15.07064437866211, -15.07064437866211)
(-7.016213417053223, 7.361400127410889, 0.0, 0.0, 0.0, 0.0, 6.962030410766602, -1.8475266695022583, 0.0, 56.12970733642578, -58.89120101928711, 0.0, 1435, 1413, 1437, 1437, -14.032440185546875, -20.632362365722656, 0.0, -7.016213417053223, 7.361400127410889, 0.0, 0.0, -5.588343620300293, -5.588343620300293, -0.0, -0.0, 5.803734302520752, 5.803734302520752)
(-6.74843168258667, 7.719427585601807, 0.0, 0.0, 0.0, 0.0, 15.908595085144043, -12.549817085266113, 0.0, 53.98745346069336, -61.75542068481445, 0.0, 1476, 1382, 1435, 1429, 28.422954559326172, 0.7055172920227051, 0.0, -6.74843168258667, 7.719427585601807, 0.0, 0.0, -21.992290496826172, -21.992290496826172, -0.0, -0.0, 24.95397186279297, 24.95397186279297)
(-7.550715923309326, 8.041559219360352, 0.0, 0.0, 0.0, 0.0, 4.366610527038574, 6.641022682189941, 0.0, 60.40572738647461, -64.33247375488281, 0.0, 1436, 1430, 1417, 1439, -3.4726662635803223, -22.539764404296875, 0.0, -7.550715923309326, 8.041559219360352, 0.0, 0.0, -6.98844051361084, -6.98844051361084, -0.0, -0.0, -4.081789016723633, -4.081789016723633)
(-1.8557220697402954, 7.133522033691406, 0.0, 0.0, 0.0, 0.0, 70.3055419921875, -12.824625968933105, 0.0, 14.845776557922363, -57.06817626953125, 0.0, 1485, 1396, 1396, 1445, -24.547094345092773, 51.98778533935547, 0.0, -1.8557220697402954, 7.133522033691406, -0.0, 0.0, -34.5037956237793, -34.5037956237793, -0.0, -0.0, 10.017633438110352, 10.017633438110352)
(14.656564712524414, 6.880561351776123, 0.0, 0.0, 0.0, 0.0, -18.320411682128906, 1.2059084177017212, 0.0, -117.25251770019531, -55.044490814208984, 0.0, 1394, 1379, 1514, 1439, 28.874101638793945, 56.950199127197266, 0.0, 14.656564712524414, 6.880561351776123, -0.0, 0.0, 15.102703094482422, 15.102703094482422, -0.0, -0.0, 22.44573402404785, 22.44573402404785)
(8.031120300292969, 11.210502624511719, 0.0, 0.0, 0.0, 0.0, -21.862396240234375, 33.11430358886719, 0.0, -64.24896240234375, -89.68402099609375, 0.0, 1281, 1349, 1531, 1562, -16.087282180786133, -31.864315032958984, 0.0, 8.031120300292969, 11.210502624511719, -0.0, 0.0, 9.307185173034668, 9.307185173034668, -0.0, -0.0, -24.918479919433594, -24.918479919433594)
(6.169386386871338, 10.06456184387207, 0.0, 0.0, 0.0, 0.0, -35.205909729003906, -5.267374038696289, 0.0, -49.3550910949707, -80.51649475097656, 0.0, 1349, 1419, 1515, 1439, 12.616039276123047, -3.0169646739959717, 0.0, 6.169386386871338, 10.06456184387207, -0.0, 0.0, 36.472694396972656, 36.472694396972656, -0.0, -0.0, 1.2929596900939941, 1.2929596900939941)
(3.0300612449645996, 10.157191276550293, 0.0, 0.0, 0.0, 0.0, -4.763160228729248, -15.007832527160645, 0.0, -24.240489959716797, -81.25753021240234, 0.0, 1489, 1454, 1414, 1365, 35.52742004394531, -12.622795104980469, 0.0, 3.0300612449645996, 10.157191276550293, -0.0, 0.0, 3.4144649505615234, 3.4144649505615234, -0.0, -0.0, 21.2136173248291, 21.2136173248291)
(2.708221435546875, 9.662393569946289, 0.0, 0.0, 0.0, 0.0, 17.023099899291992, -20.56508445739746, 0.0, -21.665771484375, -77.29914855957031, 0.0, 1520, 1416, 1396, 1390, 39.11539840698242, 8.243228912353516, 0.0, 2.708221435546875, 9.662393569946289, -0.0, 0.0, -24.397747039794922, -24.397747039794922, -0.0, -0.0, 27.630678176879883, 27.630678176879883)
(3.0811266899108887, 9.099015235900879, 0.0, 0.0, 0.0, 0.0, -6.060870170593262, -14.3055419921875, 0.0, -24.64901351928711, -72.79212188720703, 0.0, 1430, 1403, 1469, 1420, 15.366711616516113, 14.62350845336914, 0.0, 3.0811266899108887, 9.099015235900879, -0.0, 0.0, 5.630619049072266, 5.630619049072266, -0.0, -0.0, 18.703258514404297, 18.703258514404297)
(1.2797480821609497, 9.055586814880371, 0.0, 0.0, 0.0, 0.0, -10.030335426330566, -13.267374038696289, 0.0, -10.237984657287598, -72.44469451904297, 0.0, 1444, 1424, 1457, 1397, -63.598548889160156, 13.989961624145508, 0.0, 1.2797480821609497, 9.055586814880371, -0.0, 0.0, 10.072237968444824, 10.072237968444824, -0.0, -0.0, 19.737268447875977, 19.737268447875977)
(0.2414778620004654, 9.078972816467285, 0.0, 0.0, 0.0, 0.0, -22.93109893798828, 22.030336380004883, 0.0, -1.9318228960037231, -72.63178253173828, 0.0, 1391, 1491, 1417, 1427, -12.276761054992676, -18.69964599609375, 0.0, 0.2414778620004654, 9.078972816467285, 0.0, 0.0, 22.26856231689453, 22.26856231689453, -0.0, -0.0, -27.49640655517578, -27.49640655517578)
(-0.5885636806488037, 9.515620231628418, 0.0, 0.0, 0.0, 0.0, 1.2521069049835205, 16.228809356689453, 0.0, 4.70850944519043, -76.12496185302734, 0.0, 1408, 1453, 1405, 1455, 2.6545796394348145, 2.578266143798828, 0.0, -0.5885636806488037, 9.515620231628418, 0.0, 0.0, -1.2988156080245972, -1.2988156080245972, -0.0, -0.0, -23.627714157104492, -23.627714157104492)
(-0.20892946422100067, 9.102840423583984, 0.0, 0.0, 0.0, 0.0, -14.27461051940918, 10.36621379852295, 0.0, 1.6714357137680054, -72.82272338867188, 0.0, 1384, 1468, 1435, 1435, -68.9344253540039, 5.174684524536133, 0.0, -0.20892946422100067, 9.102840423583984, 0.0, 0.0, 21.219528198242188, 21.219528198242188, -0.0, -0.0, -20.9869327545166, -20.9869327545166)
(-16.45551872253418, 8.627374649047852, 0.0, 0.0, 0.0, 0.0, -100.51888275146484, 67.67919158935547, 0.0, 131.64414978027344, -69.01899719238281, 0.0, 1231, 1403, 1474, 1614, 28.06252670288086, 23.20181655883789, 0.0, -16.45551872253418, 8.627374649047852, 0.0, 0.0, 7.976412296295166, 7.976412296295166, -0.0, -0.0, -77.7480239868164, -77.7480239868164)
(-17.601451873779297, 9.316089630126953, 0.0, 0.0, 0.0, 0.0, -20.228809356689453, 12.992167472839355, 0.0, 140.81161499023438, -74.52871704101562, 0.0, 1446, 1494, 1406, 1377, -29.135177612304688, -2.7374861240386963, 0.0, -17.601451873779297, 9.316089630126953, 0.0, 0.0, 19.127609252929688, 19.127609252929688, -0.0, -0.0, -4.660487174987793, -4.660487174987793)
(-19.698226928710938, 9.208462715148926, 0.0, 0.0, 0.0, 0.0, -8.259343147277832, 33.11430358886719, 0.0, 157.5858154296875, -73.6677017211914, 0.0, 1398, 1493, 1375, 1456, -20.873205184936523, -9.781750679016113, 0.0, -19.698226928710938, 9.208462715148926, 0.0, 0.0, 3.4769980907440186, 3.4769980907440186, -0.0, -0.0, -44.148948669433594, -44.148948669433594)
(-19.216144561767578, 9.68556022644043, 0.0, 0.0, 0.0, 0.0, -8.335679054260254, -4.519282341003418, 0.0, 153.72915649414062, -77.48448181152344, 0.0, 1403, 1396, 1484, 1440, -30.92374038696289, 44.94963455200195, 0.0, -19.216144561767578, 9.68556022644043, 0.0, 0.0, 9.107303619384766, 9.107303619384766, -0.0, -0.0, 12.841658592224121, 12.841658592224121)
(-17.83563232421875, 10.224802017211914, 0.0, 0.0, 0.0, 0.0, -13.816595077514648, 16.961633682250977, 0.0, 142.68505859375, -81.79841613769531, 0.0, 1396, 1485, 1414, 1427, -61.87724304199219, 13.75532341003418, 0.0, -17.83563232421875, 10.224802017211914, 0.0, 0.0, 18.883390426635742, 18.883390426635742, -0.0, -0.0, -25.274385452270508, -25.274385452270508)
(-17.337467193603516, 10.190244674682617, 0.0, 0.0, 0.0, 0.0, -1.8013283014297485, 14.610488891601562, 0.0, 138.69973754882812, -81.52195739746094, 0.0, 1381, 1406, 1459, 1481, -13.660234451293945, -30.986804962158203, 0.0, -17.337467193603516, 10.190244674682617, 0.0, 0.0, 0.6470116972923279, 0.6470116972923279, -0.0, -0.0, -11.768780708312988, -11.768780708312988)
(-17.502649307250977, 11.114409446716309, 0.0, 0.0, 0.0, 0.0, -2.5952212810516357, 11.49598503112793, 0.0, 140.0211944580078, -88.91527557373047, 0.0, 1436, 1445, 1417, 1427, -20.31105613708496, -23.588817596435547, 0.0, -17.502649307250977, 11.114409446716309, 0.0, 0.0, -0.30131274461746216, -0.30131274461746216, -0.0, -0.0, -4.824443817138672, -4.824443817138672)
(-9.32906436920166, 10.003055572509766, 0.0, 0.0, 0.0, 0.0, 90.67195129394531, -39.93912887573242, 0.0, 74.63251495361328, -80.02444458007812, 0.0, 1544, 1378, 1398, 1401, -50.86693572998047, -38.43150329589844, 0.0, -9.32906436920166, 10.003055572509766, -0.0, 0.0, -42.24187088012695, -42.24187088012695, -0.0, -0.0, 40.744483947753906, 40.744483947753906)
(9.716830253601074, 10.220810890197754, 0.0, 0.0, 0.0, 0.0, -20.228809356689453, 3.5265190601348877, 0.0, -77.7346420288086, -81.76648712158203, 0.0, 1505, 1432, 1429, 1355, 23.681119918823242, -26.527507781982422, 0.0, 9.716830253601074, 10.220810890197754, -0.0, 0.0, 0.13638320565223694, 0.13638320565223694, -0.0, -0.0, 36.80988693237305, 36.80988693237305)
(9.572607040405273, 12.410962104797363, 0.0, 0.0, 0.0, 0.0, -62.97690200805664, -12.534549713134766, 0.0, -76.58085632324219, -99.2876968383789, 0.0, 1317, 1354, 1587, 1464, -32.588645935058594, 45.57884216308594, 0.0, 9.572607040405273, 12.410962104797363, -0.0, 0.0, 39.733638763427734, 39.733638763427734, -0.0, -0.0, 21.49561309814453, 21.49561309814453)
(5.998237609863281, 11.701530456542969, 0.0, 0.0, 0.0, 0.0, -31.37384796142578, -58.27500915527344, 0.0, -47.98590087890625, -93.61224365234375, 0.0, 1433, 1357, 1554, 1378, 18.692243576049805, 22.009260177612305, 0.0, 5.998237609863281, 11.701530456542969, -0.0, 0.0, 25.206924438476562, 25.206924438476562, -0.0, -0.0, 62.9355354309082, 62.9355354309082)
(1.939143180847168, 12.437638282775879, 0.0, 0.0, 0.0, 0.0, -3.3891146183013916, 34.59522247314453, 0.0, -15.513145446777344, -99.50110626220703, 0.0, 1413, 1507, 1377, 1425, -22.465360641479492, -24.15163803100586, 0.0, 1.939143180847168, 12.437638282775879, -0.0, 0.0, 11.586483001708984, 11.586483001708984, -0.0, -0.0, -35.66401290893555, -35.66401290893555)
(1.1224173307418823, 13.123159408569336, 0.0, 0.0, 0.0, 0.0, -4.778427600860596, 17.724992752075195, 0.0, -8.979338645935059, -104.98527526855469, 0.0, 1395, 1446, 1426, 1454, -20.766965866088867, -15.654179573059082, 0.0, 1.1224173307418823, 13.123159408569336, -0.0, 0.0, 5.610028266906738, 5.610028266906738, -0.0, -0.0, -19.82613754272461, -19.82613754272461)
(0.061369895935058594, 12.324271202087402, 0.0, 0.0, 0.0, 0.0, -4.396748065948486, -14.763557434082031, 0.0, -0.49095916748046875, -98.59416961669922, 0.0, 1453, 1390, 1457, 1422, -14.191526412963867, 2.28460693359375, 0.0, 0.061369895935058594, 12.324271202087402, 0.0, 0.0, -7.042996883392334, -7.042996883392334, -0.0, -0.0, 24.692045211791992, 24.692045211791992)
(-1.1848407983779907, 10.378374099731445, 0.0, 0.0, 0.0, 0.0, -5.572320461273193, -16.213939666748047, 0.0, 9.478726387023926, -83.02699279785156, 0.0, 1438, 1419, 1446, 1418, -15.665620803833008, 67.14822387695312, 0.0, -1.1848407983779907, 10.378374099731445, 0.0, 0.0, 2.3069820404052734, 2.3069820404052734, -0.0, -0.0, 11.792153358459473, 11.792153358459473)
(-2.519585609436035, 10.223649978637695, 0.0, 0.0, 0.0, 0.0, 4.473480701446533, 10.656290054321289, 0.0, 20.15668487548828, -81.78919982910156, 0.0, 1411, 1417, 1427, 1472, 5.042690277099609, -6.864912033081055, 0.0, -2.519585609436035, 10.223649978637695, 0.0, 0.0, -9.963906288146973, -9.963906288146973, -0.0, -0.0, -12.663904190063477, -12.663904190063477)
(-2.2001843452453613, 10.151238441467285, 0.0, 0.0, 0.0, 0.0, -3.053236722946167, -15.72538948059082, 0.0, 17.60147476196289, -81.20990753173828, 0.0, 1458, 1406, 1461, 1401, -43.40192413330078, -7.02365779876709, 0.0, -2.2001843452453613, 10.151238441467285, 0.0, 0.0, 1.717714548110962, 1.717714548110962, -0.0, -0.0, 27.801687240600586, 27.801687240600586)
(-2.216477155685425, 10.17802619934082, 0.0, 0.0, 0.0, 0.0, -0.5646870136260986, 28.91583251953125, 0.0, 17.7318172454834, -81.42420959472656, 0.0, 1410, 1476, 1384, 1452, -19.414791107177734, -20.64229965209961, 0.0, -2.216477155685425, 10.17802619934082, 0.0, 0.0, -0.3359391689300537, -0.3359391689300537, -0.0, -0.0, -33.33735656738281, -33.33735656738281)
(-3.595367431640625, 9.950699806213379, 0.0, 0.0, 0.0, 0.0, 6.778824329376221, -25.099435806274414, 0.0, 28.762939453125, -79.60559844970703, 0.0, 1497, 1395, 1434, 1396, 9.555816650390625, -1.9341857433319092, 0.0, -3.595367431640625, 9.950699806213379, 0.0, 0.0, -15.802087783813477, -15.802087783813477, -0.0, -0.0, 34.82695770263672, 34.82695770263672)
(-4.32310676574707, 8.006746292114258, 0.0, 0.0, 0.0, 0.0, -9.419649124145508, 28.121938705444336, 0.0, 34.58485412597656, -64.05397033691406, 0.0, 1363, 1475, 1408, 1476, -37.065757751464844, 21.805301666259766, 0.0, -4.32310676574707, 8.006746292114258, 0.0, 0.0, 11.138040542602539, 11.138040542602539, -0.0, -0.0, -45.0292854309082, -45.0292854309082)
(-4.381680488586426, 7.7187066078186035, 0.0, 0.0, 0.0, 0.0, 7.618519306182861, 1.7860610485076904, 0.0, 35.053443908691406, -61.74965286254883, 0.0, 1425, 1403, 1434, 1460, 14.469441413879395, 3.8403377532958984, 0.0, -4.381680488586426, 7.7187066078186035, 0.0, 0.0, -12.033459663391113, -12.033459663391113, -0.0, -0.0, -0.9241957068443298, -0.9241957068443298)
(-3.8318867683410645, 7.627841949462891, 0.0, 0.0, 0.0, 0.0, -3.6333892345428467, 0.7020915746688843, 0.0, 30.655094146728516, -61.022735595703125, 0.0, 1257, 1272, 1362, 1343, -61.42446517944336, 5.912888526916504, 0.0, -3.8318867683410645, 7.627841949462891, 0.0, 0.0, 8.443318367004395, 8.443318367004395, -0.0, -0.0, 0.8717505931854248, 0.8717505931854248)
(-0.6535081267356873, 2.6855549812316895, 0.0, 0.0, 0.0, 0.0, -2.3204121589660645, -3.6490533351898193, 0.0, 5.228065013885498, -21.484439849853516, 0.0, 1000, 1000, 1000, 1000, 24.346595764160156, 11.970874786376953, 0.0, -0.6535081267356873, 2.6855549812316895, 0.0, 0.0, 14.544791221618652, 14.544791221618652, -0.0, -0.0, -14.708096504211426, -14.708096504211426)
(-1.4327616691589355, 1.5535610914230347, 0.0, 0.0, 0.0, 0.0, 4.748290061950684, -7.282641410827637, 0.0, 11.462093353271484, -12.428488731384277, 0.0, 1000, 1000, 1000, 1000, 1.656313180923462, 0.08382177352905273, 0.0, -1.4327616691589355, 1.5535610914230347, 0.0, 0.0, -6.623387336730957, -6.623387336730957, -0.0, -0.0, 4.907841682434082, 4.907841682434082)
(0.5619757175445557, -1.547415852546692, 0.0, 0.0, 0.0, 0.0, -6.9310994148254395, -7.481114387512207, 0.0, -4.495805740356445, 12.379326820373535, 0.0, 1000, 1000, 1000, 1000, 5.731955051422119, -5.282299995422363, 0.0, 0.5619757175445557, -1.547415852546692, 0.0, 0.0, 5.2206244468688965, 5.2206244468688965, 0.0, -0.0, 2.609133243560791, 2.609133243560791)
(-2.9760372638702393, -1.9422327280044556, 0.0, 0.0, 0.0, 0.0, -12.946366310119629, 3.4196488857269287, 0.0, 23.808298110961914, 15.537861824035645, 0.0, 1000, 1000, 1000, 1000, -1.604064702987671, -10.010364532470703, 0.0, -2.9760372638702393, -1.9422327280044556, 0.0, 0.0, 1.4851707220077515, 1.4851707220077515, 0.0, -0.0, 1.3746519088745117, 1.3746519088745117)
(-2.7177882194519043, -2.6706998348236084, 0.0, 0.0, 0.0, 0.0, 2.763557195663452, -8.488748550415039, 0.0, 21.742305755615234, 21.365598678588867, 0.0, 1000, 1000, 1000, 1000, 1.0045034885406494, -7.193402290344238, 0.0, -2.7177882194519043, -2.6706998348236084, 0.0, 0.0, 0.7372862100601196, 0.7372862100601196, 0.0, -0.0, 5.897554397583008, 5.897554397583008)
(-4.168544769287109, -3.433166027069092, 0.0, 0.0, 0.0, 0.0, -16.106672286987305, -3.878061056137085, 0.0, 33.348358154296875, 27.465328216552734, 0.0, 1000, 1000, 1000, 1000, -3.1407532691955566, -4.426205635070801, 0.0, -4.168544769287109, -3.433166027069092, 0.0, 0.0, 6.566359043121338, 6.566359043121338, 0.0, -0.0, 4.8305888175964355, 4.8305888175964355)
(-5.248590469360352, -1.980970025062561, 0.0, 0.0, 0.0, 0.0, 18.015464782714844, 7.6028547286987305, 0.0, 41.98872375488281, 15.847760200500488, 0.0, 1000, 1000, 1000, 1000, -7.128946304321289, -5.783967971801758, 0.0, -5.248590469360352, -1.980970025062561, 0.0, 0.0, -13.121650695800781, -13.121650695800781, 0.0, -0.0, 4.019151210784912, 4.019151210784912)
(-0.7316332459449768, -4.854703903198242, 0.0, 0.0, 0.0, 0.0, -10.335679054260254, -21.221572875976562, 0.0, 5.8530659675598145, 38.83763122558594, 0.0, 1000, 1000, 1000, 1000, 4.727382183074951, -7.489372253417969, 0.0, -0.7316332459449768, -4.854703903198242, 0.0, 0.0, 13.29760456085205, 13.29760456085205, 0.0, -0.0, 16.394702911376953, 16.394702911376953)
(-11.180902481079102, -9.054438591003418, 0.0, 0.0, 0.0, 0.0, -34.67155838012695, -5.572717666625977, 0.0, 89.44721984863281, 72.43550872802734, 0.0, 1000, 1000, 1000, 1000, -6.232084274291992, -16.539857864379883, 0.0, -11.180902481079102, -9.054438591003418, 0.0, 0.0, -1.5348035097122192, -1.5348035097122192, 0.0, -0.0, -4.60633659362793, -4.60633659362793)
(-9.978558540344238, -10.445211410522461, 0.0, 0.0, 0.0, 0.0, 7.984931468963623, 10.2440767288208, 0.0, 79.8284683227539, 83.56169128417969, 0.0, 1000, 1000, 1000, 1000, -11.684703826904297, -11.005514144897461, 0.0, -9.978558540344238, -10.445211410522461, 0.0, 0.0, 4.00502347946167, 4.00502347946167, 0.0, -0.0, -5.4063615798950195, -5.4063615798950195)
(-10.04757022857666, -9.0560941696167, 0.0, 0.0, 0.0, 0.0, -23.51125144958496, -5.6795878410339355, 0.0, 80.38056182861328, 72.4487533569336, 0.0, 1000, 1000, 1000, 1000, -14.609956741333008, -12.722485542297363, 0.0, -10.04757022857666, -9.0560941696167, 0.0, 0.0, 8.614933967590332, 8.614933967590332, 0.0, -0.0, 12.3648042678833, 12.3648042678833)
(-9.910966873168945, -7.4877448081970215, 0.0, 0.0, 0.0, 0.0, -1.1143053770065308, 7.618122100830078, 0.0, 79.28773498535156, 59.90195846557617, 0.0, 1000, 1000, 1000, 1000, -9.487593650817871, -7.292677402496338, 0.0, -9.910966873168945, -7.4877448081970215, 0.0, 0.0, 1.5223174095153809, 1.5223174095153809, 0.0, -0.0, -4.910643577575684, -4.910643577575684)
(-9.458427429199219, -6.049581050872803, 0.0, 0.0, 0.0, 0.0, 2.442946672439575, 2.808961868286133, 0.0, 75.66741943359375, 48.39664840698242, 0.0, 1000, 1000, 1000, 1000, -6.4769392013549805, -6.291691780090332, 0.0, -9.458427429199219, -6.049581050872803, 0.0, 0.0, -0.8606731295585632, -0.8606731295585632, 0.0, -0.0, 1.4881939888000488, 1.4881939888000488)
(-9.315506935119629, -5.937697410583496, 0.0, 0.0, 0.0, 0.0, 0.610885500907898, 2.763160228729248, 0.0, 74.52405548095703, 47.50157928466797, 0.0, 1000, 1000, 1000, 1000, -6.766754150390625, -7.572047710418701, 0.0, -9.315506935119629, -5.937697410583496, 0.0, 0.0, 0.03765930235385895, 0.03765930235385895, 0.0, -0.0, -0.19384479522705078, -0.19384479522705078)
(-8.889330863952637, -5.474790096282959, 0.0, 0.0, 0.0, 0.0, 0.061267174780368805, 1.8776640892028809, 0.0, 71.1146469116211, 43.79832077026367, 0.0, 1000, 1000, 1000, 1000, -7.420585632324219, -8.404058456420898, 0.0, -8.889330863952637, -5.474790096282959, 0.0, 0.0, 0.7033377885818481, 0.7033377885818481, 0.0, -0.0, 0.3960694968700409, 0.3960694968700409)
(-8.88239574432373, -5.491622447967529, 0.0, 0.0, 0.0, 0.0, 0.00019847328076139092, 1.495984673500061, 0.0, 71.05916595458984, 43.932979583740234, 0.0, 1000, 1000, 1000, 1000, -7.91413688659668, -8.927608489990234, 0.0, -8.88239574432373, -5.491622447967529, 0.0, 0.0, -0.1408151239156723, -0.1408151239156723, 0.0, -0.0, 0.15163858234882355, 0.15163858234882355)
(-8.867389678955078, -5.502890586853027, 0.0, 0.0, 0.0, 0.0, -0.4578167796134949, 1.266977071762085, 0.0, 70.93911743164062, 44.02312469482422, 0.0, 1000, 1000, 1000, 1000, -7.813419342041016, -9.028929710388184, 0.0, -8.867389678955078, -5.502890586853027, 0.0, 0.0, 0.28038451075553894, 0.28038451075553894, 0.0, -0.0, 0.28272745013237, 0.28272745013237)
(-8.873205184936523, -5.523041725158691, 0.0, 0.0, 0.0, 0.0, -0.5341526865959167, 1.266977071762085, 0.0, 70.98564147949219, 44.18433380126953, 0.0, 1000, 1000, 1000, 1000, -7.6314191818237305, -8.60482120513916, 0.0, -8.873205184936523, -5.523041725158691, 0.0, 0.0, 0.11998272687196732, 0.11998272687196732, 0.0, -0.0, 0.6188247203826904, 0.6188247203826904)
(-8.865580558776855, -5.543660640716553, 0.0, 0.0, 0.0, 0.0, -0.32041221857070923, 1.266977071762085, 0.0, 70.92464447021484, 44.34928512573242, 0.0, 1000, 1000, 1000, 1000, -7.743538856506348, -8.890739440917969, 0.0, -8.865580558776855, -5.543660640716553, 0.0, 0.0, -0.18442516028881073, -0.18442516028881073, 0.0, -0.0, -0.022744109854102135, -0.022744109854102135)
(-8.862421035766602, -5.5633745193481445, 0.0, 0.0, 0.0, 0.0, -0.48835113644599915, 1.282244324684143, 0.0, 70.89936828613281, 44.506996154785156, 0.0, 1000, 1000, 1000, 1000, -7.632038116455078, -9.114317893981934, 0.0, -8.862421035766602, -5.5633745193481445, 0.0, 0.0, 0.450771301984787, 0.450771301984787, 0.0, -0.0, 0.01008560135960579, 0.01008560135960579)
(-8.85704517364502, -5.568145751953125, 0.0, 0.0, 0.0, 0.0, -0.4578167796134949, 1.1753740310668945, 0.0, 70.85636138916016, 44.545166015625, 0.0, 1000, 1000, 1000, 1000, -8.022608757019043, -8.652114868164062, 0.0, -8.85704517364502, -5.568145751953125, 0.0, 0.0, 0.09436865150928497, 0.09436865150928497, 0.0, -0.0, 1.0997569561004639, 1.0997569561004639)
(-8.854472160339355, -5.576050758361816, 0.0, 0.0, 0.0, 0.0, -0.3051450252532959, 1.3738473653793335, 0.0, 70.83577728271484, 44.60840606689453, 0.0, 1000, 1000, 1000, 1000, -7.7941389083862305, -8.971744537353516, 0.0, -8.854472160339355, -5.576050758361816, 0.0, 0.0, -0.11387865990400314, -0.11387865990400314, 0.0, -0.0, -0.04062029719352722, -0.04062029719352722)
(-8.848284721374512, -5.592347145080566, 0.0, 0.0, 0.0, 0.0, -0.4730839729309082, 1.4196488857269287, 0.0, 70.7862777709961, 44.73877716064453, 0.0, 1000, 1000, 1000, 1000, -7.776004791259766, -8.891412734985352, 0.0, -8.848284721374512, -5.592347145080566, 0.0, 0.0, 0.6721946001052856, 0.6721946001052856, 0.0, -0.0, -0.1927475929260254, -0.1927475929260254)
(-8.846386909484863, -5.601580619812012, 0.0, 0.0, 0.0, 0.0, -0.6257557272911072, 1.1753740310668945, 0.0, 70.7710952758789, 44.812644958496094, 0.0, 1000, 1000, 1000, 1000, -8.20041561126709, -8.844230651855469, 0.0, -8.846386909484863, -5.601580619812012, 0.0, 0.0, 0.28293347358703613, 0.28293347358703613, 0.0, -0.0, 0.12152072042226791, 0.12152072042226791)
(-8.842802047729492, -5.610042095184326, 0.0, 0.0, 0.0, 0.0, -0.5341526865959167, 1.3585801124572754, 0.0, 70.74241638183594, 44.88033676147461, 0.0, 1000, 1000, 1000, 1000, -7.766977310180664, -8.588136672973633, 0.0, -8.842802047729492, -5.610042095184326, 0.0, 0.0, 0.11886157095432281, 0.11886157095432281, 0.0, -0.0, -0.09762191772460938, -0.09762191772460938)
(-8.840714454650879, -5.619598388671875, 0.0, 0.0, 0.0, 0.0, -0.3814809024333954, 1.1448396444320679, 0.0, 70.72571563720703, 44.956787109375, 0.0, 1000, 1000, 1000, 1000, -7.815664291381836, -8.925318717956543, 0.0, -8.840714454650879, -5.619598388671875, 0.0, 0.0, -0.05388250946998596, -0.05388250946998596, 0.0, -0.0, 1.2578063011169434, 1.2578063011169434)
(-8.64909839630127, -5.377506732940674, 0.0, 0.0, 0.0, 0.0, 6.046000003814697, 7.801328182220459, 0.0, 69.19278717041016, 43.02005386352539, 0.0, 1000, 1000, 1000, 1000, -8.026497840881348, -8.420088768005371, 0.0, -8.64909839630127, -5.377506732940674, 0.0, 0.0, -1.6538902521133423, -1.6538902521133423, 0.0, -0.0, -1.895240306854248, -1.895240306854248)
(-7.683736801147461, -4.352347373962402, 0.0, 0.0, 0.0, 0.0, 8.519282341003418, 9.740259170532227, 0.0, 61.46989440917969, 34.81877899169922, 0.0, 1000, 1000, 1000, 1000, -7.039323806762695, -9.063653945922852, 0.0, -7.683736801147461, -4.352347373962402, 0.0, 0.0, -4.6836957931518555, -4.6836957931518555, 0.0, -0.0, -4.275437831878662, -4.275437831878662)
(-5.545980453491211, -2.066458225250244, 0.0, 0.0, 0.0, 0.0, 9.832259178161621, 11.938733100891113, 0.0, 44.36784362792969, 16.531665802001953, 0.0, 1000, 1000, 1000, 1000, -3.850837230682373, -4.277421951293945, 0.0, -5.545980453491211, -2.066458225250244, 0.0, 0.0, -4.230212688446045, -4.230212688446045, 0.0, -0.0, -2.50141978263855, -2.50141978263855)
(-4.697892665863037, -1.2399533987045288, 0.0, 0.0, 0.0, 0.0, -5.9998016357421875, -5.145236492156982, 0.0, 37.5831413269043, 9.91962718963623, 0.0, 1000, 1000, 1000, 1000, -3.9916372299194336, -3.2668566703796387, 0.0, -4.697892665863037, -1.2399533987045288, 0.0, 0.0, 4.251974582672119, 4.251974582672119, 0.0, -0.0, 4.8342790603637695, 4.8342790603637695)
(-4.811038494110107, -1.267077922821045, 0.0, 0.0, 0.0, 0.0, 5.084167957305908, 8.85476303100586, 0.0, 38.48830795288086, 10.13662338256836, 0.0, 1000, 1000, 1000, 1000, -4.2289719581604, -4.4446516036987305, 0.0, -4.811038494110107, -1.267077922821045, 0.0, 0.0, -2.2597880363464355, -2.2597880363464355, 0.0, -0.0, -2.820786476135254, -2.820786476135254)
(-1.8251627683639526, 1.8745452165603638, 0.0, 0.0, 0.0, 0.0, 5.297908306121826, 6.870030403137207, 0.0, 14.601302146911621, -14.99636173248291, 0.0, 1000, 1000, 1000, 1000, -0.7827105522155762, -0.2494516372680664, 0.0, -1.8251627683639526, 1.8745452165603638, 0.0, 0.0, 2.743839979171753, 2.743839979171753, -0.0, -0.0, 3.3728935718536377, 3.3728935718536377)
(-1.3587464094161987, 2.4019243717193604, 0.0, 0.0, 0.0, 0.0, -8.27461051940918, -5.816992282867432, 0.0, 10.86997127532959, -19.215394973754883, 0.0, 1000, 1000, 1000, 1000, 4.7639970779418945, 2.723301887512207, 0.0, -1.3587464094161987, 2.4019243717193604, 0.0, 0.0, 4.653861999511719, 4.653861999511719, -0.0, -0.0, 2.710522174835205, 2.710522174835205)
(-2.854238986968994, 0.8938902020454407, 0.0, 0.0, 0.0, 0.0, -0.5494198203086853, 0.2288091629743576, 0.0, 22.833911895751953, -7.151121616363525, 0.0, 1000, 1000, 1000, 1000, -0.9700436592102051, -2.5676088333129883, 0.0, -2.854238986968994, 0.8938902020454407, 0.0, 0.0, -0.1364862322807312, -0.1364862322807312, -0.0, -0.0, 2.9323067665100098, 2.9323067665100098)