
(-0.23016953468322754, -1.1293737888336182, 0.0, 0.0, 0.0, 0.0, -0.5037557482719421, 1.0686030387878418, 0.0, 1.8413562774658203, 9.034990310668945, 0.0, 1000, 1000, 1000, 1000, -0.23016953468322754, -1.1293737888336182, 0.0, -0.23016953468322754, -1.1293737888336182, 1.1725560426712036, 0.00023451120068784803, 0.5154556632041931, 1.688246250152588, 3.9831936359405518, 0.000796638720203191, 1.7510119676589966, 5.735002040863037)
(-0.3048444390296936, -0.8662318587303162, 0.0, -1.0, 0.0, 0.0, -0.4732213616371155, 1.1449389457702637, 0.0, -5.561244487762451, 6.929854869842529, 0.0, 1000, 1000, 1000, 1000, 0.07571983337402344, -1.285905122756958, 0.0, -0.3048444390296936, -0.8662318587303162, -2.5440115928649902, -0.08131322264671326, 0.009633815847337246, -2.6156909465789795, 2.892457962036133, 0.032229211181402206, -0.03958848491311073, 2.885098695755005)
(-0.36667805910110474, -0.613975465297699, 0.0, -1.0, 0.0, 0.0, -0.4121526777744293, 1.3892136812210083, 0.0, -5.066575527191162, 4.911803722381592, 0.0, 1000, 1000, 1000, 1000, -0.005644559860229492, -0.9862504005432129, 0.0, -0.36667805910110474, -0.613975465297699, -2.327211380004883, -0.10434827953577042, 0.007559544872492552, -2.4240000247955322, 1.7612950801849365, 0.053997572511434555, -0.08580167591571808, 1.7294909954071045)
(-0.4094076156616211, -0.3738938271999359, 0.0, -1.0, 0.0, 0.0, -0.10680916160345078, 1.6640229225158691, 0.0, -4.724739074707031, 2.9911506175994873, 0.0, 1000, 1000, 1000, 1000, -0.5173804759979248, -1.3848576545715332, 0.0, -0.4094076156616211, -0.3738938271999359, -2.308964967727661, -0.11902888119220734, -0.01776425540447235, -2.445758104324341, 0.6635638475418091, 0.06667514145374298, -0.12388809770345688, 0.6063508987426758)
(-0.47299104928970337, -0.18012090027332306, 0.0, -1.0, 0.0, 0.0, -0.5190228819847107, 1.2518091201782227, 0.0, -4.216071605682373, 1.4409672021865845, 0.0, 1000, 1000, 1000, 1000, -0.4577322006225586, -1.220794916152954, 0.0, -0.47299104928970337, -0.18012090027332306, -1.8485243320465088, -0.13131336867809296, -0.5035508871078491, -2.483388662338257, 0.09457904100418091, 0.07145223021507263, -0.027967005968093872, 0.13806426525115967)
(-0.5276282429695129, -0.009111031889915466, 0.0, -1.0, 0.0, 0.0, -0.4732213616371155, 1.1449389457702637, 0.0, -3.7789740562438965, 0.07288825511932373, 0.0, 1000, 1000, 1000, 1000, 0.3482327461242676, -1.3155930042266846, 0.0, -0.5276282429695129, -0.009111031889915466, -1.652876377105713, -0.14798757433891296, 0.03796929866075516, -1.762894630432129, -0.53602534532547, 0.06622859090566635, 0.21872353553771973, -0.2510732114315033)
(-0.5770706534385681, 0.1507757157087326, 0.0, -1.0, 0.0, 0.0, -0.6716946363449097, 1.114404559135437, 0.0, -3.383434772491455, -1.2062057256698608, 0.0, 1000, 1000, 1000, 1000, -0.2617952823638916, -1.1728324890136719, 0.0, -0.5770706534385681, 0.1507757157087326, -1.355870008468628, -0.15626715123653412, 0.027687236666679382, -1.4844499826431274, -1.160305142402649, 0.05768642947077751, -0.004747472237795591, -1.1073662042617798)
(-0.597951352596283, 0.3325076401233673, 0.0, -1.0, 0.0, 0.0, 1.969526767730713, 2.427381753921509, 0.0, -3.2163891792297363, -2.6600611209869385, 0.0, 1000, 1000, 1000, 1000, -0.24912214279174805, -2.6608641147613525, 0.0, -0.597951352596283, 0.3325076401233673, -2.5929579734802246, -0.16995280981063843, -0.4438777565956116, -3.2067885398864746, -2.5437214374542236, 0.04277065396308899, -0.1806517094373703, -2.6816024780273438)
(-0.6829633712768555, 0.4171372652053833, 0.0, -1.0, 0.0, 0.0, 0.4886106848716736, 1.435015320777893, 0.0, -2.5362930297851562, -3.3370981216430664, 0.0, 1000, 1000, 1000, 1000, 0.6549413204193115, -0.35721826553344727, 0.0, -0.6829633712768555, 0.4171372652053833, -1.5124518871307373, -0.1745472103357315, -0.30505800247192383, -1.9920570850372314, -2.386056661605835, 0.020073601976037025, 0.18685869872570038, -2.179124355316162)
(-0.9439115524291992, 0.24048812687397003, 0.0, -1.0, 0.0, 0.0, -10.366351127624512, -10.290175437927246, 0.0, -0.44870758056640625, -1.9239050149917603, 0.0, 1000, 1000, 1000, 1000, 2.044482469558716, 0.703160285949707, 0.0, -0.9439115524291992, 0.24048812687397003, 4.958821773529053, -0.17064255475997925, 0.21898438036441803, 5.0071635246276855, 4.183135032653809, 0.004143541678786278, 1.7130509614944458, 5.90032958984375)
(-6.8034491539001465, -6.491953372955322, 0.0, -1.0, 0.0, 0.0, 6.00006103515625, 12.167840003967285, 0.0, 46.42759323120117, 51.93562698364258, 0.0, 1000, 1000, 1000, 1000, -5.245422840118408, -8.051101684570312, 0.0, -6.8034491539001465, -6.491953372955322, 20.21376609802246, 0.07343943417072296, -2.979544162750244, 17.307661056518555, 19.883893966674805, 0.2694648802280426, -4.466917514801025, 15.686441421508789)
(-7.244359016418457, -7.4548211097717285, 0.0, -1.0, 0.0, 0.0, -2.85490083694458, -2.9161298274993896, 0.0, 49.954872131347656, 59.63856887817383, 0.0, 1000, 1000, 1000, 1000, -8.297769546508789, -11.098716735839844, 0.0, -7.244359016418457, -7.4548211097717285, 26.40488624572754, 0.3134375512599945, 0.11449733376502991, 26.832820892333984, 31.2773494720459, 0.5476915240287781, 0.13200710713863373, 31.957048416137695)
(-7.113005638122559, -9.643824577331543, 0.0, -1.0, 0.0, 0.0, -0.992305338382721, -13.511549949645996, 0.0, 48.90404510498047, 77.15059661865234, 0.0, 1000, 1000, 1000, 1000, -9.1015043258667, -15.324079513549805, 0.0, -7.113005638122559, -9.643824577331543, 24.94817543029785, 0.542255163192749, 0.5075085163116455, 25.997940063476562, 45.33107376098633, 0.8836342096328735, 0.4084608852863312, 46.6231689453125)
(-7.514132976531982, -13.815168380737305, 0.0, -1.0, 0.0, 0.0, -3.3434503078460693, -4.290175437927246, 0.0, 52.11306381225586, 110.52134704589844, 0.0, 1000, 1000, 1000, 1000, -10.559348106384277, -10.301412582397461, 0.0, -7.514132976531982, -13.815168380737305, 27.728256225585938, 0.7923887372016907, -0.2752530872821808, 28.245391845703125, 57.40576171875, 1.4114516973495483, -0.3274814188480377, 58.48973083496094)
(-5.782334804534912, -20.159263610839844, 0.0, 0.0, 0.0, 0.0, 29.709983825683594, 1.4808168411254883, 0.0, 46.2586784362793, 161.27410888671875, 0.0, 1000, 1000, 1000, 1000, -8.855488777160645, -33.26739501953125, 0.0, -5.782334804534912, -20.159263610839844, 8.274347305297852, 0.9737560153007507, -2.464735984802246, 6.78336763381958, 79.89664459228516, 2.1544413566589355, -3.4945268630981445, 78.55655670166016)
(1.1140773296356201, -12.199908256530762, 0.0, -1.0, 0.0, 0.0, 11.465709686279297, 34.16783905029297, 0.0, -16.91261863708496, 97.5992660522461, 0.0, 1000, 1000, 1000, 1000, 2.592722177505493, -14.853593826293945, 0.0, 1.1140773296356201, -12.199908256530762, -14.189164161682129, 0.8702954649925232, -0.038080811500549316, -13.356949806213379, 31.715713500976562, 2.6055376529693604, -1.7653592824935913, 32.55589294433594)
(0.6325467824935913, -6.869741916656494, 0.0, -1.0, 0.0, 0.0, -29.847267150878906, 0.5953205823898315, 0.0, -13.06037425994873, 54.95793533325195, 0.0, 1000, 1000, 1000, 1000, 1.671576738357544, -10.372077941894531, 0.0, 0.6325467824935913, -6.869741916656494, 8.39344596862793, 0.7899483442306519, 2.8469231128692627, 12.030317306518555, 27.181306838989258, 2.827216148376465, 0.5246527791023254, 30.53317642211914)
(-5.736652374267578, -4.132013320922852, 0.0, -1.0, 0.0, 0.0, 5.832122325897217, 16.87013053894043, 0.0, 37.893218994140625, 33.05610656738281, 0.0, 1000, 1000, 1000, 1000, -6.8238525390625, -2.937926769256592, 0.0, -5.736652374267578, -4.132013320922852, 16.030548095703125, 1.0110503435134888, -2.294597625732422, 14.747000694274902, 8.092988014221191, 2.992422103881836, -0.7384048700332642, 10.347004890441895)
(-2.001007318496704, -3.565140962600708, 0.0, -1.0, 0.0, 0.0, 6.320671558380127, -0.7481908202171326, 0.0, 8.008058547973633, 28.521127700805664, 0.0, 1000, 1000, 1000, 1000, 0.8739078044891357, -8.163715362548828, 0.0, -2.001007318496704, -3.565140962600708, 0.8436934947967529, 1.052574872970581, 0.1727331578731537, 2.0690016746520996, 14.634658813476562, 3.0962796211242676, -0.19729922711849213, 17.533639907836914)
(-2.8934884071350098, -2.4155170917510986, 0.0, -1.0, 0.0, 0.0, -10.045740127563477, 11.328145027160645, 0.0, 15.147907257080078, 19.32413673400879, 0.0, 1000, 1000, 1000, 1000, -3.520012378692627, -3.2100601196289062, 0.0, -2.8934884071350098, -2.4155170917510986, 12.596823692321777, 1.11527419090271, 0.5781970620155334, 14.290294647216797, 3.9979958534240723, 3.1887423992156982, -0.8928502798080444, 6.293888092041016)
(-5.236417770385742, -1.6275060176849365, 0.0, -1.0, 0.0, 0.0, -0.6106259822845459, 6.457916259765625, 0.0, 33.89134216308594, 13.020048141479492, 0.0, 1000, 1000, 1000, 1000, -6.152624130249023, -3.4173691272735596, 0.0, -5.236417770385742, -1.6275060176849365, 17.25098419189453, 1.2878999710083008, -0.620880663394928, 17.91800308227539, 3.2810659408569336, 3.2387948036193848, -0.6961979269981384, 5.823662757873535)
(-3.668921709060669, -1.8037266731262207, 0.0, -1.0, 0.0, 0.0, 8.900824546813965, -5.404679298400879, 0.0, 21.35137367248535, 14.429813385009766, 0.0, 1000, 1000, 1000, 1000, -2.116265296936035, -1.2297823429107666, 0.0, -3.668921709060669, -1.8037266731262207, 6.225274562835693, 1.4040427207946777, -0.876659631729126, 6.752657413482666, 9.917245864868164, 3.2932229042053223, 1.26344633102417, 14.473915100097656)
(-1.9458918571472168, -3.1147243976593018, 0.0, -1.0, 0.0, 0.0, 2.7634198665618896, 0.961732804775238, 0.0, 7.567134857177734, 24.917795181274414, 0.0, 1000, 1000, 1000, 1000, -0.7511134147644043, -7.3600053787231445, 0.0, -1.9458918571472168, -3.1147243976593018, 2.401857376098633, 1.4376963376998901, 0.22975321114063263, 4.06930685043335, 11.978031158447266, 3.4128730297088623, -0.23931540548801422, 15.151588439941406)
(-2.974754810333252, -2.684018850326538, 0.0, -1.0, 0.0, 0.0, -7.343450546264648, 2.305244207382202, 0.0, 15.798038482666016, 21.472150802612305, 0.0, 1000, 1000, 1000, 1000, -1.823148488998413, -5.092055797576904, 0.0, -2.974754810333252, -2.684018850326538, 11.570744514465332, 1.5159279108047485, 0.3898267149925232, 13.476499557495117, 9.583453178405762, 3.508105993270874, -0.11097785085439682, 12.980581283569336)
(-3.9217610359191895, -2.765854597091675, 0.0, -1.0, 0.0, 0.0, 5.251969337463379, 3.129671812057495, 0.0, 23.374088287353516, 22.1268367767334, 0.0, 1000, 1000, 1000, 1000, -2.7543506622314453, -4.133814811706543, 0.0, -3.9217610359191895, -2.765854597091675, 9.061059951782227, 1.6397395133972168, -0.9174187183380127, 9.783380508422852, 9.49858283996582, 3.607926368713379, -0.3492187559604645, 12.757290840148926)
(-2.317492961883545, -1.875289797782898, 0.0, -1.0, 0.0, 0.0, 3.7252519130706787, 6.503717422485352, 0.0, 10.53994369506836, 15.002318382263184, 0.0, 1000, 1000, 1000, 1000, -2.1196227073669434, -5.247584342956543, 0.0, -2.317492961883545, -1.875289797782898, 3.407345771789551, 1.6909170150756836, -0.010184166952967644, 5.088078498840332, 4.249300479888916, 3.6764559745788574, -0.25671932101249695, 7.669037342071533)
(-1.5867094993591309, -1.5393460988998413, 0.0, -1.0, 0.0, 0.0, 2.1985342502593994, -1.618419885635376, 0.0, 4.693675994873047, 12.31476879119873, 0.0, 1000, 1000, 1000, 1000, 0.5057343244552612, -4.750983238220215, 0.0, -1.5867094993591309, -1.5393460988998413, 1.2475708723068237, 1.7165430784225464, -1.0167733430862427, 1.947340726852417, 6.966594219207764, 3.7187421321868896, 1.0665000677108765, 11.751836776733398)
(-1.9532957077026367, -2.0092051029205322, 0.0, -1.0, 0.0, 0.0, -2.824366331100464, 3.9999008178710938, 0.0, 7.626365661621094, 16.073640823364258, 0.0, 1000, 1000, 1000, 1000, -1.5947473049163818, -4.199987411499023, 0.0, -1.9532957077026367, -2.0092051029205322, 5.225366115570068, 1.7526843547821045, 0.17600248754024506, 7.154052734375, 6.036870002746582, 3.797079086303711, -0.349306583404541, 9.48464298248291)
(-1.7723233699798584, -1.6416897773742676, 0.0, -1.0, 0.0, 0.0, 2.1221985816955566, -0.885595440864563, 0.0, 6.178586959838867, 13.13351821899414, 0.0, 1000, 1000, 1000, 1000, -0.8702833652496338, -3.883312940597534, 0.0, -1.7723233699798584, -1.6416897773742676, 2.0281941890716553, 1.7905539274215698, -0.23120339214801788, 3.5875446796417236, 7.009556770324707, 3.8491427898406982, 0.21075038611888885, 11.069450378417969)
(-1.5003879070281982, -1.9925987720489502, 0.0, -1.0, 0.0, 0.0, -6.061007499694824, 3.4808168411254883, 0.0, 4.003103256225586, 15.940790176391602, 0.0, 1000, 1000, 1000, 1000, -0.13273096084594727, -5.045047283172607, 0.0, -1.5003879070281982, -1.9925987720489502, 5.032055377960205, 1.805069923400879, 0.7198505997657776, 7.556975841522217, 6.229986667633057, 3.9260833263397217, -0.2171202450990677, 9.938949584960938)
(-2.8366761207580566, -0.24914787709712982, 0.0, -1.0, 0.0, 0.0, -2.534290075302124, 7.7556257247924805, 0.0, 14.693408966064453, 1.9931830167770386, 0.0, 1000, 1000, 1000, 1000, -2.1800332069396973, -2.7554283142089844, 0.0, -2.8366761207580566, -0.24914787709712982, 8.613849639892578, 1.883940577507019, -0.27416056394577026, 10.22362995147705, -2.881221294403076, 3.934770107269287, 0.10140880942344666, 1.1549577713012695)
(-1.2173407077789307, -1.0064483880996704, 0.0, 0.0, 0.0, 0.0, 8.778687477111816, -3.328343629837036, 0.0, 1.7387256622314453, 8.051587104797363, 0.0, 1000, 1000, 1000, 1000, 2.030052423477173, -3.1514530181884766, 0.0, -1.2173407077789307, -1.0064483880996704, -3.5199809074401855, 1.9006834030151367, -0.3242000639438629, -1.9434975385665894, 5.68996524810791, 3.9607253074645996, -0.05507933348417282, 9.595611572265625)
(-2.3930857181549072, -0.07120160013437271, 0.0, -1.0, 0.0, 0.0, -10.809099197387695, 9.450282096862793, 0.0, 11.144685745239258, 0.5696128010749817, 0.0, 1000, 1000, 1000, 1000, -2.953913688659668, -3.268024206161499, 0.0, -2.3930857181549072, -0.07120160013437271, 10.976892471313477, 1.9450438022613525, 0.2941077649593353, 13.216044425964355, -4.440334796905518, 3.963419198989868, -0.9526800513267517, -1.429595708847046)
(-2.714085817337036, 0.2563583552837372, 0.0, -1.0, 0.0, 0.0, -2.6564273834228516, -6.335977077484131, 0.0, 13.712686538696289, -2.0508668422698975, 0.0, 1000, 1000, 1000, 1000, -3.7015509605407715, -1.5403311252593994, 0.0, -2.714085817337036, 0.2563583552837372, 8.18455696105957, 2.017056941986084, -0.11403827369213104, 10.087575912475586, 2.1425552368164062, 3.9293558597564697, 0.4498600661754608, 6.52177095413208)
(-2.911154270172119, 0.019397487863898277, 0.0, -1.0, -1.0, 0.0, 1.4809770584106445, 2.839595317840576, 0.0, 15.289234161376953, -8.155179977416992, 0.0, 1000, 1000, 1000, 1000, -1.2570292949676514, -3.1373507976531982, 0.0, -2.911154270172119, 0.019397487863898277, 6.904128551483154, 2.0943284034729004, -0.2719537019729614, 8.726503372192383, -5.497387886047363, 3.928927421569824, -1.804996371269226, -3.3734569549560547)
(-2.2642698287963867, -0.5327619314193726, 0.0, -1.0, 0.0, 0.0, 2.4886107444763184, -3.2825419902801514, 0.0, 10.114158630371094, 4.2620954513549805, 0.0, 1000, 1000, 1000, 1000, -0.4628486633300781, -3.323122024536133, 0.0, -2.2642698287963867, -0.5327619314193726, 3.8127739429473877, 2.150130033493042, -0.24507243931293488, 5.717831611633301, 3.7723188400268555, 3.9398305416107178, 0.39831969141960144, 8.110468864440918)
(-2.5279808044433594, -1.0704128742218018, 0.0, -1.0, 0.0, 0.0, -4.137343406677246, 1.8166946172714233, 0.0, 12.223846435546875, 8.563302993774414, 0.0, 1000, 1000, 1000, 1000, -1.1759271621704102, -3.9518227577209473, 0.0, -2.5279808044433594, -1.0704128742218018, 8.180595397949219, 2.2038304805755615, 0.16566500067710876, 10.550090789794922, 3.3733041286468506, 3.9813485145568848, -0.08379296958446503, 7.270859718322754)
(-2.653991937637329, -0.9762647747993469, 0.0, -1.0, 0.0, 0.0, -1.801465630531311, -1.7863588333129883, 0.0, 13.231935501098633, 7.810118198394775, 0.0, 1000, 1000, 1000, 1000, -1.1770167350769043, -1.9773542881011963, 0.0, -2.653991937637329, -0.9762647747993469, 7.516700744628906, 2.2737338542938232, 0.08884726464748383, 9.879281997680664, 4.798238754272461, 4.007624626159668, 0.33634257316589355, 9.142206192016602)
(-2.421994209289551, -1.778504729270935, 0.0, -1.0, 0.0, 0.0, 1.0992977619171143, -0.7787252068519592, 0.0, 11.375953674316406, 14.22803783416748, 0.0, 1000, 1000, 1000, 1000, -1.8802335262298584, -4.924566745758057, 0.0, -2.421994209289551, -1.778504729270935, 5.1383280754089355, 2.334907293319702, -0.336436927318573, 7.13679838180542, 7.503381729125977, 4.069526195526123, -0.12665724754333496, 11.446250915527344)
(-2.525348663330078, -1.1757829189300537, 0.0, -1.0, 0.0, 0.0, 2.4886107444763184, 5.862496376037598, 0.0, 12.202789306640625, 9.40626335144043, 0.0, 1000, 1000, 1000, 1000, -1.1488888263702393, -3.9092836380004883, 0.0, -2.525348663330078, -1.1757829189300537, 4.857089042663574, 2.3968474864959717, -0.45977067947387695, 6.79416561126709, 1.771883487701416, 4.110306739807129, -0.39384716749191284, 5.488343238830566)
(-1.5108377933502197, -0.9530735611915588, 0.0, -1.0, 0.0, 0.0, 2.030595302581787, 3.0380687713623047, 0.0, 4.086702346801758, 7.624588489532471, 0.0, 1000, 1000, 1000, 1000, -0.8098456859588623, -4.250986576080322, 0.0, -1.5108377933502197, -0.9530735611915588, 1.0280535221099854, 2.419196367263794, -0.006096099503338337, 3.4411540031433105, 2.293259859085083, 4.1352925300598145, -0.31030869483947754, 6.11824369430542)
(-2.484375238418579, -0.9623006582260132, 0.0, -1.0, 0.0, 0.0, -4.931236743927002, 10.839595794677734, 0.0, 11.875001907348633, 7.6984052658081055, 0.0, 1000, 1000, 1000, 1000, -1.465806484222412, -2.6756181716918945, 0.0, -2.484375238418579, -0.9623006582260132, 8.403119087219238, 2.4717042446136475, 0.12567539513111115, 11.00049877166748, -1.5705952644348145, 4.171658039093018, -1.280584454536438, 1.3204782009124756)
(-2.81815767288208, 0.6406412124633789, 0.0, -1.0, 0.0, 0.0, -6.809099197387695, 7.7556257247924805, 0.0, 14.54526138305664, -5.125129699707031, 0.0, 1000, 1000, 1000, 1000, -0.7217938899993896, -1.473140001296997, 0.0, -2.81815767288208, 0.6406412124633789, 10.677180290222168, 2.5476126670837402, 0.9521548748016357, 14.176947593688965, -6.440377712249756, 4.135404109954834, -0.6971081495285034, -3.002081871032715)
(-4.710882663726807, 1.0155317783355713, 0.0, 0.0, 0.0, 0.0, -0.45795419812202454, -7.206206321716309, 0.0, 29.687061309814453, -8.12425422668457, 0.0, 1000, 1000, 1000, 1000, -5.170501232147217, -0.041409969329833984, 0.0, -4.710882663726807, 1.0155317783355713, 15.072507858276367, 2.6975796222686768, -0.46474403142929077, 17.305343627929688, -0.45902395248413086, 4.075533866882324, 0.6867430210113525, 4.303253173828125)
(-3.4263248443603516, 0.5613544583320618, 0.0, -1.0, 0.0, 0.0, 1.6794503927230835, 2.99226713180542, 0.0, 19.410598754882812, -4.490835666656494, 0.0, 1000, 1000, 1000, 1000, -1.037898302078247, -2.381437301635742, 0.0, -3.4263248443603516, 0.5613544583320618, 8.86557388305664, 2.7995307445526123, 0.26681220531463623, 11.931917190551758, -3.741551399230957, 4.0585222244262695, 0.08555930852890015, 0.4025302529335022)
(-3.6567699909210205, 0.9013628959655762, 0.0, -1.0, 0.0, 0.0, 0.9466259479522705, 0.32051146030426025, 0.0, 21.254159927368164, -7.210903167724609, 0.0, 1000, 1000, 1000, 1000, -3.016080856323242, -2.0815157890319824, 0.0, -3.6567699909210205, 0.9013628959655762, 10.153766632080078, 2.9089133739471436, -0.6838757991790771, 12.378804206848145, -3.76570725440979, 4.015055179595947, 0.33004260063171387, 0.5793905854225159)
(-3.39123272895813, 0.036595989018678665, 0.0, -1.0, 0.0, 0.0, 6.1068705690559e-05, -1.6947556734085083, 0.0, 19.12986183166504, -0.2927679121494293, 0.0, 1000, 1000, 1000, 1000, -3.0840983390808105, -2.43782901763916, 0.0, -3.39123272895813, 0.036595989018678665, 9.564900398254395, 2.9992623329162598, 0.08804945647716522, 12.652212142944336, 0.7009938955307007, 4.009506702423096, 0.011401914060115814, 4.721902847290039)
(-3.3411245346069336, -0.03809182718396187, 0.0, -1.0, 0.0, 0.0, 0.4122748076915741, 2.7632596492767334, 0.0, 18.72899627685547, 0.30473461747169495, 0.0, 1000, 1000, 1000, 1000, -2.6165361404418945, -2.3879220485687256, 0.0, -3.3411245346069336, -0.03809182718396187, 9.158360481262207, 3.0960772037506104, -0.20982807874679565, 12.044610023498535, -1.2292624711990356, 4.010112762451172, -0.15571507811546326, 2.6251354217529297)
(-3.0779759883880615, -0.21662871539592743, 0.0, -1.0, 0.0, 0.0, -0.6258931159973145, 4.076236724853516, 0.0, 16.623807907104492, 1.7330297231674194, 0.0, 1000, 1000, 1000, 1000, -2.1007633209228516, -2.7535159587860107, 0.0, -3.0779759883880615, -0.21662871539592743, 8.624850273132324, 3.174462080001831, 0.1235775575041771, 11.922889709472656, -1.1716034412384033, 4.010511875152588, -0.6512284874916077, 2.187680244445801)
(-3.4133105278015137, -0.16355711221694946, 0.0, -1.0, 0.0, 0.0, 1.160366415977478, -2.732923746109009, 0.0, 19.30648422241211, 1.3084568977355957, 0.0, 1000, 1000, 1000, 1000, -3.3493504524230957, -2.942739248275757, 0.0, -3.4133105278015137, -0.16355711221694946, 9.07305908203125, 3.2715725898742676, -0.3770354390144348, 11.967596054077148, 2.020690441131592, 4.0052571296691895, 0.41020724177360535, 6.436154842376709)
(-2.8461227416992188, -0.44085630774497986, 0.0, -1.0, 0.0, 0.0, -0.6258931159973145, 4.6105875968933105, 0.0, 14.76898193359375, 3.526850461959839, 0.0, 1000, 1000, 1000, 1000, -1.1802420616149902, -3.425632953643799, 0.0, -2.8461227416992188, -0.44085630774497986, 7.697437286376953, 3.3426709175109863, -0.6659346222877502, 10.374173164367676, -0.5418685674667358, 4.022467136383057, -0.44623228907585144, 3.0343663692474365)
(-2.4046785831451416, -0.5132158398628235, 0.0, -1.0, 0.0, 0.0, -0.10680916160345078, 0.2136412262916565, 0.0, 11.237428665161133, 4.105726718902588, 0.0, 1000, 1000, 1000, 1000, -2.4181809425354004, -3.5387191772460938, 0.0, -2.4046785831451416, -0.5132158398628235, 5.672119140625, 3.396263837814331, 0.23539911210536957, 9.303781509399414, 1.946042776107788, 4.033314228057861, -0.010703966952860355, 5.968653202056885)
(-2.046379327774048, 0.2592986226081848, 0.0, -1.0, 0.0, 0.0, 2.076396942138672, 4.885396957397461, 0.0, 8.371034622192383, -2.0743889808654785, 0.0, 1000, 1000, 1000, 1000, -0.5273535251617432, -2.659966230392456, 0.0, -2.046379327774048, 0.2592986226081848, 3.1473188400268555, 3.4473071098327637, -0.3626396358013153, 6.2319865226745605, -3.4798929691314697, 4.019988059997559, -0.17627227306365967, 0.3638228476047516)
(-2.117215156555176, 0.6660491228103638, 0.0, -1.0, 0.0, 0.0, -0.2900152802467346, 10.167840003967285, 0.0, 8.937721252441406, -5.32839298248291, 0.0, 1000, 1000, 1000, 1000, -1.4681737422943115, -3.393204689025879, 0.0, -2.117215156555176, 0.6660491228103638, 4.613868236541748, 3.489633560180664, -0.016654329374432564, 8.086847305297852, -7.748116493225098, 3.9888644218444824, -0.9891509413719177, -4.748403072357178)
(-1.7691915035247803, 1.6557002067565918, 0.0, -1.0, 0.0, 0.0, 3.389374017715454, 0.35104578733444214, 0.0, 6.153532028198242, -13.245601654052734, 0.0, 1000, 1000, 1000, 1000, -1.6779091358184814, 1.291407585144043, 0.0, -1.7691915035247803, 1.6557002067565918, 1.382079005241394, 3.528721570968628, -0.07795003056526184, 4.832850456237793, -6.798323631286621, 3.9143764972686768, 0.3329232931137085, -2.5510237216949463)
(-1.2334890365600586, 0.5462029576301575, 0.0, -1.0, 0.0, 0.0, -4.045740604400635, -0.7634580135345459, 0.0, 1.8679122924804688, -4.36962366104126, 0.0, 1000, 1000, 1000, 1000, 0.5237034559249878, -3.001596689224243, 0.0, -1.2334890365600586, 0.5462029576301575, 2.9568264484405518, 3.534191608428955, 0.6090123653411865, 7.100030422210693, -1.803082823753357, 3.8895130157470703, -0.25538647174835205, 1.8310436010360718)
(-2.524073600769043, 1.2090758085250854, 0.0, -1.0, 0.0, 0.0, -2.3358168601989746, 2.99226713180542, 0.0, 12.192588806152344, -9.672606468200684, 0.0, 1000, 1000, 1000, 1000, -2.2878222465515137, -2.812304735183716, 0.0, -2.524073600769043, 1.2090758085250854, 7.264203071594238, 3.588167428970337, 2.308375120162964, 13.160745620727539, -6.332436561584473, 3.8542397022247314, -2.160512685775757, -4.638709545135498)
(-2.3181569576263428, 1.3537391424179077, 0.0, -1.0, 0.0, 0.0, 1.877923607826233, -2.1680381298065186, 0.0, 10.545255661010742, -10.829913139343262, 0.0, 1000, 1000, 1000, 1000, -1.6678733825683594, -2.858802080154419, 0.0, -2.3181569576263428, 1.3537391424179077, 4.33366584777832, 3.6496007442474365, -0.04033944010734558, 7.942927360534668, -4.330937385559082, 3.7895724773406982, 0.44160979986190796, -0.09975512325763702)
(-2.4437146186828613, 0.92227703332901, 0.0, -1.0, 0.0, 0.0, -0.4426870346069336, 3.9693663120269775, 0.0, 11.54971694946289, -7.37821626663208, 0.0, 1000, 1000, 1000, 1000, -1.930572271347046, -3.6207470893859863, 0.0, -2.4437146186828613, 0.92227703332901, 5.996201992034912, 3.7038521766662598, -0.015485082753002644, 9.684569358825684, -5.673791408538818, 3.7525832653045654, -0.3796015679836273, -2.300809621810913)
(-2.2982070446014404, 1.4887263774871826, 0.0, -1.0, 0.0, 0.0, -5.404519081115723, 5.633488655090332, 0.0, 10.385656356811523, -11.909811019897461, 0.0, 1000, 1000, 1000, 1000, -1.6442477703094482, -2.487100839614868, 0.0, -2.2982070446014404, 1.4887263774871826, 7.895087718963623, 3.7553200721740723, 1.0098469257354736, 12.66025447845459, -8.771650314331055, 3.6878790855407715, -0.6099745035171509, -5.6937456130981445)
(-2.59867525100708, 1.458551049232483, 0.0, -1.0, 0.0, 0.0, 13.175633430480957, -9.435214042663574, 0.0, 12.78940200805664, -11.668408393859863, 0.0, 1000, 1000, 1000, 1000, -2.687405586242676, 2.2845258712768555, 0.0, -2.59867525100708, 1.458551049232483, -0.1931157112121582, 3.847008466720581, -1.688232183456421, 1.9656604528427124, -1.1165971755981445, 3.6102051734924316, 0.8721050024032593, 3.365712881088257)
(-1.486336350440979, 0.5393985509872437, 0.0, -1.0, 0.0, 0.0, -5.022839546203613, 2.427381753921509, 0.0, 3.890690803527832, -4.315188407897949, 0.0, 1000, 1000, 1000, 1000, -0.8981938362121582, -7.342235565185547, 0.0, -1.486336350440979, 0.5393985509872437, 4.456765174865723, 3.8497064113616943, 0.5058487057685852, 8.812320709228516, -3.3712849617004395, 3.594247817993164, -0.16454805433750153, 0.058414727449417114)
(-2.125452756881714, -0.10618472099304199, 0.0, -1.0, 0.0, 0.0, 1.389374017715454, 0.24417556822299957, 0.0, 9.003622055053711, 0.8494777679443359, 0.0, 1000, 1000, 1000, 1000, -2.8862977027893066, -3.0387492179870605, 0.0, -2.125452756881714, -0.10618472099304199, 3.807124137878418, 3.9014480113983154, -0.3012993335723877, 7.407272815704346, 0.3026511073112488, 3.5899569988250732, -0.26395079493522644, 3.628657341003418)
(-0.9751409888267517, 0.3970251977443695, 0.0, -1.0, 0.0, 0.0, 0.19853435456752777, 8.351045608520508, 0.0, -0.19887208938598633, -3.176201581954956, 0.0, 1000, 1000, 1000, 1000, -1.041527271270752, -1.7844936847686768, 0.0, -0.9751409888267517, 0.3970251977443695, -0.19870322942733765, 3.8967981338500977, 0.2836924195289612, 3.9817872047424316, -5.7636237144470215, 3.5746543407440186, -0.8194124698638916, -3.0083818435668945)
(-1.5939898490905762, 2.5677146911621094, 0.0, -1.0, 0.0, 0.0, -2.961771011352539, 14.320511817932129, 0.0, 4.751918792724609, -20.541717529296875, 0.0, 1000, 1000, 1000, 1000, -0.8387982845306396, -5.051908016204834, 0.0, -1.5939898490905762, 2.5677146911621094, 3.856844902038574, 3.922379970550537, -0.12740285694599152, 7.651822090148926, -17.431114196777344, 3.4701311588287354, -1.2325700521469116, -15.19355297088623)
(-2.209881544113159, 3.3504421710968018, 0.0, 0.0, 0.0, 0.0, 5.5878472328186035, -7.343610763549805, 0.0, 17.679052352905273, -26.803537368774414, 0.0, 1000, 1000, 1000, 1000, -1.6173129081726074, 2.1125011444091797, 0.0, -2.209881544113159, 3.3504421710968018, 6.045602798461914, 3.973168134689331, 0.27572283148765564, 10.294493675231934, -9.729963302612305, 3.307687997817993, 0.2748854160308838, -6.147389888763428)
(-1.6681190729141235, 2.4889450073242188, 0.0, -1.0, 0.0, 0.0, -6.137343406677246, 2.7632596492767334, 0.0, 5.344952583312988, -19.91156005859375, 0.0, 1000, 1000, 1000, 1000, -0.29596877098083496, -0.7597408294677734, 0.0, -1.6681190729141235, 2.4889450073242188, 5.741147994995117, 3.9910943508148193, 0.5498712062835693, 10.282114028930664, -11.337409973144531, 3.221061944961548, -0.0024156332947313786, -8.11876392364502)
(-1.4530965089797974, 2.2675790786743164, 0.0, -1.0, 0.0, 0.0, 1.6794503927230835, 0.9311984777450562, 0.0, 3.624772071838379, -18.14063262939453, 0.0, 1100, 1100, 1100, 1100, -2.0337462425231934, -2.9169089794158936, 0.0, -1.4530965089797974, 2.2675790786743164, 0.9726608395576477, 4.020575046539307, -0.4162636399269104, 4.576972484588623, -9.53591537475586, 3.1268210411071777, -0.05523466318845749, -6.464329242706299)
(-1.8304333686828613, 1.3139992952346802, 0.0, -1.0, 0.0, 0.0, -3.8320000171661377, 0.36631298065185547, 0.0, 6.643466949462891, -10.511994361877441, 0.0, 1100, 1100, 1100, 1100, -1.6308188438415527, -6.345130443572998, 0.0, -1.8304333686828613, 1.3139992952346802, 5.237733364105225, 4.049582481384277, 0.36397016048431396, 9.651286125183105, -5.439153671264648, 3.0726168155670166, -0.06559794396162033, -2.4321346282958984)
(-1.8965815305709839, 1.8574187755584717, 0.0, -1.0, 0.0, 0.0, -3.3434503078460693, 4.671656608581543, 0.0, 7.172652244567871, -14.859350204467773, 0.0, 1100, 1100, 1100, 1100, 0.4607659578323364, 0.39463090896606445, 0.0, -1.8965815305709839, 1.8574187755584717, 5.25805139541626, 4.088374137878418, 0.4525943994522095, 9.799019813537598, -9.7655029296875, 2.9975271224975586, -0.8046843409538269, -7.572659969329834)
(-2.0952858924865723, 1.2539405822753906, 0.0, -1.0, 0.0, 0.0, -4.2747483253479, -3.7710916996002197, 0.0, 8.762287139892578, -10.031524658203125, 0.0, 1133, 1157, 1155, 1134, -5.73097038269043, -3.18025279045105, 0.0, -2.0952858924865723, 1.2539405822753906, 6.51851749420166, 4.131954193115234, 0.6657153964042664, 11.316186904907227, -3.130216598510742, 2.9324982166290283, -0.3669840395450592, -0.5647024512290955)
(-1.9806733131408691, 1.4150334596633911, 0.0, -1.0, 0.0, 0.0, 9.206168174743652, 0.6411221623420715, 0.0, 7.845386505126953, -11.320267677307129, 0.0, 1208, 1217, 1227, 1227, -9.332548141479492, -8.379620552062988, 0.0, -1.9806733131408691, 1.4150334596633911, -0.6803908348083496, 4.18419885635376, -1.1813832521438599, 2.32242488861084, -5.980694770812988, 2.872601270675659, 0.6924359202384949, -2.4156575202941895)
(-2.0263617038726807, 0.5601128935813904, 0.0, 0.0, 0.0, 0.0, 0.6260152459144592, -6.335977077484131, 0.0, 16.210893630981445, -4.480903148651123, 0.0, 1257, 1269, 1295, 1261, 1.493952989578247, -4.516955852508545, 0.0, -2.0263617038726807, 0.5601128935813904, 7.792438983917236, 4.213092803955078, -0.5567604899406433, 11.448771476745605, 0.9275369644165039, 2.8456661701202393, 1.8660410642623901, 5.639244079589844)
(-2.050551414489746, 1.4476923942565918, 0.0, -1.0, 0.0, 0.0, 15.435175895690918, -7.29780912399292, 0.0, 8.404411315917969, -11.581539154052734, 0.0, 1349, 1341, 1337, 1335, -10.386333465576172, -18.971452713012695, 0.0, -2.050551414489746, 1.4476923942565918, -3.5153822898864746, 4.273215293884277, -2.29581356048584, -1.5379804372787476, -2.1418650150299072, 2.7827413082122803, 1.6820435523986816, 2.3229198455810547)
(-2.1795170307159424, 1.625251054763794, 0.0, -1.0, 0.0, 0.0, 17.81685447692871, 29.343412399291992, 0.0, 9.436136245727539, -13.002008438110352, 0.0, 1346, 1389, 1379, 1433, -36.86603546142578, -47.90497589111328, 0.0, -2.1795170307159424, 1.625251054763794, -4.190359115600586, 4.326740264892578, -3.009732961654663, -2.87335205078125, -21.172710418701172, 2.725950241088867, -5.888640880584717, -24.33540153503418)
(-2.288766860961914, 2.8528103828430176, 0.0, -1.0, 0.0, 0.0, -18.38161849975586, 4.99226713180542, 0.0, 10.310134887695312, -22.82248306274414, 0.0, 1350, 1413, 1412, 1391, -23.594980239868164, 1.677934169769287, 0.0, -2.288766860961914, 2.8528103828430176, 14.345876693725586, 4.349908351898193, 2.429375648498535, 21.125160217285156, -13.90737533569336, 2.6144168376922607, 0.5604755878448486, -10.73248291015625)
(-1.7502861022949219, 1.5013561248779297, 0.0, -1.0, 0.0, 0.0, -9.526656150817871, 26.900663375854492, 0.0, 6.002288818359375, -12.010848999023438, 0.0, 1380, 1451, 1425, 1442, 40.9290657043457, -31.75627326965332, 0.0, -1.7502861022949219, 1.5013561248779297, 7.764472484588623, 4.385003566741943, 1.4437226057052612, 13.593198776245117, -19.45575714111328, 2.5481958389282227, -5.13604736328125, -22.043609619140625)
(-1.9523588418960571, 3.051971435546875, 0.0, -1.0, 0.0, 0.0, -11.389251708984375, 28.732725143432617, 0.0, 7.618870735168457, -24.415771484375, 0.0, 1366, 1465, 1424, 1447, -22.02895736694336, -20.849937438964844, 0.0, -1.9523588418960571, 3.051971435546875, 9.504060745239258, 4.449190616607666, 5.087138652801514, 19.040390014648438, -26.574249267578125, 2.4249448776245117, -6.276209354400635, -30.425514221191406)
(-2.0713064670562744, 4.03978157043457, 0.0, -1.0, 0.0, 0.0, 22.290138244628906, -23.89322853088379, 0.0, 8.570451736450195, -32.31825256347656, 0.0, 1454, 1433, 1433, 1438, 18.235979080200195, 3.853793144226074, 0.0, -2.0713064670562744, 4.03978157043457, -6.8598432540893555, 4.502799987792969, -4.085567474365234, -6.442610740661621, -4.212512016296387, 2.2786366939544678, 5.748335838317871, 3.8144607543945312)
(-1.6875452995300293, 4.788549423217773, 0.0, -1.0, 0.0, 0.0, 6.335938930511475, 10.04570198059082, 0.0, 5.500362396240234, -38.30839538574219, 0.0, 1462, 1512, 1480, 1520, 37.79618835449219, -9.794828414916992, 0.0, -1.6875452995300293, 4.788549423217773, -0.4177882671356201, 4.533929347991943, -1.592494249343872, 2.523646831512451, -24.177047729492188, 2.109342098236084, -0.5179961323738098, -22.58570098876953)
(-2.4847922325134277, 6.709640026092529, 0.0, -1.0, 0.0, 0.0, -17.54192352294922, 21.816694259643555, 0.0, 11.878337860107422, -53.677120208740234, 0.0, 1390, 1515, 1517, 1551, -42.195587158203125, 8.673401832580566, 0.0, -2.4847922325134277, 6.709640026092529, 14.71013069152832, 4.5653204917907715, 3.5426995754241943, 22.818151473999023, -37.74690628051758, 1.8445119857788086, -3.831697702407837, -39.734092712402344)
(-1.4369943141937256, 6.358253479003906, 0.0, -1.0, 0.0, 0.0, -36.5342903137207, -6.73292350769043, 0.0, 3.4959545135498047, -50.86602783203125, 0.0, 1424, 1523, 1527, 1504, -12.463882446289062, -18.741104125976562, 0.0, -1.4369943141937256, 6.358253479003906, 20.015121459960938, 4.566555976867676, 5.908990383148193, 30.49066734313965, -22.066551208496094, 1.5982451438903809, 1.4329619407653809, -19.03534507751465)
(-13.043320655822754, 6.789276599884033, 0.0, -1.0, 0.0, 0.0, 131.40464782714844, -58.83979415893555, 0.0, 96.34656524658203, -54.314212799072266, 0.0, 1550, 1448, 1475, 1504, -21.642574310302734, -49.37407302856445, 0.0, -13.043320655822754, 6.789276599884033, -17.529041290283203, 5.1638102531433105, -20.36760139465332, -32.73283004760742, 2.2627906799316406, 1.3180230855941772, 14.828303337097168, 18.409116744995117)
(-7.159921646118164, 7.338008403778076, 0.0, -1.0, 0.0, 0.0, -39.63352584838867, 39.58768844604492, 0.0, 49.27937316894531, -58.70406723022461, 0.0, 1324, 1523, 1557, 1574, 4.730937957763672, -15.478694915771484, 0.0, -7.159921646118164, 7.338008403778076, 44.456451416015625, 5.160891532897949, -4.152327060699463, 45.46501541137695, -49.145877838134766, 1.0992743968963623, -5.59835958480835, -53.644962310791016)
(-2.351884365081787, 8.342018127441406, 0.0, -1.0, 0.0, 0.0, -9.083908081054688, 2.70219087600708, 0.0, 10.815074920654297, -66.73614501953125, 0.0, 1488, 1583, 1442, 1469, 8.118816375732422, -19.020065307617188, 0.0, -2.351884365081787, 8.342018127441406, 9.949491500854492, 5.206620693206787, 2.038909673690796, 17.195022583007812, -34.71916961669922, 0.7793282866477966, 3.3001108169555664, -30.63973045349121)
(-6.380887508392334, 7.149776458740234, 0.0, -1.0, 0.0, 0.0, -114.1068115234375, 18.28997802734375, 0.0, 43.04710006713867, -57.198211669921875, 0.0, 1359, 1640, 1548, 1432, -5.0156707763671875, 13.012676239013672, 0.0, -6.380887508392334, 7.149776458740234, 78.57695770263672, 5.373501777648926, 15.35962200164795, 99.3100814819336, -37.74409484863281, 0.4981340765953064, -4.030301094055176, -41.27626037597656)
(-0.7157071232795715, 5.970197677612305, 0.0, -1.0, 0.0, 0.0, 155.90846252441406, 7.312877655029297, 0.0, -2.2743430137634277, -47.76158142089844, 0.0, 1611, 1526, 1299, 1542, 32.569557189941406, 47.65134048461914, 0.0, -0.7157071232795715, 5.970197677612305, -79.09140014648438, 5.680406093597412, -8.381569862365723, -81.79256439208984, -27.537229537963867, 0.2286967784166336, -12.10367488861084, -39.412208557128906)
(-7.306853771209717, 8.825693130493164, 0.0, -1.0, 0.0, 0.0, 85.450439453125, -27.31307601928711, 0.0, 50.454830169677734, -70.60554504394531, 0.0, 1573, 1551, 1383, 1470, 20.717660903930664, -12.680902481079102, 0.0, -7.306853771209717, 8.825693130493164, -17.497804641723633, 5.9407196044921875, -15.742225646972656, -27.2993106842041, -21.6462345123291, -0.13478046655654907, 5.542020797729492, -16.238994598388672)
(-3.6964478492736816, 8.545418739318848, 0.0, -1.0, 0.0, 0.0, -24.748029708862305, 34.518985748291016, 0.0, 21.571582794189453, -68.36334991455078, 0.0, 1378, 1551, 1495, 1555, 13.06210994720459, 19.184053421020508, 0.0, -3.6964478492736816, 8.545418739318848, 23.159805297851562, 5.933663845062256, -0.7109475135803223, 28.382522583007812, -51.44116973876953, -0.4188632071018219, -6.385967254638672, -58.24599838256836)
(-3.9487574100494385, 6.965207576751709, 0.0, -1.0, 0.0, 0.0, -159.83200073242188, 34.15257263183594, 0.0, 23.590059280395508, -55.72166061401367, 0.0, 1271, 1612, 1618, 1478, 9.474483489990234, -8.25722599029541, 0.0, -3.9487574100494385, 6.965207576751709, 91.71102905273438, 5.94680118560791, 22.469161987304688, 120.12699127197266, -44.93711853027344, -0.6643614172935486, -4.5276618003845215, -50.12914276123047)
(-0.2086307406425476, 1.9052176475524902, 0.0, -1.0, 0.0, 0.0, 93.09929656982422, -34.41231155395508, 0.0, -6.330954074859619, -15.241741180419922, 0.0, 1605, 1512, 1394, 1466, -17.496049880981445, -9.326866149902344, 0.0, -0.2086307406425476, 1.9052176475524902, -49.715126037597656, 6.264394760131836, 2.217319965362549, -41.2334098815918, 9.585285186767578, -0.8409889340400696, -3.3623578548431396, 5.381938457489014)
(-2.4072794914245605, 5.163361072540283, 0.0, -1.0, 0.0, 0.0, 78.3359375, -62.717655181884766, 0.0, 11.258235931396484, -41.306888580322266, 0.0, 1555, 1442, 1477, 1504, -62.47924041748047, 20.563072204589844, 0.0, -2.4072794914245605, 5.163361072540283, -33.538848876953125, 6.395495414733887, -7.95371675491333, -35.097068786621094, 10.70538330078125, -1.09457266330719, 11.875070571899414, 21.485881805419922)
(-2.0794403553009033, 3.855508327484131, 0.0, -1.0, 0.0, 0.0, -28.06100845336914, -29.038267135620117, 0.0, 8.635522842407227, -30.844066619873047, 0.0, 1399, 1448, 1598, 1533, -46.99856948852539, 35.94747543334961, 0.0, -2.0794403553009033, 3.855508327484131, 18.3482666015625, 6.358388900756836, 3.660235643386841, 28.366891860961914, -0.9028997421264648, -1.2128115892410278, 6.174591541290283, 4.058879852294922)
(-2.495256185531616, 2.979863166809082, 0.0, -1.0, 0.0, 0.0, -37.9083366394043, 24.976999282836914, 0.0, 11.96204948425293, -23.838905334472656, 0.0, 1431, 1564, 1495, 1488, 17.813018798828125, -8.745612144470215, 0.0, -2.495256185531616, 2.979863166809082, 24.935192108154297, 6.366204261779785, 3.7418713569641113, 35.04326629638672, -24.40795135498047, -1.3135021924972534, -5.772136211395264, -31.493589401245117)
(-7.160901069641113, 2.483957529067993, 0.0, -1.0, 0.0, 0.0, 184.30540466308594, -113.34361267089844, 0.0, 49.287208557128906, -19.871660232543945, 0.0, 1634, 1338, 1492, 1514, -19.07467269897461, -17.62752914428711, 0.0, -7.160901069641113, 2.483957529067993, -67.50909423828125, 6.864613056182861, -18.63688087463379, -79.28136444091797, 46.73597717285156, -1.4380258321762085, 23.032054901123047, 68.33000183105469)
(-8.422450065612793, 5.307436466217041, 0.0, -1.0, 0.0, 0.0, -20.137344360351562, 1.236541986465454, 0.0, 59.379600524902344, -42.45949172973633, 0.0, 1397, 1517, 1550, 1514, 18.26917266845703, -9.394304275512695, 0.0, -8.422450065612793, 5.307436466217041, 39.75847244262695, 6.9307074546813965, -7.885128974914551, 38.80405044555664, -21.8480167388916, -1.5602656602859497, 2.372429609298706, -21.035852432250977)
(-1.8775546550750732, 4.90072774887085, 0.0, -1.0, 0.0, 0.0, -68.85490417480469, 44.580055236816406, 0.0, 7.020437240600586, -39.2058219909668, 0.0, 1334, 1553, 1549, 1542, -28.84855079650879, 48.33277893066406, 0.0, -1.8775546550750732, 4.90072774887085, 37.93767166137695, 6.905494213104248, 11.944972038269043, 56.78813934326172, -41.89293670654297, -1.7395955324172974, -9.322277069091797, -52.954811096191406)
(-2.4647507667541504, 6.855989456176758, 0.0, -1.0, 0.0, 0.0, 10.855022430419922, 1.2060075998306274, 0.0, 11.718006134033203, -54.84791564941406, 0.0, 1423, 1502, 1504, 1548, -17.18126678466797, 64.44701385498047, 0.0, -2.4647507667541504, 6.855989456176758, 0.4314918518066406, 7.021275520324707, 1.2004477977752686, 8.653215408325195, -28.026962280273438, -2.0089075565338135, -0.7486283779144287, -30.78449821472168)
(-3.9642350673675537, 6.279893398284912, 0.0, -1.0, 0.0, 0.0, -9.480854988098145, 9.84722900390625, 0.0, 23.71388053894043, -50.2391471862793, 0.0, 1372, 1489, 1546, 1571, 53.642051696777344, 20.265466690063477, 0.0, -3.9642350673675537, 6.279893398284912, 16.597368240356445, 7.108903408050537, -0.5771887898445129, 23.12908172607422, -30.043188095092773, -2.221198081970215, -3.3675239086151123, -35.63190841674805)
(-4.430500507354736, 4.172767639160156, 0.0, -1.0, 0.0, 0.0, -6.8701677322387695, 16.915931701660156, 0.0, 27.44400405883789, -33.38214111328125, 0.0, 1431, 1541, 1497, 1509, 11.939064979553223, -1.4681291580200195, 0.0, -4.430500507354736, 4.172767639160156, 17.157085418701172, 7.258544445037842, -0.36103951930999756, 24.054590225219727, -25.149036407470703, -2.331120491027832, -3.0185868740081787, -30.498743057250977)
(-2.8180480003356934, 5.30830717086792, 0.0, -1.0, 0.0, 0.0, -31.648794174194336, 1.8777633905410767, 0.0, 14.544384002685547, -42.46645736694336, 0.0, 1398, 1523, 1541, 1516, -68.21622467041016, -23.920495986938477, 0.0, -2.8180480003356934, 5.30830717086792, 23.096588134765625, 7.326679229736328, 7.203756332397461, 37.62702178955078, -22.172109603881836, -2.5297324657440186, -0.49194905161857605, -25.193790435791016)
(-7.023975372314453, 6.0041351318359375, 0.0, -30.0, 0.0, 0.0, -104.778564453125, 73.16020965576172, 0.0, -183.80819702148438, -48.0330810546875, 0.0, 1366, 1486, 1462, 1663, -12.252019882202148, -6.075212001800537, 0.0, -7.023975372314453, 6.0041351318359375, -39.51481628417969, 7.044234752655029, 12.330265045166016, -20.140316009521484, -60.59664535522461, -2.772977828979492, -16.982728958129883, -80.35235595703125)
(-15.4417142868042, 10.748282432556152, 0.0, 0.0, 0.0, 0.0, 218.80921936035156, 29.9693660736084, 0.0, 123.5337142944336, -85.98625946044922, 0.0, 1510, 1528, 1339, 1600, -39.06040573120117, -17.32318115234375, 0.0, -15.4417142868042, 10.748282432556152, -47.637752532958984, 7.515288829803467, -20.796789169311523, -60.919254302978516, -57.977813720703125, -3.252866506576538, -8.673096656799316, -69.90377807617188)
(-4.248364448547363, 9.712246894836426, 0.0, 0.0, 0.0, 0.0, -62.610626220703125, 1.6334885358810425, 0.0, 33.986915588378906, -77.6979751586914, 0.0, 1402, 1591, 1510, 1479, -13.800324440002441, 39.88957214355469, 0.0, -4.248364448547363, 9.712246894836426, 48.298770904541016, 7.3112053871154785, -0.5708810091018677, 55.03909683227539, -39.665733337402344, -3.506018877029419, 3.458195924758911, -39.713558197021484)
(0.8878858685493469, 9.53638744354248, 0.0, 0.0, 0.0, 0.0, -18.610626220703125, 29.709823608398438, 0.0, -7.103086948394775, -76.29109954833984, 0.0, 1352, 1520, 1507, 1599, -17.389278411865234, -6.92508602142334, 0.0, 0.8878858685493469, 9.53638744354248, 5.753769874572754, 7.2714362144470215, 5.99297571182251, 19.0181827545166, -53.00046157836914, -3.859539270401001, -7.887408256530762, -64.74740600585938)
(-1.300993800163269, 6.010087013244629, 0.0, 0.0, 0.0, 0.0, -0.38161832094192505, -19.007732391357422, 0.0, 10.407950401306152, -48.08069610595703, 0.0, 1412, 1483, 1540, 1543, -47.77069854736328, -4.06105899810791, 0.0, -1.300993800163269, 6.010087013244629, 5.394784450531006, 7.365944862365723, 4.170835494995117, 16.931564331054688, -14.536481857299805, -4.105193138122559, -0.015608546324074268, -18.657283782958984)
(-1.4417980909347534, 5.137381553649902, 0.0, -9.0, -1.0, 0.0, -11.725130081176758, -22.41231346130371, 0.0, -60.465614318847656, -49.09905242919922, 0.0, 1486, 1453, 1476, 1563, -40.14595031738281, 4.839035987854004, 0.0, -1.4417980909347534, 5.137381553649902, -24.370243072509766, 7.361724853515625, -13.115538597106934, -30.12405776977539, -13.343369483947754, -4.306774139404297, 4.114771842956543, -13.535371780395508)
(-22.74629783630371, 7.738990783691406, 0.0, -1.0, 0.0, 0.0, -79.4045181274414, 43.90829849243164, 0.0, 173.9703826904297, -61.91192626953125, 0.0, 1191, 1592, 1666, 1530, 4.080436706542969, -10.769681930541992, 0.0, -22.74629783630371, 7.738990783691406, 126.68745422363281, 7.388993740081787, 0.1405544877052307, 134.2169952392578, -52.91011047363281, -4.635446548461914, -8.640035629272461, -66.18559265136719)
(2.5894696712493896, 5.542285442352295, 0.0, -1.0, 0.0, 0.0, -70.45795440673828, 38.93119812011719, 0.0, -28.715757369995117, -44.33828353881836, 0.0, 1377, 1576, 1511, 1515, -17.058908462524414, 62.33978271484375, 0.0, 2.5894696712493896, 5.542285442352295, 20.871097564697266, 7.197150707244873, 20.82291030883789, 48.89115905761719, -41.634742736816406, -4.858728885650635, -4.402765274047852, -50.896236419677734)
(-1.9921048879623413, 7.609859466552734, 0.0, -1.0, 0.0, 0.0, 87.05349731445312, -55.3741455078125, 0.0, 7.9368391036987305, -60.878875732421875, 0.0, 1557, 1474, 1436, 1512, 88.22347259521484, -8.640995979309082, 0.0, -1.9921048879623413, 7.609859466552734, -39.55833053588867, 7.435179233551025, -7.675271987915039, -39.798423767089844, -2.7523651123046875, -5.1911139488220215, 9.62948226928711, 1.6860036849975586)
(-4.622773170471191, 6.784209251403809, 0.0, -1.0, 0.0, 0.0, -5.465587615966797, -10.595519065856934, 0.0, 28.98218536376953, -54.27367401123047, 0.0, 1479, 1564, 1462, 1477, 37.6790771484375, 23.719087600708008, 0.0, -4.622773170471191, 6.784209251403809, 17.223886489868164, 7.464298248291016, -7.2905802726745605, 17.39760398864746, -21.83907699584961, -5.429076671600342, 2.4119725227355957, -24.85618019104004)
(-0.5447032451629639, 2.819504499435425, 0.0, -1.0, 0.0, 0.0, 7.450442790985107, 9.984633445739746, 0.0, -3.642374038696289, -22.5560359954834, 0.0, 1482, 1538, 1456, 1502, -3.95413875579834, -16.032794952392578, 0.0, -0.5447032451629639, 2.819504499435425, -5.546408653259277, 7.4623565673828125, 0.6945037841796875, 2.6104516983032227, -16.270334243774414, -5.514811992645264, -3.948009729385376, -25.733156204223633)
(-19.70493507385254, 9.669306755065918, 0.0, 0.0, 0.0, 0.0, -33.816734313964844, 79.61822509765625, 0.0, 157.6394805908203, -77.35445404052734, 0.0, 1220, 1606, 1585, 1568, 13.8528470993042, 16.785322189331055, 0.0, -19.70493507385254, 9.669306755065918, 95.72810363769531, 7.513786792755127, -2.371342182159424, 100.87054443359375, -78.48634338378906, -5.8446455001831055, -8.118578910827637, -92.44956970214844)
(3.0227713584899902, 7.707849025726318, 0.0, 0.0, 0.0, 0.0, -28.305282592773438, 13.083869934082031, 0.0, -24.182170867919922, -61.66279220581055, 0.0, 1444, 1568, 1461, 1505, 8.889863967895508, 5.072620391845703, 0.0, 3.0227713584899902, 7.707849025726318, 2.061555862426758, 7.3114190101623535, 10.501216888427734, 19.874191284179688, -37.373329162597656, -6.147040843963623, 1.3546160459518433, -42.16575241088867)
(-0.08645103871822357, 8.467889785766602, 0.0, 0.0, 0.0, 0.0, 75.96952819824219, -40.90086364746094, 0.0, 0.6916083097457886, -67.74311828613281, 0.0, 1561, 1508, 1405, 1503, 10.721510887145996, -18.114999771118164, 0.0, -0.08645103871822357, 8.467889785766602, -37.63896179199219, 7.447848320007324, -7.60254430770874, -37.79365921020508, -13.421127319335938, -6.49644660949707, 8.687087059020996, -11.230486869812012)
(-4.889052867889404, 6.242794990539551, 0.0, 0.0, 0.0, 0.0, -51.6487922668457, 7.28234338760376, 0.0, 39.112422943115234, -49.942359924316406, 0.0, 1354, 1539, 1562, 1523, -23.783119201660156, -4.400312423706055, 0.0, -4.889052867889404, 6.242794990539551, 45.38060760498047, 7.543130874633789, 2.909152030944824, 55.832889556884766, -28.61235237121582, -6.715214729309082, -1.094374179840088, -36.421939849853516)
(4.216238975524902, 3.9407694339752197, 0.0, 26.0, -4.0, 0.0, 145.46571350097656, -17.51154899597168, 0.0, 174.27008056640625, -63.526153564453125, 0.0, 1525, 1594, 1407, 1452, 39.31893539428711, -31.79538345336914, 0.0, 4.216238975524902, 3.9407694339752197, 14.402183532714844, 7.9016947746276855, -16.206098556518555, 6.097779750823975, -23.007301330566406, -6.948330879211426, 1.5923309326171875, -28.363300323486328)
(2.9555342197418213, 11.32524585723877, 0.0, -1.0, 0.0, 0.0, -189.7404022216797, 163.25181579589844, 0.0, -31.64427375793457, -90.60196685791016, 0.0, 1100, 1601, 1592, 1697, -23.780418395996094, 49.54446792602539, 0.0, 2.9555342197418213, 11.32524585723877, 79.04806518554688, 7.61479377746582, 15.011763572692871, 101.67462158203125, -126.92689514160156, -7.255229473114014, -20.43523597717285, -154.6173553466797)
(-2.326237678527832, 14.27937126159668, 0.0, -1.0, 0.0, 0.0, 65.25196838378906, -26.931396484375, 0.0, 10.609901428222656, -114.23497009277344, 0.0, 1442, 1512, 1443, 1581, -77.8841552734375, -6.653183937072754, 0.0, -2.326237678527832, 14.27937126159668, -27.321033477783203, 7.96116828918457, 2.507514476776123, -16.85235023498535, -43.65178680419922, -7.912515640258789, -0.2496931403875351, -51.813995361328125)
(-0.39658576250076294, 11.429388999938965, 0.0, -1.0, 0.0, 0.0, -30.213680267333984, -18.763458251953125, 0.0, -4.8273138999938965, -91.43511199951172, 0.0, 1402, 1530, 1506, 1540, -45.82921600341797, -2.1562235355377197, 0.0, -0.39658576250076294, 11.429388999938965, 12.693182945251465, 7.8226118087768555, 2.8836753368377686, 23.39946937561035, -36.3358268737793, -8.340764999389648, 4.480953693389893, -40.19563674926758)
(0.2372456192970276, 5.6756591796875, 0.0, 0.0, -30.0, 0.0, -12.106809616088867, -30.74818992614746, 0.0, -1.8979649543762207, -285.4052734375, 0.0, 1355, 1675, 1350, 1603, 9.010597229003906, 12.921745300292969, 0.0, 0.2372456192970276, 5.6756591796875, 5.104422569274902, 7.7850165367126465, 3.6582417488098145, 16.547679901123047, -127.32854461669922, -8.91279411315918, -7.087778568267822, -143.32911682128906)
(1.1908884048461914, 4.192213535308838, 0.0, -1.0, 0.0, 0.0, -31.862533569335938, 50.18310546875, 0.0, -17.52710723876953, -33.5377082824707, 0.0, 1399, 1521, 1508, 1550, 17.25206756591797, -20.976173400878906, 0.0, 1.1908884048461914, 4.192213535308838, 7.167713165283203, 7.734355449676514, 5.017843246459961, 19.919912338256836, -41.86040496826172, -9.451739311218262, 10.307820320129395, -41.00432205200195)
(-0.3627724051475525, 5.044559478759766, 0.0, -1.0, 0.0, 0.0, 33.14509963989258, -0.41231298446655273, 0.0, -5.09782075881958, -40.356475830078125, 0.0, 1515, 1546, 1417, 1504, 24.879621505737305, 26.6599063873291, 0.0, -0.3627724051475525, 5.044559478759766, -19.1214599609375, 7.804562568664551, -2.849137306213379, -14.166034698486328, -19.972082138061523, -9.686302185058594, 0.0012384208384901285, -29.657146453857422)
(-0.47176048159599304, 5.123251914978027, 0.0, -3.0, -30.0, 0.0, 0.2901374101638794, -35.8016242980957, 0.0, -20.225915908813477, -280.98602294921875, 0.0, 1346, 1628, 1353, 1651, -48.21684265136719, 24.232770919799805, 0.0, -0.47176048159599304, 5.123251914978027, -10.258027076721191, 7.781991004943848, -1.4966567754745483, -3.9726929664611816, -122.59220123291016, -10.122922897338867, -12.387324333190918, -145.10244750976562)
(0.9584072232246399, 2.7756717205047607, 0.0, 0.0, -1.0, 0.0, -80.41215515136719, 111.16020965576172, 0.0, -7.667257785797119, -30.205373764038086, 0.0, 1264, 1569, 1544, 1602, 4.071299076080322, 31.92345428466797, 0.0, 0.9584072232246399, 2.7756717205047607, 36.3724479675293, 7.662927150726318, 17.610065460205078, 61.64543914794922, -70.68279266357422, -10.541840553283691, -9.396821975708008, -90.62145233154297)
(-0.7538477182388306, 3.948443651199341, 0.0, -1.0, -1.0, 0.0, 39.96952819824219, -31.3741455078125, 0.0, -1.9692182540893555, -39.587547302246094, 0.0, 1548, 1549, 1412, 1469, -13.934305191040039, -9.122716903686523, 0.0, -0.7538477182388306, 3.948443651199341, -20.96937370300293, 7.782864570617676, -0.8323538303375244, -14.0188627243042, -4.106700897216797, -10.870439529418945, 0.2531128525733948, -14.724027633666992)
(-2.0719966888427734, 0.2637329399585724, 0.0, -1.0, -29.0, 0.0, -7.297648906707764, -90.82452392578125, 0.0, 8.575973510742188, -234.10986328125, 0.0, 1387, 1569, 1453, 1569, -51.45386505126953, 31.217105865478516, 0.0, -2.0719966888427734, 0.2637329399585724, 7.936811447143555, 7.7606096267700195, 1.0239613056182861, 16.72138214111328, -71.64266967773438, -11.500190734863281, 8.66127872467041, -74.48158264160156)
(-0.34193095564842224, 3.36653470993042, 0.0, 0.0, 0.0, 0.0, -26.946504592895508, 26.778526306152344, 0.0, 2.735447645187378, -26.93227767944336, 0.0, 1408, 1529, 1509, 1532, -0.90000319480896, -14.785497665405273, 0.0, -0.34193095564842224, 3.36653470993042, 14.840975761413574, 7.7256975173950195, 1.8689519166946411, 24.435625076293945, -26.85540199279785, -11.729914665222168, 2.5043914318084717, -36.08092498779297)
(-2.241105556488037, 0.994661808013916, 0.0, 0.0, 0.0, 0.0, -4.1984124183654785, -27.75582504272461, 0.0, 17.928844451904297, -7.957294464111328, 0.0, 1458, 1490, 1537, 1494, -0.34255027770996094, -5.7143425941467285, 0.0, -2.241105556488037, 0.994661808013916, 11.063628196716309, 7.8233819007873535, 0.06490600109100342, 18.951915740966797, 9.89926528930664, -11.771099090576172, 4.547311305999756, 2.675477981567383)
(0.08163359016180038, 9.839465141296387, 0.0, 0.0, 0.0, 0.0, -30.045740127563477, 83.31288146972656, 0.0, -0.6530687212944031, -78.7157211303711, 0.0, 1303, 1578, 1471, 1630, -2.2489066123962402, -35.31044387817383, 0.0, 0.08163359016180038, 9.839465141296387, 14.696335792541504, 7.804884433746338, 6.6237287521362305, 29.124948501586914, -81.01429748535156, -11.742463111877441, -15.719294548034668, -108.47605895996094)
(1.386094093322754, 6.139984130859375, 0.0, 0.0, 0.0, 0.0, 26.1221981048584, 14.549519538879395, 0.0, -11.088752746582031, -49.119873046875, 0.0, 1438, 1513, 1455, 1572, -2.895839214324951, -16.13912010192871, 0.0, 1.386094093322754, 6.139984130859375, -18.60547637939453, 7.8089752197265625, 0.21234683692455292, -10.58415412902832, -31.83469581604004, -11.997293472290039, -4.0804443359375, -47.91243362426758)
(-1.1433693170547485, 5.2195024490356445, 0.0, -1.0, -1.0, 0.0, -8.183144569396973, 39.00753402709961, 0.0, 1.1469545364379883, -49.756019592285156, 0.0, 1404, 1556, 1458, 1565, 4.410250663757324, -1.2210006713867188, 0.0, -1.1433693170547485, 5.2195024490356445, 4.6650495529174805, 7.812419891357422, -1.264999270439148, 11.212470054626465, -44.38177490234375, -12.180253028869629, -8.252415657043457, -64.81444549560547)
(-19.14975357055664, 5.294584274291992, 0.0, 0.0, 0.0, 0.0, -89.19078063964844, 103.068603515625, 0.0, 153.19802856445312, -42.35667419433594, 0.0, 1129, 1583, 1665, 1601, 4.568451881408691, -57.883846282958984, 0.0, -19.14975357055664, 5.294584274291992, 121.19440460205078, 7.78561544418335, 0.6769207119941711, 129.6569366455078, -72.71263885498047, -12.39095687866211, -12.256539344787598, -97.36013793945312)
(2.143834352493286, 7.0130462646484375, 0.0, 0.0, 0.0, 0.0, -7.083908557891846, 63.86249542236328, 0.0, -17.15067481994629, -56.1043701171875, 0.0, 1461, 1669, 1357, 1491, -49.787933349609375, -22.17556381225586, 0.0, 2.143834352493286, 7.0130462646484375, -5.033383369445801, 7.7568840980529785, 15.817636489868164, 18.5411376953125, -59.98343276977539, -12.710257530212402, -12.875441551208496, -85.56912994384766)
(0.4080811142921448, 7.971523284912109, 0.0, 0.0, 0.0, 0.0, 36.3512077331543, -22.183305740356445, 0.0, -3.264648914337158, -63.772186279296875, 0.0, 1509, 1542, 1421, 1514, -4.800881862640381, 0.9562053680419922, 0.0, 0.4080811142921448, 7.971523284912109, -19.80792808532715, 7.779116630554199, -2.953035831451416, -14.981846809387207, -20.79444122314453, -13.058506965637207, 2.5247209072113037, -31.328227996826172)
(-2.5971274375915527, 4.725259780883789, 0.0, 0.0, 0.0, 0.0, -28.824365615844727, 24.671655654907227, 0.0, 20.777019500732422, -37.80207824707031, 0.0, 1308, 1477, 1577, 1616, 5.241696834564209, -36.07679748535156, 0.0, -2.5971274375915527, 4.725259780883789, 24.80069351196289, 7.808159351348877, -0.30363699793815613, 32.305213928222656, -31.236865997314453, -13.227904319763184, -7.4455084800720215, -51.9102783203125)
(-2.4786322116851807, 2.3460135459899902, 0.0, -30.0, 0.0, 0.0, -46.610626220703125, 5.343412399291992, 0.0, -220.1709442138672, -18.768108367919922, 0.0, 1492, 1380, 1443, 1662, -13.632826805114746, 28.62603759765625, 0.0, -2.4786322116851807, 2.3460135459899902, -86.78015899658203, 7.65048360824585, -3.4184608459472656, -82.54813385009766, -12.055760383605957, -13.276998519897461, -1.5384666919708252, -26.871225357055664)
(-14.701238632202148, 6.735095500946045, 0.0, -1.0, 0.0, 0.0, 189.77105712890625, -1.2672748565673828, 0.0, 109.60990905761719, -53.88076400756836, 0.0, 1568, 1540, 1336, 1535, -32.431861877441406, 25.03953742980957, 0.0, -14.701238632202148, 6.735095500946045, -40.08057403564453, 8.055822372436523, -24.566200256347656, -56.5909538269043, -26.306743621826172, -13.540395736694336, -2.726372241973877, -42.57351303100586)
(-1.6664841175079346, 4.9099578857421875, 0.0, -1.0, 0.0, 0.0, -43.54192352294922, 27.7250919342041, 0.0, 5.331872940063477, -39.2796630859375, 0.0, 1332, 1505, 1551, 1590, 4.622854232788086, -27.71741485595703, 0.0, -1.6664841175079346, 4.9099578857421875, 24.43689727783203, 7.828281402587891, 1.2743886709213257, 33.53956604003906, -33.502376556396484, -13.680154800415039, -5.907932281494141, -53.0904655456543)
(-1.899035096168518, 2.657919406890869, 0.0, -1.0, 0.0, 0.0, -5.099175453186035, -87.64895629882812, 0.0, 7.1922807693481445, -21.263355255126953, 0.0, 1504, 1467, 1557, 1451, 4.902067184448242, 54.435768127441406, 0.0, -1.899035096168518, 2.657919406890869, 6.14572811126709, 7.903494834899902, 3.2045199871063232, 17.253742218017578, 33.19280242919922, -13.807975769042969, 16.50377082824707, 35.88859939575195)
(4.883049011230469, 2.2125942707061768, 0.0, 23.0, -1.0, 0.0, 128.48861694335938, 13.999900817871094, 0.0, 144.93560791015625, -25.700754165649414, 0.0, 1448, 1534, 1462, 1534, -11.195693016052246, 48.57389450073242, 0.0, 4.883049011230469, 2.2125942707061768, 8.223495483398438, 8.238094329833984, -13.369964599609375, 3.0916249752044678, -19.850326538085938, -13.926966667175293, -5.657081127166748, -39.43437576293945)
(-4.487719535827637, 7.861093521118164, 0.0, 0.0, -1.0, 0.0, -166.96177673339844, 26.702190399169922, 0.0, 35.901756286621094, -70.88874816894531, 0.0, 1172, 1517, 1703, 1586, -1.681239128112793, 24.91683006286621, 0.0, -4.487719535827637, 7.861093521118164, 101.4317626953125, 8.171960830688477, 6.326329708099365, 115.9300537109375, -48.79547119140625, -14.190646171569824, 6.053258419036865, -56.932857513427734)
(1.5485069751739502, 9.16311264038086, 0.0, -1.0, -1.0, 0.0, 61.709983825683594, -26.229106903076172, 0.0, -20.3880558013916, -81.30490112304688, 0.0, 1611, 1619, 1302, 1446, 42.68241500854492, 0.7900404930114746, 0.0, 1.5485069751739502, 9.16311264038086, -41.04901885986328, 8.248822212219238, -1.3629605770111084, -34.16315841674805, -27.53789710998535, -14.627615928649902, 4.0821123123168945, -38.08340072631836)
(-0.6253706812858582, 7.568774700164795, 0.0, -1.0, -1.0, 0.0, 9.61838150024414, 56.80906295776367, 0.0, -2.9970345497131348, -68.55020141601562, 0.0, 1359, 1535, 1448, 1636, -3.1182961463928223, -11.391297340393066, 0.0, -0.6253706812858582, 7.568774700164795, -6.307707786560059, 8.214532852172852, -5.037460803985596, -3.1306354999542236, -62.67963409423828, -14.921953201293945, -13.472489356994629, -91.0740737915039)
(-7.001652717590332, 4.562540054321289, 0.0, -30.0, -1.0, 0.0, -141.11444091796875, -6.488648891448975, 0.0, -183.98678588867188, -44.50032043457031, 0.0, 1429, 1498, 1494, 1557, -38.15706253051758, -52.18964385986328, 0.0, -7.001652717590332, 4.562540054321289, -21.436172485351562, 7.843985557556152, 14.938596725463867, 1.346409559249878, -19.005836486816406, -15.088942527770996, 1.1109037399291992, -32.9838752746582)
(-2.973236560821533, 5.557103157043457, 0.0, -1.0, 0.0, 0.0, 150.5496826171875, -119.64895629882812, 0.0, 15.785892486572266, -44.456825256347656, 0.0, 1689, 1470, 1391, 1427, -12.102607727050781, 40.314395904541016, 0.0, -2.973236560821533, 5.557103157043457, -67.38189697265625, 8.151176452636719, -4.3657379150390625, -63.596458435058594, 37.596065521240234, -15.364335060119629, 23.427671432495117, 45.65940475463867)
(-2.3689961433410645, 6.901102066040039, 0.0, -1.0, 0.0, 0.0, -58.30528259277344, -11.160404205322266, 0.0, 10.951969146728516, -55.20881652832031, 0.0, 1391, 1548, 1534, 1505, -22.942598342895508, 26.20492172241211, 0.0, -2.3689961433410645, 6.901102066040039, 34.628623962402344, 8.019331932067871, 3.858259439468384, 46.5062141418457, -22.024206161499023, -15.599862098693848, 5.937785625457764, -31.686283111572266)
(-0.1630195677280426, 5.814777851104736, 0.0, -30.0, 0.0, 0.0, -71.69459533691406, 3.7556259632110596, 0.0, -238.6958465576172, -46.51822280883789, 0.0, 1441, 1370, 1465, 1702, 7.716894149780273, 43.557212829589844, 0.0, -0.1630195677280426, 5.814777851104736, -83.50062561035156, 7.749688625335693, -1.2260550260543823, -76.97698974609375, -25.136924743652344, -15.809037208557129, -0.8553186655044556, -41.8012809753418)
(-21.73147964477539, 9.697739601135254, 0.0, 0.0, 0.0, 0.0, 167.60311889648438, -30.839794158935547, 0.0, 173.85183715820312, -77.58191680908203, 0.0, 1623, 1637, 1315, 1403, 13.413272857666016, 5.949851989746094, 0.0, -21.73147964477539, 9.697739601135254, 3.124359130859375, 8.284187316894531, -29.887651443481445, -18.47910499572754, -23.371061325073242, -16.196062088012695, 13.980254173278809, -25.586868286132812)
(1.5494825839996338, 9.213273048400879, 0.0, 0.0, 0.0, 0.0, -63.95413589477539, 12.351045608520508, 0.0, -12.39586067199707, -73.70618438720703, 0.0, 1389, 1579, 1489, 1521, 12.175985336303711, 55.804012298583984, 0.0, 1.5494825839996338, 9.213273048400879, 25.779136657714844, 7.906223297119141, 5.859804153442383, 39.545162200927734, -43.02861404418945, -16.4720401763916, 3.780794143676758, -55.7198600769043)
(1.6734576225280762, 8.26706314086914, 0.0, 0.0, 0.0, 0.0, 23.526779174804688, -95.28253936767578, 0.0, -13.38766098022461, -66.13650512695312, 0.0, 1532, 1480, 1493, 1473, -36.996795654296875, 38.80588150024414, 0.0, 1.6734576225280762, 8.26706314086914, -18.45722007751465, 7.933887958526611, 2.627063751220703, -7.896268367767334, 14.573017120361328, -16.794025421142578, 20.25623321533203, 18.03522491455078)
(-2.83488392829895, 7.9760284423828125, 0.0, 0.0, 0.0, 0.0, -15.70986270904541, 39.58768844604492, 0.0, 22.6790714263916, -63.8082275390625, 0.0, 1330, 1534, 1505, 1609, 14.330697059631348, 38.657958984375, 0.0, -2.83488392829895, 7.9760284423828125, 19.194467544555664, 8.012958526611328, -2.284848928451538, 24.922576904296875, -51.697959899902344, -17.03078842163086, -8.575675964355469, -77.30442810058594)
(-0.2630167305469513, 6.92239236831665, 0.0, 0.0, 0.0, 0.0, 10.259603500366211, 33.96936798095703, 0.0, 2.1041338443756104, -55.3791389465332, 0.0, 1365, 1515, 1481, 1617, -3.514218330383301, -7.302044868469238, 0.0, -0.2630167305469513, 6.92239236831665, -4.07773494720459, 8.010702133178711, -0.4555705189704895, 3.4773964881896973, -44.67425537109375, -17.310752868652344, -9.520593643188477, -71.50559997558594)
(-0.011100083589553833, 8.483850479125977, 0.0, 0.0, 0.0, 0.0, 33.389373779296875, 20.915931701660156, 0.0, 0.08880066871643066, -67.87080383300781, 0.0, 1440, 1544, 1416, 1578, 30.848285675048828, 17.65379524230957, 0.0, -0.011100083589553833, 8.483850479125977, -16.650285720825195, 8.009467124938965, -5.947076320648193, -14.587894439697266, -44.393367767333984, -17.65825653076172, -4.367986679077148, -66.41960906982422)
(-0.6335879564285278, 8.915328979492188, 0.0, 0.0, 0.0, 0.0, -18.732763290405273, -28.961931228637695, 0.0, 5.068703651428223, -71.3226318359375, 0.0, 1000, 1000, 1000, 1000, -3.3384084701538086, 50.43662643432617, 0.0, -0.6335879564285278, 8.915328979492188, 11.900733947753906, 7.988037586212158, 0.9229958653450012, 20.811767578125, -21.18035125732422, -18.005298614501953, 6.570809364318848, -32.61484146118164)
(-4.650121688842773, 2.9823038578033447, 0.0, 0.0, 0.0, 0.0, -9.16024398803711, -8.35124397277832, 0.0, 37.20097351074219, -23.858430862426758, 0.0, 1000, 1000, 1000, 1000, -2.863365650177002, -3.68890380859375, 0.0, -4.650121688842773, 2.9823038578033447, 23.18060874938965, 8.178467750549316, 0.3602396249771118, 31.719316482543945, -7.753593444824219, -18.116287231445312, -0.6491878628730774, -26.51906967163086)
(-5.255792617797852, 2.7324342727661133, 0.0, 0.0, 0.0, 0.0, 7.3741068840026855, 0.4121145009994507, 0.0, 42.04634094238281, -21.859474182128906, 0.0, 1000, 1000, 1000, 1000, -3.3367252349853516, -6.216833114624023, 0.0, -5.255792617797852, 2.7324342727661133, 17.336116790771484, 8.39503288269043, -0.998679518699646, 24.73246955871582, -11.135794639587402, -18.22797393798828, 0.553581714630127, -28.81018829345703)
(-4.353975772857666, 1.2265280485153198, 0.0, 0.0, 0.0, 0.0, -3.251847267150879, -2.3512442111968994, 0.0, 34.83180618286133, -9.812224388122559, 0.0, 1000, 1000, 1000, 1000, -0.19865179061889648, -6.492318153381348, 0.0, -4.353975772857666, 1.2265280485153198, 19.041826248168945, 8.553518295288086, 0.5806366205215454, 28.175981521606445, -3.730490207672119, -18.28558921813965, 0.250614196062088, -21.765464782714844)
(-6.585021495819092, 1.2250574827194214, 0.0, 0.0, 0.0, 0.0, -9.099175453186035, 9.725091934204102, 0.0, 52.680171966552734, -9.800459861755371, 0.0, 1000, 1000, 1000, 1000, -3.6069388389587402, -4.689859867095947, 0.0, -6.585021495819092, 1.2250574827194214, 30.889673233032227, 8.80356216430664, 0.1681242287158966, 39.861358642578125, -9.762775421142578, -18.331579208374023, -0.5966023206710815, -28.69095802307129)
(-6.61190128326416, 2.226623773574829, 0.0, 0.0, 0.0, 0.0, 5.313038349151611, 3.740358829498291, 0.0, 52.89521026611328, -17.812990188598633, 0.0, 1000, 1000, 1000, 1000, -8.821212768554688, -6.525669574737549, 0.0, -6.61190128326416, 2.226623773574829, 23.791086196899414, 9.058499336242676, -0.6480546593666077, 32.20153045654297, -10.776674270629883, -18.436603546142578, 0.03871427848935127, -29.174562454223633)
(-4.478049278259277, -0.1866041123867035, 0.0, 0.0, 0.0, 0.0, 8.427541732788086, -5.206206321716309, 0.0, 35.82439422607422, 1.492832899093628, 0.0, 1000, 1000, 1000, 1000, -6.516146659851074, -9.018576622009277, 0.0, -4.478049278259277, -0.1866041123867035, 13.698426246643066, 9.215559005737305, 0.30029022693634033, 23.214275360107422, 3.349519729614258, -18.447458267211914, -0.11476071923971176, -15.212699890136719)
(-3.5121335983276367, -1.1865406036376953, 0.0, 0.0, -1.0, 0.0, 1.0992977619171143, -1.6031526327133179, 0.0, 28.097068786621094, 1.4923248291015625, 0.0, 1000, 1000, 1000, 1000, -1.5026016235351562, -7.732305526733398, 0.0, -3.5121335983276367, -1.1865406036376953, 13.498885154724121, 9.3411283493042, -0.02069932036101818, 22.819313049316406, 1.547738790512085, -18.41745948791504, -1.3042428493499756, -18.17396354675293)
(-4.203455924987793, -1.8173497915267944, 0.0, 0.0, 0.0, 0.0, -8.717495918273926, -10.656587600708008, 0.0, 33.627647399902344, 14.538798332214355, 0.0, 1000, 1000, 1000, 1000, -1.4612746238708496, -3.636651039123535, 0.0, -4.203455924987793, -1.8173497915267944, 21.172571182250977, 9.49708366394043, 0.6439972519874573, 31.31365203857422, 12.597692489624023, -18.365272521972656, 1.55413019657135, -4.213449478149414)
(-7.790774345397949, -5.6090168952941895, 0.0, 0.0, -1.0, 0.0, -21.954137802124023, -3.4962823390960693, 0.0, 62.326194763183594, 36.872135162353516, 0.0, 1000, 1000, 1000, 1000, -5.986286640167236, -9.697912216186523, 0.0, -7.790774345397949, -5.6090168952941895, 42.140167236328125, 9.792534828186035, 1.6561367511749268, 53.58884048461914, 20.184207916259766, -18.157569885253906, -1.332458734512329, 0.6941796541213989)
(-12.858872413635254, -5.195441722869873, 0.0, 0.0, 0.0, 0.0, -15.61825942993164, -16.427579879760742, 0.0, 102.87097930908203, 41.563533782958984, 0.0, 1000, 1000, 1000, 1000, -9.293024063110352, -14.040307998657227, 0.0, -12.858872413635254, -5.195441722869873, 59.24462127685547, 10.295315742492676, 0.39012521505355835, 69.93006134033203, 28.995555877685547, -17.984312057495117, 3.105315685272217, 14.116559982299805)
(-12.413348197937012, -8.474505424499512, 0.0, 0.0, 0.0, 0.0, 3.8779237270355225, -1.8321603536605835, 0.0, 99.3067855834961, 67.7960433959961, 0.0, 1000, 1000, 1000, 1000, -13.97360897064209, -14.610321998596191, 0.0, -12.413348197937012, -8.474505424499512, 47.71443176269531, 10.777008056640625, 0.5058709979057312, 58.997310638427734, 34.81410217285156, -17.65729331970215, 0.013551359996199608, 17.170360565185547)
(-8.733220100402832, -10.98317813873291, 0.0, 0.0, -1.0, 0.0, 41.12983322143555, 9.35867977142334, 0.0, 69.86576080322266, 79.86542510986328, 0.0, 1000, 1000, 1000, 1000, -10.199332237243652, -15.470250129699707, 0.0, -8.733220100402832, -10.98317813873291, 14.367963790893555, 11.144454002380371, -3.437450647354126, 22.074968338012695, 35.25337219238281, -17.251401901245117, -4.417266845703125, 13.584702491760254)
(-8.189262390136719, -8.113391876220703, 0.0, 0.0, 0.0, 0.0, -10.473221778869629, 18.671655654907227, 0.0, 65.51409912109375, 64.90713500976562, 0.0, 1000, 1000, 1000, 1000, -0.13225722312927246, -19.761978149414062, 0.0, -8.189262390136719, -8.113391876220703, 37.99365997314453, 11.422928810119629, 1.804997205734253, 51.22158432006836, 23.117740631103516, -16.953683853149414, -0.2853667140007019, 5.878689765930176)
(-8.214102745056152, -4.963571548461914, 0.0, -1.0, 0.0, 0.0, 2.6260151863098145, 6.793793678283691, 0.0, 57.71282196044922, 39.70857238769531, 0.0, 1000, 1000, 1000, 1000, -5.550395965576172, -7.652894020080566, 0.0, -8.214102745056152, -4.963571548461914, 27.54340362548828, 11.74108600616455, -1.214500069618225, 38.06998825073242, 16.45738983154297, -16.787931442260742, 0.7062880992889404, 0.37574702501296997)
(-7.811712265014648, -4.0759100914001465, 0.0, 0.0, 0.0, 0.0, -0.38161832094192505, 1.7708930969238281, 0.0, 62.49369812011719, 32.60728073120117, 0.0, 1000, 1000, 1000, 1000, -6.088644981384277, -8.691070556640625, 0.0, -7.811712265014648, -4.0759100914001465, 31.437658309936523, 12.03683853149414, 0.23141616582870483, 43.70591354370117, 15.418193817138672, -16.646652221679688, 0.349657267332077, -0.8788005113601685)
(-7.108694553375244, -3.442687749862671, 0.0, 0.0, 0.0, 0.0, 10.58021354675293, 13.64875602722168, 0.0, 56.86955642700195, 27.541501998901367, 0.0, 1000, 1000, 1000, 1000, -7.434081077575684, -9.369772911071777, 0.0, -7.108694553375244, -3.442687749862671, 23.144672393798828, 12.30892562866211, -0.38260161876678467, 35.07099533081055, 6.946372985839844, -16.520715713500977, -1.2322790622711182, -10.806621551513672)
(-2.2523744106292725, 1.7203272581100464, 0.0, 0.0, -1.0, 0.0, 33.61838150024414, 38.10676956176758, 0.0, 18.01899528503418, -21.762619018554688, 0.0, 1000, 1000, 1000, 1000, -2.3710999488830566, -3.5906922817230225, 0.0, -2.2523744106292725, 1.7203272581100464, -7.7996931076049805, 12.402875900268555, -2.6559746265411377, 1.9472081661224365, -29.934694290161133, -16.587379455566406, -4.657566070556641, -51.17963790893555)
(-0.16262932121753693, 3.8581173419952393, 0.0, 0.0, 0.0, 0.0, 3.2061679363250732, 4.549519062042236, 0.0, 1.3010345697402954, -30.864938735961914, 0.0, 1000, 1000, 1000, 1000, -1.9489381313323975, -2.3580408096313477, 0.0, -0.16262932121753693, 3.8581173419952393, -0.9525666832923889, 12.363619804382324, -1.4321494102478027, 9.978902816772461, -17.707229614257812, -16.79376983642578, -1.3792922496795654, -35.88029098510742)
(0.260132759809494, 4.153468608856201, 0.0, -1.0, 0.0, 0.0, -0.5800915956497192, 0.7632595300674438, 0.0, -10.081062316894531, -33.22774887084961, 0.0, 1000, 1000, 1000, 1000, 2.806195020675659, 0.9581141471862793, 0.0, 0.260132759809494, 4.153468608856201, -4.750485420227051, 12.349778175354004, -1.049631953239441, 6.549660682678223, -16.99550437927246, -16.961959838867188, 0.31674981117248535, -33.64071273803711)
(0.261353462934494, 4.03753137588501, 0.0, 0.0, 0.0, 0.0, -0.10680916160345078, 1.4960839748382568, 0.0, -2.090827703475952, -32.30025100708008, 0.0, 1000, 1000, 1000, 1000, 1.8323026895523071, 0.4813709259033203, 0.0, 0.261353462934494, 4.03753137588501, -0.9920092821121216, 12.342891693115234, -0.06203088536858559, 11.288851737976074, -16.89816665649414, -17.119972229003906, -0.015080728568136692, -34.03322219848633)
(0.2933051884174347, 3.9559381008148193, 0.0, 0.0, 0.0, 0.0, -0.2900152802467346, 1.3586794137954712, 0.0, -2.3464415073394775, -31.647504806518555, 0.0, 1000, 1000, 1000, 1000, 1.8628342151641846, 0.17359161376953125, 0.0, 0.2933051884174347, 3.9559381008148193, -1.0282131433486938, 12.334822654724121, -0.03720007836818695, 11.269410133361816, -16.50309181213379, -17.27880096435547, -0.006466283928602934, -33.78835678100586)
(0.3371383547782898, 3.888713836669922, 0.0, 0.0, 0.0, 0.0, -0.6411603093147278, 1.1907404661178589, 0.0, -2.6971068382263184, -31.109710693359375, 0.0, 1000, 1000, 1000, 1000, 1.520029067993164, 0.04615020751953125, 0.0, 0.3371383547782898, 3.888713836669922, -1.0279732942581177, 12.325074195861816, 0.04161040484905243, 11.338711738586426, -16.150224685668945, -17.431787490844727, 0.025028342381119728, -33.556983947753906)
(0.3738284409046173, 3.8316495418548584, 0.0, 0.0, 0.0, 0.0, -0.4121526777744293, 1.2976106405258179, 0.0, -2.9906275272369385, -30.653196334838867, 0.0, 1000, 1000, 1000, 1000, 2.288727283477783, 0.646885871887207, 0.0, 0.3738284409046173, 3.8316495418548584, -1.289237380027771, 12.313777923583984, -0.008197253569960594, 11.016343116760254, -15.975403785705566, -17.585853576660156, -0.009003495797514915, -33.57026290893555)
(0.40005528926849365, 3.7765865325927734, 0.0, -1.0, 0.0, 0.0, -0.5648244023323059, 1.3586794137954712, 0.0, -11.20044231414795, -30.212692260742188, 0.0, 1000, 1000, 1000, 1000, 1.9393575191497803, -0.03627824783325195, 0.0, 0.40005528926849365, 3.7765865325927734, -5.317809104919434, 12.299708366394043, -1.463183879852295, 5.5187153816223145, -15.785685539245605, -17.7343807220459, -0.022165386006236076, -33.542232513427734)
(0.4316105842590332, 3.724212884902954, 0.0, 0.0, 0.0, 0.0, -0.3510839641094208, 1.2060075998306274, 0.0, -3.4528846740722656, -29.793703079223633, 0.0, 1000, 1000, 1000, 1000, 1.6669163703918457, -0.027822494506835938, 0.0, 0.4316105842590332, 3.724212884902954, -1.5509003400802612, 12.284497261047363, -0.025522517040371895, 10.708074569702148, -15.499855041503906, -17.880956649780273, 0.0058537814766168594, -33.37495803833008)
(0.4544913172721863, 3.680229902267456, 0.0, 0.0, 0.0, 0.0, -0.4732213616371155, 1.312877893447876, 0.0, -3.6359305381774902, -29.44183921813965, 0.0, 1000, 1000, 1000, 1000, 1.8488966226577759, 0.38720130920410156, 0.0, 0.4544913172721863, 3.680229902267456, -1.5813546180725098, 12.269935607910156, 0.008067291229963303, 10.696647644042969, -15.377358436584473, -18.029001235961914, -0.006135088391602039, -33.41249465942383)
(0.48694929480552673, 3.639671802520752, 0.0, 0.0, 0.0, 0.0, -0.45795419812202454, 1.312877893447876, 0.0, -3.895594358444214, -29.117374420166016, 0.0, 1000, 1000, 1000, 1000, 1.6810351610183716, 0.46100759506225586, 0.0, 0.48694929480552673, 3.639671802520752, -1.7188200950622559, 12.254201889038086, 0.0009304925333708525, 10.536312103271484, -15.215126037597656, -18.172243118286133, -0.02205386944115162, -33.409423828125)
(0.5098758339881897, 3.602240562438965, 0.0, 0.0, 0.0, 0.0, -0.25948092341423035, 1.1602060794830322, 0.0, -4.079006671905518, -28.81792449951172, 0.0, 1000, 1000, 1000, 1000, 2.03047251701355, 0.3556966781616211, 0.0, 0.5098758339881897, 3.602240562438965, -1.9097628593444824, 12.234347343444824, -0.04323798045516014, 10.281346321105957, -14.989065170288086, -18.31403350830078, 0.01426280103623867, -33.28883743286133)
(0.5329580903053284, 3.569782018661499, 0.0, -1.0, 0.0, 0.0, -0.42741984128952026, 1.1754733324050903, 0.0, -12.263664245605469, -28.558256149291992, 0.0, 1000, 1000, 1000, 1000, 1.8794188499450684, 0.2980332374572754, 0.0, 0.5329580903053284, 3.569782018661499, -5.918122291564941, 12.215919494628906, -1.7577263116836548, 4.540070533752441, -14.866865158081055, -18.454723358154297, 0.022085729986429214, -33.299503326416016)