
(1.4076228141784668, -0.6365766525268555, 0.0, 0.0, 0.0, 0.0, -0.19824427366256714, 1.1601145267486572, 0.0, -11.260982513427734, 5.092613220214844, 0.0, 1000, 1000, 1000, 1000, 1.4076228141784668, -0.6365766525268555, 0.0, 1.4076228141784668, -0.6365766525268555, -0.0, -0.0011062738485634327, -6.947400093078613, -6.9485063552856445, 0.0, 0.0003932498802896589, 2.469609260559082, 2.4700024127960205)
(1.2974797487258911, -0.3411300480365753, 0.0, 0.0, 0.0, 0.0, -0.48832061886787415, 1.2669847011566162, 0.0, -10.379837989807129, 2.7290403842926025, 0.0, 1000, 1000, 1000, 1000, 1.4843724966049194, -0.4608297348022461, 0.0, 1.2974797487258911, -0.3411300480365753, -0.0, 0.03256462514400482, -0.08692782372236252, -0.0543631985783577, 0.0, 0.012738781981170177, -0.20863361656665802, -0.19589483737945557)
(1.2050361633300781, -0.06787043064832687, 0.0, 0.0, 0.0, 0.0, -0.44251909852027893, 1.2669847011566162, 0.0, -9.640289306640625, 0.542963445186615, 0.0, 1000, 1000, 1000, 1000, 1.0753697156906128, -0.5240745544433594, 0.0, 1.2050361633300781, -0.06787043064832687, -0.0, -0.012452690862119198, 0.08946119993925095, 0.07700851559638977, -0.0, 0.014330928213894367, -0.18143528699874878, -0.1671043485403061)
(1.1375213861465454, 0.18060530722141266, 0.0, 0.0, 0.0, 0.0, -1.1142748594284058, 1.7402671575546265, 0.0, -9.100171089172363, -1.4448424577713013, 0.0, 1000, 1000, 1000, 1000, 1.6672054529190063, -1.154874324798584, 0.0, 1.1375213861465454, 0.18060530722141266, -0.0, -0.057907331734895706, 0.5889296531677246, 0.531022310256958, -0.0, 0.006231565494090319, -0.4505273699760437, -0.44429582357406616)
(1.0624340772628784, 0.40906551480293274, 0.0, 0.0, 0.0, 0.0, -0.12190839648246765, 1.0227099657058716, 0.0, -8.499472618103027, -3.272524118423462, 0.0, 1000, 1000, 1000, 1000, 1.5586265325546265, 0.013645172119140625, 0.0, 1.0624340772628784, 0.40906551480293274, -0.0, -0.09729024767875671, -0.13464337587356567, -0.23193363845348358, -0.0, -0.010786300525069237, 0.004105810075998306, -0.0066804904490709305)
(0.991439163684845, 0.616075873374939, 0.0, 0.0, 0.0, 0.0, -0.28984731435775757, 1.3891221284866333, 0.0, -7.93151330947876, -4.928606986999512, 0.0, 1000, 1000, 1000, 1000, 1.3956161737442017, -0.6746325492858887, 0.0, 0.991439163684845, 0.616075873374939, -0.0, -0.1337963491678238, -0.0355834886431694, -0.1693798303604126, -0.0, -0.036173660308122635, -0.18571163713932037, -0.2218852937221527)
(0.9363590478897095, 0.8277596831321716, 0.0, 0.0, 0.0, 0.0, -0.48832061886787415, 1.0074427127838135, 0.0, -7.490872383117676, -6.622077465057373, 0.0, 1000, 1000, 1000, 1000, 2.251680612564087, 0.2184591293334961, 0.0, 0.9363590478897095, 0.8277596831321716, -0.0, -0.16848859190940857, 0.3284127116203308, 0.15992410480976105, -0.0, -0.07330713421106339, 0.3461307883262634, 0.27282366156578064)
(0.8470702767372131, 0.9521150588989258, 0.0, 0.0, 0.0, 0.0, -1.2364121675491333, 0.4425572454929352, 0.0, -6.776562213897705, -7.616920471191406, 0.0, 1000, 1000, 1000, 1000, 2.6777284145355225, -0.7530460357666016, 0.0, 0.8470702767372131, 0.9521150588989258, -0.0, -0.19920791685581207, 0.38889753818511963, 0.18968963623046875, -0.0, -0.11212167143821716, 0.04484080150723457, -0.06728086620569229)
(-6.833109378814697, -7.156920433044434, 0.0, 0.0, 0.0, 0.0, -71.5264892578125, -75.31317138671875, 0.0, 54.66487503051758, 57.25536346435547, 0.0, 1000, 1000, 1000, 1000, -11.599772453308105, -12.644081115722656, 0.0, -6.833109378814697, -7.156920433044434, 0.0, 0.009374282322824001, 15.047771453857422, 15.057145118713379, 0.0, 0.10476959496736526, 16.002750396728516, 16.107519149780273)
(-7.546030044555664, -8.673442840576172, 0.0, 0.0, 0.0, 0.0, -4.060839653015137, -9.710114479064941, 0.0, 60.36824035644531, 69.38754272460938, 0.0, 1000, 1000, 1000, 1000, -5.862713813781738, -5.8202924728393555, 0.0, -7.546030044555664, -8.673442840576172, 0.0, 0.2910764217376709, 1.3097100257873535, 1.600786566734314, 0.0, 0.42502841353416443, 3.9975826740264893, 4.422611236572266)
(-7.213745594024658, -8.669041633605957, 0.0, 0.0, 0.0, 0.0, 5.49641227722168, 8.931106567382812, 0.0, 57.709964752197266, 69.35233306884766, 0.0, 1000, 1000, 1000, 1000, -7.051030158996582, -12.426010131835938, 0.0, -7.213745594024658, -8.669041633605957, 0.0, 0.5709965229034424, -0.7449450492858887, -0.1739485114812851, 0.0, 0.7653535604476929, 0.31975430250167847, 1.0851078033447266)
(-8.00299072265625, -13.467677116394043, 0.0, 0.0, 0.0, 0.0, -21.114274978637695, -10.244465827941895, 0.0, 64.02392578125, 107.74141693115234, 0.0, 1000, 1000, 1000, 1000, -5.998724937438965, -5.532437324523926, 0.0, -8.00299072265625, -13.467677116394043, 0.0, 0.8578782081604004, 8.739550590515137, 9.597428321838379, 0.0, 1.256367802619934, -2.277117967605591, -1.0207502841949463)
(-16.499298095703125, -10.157899856567383, 0.0, 0.0, 0.0, 0.0, -19.06847381591797, 14.702098846435547, 0.0, 131.994384765625, 81.26319885253906, 0.0, 1000, 1000, 1000, 1000, -17.807708740234375, -10.374767303466797, 0.0, -16.499298095703125, -10.157899856567383, 0.0, 1.4917995929718018, -2.5239877700805664, -1.032188057899475, 0.0, 1.635132908821106, -4.158209800720215, -2.5230770111083984)
(-5.133460521697998, -3.1355674266815186, 0.0, 0.0, 0.0, 0.0, 66.39717864990234, 42.53416061401367, 0.0, 41.067684173583984, 25.08453941345215, 0.0, 1000, 1000, 1000, 1000, 1.6474171876907349, -4.94123649597168, 0.0, -5.133460521697998, -3.1355674266815186, -0.0, 1.7313884496688843, -8.076092720031738, -6.3447041511535645, -0.0, 1.7521435022354126, -6.71695613861084, -4.964812755584717)
(-4.266560077667236, 4.498302459716797, 0.0, 0.0, 0.0, 0.0, -44.152442932128906, 10.060877799987793, 0.0, 34.13248062133789, -35.986419677734375, 0.0, 1000, 1000, 1000, 1000, -2.358747959136963, 4.08941650390625, 0.0, -4.266560077667236, 4.498302459716797, 0.0, 1.8159672021865845, 10.32502555847168, 12.140993118286133, -0.0, 1.5455164909362793, 3.1737210750579834, 4.719237327575684)
(-6.741720199584961, 2.673112392425537, 0.0, 0.0, 0.0, 0.0, 46.48877716064453, 3.526526689529419, 0.0, 53.93376159667969, -21.384899139404297, 0.0, 1000, 1000, 1000, 1000, -8.967644691467285, 5.595060348510742, 0.0, -6.741720199584961, 2.673112392425537, 0.0, 2.1501893997192383, -13.370628356933594, -11.220438957214355, -0.0, 1.4557678699493408, -1.3130794763565063, 0.14268828928470612)
(-0.8747825026512146, 1.6790826320648193, 0.0, 0.0, 0.0, 0.0, -4.289847373962402, -20.77881622314453, 0.0, 6.998260021209717, -13.432661056518555, 0.0, 1000, 1000, 1000, 1000, 4.432067394256592, 2.1724438667297363, 0.0, -0.8747825026512146, 1.6790826320648193, 0.0, 2.129180908203125, 3.571920394897461, 5.701101303100586, 0.0, 1.3822569847106934, 7.804144382476807, 9.1864013671875)
(-3.4118192195892334, 0.5081635117530823, 0.0, 0.0, 0.0, 0.0, -3.9234352111816406, -2.1986641883850098, 0.0, 27.294553756713867, -4.065308094024658, 0.0, 1000, 1000, 1000, 1000, 0.35116279125213623, -2.927844285964966, 0.0, -3.4118192195892334, 0.5081635117530823, 0.0, 2.2732248306274414, -1.8678115606307983, 0.40541335940361023, -0.0, 1.3840924501419067, 2.6512112617492676, 4.035303592681885)
(-3.5023443698883057, 2.331432580947876, 0.0, 0.0, 0.0, 0.0, -1.8929007053375244, 12.671565055847168, 0.0, 28.018754959106445, -18.651460647583008, 0.0, 1000, 1000, 1000, 1000, -3.4448914527893066, 0.024932384490966797, 0.0, -3.5023443698883057, 2.331432580947876, 0.0, 2.404707908630371, 0.12255682796239853, 2.5272645950317383, -0.0, 1.2983813285827637, -1.8682260513305664, -0.569844663143158)
(-3.5940752029418945, 3.497962236404419, 0.0, 0.0, 0.0, 0.0, 2.1834352016448975, -1.923854947090149, 0.0, 28.752601623535156, -27.98369789123535, 0.0, 1000, 1000, 1000, 1000, -3.724228858947754, 2.154235363006592, 0.0, -3.5940752029418945, 3.497962236404419, 0.0, 2.5423946380615234, -1.1159921884536743, 1.4264025688171387, -0.0, 1.155032753944397, 2.83748722076416, 3.9925198554992676)
(-2.965395927429199, 3.078066349029541, 0.0, 0.0, 0.0, 0.0, -2.5951907634735107, 1.6791985034942627, 0.0, 23.723167419433594, -24.624530792236328, 0.0, 1000, 1000, 1000, 1000, -1.9634766578674316, -2.541656970977783, 0.0, -2.965395927429199, 3.078066349029541, 0.0, 2.648573398590088, 0.7463668584823608, 3.394940137863159, -0.0, 1.0367342233657837, -0.2257581651210785, 0.8109760880470276)
(-3.747238874435425, 2.2270753383636475, 0.0, 0.0, 0.0, 0.0, 0.6872519254684448, -4.091794013977051, 0.0, 29.9779109954834, -17.81660270690918, 0.0, 1000, 1000, 1000, 1000, -1.7491123676300049, 0.4179224967956543, 0.0, -3.747238874435425, 2.2270753383636475, 0.0, 2.7990310192108154, -0.8732789754867554, 1.9257521629333496, -0.0, 0.9420642852783203, 0.9251065850257874, 1.867170810699463)
(-3.6836612224578857, 1.7119896411895752, 0.0, 0.0, 0.0, 0.0, 2.7483205795288086, 0.5494275093078613, 0.0, 29.469289779663086, -13.695917129516602, 0.0, 1000, 1000, 1000, 1000, -3.646700382232666, -1.6527249813079834, 0.0, -3.6836612224578857, 1.7119896411895752, 0.0, 2.9414901733398438, -1.031869649887085, 1.9096205234527588, -0.0, 0.871073842048645, -0.13695396482944489, 0.7341198921203613)
(-3.7413713932037354, 1.2962191104888916, 0.0, 0.0, 0.0, 0.0, -5.618091583251953, -1.9849237203598022, 0.0, 29.930971145629883, -10.369752883911133, 0.0, 1000, 1000, 1000, 1000, -2.5271615982055664, -1.4062836170196533, 0.0, -3.7413713932037354, 1.2962191104888916, 0.0, 3.076131582260132, 1.2601995468139648, 4.336330890655518, -0.0, 0.8150615096092224, 0.3028932511806488, 1.1179547309875488)
(-4.095736026763916, 1.8224276304244995, 0.0, 0.0, 0.0, 0.0, 1.6643511056900024, 7.709733009338379, 0.0, 32.76588821411133, -14.579421043395996, 0.0, 1000, 1000, 1000, 1000, -4.661874771118164, -1.46708345413208, 0.0, -4.095736026763916, 1.8224276304244995, 0.0, 3.2361109256744385, -0.6951579451560974, 2.5409529209136963, -0.0, 0.7446025013923645, -1.4520834684371948, -0.7074809074401855)
(-3.420377731323242, 2.4852449893951416, 0.0, 0.0, 0.0, 0.0, 1.2521374225616455, 0.5799618363380432, 0.0, 27.363021850585938, -19.881959915161133, 0.0, 1000, 1000, 1000, 1000, -1.9072072505950928, 0.882082462310791, 0.0, -3.420377731323242, 2.4852449893951416, 0.0, 3.3641836643218994, -0.15954536199569702, 3.2046382427215576, -0.0, 0.6408023834228516, 0.3898887634277344, 1.030691146850586)
(-3.9121689796447754, 1.9535253047943115, 0.0, 0.0, 0.0, 0.0, -6.488320827484131, -2.626145124435425, 0.0, 31.297351837158203, -15.628202438354492, 0.0, 1000, 1000, 1000, 1000, -2.8216476440429688, -1.1350688934326172, 0.0, -3.9121689796447754, 1.9535253047943115, 0.0, 3.5056545734405518, 0.8583661913871765, 4.364020824432373, -0.0, 0.562472403049469, 1.1267540454864502, 1.6892263889312744)
(-4.244009971618652, 1.4953086376190186, 0.0, 0.0, 0.0, 0.0, 1.7864885330200195, -0.22919847071170807, 0.0, 33.95207977294922, -11.962469100952148, 0.0, 1000, 1000, 1000, 1000, -3.1498427391052246, -0.921323299407959, 0.0, -4.244009971618652, 1.4953086376190186, 0.0, 3.6739275455474854, -0.9053061604499817, 2.7686214447021484, -0.0, 0.49852848052978516, -0.008470348082482815, 0.49005812406539917)
(-3.826629638671875, 1.514778733253479, 0.0, 0.0, 0.0, 0.0, -1.2058779001235962, 2.7479007244110107, 0.0, 30.613037109375, -12.118229866027832, 0.0, 1000, 1000, 1000, 1000, -3.0092740058898926, -0.17387628555297852, 0.0, -3.826629638671875, 1.514778733253479, 0.0, 3.814741611480713, 0.5471810102462769, 4.361922740936279, -0.0, 0.437211811542511, -0.45134982466697693, -0.01413803081959486)
(-4.239703178405762, 1.4946495294570923, 0.0, 0.0, 0.0, 0.0, -0.7325954437255859, 0.4425572454929352, 0.0, 33.917625427246094, -11.957196235656738, 0.0, 1000, 1000, 1000, 1000, -2.6874947547912598, -1.4556334018707275, 0.0, -4.239703178405762, 1.4946495294570923, 0.0, 3.97579288482666, -0.30871284008026123, 3.6670799255371094, -0.0, 0.37353000044822693, -0.10889096558094025, 0.2646390497684479)
(-3.8774914741516113, 1.4693231582641602, 0.0, 0.0, 0.0, 0.0, 2.0002291202545166, 2.732633590698242, 0.0, 31.01993179321289, -11.754585266113281, 0.0, 1000, 1000, 1000, 1000, -3.1953563690185547, -2.2999134063720703, 0.0, -3.8774914741516113, 1.4693231582641602, 0.0, 4.126241683959961, 0.12172434478998184, 4.2479658126831055, -0.0, 0.312776654958725, -0.9712339043617249, -0.6584572792053223)
(-4.095005512237549, 1.6982001066207886, 0.0, 0.0, 0.0, 0.0, -2.335648775100708, -1.191030502319336, 0.0, 32.76004409790039, -13.585600852966309, 0.0, 1000, 1000, 1000, 1000, -2.489713191986084, -1.5375173091888428, 0.0, -4.095005512237549, 1.6982001066207886, 0.0, 4.277824878692627, -0.12266822904348373, 4.15515661239624, -0.0, 0.23846977949142456, 0.6606566905975342, 0.899126410484314)
(-4.161452770233154, 1.7908118963241577, 0.0, 0.0, 0.0, 0.0, -4.717328071594238, 4.1830153465271, 0.0, 33.291622161865234, -14.326495170593262, 0.0, 1000, 1000, 1000, 1000, -2.1861371994018555, -0.7986135482788086, 0.0, -4.161452770233154, 1.7908118963241577, 0.0, 4.435949325561523, 1.7588882446289062, 6.19483757019043, -0.0, 0.16576659679412842, -0.7613036632537842, -0.595537006855011)
(-4.595013618469238, 1.730712652206421, 0.0, 0.0, 0.0, 0.0, -0.9921374320983887, 1.3585877418518066, 0.0, 36.760108947753906, -13.845701217651367, 0.0, 1000, 1000, 1000, 1000, -3.4448814392089844, -1.7119483947753906, 0.0, -4.595013618469238, 1.730712652206421, 0.0, 4.614565849304199, 0.19001656770706177, 4.804582595825195, -0.0, 0.09224101901054382, -0.3583413064479828, -0.26610028743743896)
(-4.3721418380737305, 2.177260398864746, 0.0, 0.0, 0.0, 0.0, 4.336106777191162, 1.1448472738265991, 0.0, 34.977134704589844, -17.41808319091797, 0.0, 1000, 1000, 1000, 1000, -3.1840200424194336, 0.015864849090576172, 0.0, -4.3721418380737305, 2.177260398864746, 0.0, 4.783219337463379, -1.0441700220108032, 3.739049196243286, -0.0, 0.0028645722195506096, 0.42819130420684814, 0.43105587363243103)
(-4.168128490447998, 2.067932605743408, 0.0, 0.0, 0.0, 0.0, -4.732595443725586, 1.343320608139038, 0.0, 33.345027923583984, -16.543460845947266, 0.0, 1000, 1000, 1000, 1000, -3.3060145378112793, -1.398979902267456, 0.0, -4.168128490447998, 2.067932605743408, 0.0, 4.934694290161133, 1.268282413482666, 6.202976703643799, -0.0, -0.08338016271591187, -0.06823472678661346, -0.15161488950252533)
(-4.455803394317627, 1.9937430620193481, 0.0, 0.0, 0.0, 0.0, 3.8322901725769043, 0.30515268445014954, 0.0, 35.646427154541016, -15.949944496154785, 0.0, 1000, 1000, 1000, 1000, -4.784925937652588, -1.5214295387268066, 0.0, -4.455803394317627, 1.9937430620193481, 0.0, 5.110994338989258, -1.1639550924301147, 3.9470391273498535, -0.0, -0.1654728353023529, 0.004706215113401413, -0.1607666164636612)
(-3.8664870262145996, 1.717008113861084, 0.0, 0.0, 0.0, 0.0, -0.1371755748987198, 0.534160315990448, 0.0, 30.931896209716797, -13.736064910888672, 0.0, 1000, 1000, 1000, 1000, -2.5929293632507324, -0.34670448303222656, 0.0, -3.8664870262145996, 1.717008113861084, 0.0, 5.195237636566162, 16.52941131591797, 21.724647521972656, -0.0, -0.20936556160449982, -7.649897575378418, -7.859262943267822)
(-3.755866289138794, 1.8154215812683105, 0.0, 0.0, 0.0, 0.0, 1.1147328615188599, 1.3280534744262695, 0.0, 30.04693031311035, -14.523372650146484, 0.0, 1000, 1000, 1000, 1000, -3.0874266624450684, -0.7062501907348633, 0.0, -3.755866289138794, 1.8154215812683105, 0.0, 5.3350605964660645, -0.019396217539906502, 5.315664291381836, -0.0, -0.2814672887325287, 0.2692813575267792, -0.012185917235910892)
(-3.6487627029418945, 1.8237700462341309, 0.0, 0.0, 0.0, 0.0, -1.1295419931411743, 1.6639312505722046, 0.0, 29.190101623535156, -14.590160369873047, 0.0, 1000, 1000, 1000, 1000, -2.2691378593444824, -1.4611334800720215, 0.0, -3.6487627029418945, 1.8237700462341309, 0.0, 5.4751105308532715, 0.1125059723854065, 5.587616443634033, -0.0, -0.3550165593624115, 0.18617038428783417, -0.16884617507457733)
(-3.6286373138427734, 1.723886251449585, 0.0, 0.0, 0.0, 0.0, -1.2211450338363647, 0.8089694380760193, 0.0, 29.029098510742188, -13.79109001159668, 0.0, 1000, 1000, 1000, 1000, -2.8743886947631836, -1.1837615966796875, 0.0, -3.6286373138427734, 1.723886251449585, 0.0, 5.613534927368164, 0.36429986357688904, 5.977835178375244, -0.0, -0.425304651260376, -0.21433521807193756, -0.6396398544311523)
(-3.563076972961426, 1.7874755859375, 0.0, 0.0, 0.0, 0.0, -0.3814503848552704, -0.38187023997306824, 0.0, 28.504615783691406, -14.2998046875, 0.0, 1000, 1000, 1000, 1000, -5.838756561279297, -6.724221706390381, 0.0, -3.563076972961426, 1.7874755859375, 0.0, 5.748847484588623, 0.3292733430862427, 6.078121185302734, -0.0, -0.5018067955970764, 1.415986180305481, 0.9141793847084045)
(-3.46087384223938, 1.6494576930999756, 0.0, 0.0, 0.0, 0.0, -0.4730534255504608, 0.6257633566856384, 0.0, 27.68699073791504, -13.195661544799805, 0.0, 1000, 1000, 1000, 1000, -0.2625460624694824, 4.459680557250977, 0.0, -3.46087384223938, 1.6494576930999756, 0.0, 5.8810319900512695, 0.12842252850532532, 6.009454727172852, -0.0, -0.5682002902030945, -0.09556467086076736, -0.6637649536132812)
(-3.2234573364257812, 1.6619747877120972, 0.0, 0.0, 0.0, 0.0, 0.73305344581604, 2.1066794395446777, 0.0, 25.78765869140625, -13.295798301696777, 0.0, 1000, 1000, 1000, 1000, -5.2847089767456055, -7.306318283081055, 0.0, -3.2234573364257812, 1.6619747877120972, 0.0, 6.004894256591797, -0.08578630536794662, 5.919107913970947, -0.0, -0.6346877813339233, -0.08815857768058777, -0.7228463888168335)
(-2.9887821674346924, 1.4205756187438965, 0.0, 0.0, 0.0, 0.0, -0.16770991683006287, 0.6715648770332336, 0.0, 23.91025733947754, -11.364604949951172, 0.0, 1000, 1000, 1000, 1000, -2.2508649826049805, -1.805589199066162, 0.0, -2.9887821674346924, 1.4205756187438965, 0.0, 6.119214057922363, 0.3058955669403076, 6.425109386444092, -0.0, -0.6985215544700623, 0.2992812395095825, -0.39924031496047974)
(-2.5009968280792236, 1.3486833572387695, 0.0, 0.0, 0.0, 0.0, -1.465419888496399, 1.2975190877914429, 0.0, 20.00797462463379, -10.789466857910156, 0.0, 1000, 1000, 1000, 1000, -0.8677260875701904, -1.539863109588623, 0.0, -2.5009968280792236, 1.3486833572387695, 0.0, 6.2161078453063965, 1.2015856504440308, 7.417693614959717, -0.0, -0.7540465593338013, 0.015703951939940453, -0.7383425831794739)
(-3.2623109817504883, 1.3128880262374878, 0.0, 0.0, 0.0, 0.0, 0.8704580068588257, -1.6032443046569824, 0.0, 26.098487854003906, -10.503104209899902, 0.0, 1000, 1000, 1000, 1000, -3.1520047187805176, -1.324598789215088, 0.0, -3.2623109817504883, 1.3128880262374878, 0.0, 6.34303092956543, -1.2894058227539062, 5.053625106811523, -0.0, -0.8138944506645203, 1.539167046546936, 0.7252725958824158)
(-2.659539222717285, 1.1470986604690552, 0.0, 0.0, 0.0, 0.0, -3.5264885425567627, 3.954007625579834, 0.0, 21.27631378173828, -9.176789283752441, 0.0, 1000, 1000, 1000, 1000, -0.43875932693481445, -1.8594739437103271, 0.0, -2.659539222717285, 1.1470986604690552, 0.0, 6.438529014587402, 1.1988834142684937, 7.6374125480651855, -0.0, -0.8576444983482361, -0.604929506778717, -1.4625740051269531)
(-2.9498043060302734, 1.2820606231689453, 0.0, 0.0, 0.0, 0.0, 1.3284733295440674, -0.33606868982315063, 0.0, 23.598434448242188, -10.256484985351562, 0.0, 1000, 1000, 1000, 1000, -2.1925840377807617, -1.610654592514038, 0.0, -2.9498043060302734, 1.2820606231689453, 0.0, 6.552171230316162, -0.26966050267219543, 6.282510757446289, -0.0, -0.9140172600746155, 0.45287105441093445, -0.46114620566368103)
(-2.797482490539551, 1.3024463653564453, 0.0, 0.0, 0.0, 0.0, -0.3814503848552704, 0.686832070350647, 0.0, 22.379859924316406, -10.419570922851562, 0.0, 1100, 1100, 1100, 1100, -2.4035801887512207, -2.106956958770752, 0.0, -2.797482490539551, 1.3024463653564453, 0.0, 6.656042575836182, -0.1312086433172226, 6.524833679199219, -0.0, -0.9700096845626831, 1.711753487586975, 0.7417438626289368)
(-2.7741074562072754, 1.5220345258712769, 0.0, 0.0, 0.0, 0.0, -8.839466094970703, 6.030343532562256, 0.0, 22.192859649658203, -12.176276206970215, 0.0, 1100, 1100, 1100, 1100, -0.8743114471435547, 3.3754587173461914, 0.0, -2.7741074562072754, 1.5220345258712769, 0.0, 6.75680685043335, 3.5853500366210938, 10.342156410217285, -0.0, -1.0300451517105103, -1.498120903968811, -2.5281660556793213)
(-2.461859941482544, 1.5894001722335815, 0.0, 0.0, 0.0, 0.0, 0.13763359189033508, 1.526526689529419, 0.0, 19.69487953186035, -12.715201377868652, 0.0, 1100, 1100, 1100, 1100, 1.0033248662948608, 2.2691078186035156, 0.0, -2.461859941482544, 1.5894001722335815, 0.0, 6.855816841125488, 1.5267744064331055, 8.382591247558594, -0.0, -1.1002247333526611, -0.14717552065849304, -1.2474002838134766)
(-3.621873140335083, 1.713794231414795, 0.0, 0.0, 0.0, 0.0, 2.015496253967285, -3.801717519760132, 0.0, 28.974985122680664, -13.71035385131836, 0.0, 1100, 1100, 1100, 1100, -4.445159435272217, -5.424869537353516, 0.0, -3.621873140335083, 1.713794231414795, 0.0, 7.000441074371338, -2.0583693981170654, 4.942071914672852, -0.0, -1.1776868104934692, 1.8816577196121216, 0.7039709687232971)
(-3.839380979537964, 1.029037594795227, 0.0, 0.0, 0.0, 0.0, -1.6180915832519531, 0.7173663973808289, 0.0, 30.71504783630371, -8.232300758361816, 0.0, 1100, 1100, 1118, 1107, 2.9755611419677734, -5.390208721160889, 0.0, -3.839380979537964, 1.029037594795227, 0.0, 7.146529674530029, 0.48148685693740845, 7.628016471862793, -0.0, -1.2211214303970337, -1.1533780097961426, -2.374499559402466)
(-3.825895071029663, 0.3800811767578125, 0.0, 0.0, 0.0, 0.0, -1.5264885425567627, 3.8929388523101807, 0.0, 30.607160568237305, -3.0406494140625, 0.0, 1118, 1141, 1148, 1134, -9.032675743103027, -14.56142520904541, 0.0, -3.825895071029663, 0.3800811767578125, 0.0, 7.295331954956055, 1.8485100269317627, 9.143841743469238, -0.0, -1.2450926303863525, -0.947727382183075, -2.1928200721740723)
(-3.9188783168792725, 0.6397855877876282, 0.0, 0.0, 0.0, 0.0, -1.3738168478012085, 0.8089694380760193, 0.0, 31.35102653503418, -5.118284702301025, 0.0, 1170, 1184, 1199, 1185, -6.051731109619141, -0.5355367660522461, 0.0, -3.9188783168792725, 0.6397855877876282, 0.0, 7.4394001960754395, -0.4163365066051483, 7.023063659667969, -0.0, -1.2705678939819336, 1.0392374992370605, -0.2313304841518402)
(-4.552343368530273, 1.1329079866409302, 0.0, 0.0, 0.0, 0.0, 3.8170228004455566, -1.7559159994125366, 0.0, 36.41874694824219, -9.063263893127441, 0.0, 1245, 1256, 1256, 1242, 5.8210039138793945, 13.89499282836914, 0.0, -4.552343368530273, 1.1329079866409302, 0.0, 7.615327835083008, -1.3305760622024536, 6.284751892089844, -0.0, -1.3173649311065674, 2.0687501430511475, 0.7513852119445801)
(-4.334550857543945, 2.730832815170288, 0.0, 0.0, 0.0, 0.0, -5.572289943695068, 11.282252311706543, 0.0, 34.67640686035156, -21.846662521362305, 0.0, 1289, 1304, 1331, 1318, 9.788154602050781, 44.73467254638672, 0.0, -4.334550857543945, 2.730832815170288, 0.0, 7.765024185180664, -0.7380648255348206, 7.026959419250488, -0.0, -1.4120051860809326, 1.109303593635559, -0.30270156264305115)
(-3.3668441772460938, 2.9600322246551514, 0.0, 0.0, 0.0, 0.0, -8.579923629760742, 14.36622142791748, 0.0, 26.93475341796875, -23.68025779724121, 0.0, 1341, 1396, 1373, 1361, 13.513203620910645, 7.451333999633789, 0.0, -3.3668441772460938, 2.9600322246551514, 0.0, 7.9031877517700195, 8.77238941192627, 16.67557716369629, -0.0, -1.515519380569458, -9.196150779724121, -10.711670875549316)
(-3.0534706115722656, 4.010610580444336, 0.0, 0.0, 0.0, 0.0, -4.137175559997559, 1.4807251691818237, 0.0, 24.427764892578125, -32.08488464355469, 0.0, 1324, 1346, 1413, 1388, 73.68256378173828, 9.41783332824707, 0.0, -3.0534706115722656, 4.010610580444336, 0.0, 8.025848388671875, 3.8728325366973877, 11.898680686950684, -0.0, -1.662817120552063, 2.462702751159668, 0.7998856902122498)
(-4.205067157745361, 3.041961193084717, 0.0, 0.0, 0.0, 0.0, -44.77839660644531, -2.4887404441833496, 0.0, 33.64053726196289, -24.335689544677734, 0.0, 1292, 1345, 1440, 1381, -28.358362197875977, -16.807979583740234, 0.0, -4.205067157745361, 3.041961193084717, 0.0, 8.165799140930176, 19.773380279541016, 27.939180374145508, -0.0, -1.7881735563278198, 3.5237786769866943, 1.7356051206588745)
(-19.073959350585938, 3.50072979927063, 0.0, 0.0, 0.0, 0.0, -66.3814468383789, 15.52652645111084, 0.0, 152.5916748046875, -28.00583839416504, 0.0, 1201, 1256, 1515, 1486, -42.26738739013672, -2.285659074783325, 0.0, -19.073959350585938, 3.50072979927063, 0.0, 8.891587257385254, 12.258371353149414, 21.149959564208984, -0.0, -1.9068893194198608, -4.499435901641846, -6.406325340270996)
(-28.227191925048828, 6.9025797843933105, 0.0, 0.0, 0.0, 0.0, -16.060840606689453, -2.5956106185913086, 0.0, 225.81753540039062, -55.220638275146484, 0.0, 1410, 1415, 1339, 1294, -15.24483871459961, 64.26079559326172, 0.0, -28.227191925048828, 6.9025797843933105, 0.0, 10.023862838745117, 2.634483575820923, 12.658346176147461, -0.0, -2.181227207183838, 12.359574317932129, 10.178346633911133)
(-25.5400447845459, 7.509145259857178, 0.0, 0.0, 0.0, 0.0, 0.000229007622692734, 31.831871032714844, 0.0, 204.3203582763672, -60.07316207885742, 0.0, 1351, 1427, 1339, 1341, -68.3082275390625, -23.497026443481445, 0.0, -25.5400447845459, 7.509145259857178, 0.0, 10.991384506225586, 7.74873161315918, 18.740116119384766, -0.0, -2.469257354736328, -17.098285675048828, -19.567543029785156)
(-24.2198486328125, 8.48132038116455, 0.0, 0.0, 0.0, 0.0, 20.45824432373047, -1.4353053569793701, 0.0, 193.7587890625, -67.8505630493164, 0.0, 1362, 1371, 1365, 1359, -31.355628967285156, 25.672122955322266, 0.0, -24.2198486328125, 8.48132038116455, 0.0, 11.890125274658203, -7.995328426361084, 3.8947973251342773, -0.0, -2.7922470569610596, 2.208670139312744, -0.5835767984390259)
(-21.871416091918945, 7.871350288391113, 0.0, 0.0, 0.0, 0.0, -5.8929009437561035, -3.43530535697937, 0.0, 174.97132873535156, -62.970802307128906, 0.0, 1323, 1364, 1401, 1365, -19.374156951904297, 20.454269409179688, 0.0, -21.871416091918945, 7.871350288391113, 0.0, 12.703827857971191, 6.5949387550354, 19.29876708984375, -0.0, -3.0935580730438232, 1.8439282178878784, -1.2496298551559448)
(-22.658668518066406, 7.368899345397949, 0.0, 0.0, 0.0, 0.0, -17.679161071777344, 3.2975189685821533, 0.0, 181.26934814453125, -58.951194763183594, 0.0, 1325, 1378, 1392, 1362, -9.936792373657227, 16.776906967163086, 0.0, -22.658668518066406, 7.368899345397949, 0.0, 13.551064491271973, 7.259074687957764, 20.810138702392578, -0.0, -3.386782169342041, -2.437598943710327, -5.824380874633789)
(-21.42263412475586, 7.351901531219482, 0.0, 0.0, 0.0, 0.0, 11.923892974853516, 8.610496520996094, 0.0, 171.38107299804688, -58.81521224975586, 0.0, 1353, 1389, 1366, 1351, -1.423872470855713, 2.6885428428649902, 0.0, -21.42263412475586, 7.351901531219482, 0.0, 14.368415832519531, -1.8007184267044067, 12.567697525024414, -0.0, -3.683049201965332, -1.3673009872436523, -5.050350189208984)
(-19.634475708007812, 6.930637836456299, 0.0, 0.0, 0.0, 0.0, -0.4730534255504608, -2.4582061767578125, 0.0, 157.0758056640625, -55.44510269165039, 0.0, 1318, 1356, 1413, 1375, 3.102006435394287, 10.83984661102295, 0.0, -19.634475708007812, 6.930637836456299, 0.0, 15.100502014160156, 4.146317958831787, 19.24681854248047, -0.0, -3.9570136070251465, 3.8138930797576904, -0.1431204229593277)
(-18.688800811767578, 7.064352989196777, 0.0, 0.0, 0.0, 0.0, -8.518855094909668, 3.0379769802093506, 0.0, 149.51040649414062, -56.51482391357422, 0.0, 1342, 1406, 1375, 1339, -48.2570915222168, 10.983748435974121, 0.0, -18.688800811767578, 7.064352989196777, 0.0, 15.784768104553223, 9.035309791564941, 24.820077896118164, -0.0, -4.230189323425293, -2.5804741382598877, -6.810663223266602)
(-17.907163619995117, 6.592901706695557, 0.0, 0.0, -1.0, 0.0, -15.236412048339844, 0.12194656580686569, 0.0, 143.25730895996094, -60.74321365356445, 0.0, 1333, 1398, 1381, 1345, 25.287405014038086, -13.76099967956543, 0.0, -17.907163619995117, 6.592901706695557, 0.0, 16.46457290649414, 8.9298734664917, 25.394445419311523, -0.0, -4.48276948928833, -2.9947004318237305, -7.4774699211120605)
(-17.663448333740234, 7.3934149742126465, 0.0, 0.0, 0.0, 0.0, -4.442519187927246, -1.3284350633621216, 0.0, 141.30758666992188, -59.14731979370117, 0.0, 1286, 1340, 1437, 1395, -24.299989700317383, 0.48967504501342773, 0.0, -17.663448333740234, 7.3934149742126465, 0.0, 17.13279914855957, 6.779287815093994, 23.912086486816406, -0.0, -4.759090423583984, 1.8399778604507446, -2.9191126823425293)
(-16.190834045410156, 7.7408952713012695, 0.0, 0.0, 0.0, 0.0, -0.5951908230781555, -10.198663711547852, 0.0, 129.52667236328125, -69.92716217041016, 0.0, 1322, 1356, 1410, 1371, -7.726058006286621, 52.0129280090332, 0.0, -16.190834045410156, 7.7408952713012695, 0.0, 17.726757049560547, 0.5523268580436707, 18.279083251953125, -0.0, -5.058798789978027, 6.263891696929932, 1.2050927877426147)
(-16.076766967773438, 7.885249614715576, 0.0, 0.0, 0.0, 0.0, 16.366641998291016, 1.3891221284866333, 0.0, 128.6141357421875, -63.08199691772461, 0.0, 1350, 1384, 1364, 1360, -72.15795135498047, 4.693254470825195, 0.0, -16.076766967773438, 7.885249614715576, 0.0, 18.338014602661133, -9.143396377563477, 9.194619178771973, -0.0, -5.3568925857543945, -2.094377040863037, -7.451269626617432)
(-15.467967987060547, 7.348946571350098, 0.0, 0.0, 0.0, 0.0, 8.53458023071289, 4.289885520935059, 0.0, 123.74374389648438, -58.79157257080078, 0.0, 1318, 1363, 1398, 1383, -16.61411476135254, -7.010045051574707, 0.0, -15.467967987060547, 7.348946571350098, 0.0, 18.913589477539062, -3.7629740238189697, 15.150615692138672, -0.0, -5.638736724853516, -1.6239614486694336, -7.262698173522949)
(-15.576053619384766, 7.291231632232666, 0.0, 0.0, -1.0, 0.0, -6.778397083282471, 4.641030311584473, 0.0, 124.60842895507812, -66.32984924316406, 0.0, 1299, 1379, 1400, 1380, 6.1352219581604, 20.383251190185547, 0.0, -15.576053619384766, 7.291231632232666, 0.0, 19.500036239624023, 5.473051071166992, 24.973087310791016, -0.0, -5.9197211265563965, -8.889909744262695, -14.809630393981934)
(-15.954228401184082, 7.334632873535156, 0.0, 0.0, 0.0, 0.0, 1.9086259603500366, 1.0379770994186401, 0.0, 127.63382720947266, -58.67706298828125, 0.0, 1328, 1381, 1388, 1361, -54.82868576049805, -29.6136474609375, 0.0, -15.954228401184082, 7.334632873535156, 0.0, 20.094518661499023, -0.23486275970935822, 19.859655380249023, -0.0, -6.205817699432373, -0.2811702787876129, -6.486988067626953)
(-15.728353500366211, 7.227458477020264, 0.0, -1.0, 0.0, 0.0, -8.106640815734863, 32.25934982299805, 0.0, 117.82682800292969, -57.81966781616211, 0.0, 1307, 1403, 1365, 1383, 8.194360733032227, 1.9856047630310059, 0.0, -15.728353500366211, 7.227458477020264, 0.0, 20.675941467285156, -1.1110835075378418, 19.56485939025879, -0.0, -6.4726667404174805, -22.075700759887695, -28.54836654663086)
(-15.41080093383789, 7.692220211029053, 0.0, 0.0, 0.0, 0.0, 15.679617881774902, 1.6944656372070312, 0.0, 123.28640747070312, -61.53776168823242, 0.0, 1329, 1375, 1386, 1372, -45.79944610595703, 12.135540008544922, 0.0, -15.41080093383789, 7.692220211029053, 0.0, 21.277515411376953, -6.577829360961914, 14.699685096740723, -0.0, -6.776453018188477, -1.3165040016174316, -8.092957496643066)
(-12.348306655883789, 6.1943359375, 0.0, 0.0, 0.0, 0.0, 2.488778591156006, -2.1375954151153564, 0.0, 98.78645324707031, -49.5546875, 0.0, 1309, 1372, 1403, 1374, 18.927547454833984, -2.081841468811035, 0.0, -12.348306655883789, 6.1943359375, 0.0, 21.73270034790039, 1.6980032920837402, 23.43070411682129, -0.0, -7.016438007354736, -1.4848089218139648, -8.50124740600586)
(-11.534924507141113, 5.931297779083252, 0.0, 0.0, -1.0, 0.0, 14.412443161010742, 8.793702125549316, 0.0, 92.2793960571289, -55.450382232666016, 0.0, 1336, 1396, 1360, 1366, -3.6122798919677734, 11.473731994628906, 0.0, -11.534924507141113, 5.931297779083252, 0.0, 22.170907974243164, -8.515510559082031, 13.655397415161133, -0.0, -7.244840145111084, -9.345800399780273, -16.590641021728516)
(-9.319174766540527, 4.347097396850586, 0.0, -1.0, 0.0, 0.0, 0.8551908135414124, -1.0994274616241455, 0.0, 66.55339813232422, -34.77677917480469, 0.0, 1329, 1377, 1390, 1370, 3.7731761932373047, -15.181184768676758, 0.0, -9.319174766540527, 4.347097396850586, 0.0, 22.885927200317383, -5.87729024887085, 17.008638381958008, -0.0, -7.617901802062988, 0.7430309057235718, -6.874870777130127)
(-9.192719459533691, 3.9687352180480957, 0.0, 0.0, 0.0, 0.0, 2.015496253967285, -11.05362606048584, 0.0, 73.54175567626953, -31.749881744384766, 0.0, 1329, 1379, 1403, 1351, -23.347848892211914, -29.334280014038086, 0.0, -9.192719459533691, 3.9687352180480957, 0.0, 23.245769500732422, 2.2673583030700684, 25.513126373291016, -0.0, -7.7765703201293945, 8.000304222106934, 0.22373351454734802)
(-7.878885746002197, 4.558502197265625, 0.0, 0.0, 0.0, 0.0, -12.68679428100586, -30.397136688232422, 0.0, 63.03108596801758, -36.468017578125, 0.0, 1331, 1361, 1431, 1339, 28.33530616760254, 0.4034719467163086, 0.0, -7.878885746002197, 4.558502197265625, 0.0, 23.534128189086914, 7.192998886108398, 30.727127075195312, -0.0, -7.952545642852783, 23.478347778320312, 15.525801658630371)
(-7.856588840484619, 4.905801296234131, 0.0, 0.0, 0.0, 0.0, 6.366641044616699, -22.855152130126953, 0.0, 62.85271072387695, -39.24641036987305, 0.0, 1378, 1406, 1370, 1312, 16.23786735534668, 26.704797744750977, 0.0, -7.856588840484619, 4.905801296234131, 0.0, 23.844022750854492, -2.2475056648254395, 21.59651756286621, -0.0, -8.148656845092773, 15.427597999572754, 7.2789411544799805)
(-6.489861011505127, 4.440422534942627, 0.0, 0.0, 0.0, 0.0, -4.076107025146484, 25.87767219543457, 0.0, 51.918888092041016, -35.523380279541016, 0.0, 1275, 1379, 1408, 1400, -10.514211654663086, -7.662275314331055, 0.0, -6.489861011505127, 4.440422534942627, 0.0, 24.093833923339844, 3.910046339035034, 28.00387954711914, -0.0, -8.31456470489502, -15.678293228149414, -23.99285888671875)
(-6.134135723114014, 4.540144920349121, 0.0, -1.0, 0.0, 0.0, -5.511221408843994, -35.710113525390625, 0.0, 41.07308578491211, -36.32115936279297, 0.0, 1351, 1376, 1414, 1322, -38.323917388916016, 26.90140724182129, 0.0, -6.134135723114014, 4.540144920349121, 0.0, 24.32480239868164, 5.049736499786377, 29.37453842163086, -0.0, -8.495656967163086, 25.370882034301758, 16.875225067138672)
(-4.524774551391602, 4.0156965255737305, 0.0, 0.0, 0.0, 0.0, 9.267404556274414, 16.534160614013672, 0.0, 36.19819641113281, -32.125572204589844, 0.0, 1311, 1392, 1380, 1379, -5.972485065460205, 18.527536392211914, 0.0, -4.524774551391602, 4.0156965255737305, 0.0, 24.493751525878906, -4.099867820739746, 20.393884658813477, -0.0, -8.660486221313477, -11.214007377624512, -19.874492645263672)
(-3.896026849746704, 3.2471930980682373, 0.0, 0.0, 0.0, 0.0, 9.618549346923828, -22.473472595214844, 0.0, 31.168214797973633, -25.9775447845459, 0.0, 1345, 1365, 1401, 1351, -10.748414039611816, 2.64005708694458, 0.0, -3.896026849746704, 3.2471930980682373, 0.0, 24.63570785522461, -6.963546276092529, 17.672161102294922, -0.0, -8.776630401611328, 16.484634399414062, 7.708003520965576)
(-3.3410863876342773, 3.1774961948394775, 0.0, -1.0, 0.0, 0.0, 6.54984712600708, -6.9162211418151855, 0.0, 18.72869110107422, -25.41996955871582, 0.0, 1348, 1386, 1379, 1346, -40.780616760253906, -13.277379989624023, 0.0, -3.3410863876342773, 3.1774961948394775, 0.0, 24.76282501220703, -7.1230316162109375, 17.639793395996094, -0.0, -8.890584945678711, 7.705686092376709, -1.1848987340927124)
(-2.1456751823425293, 3.511909008026123, 0.0, 0.0, 0.0, 0.0, 6.839923858642578, 20.885305404663086, 0.0, 17.165401458740234, -28.095272064208984, 0.0, 1308, 1391, 1384, 1379, 59.000885009765625, 24.721147537231445, 0.0, -2.1456751823425293, 3.511909008026123, 0.0, 24.845256805419922, -2.606121778488159, 22.239133834838867, -0.0, -9.024079322814941, -10.469674110412598, -19.49375343322754)
(-2.05216646194458, 3.757077693939209, 0.0, -1.0, 0.0, 0.0, -6.350915908813477, 5.297519207000732, 0.0, 8.41733169555664, -30.056621551513672, 0.0, 1323, 1393, 1388, 1359, 23.86473274230957, 11.625833511352539, 0.0, -2.05216646194458, 3.757077693939209, 0.0, 24.919981002807617, -0.31654414534568787, 24.603435516357422, -0.0, -9.178264617919922, -1.1615474224090576, -10.339811325073242)
(-2.401975631713867, 3.5653727054595947, 0.0, 0.0, 0.0, 0.0, -11.312747955322266, -22.091793060302734, 0.0, 19.215805053710938, -28.522981643676758, 0.0, 1322, 1383, 1417, 1339, -73.91157531738281, -5.184566020965576, 0.0, -2.401975631713867, 3.5653727054595947, 0.0, 25.003538131713867, 9.759736061096191, 34.763275146484375, -0.0, -9.298260688781738, 13.624567985534668, 4.32630729675293)
(-3.402705669403076, 4.2272772789001465, 0.0, 0.0, 0.0, 0.0, -17.083740234375, -15.984923362731934, 0.0, 27.22164535522461, -33.81821823120117, 0.0, 1323, 1385, 1418, 1336, -19.872806549072266, -15.590801239013672, 0.0, -3.402705669403076, 4.2272772789001465, 0.0, 25.11931800842285, 10.634956359863281, 35.754276275634766, -0.0, -9.456047058105469, 14.451155662536621, 4.9951090812683105)
(-2.621288537979126, 4.164258003234863, 0.0, 0.0, 0.0, 0.0, 7.588015079498291, -12.534542083740234, 0.0, 20.970308303833008, -33.314064025878906, 0.0, 1369, 1423, 1352, 1318, 21.984880447387695, 13.216875076293945, 0.0, -2.621288537979126, 4.164258003234863, 0.0, 25.221054077148438, -3.067875862121582, 22.153179168701172, -0.0, -9.63294506072998, 4.657459259033203, -4.975485801696777)
(-2.1506710052490234, 3.099015474319458, 0.0, 0.0, 0.0, 0.0, -13.404351234436035, 0.915839672088623, 0.0, 17.205368041992188, -24.792123794555664, 0.0, 1290, 1373, 1422, 1377, -24.683143615722656, 36.228858947753906, 0.0, -2.1506710052490234, 3.099015474319458, 0.0, 25.287500381469727, 6.6068644523620605, 31.894365310668945, -0.0, -9.762325286865234, 0.3758324086666107, -9.386492729187012)
(-3.0112602710723877, 4.184322357177734, 0.0, 0.0, 0.0, 0.0, 8.610916137695312, 28.625762939453125, 0.0, 24.0900821685791, -33.474578857421875, 0.0, 1323, 1414, 1351, 1374, -26.730226516723633, -33.81678009033203, 0.0, -3.0112602710723877, 4.184322357177734, 0.0, 25.3978214263916, -8.336113929748535, 17.061708450317383, -0.0, -9.917064666748047, -18.8787899017334, -28.795854568481445)
(-1.8480184078216553, 3.481977939605713, 0.0, 0.0, 0.0, 0.0, 9.679617881774902, 11.52652645111084, 0.0, 14.784147262573242, -27.855823516845703, 0.0, 1323, 1400, 1375, 1363, -13.41005802154541, 1.0246920585632324, 0.0, -1.8480184078216553, 3.481977939605713, 0.0, 25.481996536254883, -3.3072707653045654, 22.174726486206055, -0.0, -10.078095436096191, -6.0937819480896, -16.171876907348633)
(-1.8882871866226196, 3.0422918796539307, 0.0, 0.0, 0.0, 0.0, 2.5345802307128906, 9.114313125610352, 0.0, 15.106297492980957, -24.338335037231445, 0.0, 1284, 1358, 1417, 1403, -26.5213565826416, 27.33194351196289, 0.0, -1.8882871866226196, 3.0422918796539307, 0.0, 25.55101776123047, -3.8037219047546387, 21.747295379638672, -0.0, -10.207405090332031, -4.997690200805664, -15.205095291137695)
(-1.166466474533081, 3.055325508117676, 0.0, 0.0, 0.0, 0.0, 15.649084091186523, -6.794084072113037, 0.0, 9.331731796264648, -24.442604064941406, 0.0, 1336, 1383, 1384, 1359, 21.953767776489258, 17.811147689819336, 0.0, -1.166466474533081, 3.055325508117676, -0.0, 25.594247817993164, -7.599757194519043, 17.994491577148438, -0.0, -10.327563285827637, 4.759692668914795, -5.567870616912842)
(-1.367214560508728, 2.6213672161102295, 0.0, 0.0, 0.0, 0.0, 3.2216031551361084, 17.312786102294922, 0.0, 10.937716484069824, -20.970937728881836, 0.0, 1317, 1399, 1377, 1369, 23.281599044799805, -4.817155838012695, 0.0, -1.367214560508728, 2.6213672161102295, 0.0, 25.639013290405273, -2.8545920848846436, 22.784421920776367, -0.0, -10.426412582397461, -8.061070442199707, -18.48748207092285)
(-0.831964373588562, 3.4978749752044678, 0.0, 0.0, 0.0, 0.0, -0.9921374320983887, 28.5799617767334, 0.0, 6.655714988708496, -27.982999801635742, 0.0, 1324, 1434, 1353, 1350, 11.219742774963379, -9.077170372009277, 0.0, -0.831964373588562, 3.4978749752044678, 0.0, 25.670984268188477, 2.480780601501465, 28.151763916015625, -0.0, -10.567408561706543, -16.21031951904297, -26.777729034423828)
(0.24250268936157227, 3.9472408294677734, 0.0, 0.0, 0.0, 0.0, 11.832289695739746, -19.450572967529297, 0.0, -1.9400215148925781, -31.577926635742188, 0.0, 1342, 1374, 1395, 1347, 7.786166191101074, 17.585317611694336, 0.0, 0.24250268936157227, 3.9472408294677734, -0.0, 25.667160034179688, -5.598026752471924, 20.069133758544922, -0.0, -10.720129013061523, 14.617175102233887, 3.897045850753784)
(0.1583303064107895, 4.702664375305176, 0.0, 0.0, 0.0, 0.0, 4.473511219024658, 44.21355056762695, 0.0, -1.266642451286316, -37.621315002441406, 0.0, 1294, 1419, 1352, 1393, 21.126623153686523, -24.35689353942871, 0.0, 0.1583303064107895, 4.702664375305176, -0.0, 25.648962020874023, -4.536190032958984, 21.11277198791504, -0.0, -10.905747413635254, -30.406309127807617, -41.31205749511719)
(1.440845012664795, 4.458804607391357, 0.0, 0.0, 0.0, 0.0, 7.939160346984863, -13.954389572143555, 0.0, -11.52676010131836, -35.67043685913086, 0.0, 1344, 1392, 1384, 1342, 6.4532036781311035, -3.7708282470703125, 0.0, 1.440845012664795, 4.458804607391357, -0.0, 25.602392196655273, -3.1623709201812744, 22.440021514892578, -0.0, -11.0897216796875, 9.710705757141113, -1.3790154457092285)
(0.48015540838241577, 5.129122257232666, 0.0, 0.0, 0.0, 0.0, -8.625724792480469, 9.297518730163574, 0.0, -3.841243267059326, -41.03297805786133, 0.0, 1332, 1411, 1377, 1343, 2.0862889289855957, -25.265989303588867, 0.0, 0.48015540838241577, 5.129122257232666, 0.0, 25.57965850830078, 2.6629552841186523, 28.242612838745117, -0.0, -11.28863525390625, 0.12638384103775024, -11.162251472473145)
(-0.30838751792907715, 4.3255228996276855, 0.0, 0.0, 0.0, 0.0, -0.06083969399333, -3.939122200012207, 0.0, 2.467100143432617, -34.604183197021484, 0.0, 1342, 1415, 1370, 1340, 27.580663681030273, -8.254230499267578, 0.0, -0.30838751792907715, 4.3255228996276855, 0.0, 25.606420516967773, 0.19490739703178406, 25.801328659057617, -0.0, -11.469841003417969, 0.6821759939193726, -10.787665367126465)
(-0.6915037631988525, 2.856684684753418, 0.0, 0.0, 0.0, 0.0, -15.587556838989258, -10.96202278137207, 0.0, 5.53203010559082, -22.853477478027344, 0.0, 1280, 1358, 1440, 1384, -14.667509078979492, -25.465723037719727, 0.0, -0.6915037631988525, 2.856684684753418, 0.0, 25.61819839477539, 7.89234733581543, 33.51054382324219, -0.0, -11.565781593322754, 6.459464073181152, -5.106317043304443)
(-1.1238737106323242, 2.2479968070983887, 0.0, 0.0, 0.0, 0.0, 2.0002291202545166, 24.06087875366211, 0.0, 8.990989685058594, -17.98397445678711, 0.0, 1311, 1416, 1361, 1374, 0.7813419103622437, -13.532185554504395, 0.0, -1.1238737106323242, 2.2479968070983887, 0.0, 25.662206649780273, -2.520951747894287, 23.141254425048828, -0.0, -11.660918235778809, -17.590852737426758, -29.25177001953125)
(-0.43124493956565857, 2.9890754222869873, 0.0, 0.0, 0.0, 0.0, -3.0074045658111572, 13.770801544189453, 0.0, 3.4499595165252686, -23.9126033782959, 0.0, 1299, 1396, 1393, 1373, -29.44212532043457, -19.57658576965332, 0.0, -0.43124493956565857, 2.9890754222869873, 0.0, 25.69080352783203, 3.7253775596618652, 29.416181564331055, -0.0, -11.784748077392578, -7.434393882751465, -19.21914291381836)
(5.1815996170043945, 4.265071868896484, 0.0, 0.0, 0.0, 0.0, 38.53458023071289, 5.877671718597412, 0.0, -41.452796936035156, -34.120574951171875, 0.0, 1356, 1417, 1351, 1338, 2.6725616455078125, -8.912211418151855, 0.0, 5.1815996170043945, 4.265071868896484, -0.0, 25.513635635375977, -6.936234951019287, 18.57740020751953, -0.0, -11.958919525146484, -0.04996804893016815, -12.00888729095459)
(14.824859619140625, 5.107595920562744, 0.0, 0.0, 0.0, 0.0, 35.75595474243164, 0.6257633566856384, 0.0, -118.598876953125, -40.86076736450195, 0.0, 1313, 1377, 1403, 1369, 11.747998237609863, 72.56400299072266, 0.0, 14.824859619140625, 5.107595920562744, -0.0, 24.933738708496094, -0.5318968892097473, 24.401840209960938, -0.0, -12.159213066101074, 4.855898857116699, -7.303313732147217)
(22.54575538635254, 10.521500587463379, 0.0, 0.0, 0.0, 0.0, 12.763587951660156, 37.465457916259766, 0.0, -180.3660430908203, -84.17200469970703, 0.0, 1280, 1374, 1407, 1396, 7.3879523277282715, 19.02039337158203, 0.0, 22.54575538635254, 10.521500587463379, -0.0, 24.042739868164062, 2.2026093006134033, 26.24534797668457, -0.0, -12.565085411071777, -8.011053085327148, -20.576139450073242)
(22.907556533813477, 14.654131889343262, 0.0, 0.0, 0.0, 0.0, 14.641449928283691, 20.97690773010254, 0.0, -183.2604522705078, -117.2330551147461, 0.0, 1336, 1408, 1348, 1370, 58.93183517456055, -3.4513392448425293, 0.0, 22.907556533813477, 14.654131889343262, -0.0, 23.174230575561523, -10.850075721740723, 12.3241548538208, -0.0, -13.14836311340332, -10.399754524230957, -23.548118591308594)
(23.438270568847656, 16.303232192993164, 0.0, 0.0, 0.0, 0.0, -6.518855094909668, 23.862403869628906, 0.0, -187.50616455078125, -130.4258575439453, 0.0, 1288, 1397, 1392, 1385, 35.790557861328125, 22.75077247619629, 0.0, 23.438270568847656, 16.303232192993164, -0.0, 22.2851619720459, 6.8686442375183105, 29.153804779052734, -0.0, -13.781652450561523, -11.609174728393555, -25.390827178955078)
(21.612768173217773, 15.779975891113281, 0.0, 0.0, 0.0, 0.0, -17.221145629882812, 29.144847869873047, 0.0, -172.9021453857422, -126.23980712890625, 0.0, 1248, 1364, 1417, 1433, 39.234947204589844, 6.5815324783325195, 0.0, 21.612768173217773, 15.779975891113281, -0.0, 21.457477569580078, 3.8395333290100098, 25.297012329101562, -0.0, -14.380546569824219, -18.48798179626465, -32.868526458740234)
(18.832984924316406, 15.42911148071289, 0.0, 0.0, 0.0, 0.0, -15.129542350769043, 32.5494270324707, 0.0, -150.66387939453125, -123.43289184570312, 0.0, 1255, 1386, 1399, 1422, -1.4794657230377197, 22.075483322143555, 0.0, 18.832984924316406, 15.42911148071289, -0.0, 20.75632095336914, 6.144752025604248, 26.901073455810547, -0.0, -14.976905822753906, -23.62725257873535, -38.60416030883789)
(17.157197952270508, 15.727635383605957, 0.0, 0.0, 0.0, 0.0, -9.221144676208496, -38.198665618896484, 0.0, -137.25758361816406, -125.82108306884766, 0.0, 1329, 1357, 1426, 1351, 16.631149291992188, 19.309091567993164, 0.0, 17.157197952270508, 15.727635383605957, -0.0, 20.119138717651367, 5.46319580078125, 25.582334518432617, -0.0, -15.588168144226074, 27.24909210205078, 11.660923957824707)
(16.68406105041504, 14.940993309020996, 0.0, 0.0, 0.0, 0.0, -11.053206443786621, -8.916221618652344, 0.0, -133.4724884033203, -119.52794647216797, 0.0, 1294, 1372, 1411, 1385, -16.846338272094727, -45.556034088134766, 0.0, 16.68406105041504, 14.940993309020996, -0.0, 19.493677139282227, 6.3811726570129395, 25.874849319458008, -0.0, -16.17909049987793, 3.11688232421875, -13.06220817565918)
(17.021638870239258, 14.26133918762207, 0.0, 0.0, 0.0, 0.0, 20.244503021240234, -29.52690887451172, 0.0, -136.17311096191406, -114.09071350097656, 0.0, 1346, 1356, 1391, 1370, 13.482893943786621, 10.12855052947998, 0.0, 17.021638870239258, 14.26133918762207, -0.0, 18.84613609313965, -11.067005157470703, 7.779130935668945, -0.0, -16.736268997192383, 19.532987594604492, 2.7967188358306885)
(17.160478591918945, 13.826122283935547, 0.0, 0.0, 0.0, 0.0, -7.129541873931885, -4.687213897705078, 0.0, -137.28382873535156, -110.60897827148438, 0.0, 1318, 1387, 1384, 1374, 32.49970245361328, 12.901115417480469, 0.0, 17.160478591918945, 13.826122283935547, -0.0, 18.205625534057617, 1.455153465270996, 19.660778045654297, -0.0, -17.265193939208984, 2.6322460174560547, -14.63294792175293)
(17.242464065551758, 12.284302711486816, 0.0, 0.0, 0.0, 0.0, 12.04603099822998, -20.336069107055664, 0.0, -137.93971252441406, -98.27442169189453, 0.0, 1344, 1389, 1367, 1362, 2.921691656112671, -23.34544563293457, 0.0, 17.242464065551758, 12.284302711486816, -0.0, 17.5775203704834, -5.30336856842041, 12.274150848388672, -0.0, -17.747793197631836, 7.646098613739014, -10.101694107055664)
(19.093992233276367, 8.390925407409668, 0.0, 0.0, 0.0, 0.0, -2.702061176300049, -22.519275665283203, 0.0, -152.75193786621094, -67.12740325927734, 0.0, 1380, 1449, 1321, 1312, 31.438255310058594, 51.17457962036133, 0.0, 19.093992233276367, 8.390925407409668, -0.0, 16.849050521850586, 2.6801443099975586, 19.529193878173828, -0.0, -18.082246780395508, 2.9515957832336426, -15.130650520324707)
(18.4935359954834, 7.88822603225708, 0.0, 0.0, 0.0, 0.0, 9.939160346984863, 19.587594985961914, 0.0, -147.9482879638672, -63.10580825805664, 0.0, 1266, 1340, 1413, 1443, 36.92378616333008, 0.8068733215332031, 0.0, 18.4935359954834, 7.88822603225708, -0.0, 16.165019989013672, -5.090540885925293, 11.074480056762695, -0.0, -18.3583984375, -7.767126083374023, -26.125524520874023)
(14.574198722839355, 8.717280387878418, 0.0, 0.0, 0.0, 0.0, -13.144808769226074, -2.733015298843384, 0.0, -116.59358978271484, -69.73824310302734, 0.0, 1327, 1386, 1366, 1383, 20.8629093170166, 45.97686767578125, 0.0, 14.574198722839355, 8.717280387878418, -0.0, 15.596660614013672, -4.960702896118164, 10.635957717895508, -0.0, -18.712425231933594, -0.3195578455924988, -19.031982421875)
(13.815608024597168, 6.821287631988525, 0.0, 0.0, 0.0, 0.0, -5.190610885620117, -3.0230915546417236, 0.0, -110.52486419677734, -54.5703010559082, 0.0, 1278, 1343, 1420, 1421, -8.809093475341797, -8.652649879455566, 0.0, 13.815608024597168, 6.821287631988525, -0.0, 15.093240737915039, 1.056003212928772, 16.14924430847168, -0.0, -18.95740509033203, 2.2938108444213867, -16.663593292236328)
(11.7218599319458, 6.540940284729004, 0.0, 0.0, 0.0, 0.0, -2.4577863216400146, -4.855152606964111, 0.0, -93.7748794555664, -52.32752227783203, 0.0, 1322, 1378, 1379, 1383, 25.495349884033203, -12.865257263183594, 0.0, 11.7218599319458, 6.540940284729004, -0.0, 14.659454345703125, -1.5611745119094849, 13.09827995300293, -0.0, -19.222139358520508, 4.2777323722839355, -14.944406509399414)
(11.313066482543945, 5.42856502532959, 0.0, 0.0, 0.0, 0.0, -13.816564559936523, 2.625763416290283, 0.0, -90.50453186035156, -43.42852020263672, 0.0, 1322, 1408, 1365, 1366, 32.05738830566406, -8.663328170776367, 0.0, 11.313066482543945, 5.42856502532959, -0.0, 14.248668670654297, 7.146029472351074, 21.394697189331055, -0.0, -19.435747146606445, -2.3518424034118652, -21.78759002685547)
(9.437320709228516, 4.663994312286377, 0.0, 0.0, 0.0, 0.0, -4.702061176300049, -3.2368321418762207, 0.0, -75.49856567382812, -37.311954498291016, 0.0, 1316, 1372, 1386, 1392, -12.370997428894043, -30.434206008911133, 0.0, 9.437320709228516, 4.663994312286377, -0.0, 13.887813568115234, -1.3889046907424927, 12.498908996582031, -0.0, -19.620317459106445, 4.2793498039245605, -15.340968132019043)
(9.166131019592285, 4.624392032623291, 0.0, 0.0, 0.0, 0.0, 4.168168067932129, 7.419656276702881, 0.0, -73.32904815673828, -36.99513626098633, 0.0, 1310, 1383, 1369, 1401, -2.050123691558838, -17.802581787109375, 0.0, 9.166131019592285, 4.624392032623291, -0.0, 13.555994033813477, -3.5444016456604004, 10.011591911315918, -0.0, -19.805875778198242, -6.254110813140869, -26.059988021850586)
(8.708415985107422, 4.293051242828369, 0.0, 0.0, 0.0, 0.0, -16.76313018798828, -37.58797836303711, 0.0, -69.66732788085938, -34.34440994262695, 0.0, 1339, 1384, 1399, 1341, 39.056095123291016, 5.086191177368164, 0.0, 8.708415985107422, 4.293051242828369, -0.0, 13.233875274658203, 12.494868278503418, 25.728744506835938, 0.0, -19.980571746826172, 23.369953155517578, 3.389381170272827)
(9.37960433959961, 3.867340326309204, 0.0, 0.0, 0.0, 0.0, -6.381450176239014, -7.649045944213867, 0.0, -75.03683471679688, -30.938722610473633, 0.0, 1319, 1386, 1384, 1376, -20.727317810058594, 27.106197357177734, 0.0, 9.37960433959961, 3.867340326309204, -0.0, 12.87199592590332, 5.779174327850342, 18.65117073059082, -0.0, -20.134267807006836, 5.510272026062012, -14.623995780944824)
(8.571105003356934, 2.948394298553467, 0.0, 0.0, 0.0, 0.0, -0.182977095246315, 0.21354961395263672, 0.0, -68.56884002685547, -23.587154388427734, 0.0, 1329, 1391, 1358, 1384, 3.161248207092285, 5.52064323425293, 0.0, 8.571105003356934, 2.948394298553467, -0.0, 12.544598579406738, -3.614358425140381, 8.9302396774292, -0.0, -20.24635124206543, -1.7008529901504517, -21.94720458984375)
(6.7938127517700195, 2.846587896347046, 0.0, 0.0, 0.0, 0.0, -20.457786560058594, -25.557443618774414, 0.0, -54.350502014160156, -22.772703170776367, 0.0, 1350, 1405, 1374, 1333, -4.41041374206543, -38.40846252441406, 0.0, 6.7938127517700195, 2.846587896347046, -0.0, 12.294153213500977, 11.676802635192871, 23.97095489501953, 0.0, -20.360206604003906, 17.050395965576172, -3.309809684753418)
(5.322422504425049, 2.599522590637207, 0.0, 0.0, 0.0, 0.0, -4.442519187927246, 24.564695358276367, 0.0, -42.57938003540039, -20.796180725097656, 0.0, 1280, 1386, 1373, 1424, -20.243690490722656, -69.4779281616211, 0.0, 5.322422504425049, 2.599522590637207, -0.0, 12.096213340759277, 1.5331767797470093, 13.629389762878418, -0.0, -20.476173400878906, -18.727636337280273, -39.20381164550781)
(6.071132659912109, 1.5045527219772339, 0.0, 0.0, 0.0, 0.0, 3.420076370239258, -5.725381851196289, 0.0, -48.569061279296875, -12.036421775817871, 0.0, 1320, 1374, 1379, 1389, 3.968555450439453, 9.838174819946289, 0.0, 6.071132659912109, 1.5045527219772339, -0.0, 11.88427734375, -0.7652863264083862, 11.118990898132324, -0.0, -20.5527400970459, 4.553413391113281, -15.9993257522583)
(5.556075572967529, 2.0290486812591553, 0.0, 0.0, 0.0, 0.0, -5.572289943695068, -4.702480792999268, 0.0, -44.448604583740234, -16.232389450073242, 0.0, 1315, 1363, 1387, 1397, -12.783608436584473, -29.84085464477539, 0.0, 5.556075572967529, 2.0290486812591553, -0.0, 11.681021690368652, -1.9790513515472412, 9.701970100402832, -0.0, -20.62335205078125, 6.225275039672852, -14.398077011108398)
(2.975614547729492, 3.5993664264678955, 0.0, 0.0, 0.0, 0.0, 1.267404556274414, 17.938739776611328, 0.0, -23.804916381835938, -28.794931411743164, 0.0, 1310, 1385, 1362, 1406, -67.00798797607422, 13.832958221435547, 0.0, 2.975614547729492, 3.5993664264678955, -0.0, 11.572697639465332, -3.894991159439087, 7.677706718444824, -0.0, -20.763948440551758, -9.143295288085938, -29.907243728637695)
(1.9352571964263916, 3.9849162101745605, 0.0, 0.0, 0.0, 0.0, -21.633358001708984, 20.686832427978516, 0.0, -15.482057571411133, -31.879329681396484, 0.0, 1311, 1420, 1352, 1378, -11.885316848754883, 15.989446640014648, 0.0, 1.9352571964263916, 3.9849162101745605, 0.0, 11.500061988830566, 9.131693840026855, 20.631755828857422, -0.0, -20.9182071685791, -12.944631576538086, -33.86283874511719)
(-0.8046736717224121, 3.931006908416748, 0.0, 0.0, 0.0, 0.0, -6.4577860832214355, 10.992175102233887, 0.0, 6.437389373779297, -31.448055267333984, 0.0, 1340, 1423, 1331, 1368, -22.228635787963867, -11.320535659790039, 0.0, -0.8046736717224121, 3.931006908416748, 0.0, 11.539217948913574, 0.0360560268163681, 11.575273513793945, -0.0, -21.06525421142578, -8.899147033691406, -29.964401245117188)
(-0.1071762889623642, 2.181760549545288, 0.0, 0.0, 0.0, 0.0, 6.946794033050537, -55.06889343261719, 0.0, 0.8574103116989136, -17.454084396362305, 0.0, 1356, 1360, 1396, 1350, 22.840566635131836, -16.918800354003906, 0.0, -0.1071762889623642, 2.181760549545288, -0.0, 11.551957130432129, 0.750632643699646, 12.302589416503906, 0.0, -21.164934158325195, 31.589181900024414, 10.424247741699219)
(-1.1067960262298584, 2.606626272201538, 0.0, 0.0, 0.0, 0.0, -14.060839653015137, 2.671564817428589, 0.0, 8.854368209838867, -20.853010177612305, 0.0, 1317, 1387, 1374, 1385, 13.749238967895508, 52.300846099853516, 0.0, -1.1067960262298584, 2.606626272201538, 0.0, 11.56988525390625, 3.308943510055542, 14.878829002380371, -0.0, -21.26163101196289, 0.9154947400093079, -20.34613609313965)
(-2.90159273147583, 2.556903839111328, 0.0, 0.0, 0.0, 0.0, -15.251679420471191, -2.7482824325561523, 0.0, 23.21274185180664, -20.455230712890625, 0.0, 1313, 1390, 1379, 1381, 21.719215393066406, -17.34314727783203, 0.0, -2.90159273147583, 2.556903839111328, 0.0, 11.700699806213379, 6.923091411590576, 18.623790740966797, -0.0, -21.36078643798828, 1.448417067527771, -19.912368774414062)
(-3.233574390411377, 2.199223756790161, 0.0, 0.0, 0.0, 0.0, -0.6257252097129822, 10.671565055847168, 0.0, 25.868595123291016, -17.59379005432129, 0.0, 1315, 1408, 1348, 1391, -14.627254486083984, 7.999704360961914, 0.0, -3.233574390411377, 2.199223756790161, 0.0, 11.837181091308594, 0.4380876421928406, 12.275269508361816, -0.0, -21.460708618164062, -12.721702575683594, -34.182411193847656)
(-3.8025665283203125, 0.6566766500473022, 0.0, 0.0, 0.0, 0.0, -3.6333587169647217, 7.266984939575195, 0.0, 30.4205322265625, -5.253413200378418, 0.0, 1341, 1410, 1343, 1369, 28.03776741027832, -42.8400764465332, 0.0, -3.8025665283203125, 0.6566766500473022, 0.0, 11.961259841918945, -1.1787792444229126, 10.782480239868164, -0.0, -21.46148109436035, -2.3682854175567627, -23.82976722717285)
(-0.3975611627101898, 1.0162315368652344, 0.0, 0.0, 0.0, 0.0, 24.442977905273438, -0.18339695036411285, 0.0, 3.1804893016815186, -8.129852294921875, 0.0, 1310, 1359, 1383, 1410, 0.43758726119995117, 5.617415428161621, 0.0, -0.3975611627101898, 1.0162315368652344, -0.0, 11.986499786376953, -6.358631134033203, 5.627869129180908, -0.0, -21.499956130981445, 2.4026803970336914, -19.097274780273438)
(1.4866688251495361, 2.28208589553833, 0.0, 0.0, 0.0, 0.0, 0.73305344581604, 0.10667938739061356, 0.0, -11.893350601196289, -18.25668716430664, 0.0, 1309, 1370, 1383, 1401, 29.15803337097168, -8.41811466217041, 0.0, 1.4866688251495361, 2.28208589553833, -0.0, 11.914617538452148, -0.9917314648628235, 10.922886848449707, -0.0, -21.59949493408203, 1.921176552772522, -19.67831802368164)
(-0.03535419702529907, 3.4902586936950684, 0.0, 0.0, 0.0, 0.0, 2.0002291202545166, 13.03797721862793, 0.0, 0.2828335762023926, -27.922069549560547, 0.0, 1329, 1391, 1351, 1390, 36.35279846191406, 48.925865173339844, 0.0, -0.03535419702529907, 3.4902586936950684, -0.0, 11.911385536193848, -5.985105991363525, 5.926279067993164, -0.0, -21.72665786743164, -3.4448535442352295, -25.171510696411133)
(0.31783390045166016, 3.675713539123535, 0.0, 0.0, 0.0, 0.0, 17.542213439941406, -2.931488513946533, 0.0, -2.5426712036132812, -29.40570831298828, 0.0, 1352, 1386, 1344, 1381, 34.48312759399414, -50.47707748413086, 0.0, 0.31783390045166016, 3.675713539123535, -0.0, 11.910449981689453, -12.856056213378906, -0.945605456829071, -0.0, -21.873811721801758, 4.056342601776123, -17.817468643188477)
(-1.2019333839416504, 2.8713011741638184, 0.0, 0.0, 0.0, 0.0, -6.350915908813477, 5.205915927886963, 0.0, 9.615467071533203, -22.970409393310547, 0.0, 1330, 1409, 1348, 1375, -48.76914596557617, 34.052188873291016, 0.0, -1.2019333839416504, 2.8713011741638184, 0.0, 11.942805290222168, 1.3581167459487915, 13.300922393798828, -0.0, -21.977357864379883, -4.479114055633545, -26.456472396850586)
(-0.7580200433731079, 1.5390071868896484, 0.0, 0.0, 0.0, 0.0, -17.037939071655273, 10.137213706970215, 0.0, 6.064160346984863, -12.312057495117188, 0.0, 1319, 1411, 1363, 1372, 8.519238471984863, 10.568367958068848, 0.0, -0.7580200433731079, 1.5390071868896484, 0.0, 11.975330352783203, 8.696739196777344, 20.672069549560547, -0.0, -22.034391403198242, -3.3096835613250732, -25.34407615661621)
(-3.1029703617095947, 1.8882033824920654, 0.0, 0.0, 0.0, 0.0, 6.244503974914551, -13.206297874450684, 0.0, 24.823762893676758, -15.105627059936523, 0.0, 1351, 1398, 1346, 1367, -32.462860107421875, -27.612661361694336, 0.0, -3.1029703617095947, 1.8882033824920654, 0.0, 12.100275993347168, -5.545144081115723, 6.555131912231445, -0.0, -22.123586654663086, 5.058349132537842, -17.065237045288086)
(-3.508779525756836, 2.0115408897399902, 0.0, 0.0, 0.0, 0.0, -4.442519187927246, -0.10706106573343277, 0.0, 28.070236206054688, -16.092327117919922, 0.0, 1323, 1388, 1371, 1380, -46.9475212097168, -16.882068634033203, 0.0, -3.508779525756836, 2.0115408897399902, 0.0, 12.227298736572266, 1.8003661632537842, 14.027665138244629, -0.0, -22.21246910095215, 3.772702693939209, -18.43976593017578)
(-4.410825729370117, 2.114088296890259, 0.0, 0.0, 0.0, 0.0, 7.8933587074279785, -17.007823944091797, 0.0, 35.28660583496094, -16.91270637512207, 0.0, 1320, 1362, 1384, 1396, -6.596479415893555, 32.44004440307617, 0.0, -4.410825729370117, 2.114088296890259, 0.0, 12.391656875610352, -5.060997009277344, 7.33065938949585, 0.0, -22.301713943481445, 8.884246826171875, -13.41746711730957)
(-4.758944511413574, 1.5893723964691162, 0.0, 0.0, 0.0, 0.0, -26.96160316467285, -15.557442665100098, 0.0, 38.071556091308594, -12.71497917175293, 0.0, 1297, 1377, 1409, 1378, -59.52431106567383, -32.28852081298828, 0.0, -4.758944511413574, 1.5893723964691162, 0.0, 12.568129539489746, 15.030986785888672, 27.5991153717041, 0.0, -22.369888305664062, 10.01942253112793, -12.350464820861816)
(-7.181693077087402, -0.6906213164329529, 0.0, 0.0, 0.0, 0.0, -6.198244094848633, 32.50362777709961, 0.0, 57.45354461669922, 5.524970531463623, 0.0, 1282, 1411, 1345, 1424, -15.500556945800781, -19.63153076171875, 0.0, -7.181693077087402, -0.6906213164329529, 0.0, 12.833303451538086, -0.3942056894302368, 12.43909740447998, -0.0, -22.360977172851562, -29.63037872314453, -51.991355895996094)
(-7.42703104019165, 0.3372895121574402, 0.0, 0.0, 0.0, 0.0, 7.7864885330200195, 15.221182823181152, 0.0, 59.4162483215332, -2.6983160972595215, 0.0, 1330, 1406, 1346, 1379, -16.96573829650879, -34.35368347167969, 0.0, -7.42703104019165, 0.3372895121574402, 0.0, 13.132412910461426, -2.4473657608032227, 10.685047149658203, -0.0, -22.36638832092285, -4.841491222381592, -27.2078800201416)
(-6.635979175567627, 2.539534568786621, 0.0, 0.0, 0.0, 0.0, 4.794122219085693, 13.373854637145996, 0.0, 53.087833404541016, -20.31627655029297, 0.0, 1330, 1395, 1352, 1384, 47.35912322998047, 35.567718505859375, 0.0, -6.635979175567627, 2.539534568786621, 0.0, 13.378931045532227, -4.967329025268555, 8.411602020263672, -0.0, -22.47220230102539, -2.0047085285186768, -24.476911544799805)
(-8.218179702758789, 4.331511497497559, 0.0, 0.0, 0.0, 0.0, 3.0383968353271484, 10.320420265197754, 0.0, 65.74543762207031, -34.65209197998047, 0.0, 1326, 1390, 1355, 1391, -5.248563766479492, -11.753427505493164, 0.0, -8.218179702758789, 4.331511497497559, 0.0, 13.701162338256836, -6.681771278381348, 7.019391059875488, -0.0, -22.650075912475586, -2.5907585620880127, -25.240835189819336)
(-7.505594730377197, 4.694433212280273, 0.0, 0.0, 0.0, 0.0, 12.168168067932129, 8.45782470703125, 0.0, 60.04475784301758, -37.55546569824219, 0.0, 1287, 1357, 1391, 1428, -0.26360321044921875, -19.589611053466797, 0.0, -7.505594730377197, 4.694433212280273, 0.0, 13.994118690490723, -5.829315185546875, 8.164803504943848, -0.0, -22.82208251953125, -3.8779547214508057, -26.700037002563477)
(-6.989186763763428, 5.2693328857421875, 0.0, 0.0, 0.0, 0.0, -2.198244333267212, -3.9238550662994385, 0.0, 55.91349411010742, -42.1546630859375, 0.0, 1331, 1391, 1368, 1372, -23.14461898803711, 15.497621536254883, 0.0, -6.989186763763428, 5.2693328857421875, 0.0, 14.245911598205566, -0.10447341948747635, 14.141438484191895, -0.0, -23.028297424316406, 6.891468048095703, -16.136831283569336)
(-6.874440670013428, 4.686559677124023, 0.0, 0.0, 0.0, 0.0, 7.694885730743408, 3.663931369781494, 0.0, 54.99552536010742, -37.49247741699219, 0.0, 1341, 1411, 1339, 1372, 8.892440795898438, 19.437007904052734, 0.0, -6.874440670013428, 4.686559677124023, 0.0, 14.511404037475586, -5.471968173980713, 9.039435386657715, -0.0, -23.210403442382812, -2.6782376766204834, -25.888641357421875)
(-6.802837371826172, 2.2275428771972656, 0.0, 0.0, 0.0, 0.0, -3.4348855018615723, -45.22156524658203, 0.0, 54.422698974609375, -17.820343017578125, 0.0, 1322, 1360, 1408, 1372, 33.13177490234375, 2.8174004554748535, 0.0, -6.802837371826172, 2.2275428771972656, 0.0, 14.779239654541016, 3.8512625694274902, 18.630502700805664, 0.0, -23.31070327758789, 22.8201961517334, -0.4905078113079071)
(-4.818009376525879, 1.4169455766677856, 0.0, 0.0, 0.0, 0.0, 23.740686416625977, -1.8017175197601318, 0.0, 38.54407501220703, -11.335564613342285, 0.0, 1329, 1385, 1355, 1393, 15.541359901428223, -15.768486976623535, 0.0, -4.818009376525879, 1.4169455766677856, 0.0, 14.976716041564941, -10.317129135131836, 4.659587383270264, -0.0, -23.369707107543945, -0.16437555849552155, -23.534082412719727)
(-3.4630801677703857, 1.6712037324905396, 0.0, 0.0, 0.0, 0.0, 6.320839881896973, 8.824236869812012, 0.0, 27.704641342163086, -13.369629859924316, 0.0, 1314, 1395, 1360, 1393, 28.997753143310547, -29.342113494873047, 0.0, -3.4630801677703857, 1.6712037324905396, 0.0, 15.087711334228516, -3.130373239517212, 11.957338333129883, -0.0, -23.43067169189453, -5.1605916023254395, -28.591262817382812)
(-3.5391335487365723, 1.2310523986816406, 0.0, 0.0, 0.0, 0.0, -20.839466094970703, -10.626145362854004, 0.0, 28.313068389892578, -9.848419189453125, 0.0, 1309, 1391, 1385, 1377, 5.3260369300842285, -26.60057830810547, 0.0, -3.5391335487365723, 1.2310523986816406, 0.0, 15.213525772094727, 7.399823188781738, 22.61334800720215, 0.0, -23.497018814086914, 5.162182807922363, -18.334836959838867)
(-6.086245536804199, 0.9486018419265747, 0.0, 0.0, 0.0, 0.0, 9.481144905090332, 2.305152654647827, 0.0, 48.689964294433594, -7.588814735412598, 0.0, 1328, 1389, 1359, 1391, -2.8140058517456055, 23.23102569580078, 0.0, -6.086245536804199, 0.9486018419265747, 0.0, 15.462983131408691, -8.083606719970703, 7.379376411437988, -0.0, -23.536048889160156, 0.115045927464962, -23.421003341674805)
(-4.6565446853637695, 1.0341004133224487, 0.0, 0.0, 0.0, 0.0, 15.847557067871094, 4.915839672088623, 0.0, 37.252357482910156, -8.27280330657959, 0.0, 1322, 1395, 1355, 1389, -3.118966579437256, -2.2803714275360107, 0.0, -4.6565446853637695, 1.0341004133224487, 0.0, 15.646347999572754, -5.962759017944336, 9.683588981628418, -0.0, -23.57858657836914, -3.1871161460876465, -26.765703201293945)
(-2.5842020511627197, 2.1915369033813477, 0.0, 0.0, 0.0, 0.0, 16.320838928222656, 7.343320846557617, 0.0, 20.673616409301758, -17.53229522705078, 0.0, 1338, 1389, 1355, 1381, 0.3082308769226074, 21.123273849487305, 0.0, -2.5842020511627197, 2.1915369033813477, 0.0, 15.716712951660156, -9.456258773803711, 6.260453701019287, -0.0, -23.64288330078125, 4.365221977233887, -19.277660369873047)
(-2.3354201316833496, 4.451948165893555, 0.0, 0.0, 0.0, 0.0, -12.182976722717285, -29.28263282775879, 0.0, 18.683361053466797, -35.61558532714844, 0.0, 1322, 1381, 1399, 1365, 2.712620496749878, -16.897991180419922, 0.0, -2.3354201316833496, 4.451948165893555, 0.0, 15.801351547241211, 7.5094804763793945, 23.31083106994629, -0.0, -23.834701538085938, 17.436800003051758, -6.397902965545654)
(-1.7875920534133911, 4.153553009033203, 0.0, 0.0, 0.0, 0.0, 10.519312858581543, 11.938740730285645, 0.0, 14.300736427307129, -33.228424072265625, 0.0, 1298, 1379, 1368, 1417, 11.97188663482666, 32.84809112548828, 0.0, -1.7875920534133911, 4.153553009033203, 0.0, 15.882842063903809, -7.919719696044922, 7.9631218910217285, -0.0, -24.01018714904785, -8.285199165344238, -32.295387268066406)
(-2.3001327514648438, 4.145641326904297, 0.0, 0.0, 0.0, 0.0, -11.862366676330566, -7.221564769744873, 0.0, 18.40106201171875, -33.165130615234375, 0.0, 1328, 1420, 1361, 1353, 57.02770233154297, 9.650613784790039, 0.0, -2.3001327514648438, 4.145641326904297, 0.0, 15.977583885192871, 8.923521041870117, 24.901105880737305, -0.0, -24.16754150390625, 3.5113022327423096, -20.656238555908203)
(-1.2598100900650024, 2.256606101989746, 0.0, 0.0, 0.0, 0.0, -10.579923629760742, -18.427671432495117, 0.0, 10.07848072052002, -18.05284881591797, 0.0, 1304, 1376, 1401, 1380, -36.93934631347656, -2.334350109100342, 0.0, -1.2598100900650024, 2.256606101989746, 0.0, 16.01757049560547, 7.085737228393555, 23.103307723999023, 0.0, -24.255905151367188, 11.409699440002441, -12.846205711364746)
(-3.0472817420959473, 3.203697919845581, 0.0, 0.0, 0.0, 0.0, 5.343740463256836, -5.3895039558410645, 0.0, 24.378253936767578, -25.62958335876465, 0.0, 1348, 1412, 1341, 1361, 27.0982666015625, -4.202198505401611, 0.0, -3.0472817420959473, 3.203697919845581, 0.0, 16.131418228149414, -5.133841037750244, 10.997577667236328, -0.0, -24.391498565673828, 3.5137457847595215, -20.87775421142578)
(-1.4045666456222534, 2.675501585006714, 0.0, 0.0, 0.0, 0.0, -6.778397083282471, 1.8624045848846436, 0.0, 11.236533164978027, -21.40401268005371, 0.0, 1312, 1414, 1367, 1370, 16.762157440185547, 9.992384910583496, 0.0, -1.4045666456222534, 2.675501585006714, 0.0, 16.19156265258789, 8.504434585571289, 24.69599723815918, -0.0, -24.491558074951172, -1.9380598068237305, -26.429616928100586)
(-1.7558958530426025, 3.3685522079467773, 0.0, 0.0, 0.0, 0.0, -8.88526725769043, 0.8853053450584412, 0.0, 14.04716682434082, -26.94841766357422, 0.0, 1285, 1383, 1390, 1404, 0.1757735013961792, 59.110313415527344, 0.0, -1.7558958530426025, 3.3685522079467773, 0.0, 16.259563446044922, 4.77058219909668, 21.0301456451416, -0.0, -24.6221923828125, -3.1786258220672607, -27.800817489624023)
(-2.600818634033203, 3.9469547271728516, 0.0, 0.0, 0.0, 0.0, -2.7783968448638916, 27.99980926513672, 0.0, 20.806549072265625, -31.575637817382812, 0.0, 1293, 1401, 1357, 1410, -9.164726257324219, 24.637605667114258, 0.0, -2.600818634033203, 3.9469547271728516, 0.0, 16.3631534576416, -2.814479351043701, 13.548673629760742, -0.0, -24.774015426635742, -15.359580993652344, -40.13359832763672)
(-2.240562677383423, 5.482250690460205, 0.0, 0.0, 0.0, 0.0, 6.64145040512085, 17.09904670715332, 0.0, 17.924501419067383, -43.85800552368164, 0.0, 1282, 1388, 1386, 1406, -35.64881896972656, 16.017208099365234, 0.0, -2.240562677383423, 5.482250690460205, 0.0, 16.459867477416992, 4.912059783935547, 21.37192726135254, -0.0, -24.9836483001709, -6.380230903625488, -31.36387825012207)
(-8.475646018981934, 5.748772621154785, 0.0, 0.0, 0.0, 0.0, -100.36618041992188, -5.679580211639404, 0.0, 67.80516815185547, -45.99018096923828, 0.0, 1183, 1284, 1510, 1485, 7.162292003631592, -4.623557090759277, 0.0, -8.475646018981934, 5.748772621154785, 0.0, 16.666990280151367, 14.607266426086426, 31.274255752563477, -0.0, -25.212501525878906, 6.027907848358154, -19.184595108032227)
(-21.326061248779297, 7.0725626945495605, 0.0, 0.0, 0.0, 0.0, 70.82465362548828, 7.679198265075684, 0.0, 170.60848999023438, -56.580501556396484, 0.0, 1329, 1366, 1353, 1414, -70.56620025634766, -2.0380613803863525, 0.0, -21.326061248779297, 7.0725626945495605, 0.0, 17.701751708984375, -23.275619506835938, -5.573868274688721, -0.0, -25.475435256958008, 0.9937503933906555, -24.4816837310791)
(-5.775460720062256, 6.963156223297119, 0.0, 0.0, 0.0, 0.0, 49.64908218383789, -52.916221618652344, 0.0, 46.20368576049805, -55.70524978637695, 0.0, 1491, 1490, 1249, 1232, -0.7910962104797363, 24.719877243041992, 0.0, -5.775460720062256, 6.963156223297119, -0.0, 17.84259796142578, -13.918814659118652, 3.92378306388855, -0.0, -25.755205154418945, 30.169466018676758, 4.414260387420654)
(3.122626304626465, 4.697701454162598, 0.0, 0.0, 0.0, 0.0, 101.77122497558594, -17.633779525756836, 0.0, -24.98101043701172, -37.58161163330078, 0.0, 1483, 1487, 1205, 1287, 11.412257194519043, 17.37627410888672, 0.0, 3.122626304626465, 4.697701454162598, -0.0, 17.723539352416992, -37.2445182800293, -19.520977020263672, -0.0, -25.92938995361328, 4.5026140213012695, -21.426774978637695)
(22.15118980407715, 2.2185606956481934, 0.0, 0.0, 0.0, 0.0, -92.4119873046875, 32.641029357910156, 0.0, -177.2095184326172, -17.748485565185547, 0.0, 1238, 1437, 1411, 1376, -13.918206214904785, 23.565248489379883, 0.0, 22.15118980407715, 2.2185606956481934, -0.0, 16.653331756591797, 41.847991943359375, 58.50132369995117, -0.0, -25.988943099975586, -14.868827819824219, -40.85777282714844)
(2.5325779914855957, 1.7613037824630737, 0.0, 0.0, 0.0, 0.0, -106.87000274658203, -13.389503479003906, 0.0, -20.260623931884766, -14.09043025970459, 0.0, 1162, 1298, 1532, 1471, 10.745772361755371, -47.79977798461914, 0.0, 2.5325779914855957, 1.7613037824630737, 0.0, 16.594642639160156, 32.6131477355957, 49.20779037475586, -0.0, -26.081056594848633, 7.373143196105957, -18.707914352416992)
(-23.46729850769043, 2.8998024463653564, 0.0, 0.0, 0.0, 0.0, 31.31320571899414, 3.6791985034942627, 0.0, 187.73838806152344, -23.19841957092285, 0.0, 1394, 1407, 1289, 1372, -33.88324737548828, -20.473052978515625, 0.0, -23.46729850769043, 2.8998024463653564, 0.0, 17.65877914428711, -34.81078338623047, -17.15200424194336, -0.0, -26.192625045776367, 2.171281576156616, -24.021343231201172)
(-7.529184341430664, 0.013399671763181686, 0.0, 0.0, 0.0, 0.0, 43.83229064941406, -19.649045944213867, 0.0, 60.23347473144531, -0.10719737410545349, 0.0, 1395, 1464, 1301, 1306, -15.887130737304688, -29.235326766967773, 0.0, -7.529184341430664, 0.013399671763181686, 0.0, 17.915145874023438, -1.9977684020996094, 15.917376518249512, 0.0, -26.194257736206055, 7.612723350524902, -18.58153533935547)
(-3.1935653686523438, -0.11725722998380661, 0.0, 0.0, 0.0, 0.0, 2.7177863121032715, -11.206297874450684, 0.0, 25.54852294921875, 0.9380578398704529, 0.0, 1374, 1429, 1331, 1328, 43.84418487548828, 21.922473907470703, 0.0, -3.1935653686523438, -0.11725722998380661, 0.0, 17.986665725708008, -3.635225772857666, 14.351439476013184, 0.0, -26.16057586669922, 12.989174842834473, -13.171401023864746)
(-3.615546941757202, -1.8409523963928223, 0.0, 0.0, 0.0, 0.0, 6.336106777191162, 5.954007625579834, 0.0, 28.924375534057617, 14.727619171142578, 0.0, 1312, 1413, 1349, 1388, -5.927766799926758, -23.453344345092773, 0.0, -3.615546941757202, -1.8409523963928223, 0.0, 18.14554214477539, -2.5910255908966064, 15.554515838623047, 0.0, -26.096933364868164, -9.107172012329102, -35.204105377197266)
(-3.6370599269866943, -1.1021885871887207, 0.0, 0.0, 0.0, 0.0, 11.252137184143066, -18.839885711669922, 0.0, 29.096479415893555, 8.817508697509766, 0.0, 1331, 1393, 1367, 1371, -12.262876510620117, -12.921058654785156, 0.0, -3.6370599269866943, -1.1021885871887207, 0.0, 18.290180206298828, -3.8378195762634277, 14.452360153198242, 0.0, -26.072900772094727, 9.647610664367676, -16.425289154052734)
(-0.7717939019203186, -1.4510256052017212, 0.0, 0.0, 0.0, 0.0, 7.343740463256836, 11.404389381408691, 0.0, 6.174351215362549, 11.60820484161377, 0.0, 1308, 1412, 1357, 1385, -12.209425926208496, -14.845763206481934, 0.0, -0.7717939019203186, -1.4510256052017212, -0.0, 18.314586639404297, 0.9866501092910767, 19.301237106323242, 0.0, -26.01633071899414, -6.998956680297852, -33.015289306640625)
(-0.01668073609471321, -1.7034690380096436, 0.0, 0.0, 0.0, 0.0, 12.839923858642578, -2.549809217453003, 0.0, 0.1334458887577057, 13.627752304077148, 0.0, 1298, 1366, 1385, 1414, -24.449668884277344, -9.818493843078613, 0.0, -0.01668073609471321, -1.7034690380096436, -0.0, 18.301610946655273, -8.52210521697998, 9.77950668334961, 0.0, -25.95537567138672, 1.8282591104507446, -24.127117156982422)
(-1.6470654010772705, -2.0872628688812256, 0.0, 0.0, 0.0, 0.0, -30.931068420410156, 12.579961776733398, 0.0, 13.176523208618164, 16.698102951049805, 0.0, 1265, 1391, 1404, 1403, 16.966968536376953, -5.843411445617676, 0.0, -1.6470654010772705, -2.0872628688812256, 0.0, 18.349929809570312, 13.325191497802734, 31.675121307373047, 0.0, -25.881242752075195, -5.470560073852539, -31.351802825927734)
(-3.64277720451355, -2.673175573348999, 0.0, 0.0, 0.0, 0.0, -16.076107025146484, -11.297901153564453, 0.0, 29.1422176361084, 21.385404586791992, 0.0, 1312, 1403, 1383, 1363, -7.551976203918457, -11.329925537109375, 0.0, -3.64277720451355, -2.673175573348999, 0.0, 18.49009132385254, 9.119043350219727, 27.609134674072266, 0.0, -25.77703094482422, 7.960480213165283, -17.816551208496094)
(-3.2261085510253906, -2.2538089752197266, 0.0, 0.0, 0.0, 0.0, -3.3280153274536133, 4.534160137176514, 0.0, 25.808868408203125, 18.030471801757812, 0.0, 1308, 1415, 1366, 1373, -47.537384033203125, -40.75348663330078, 0.0, -3.2261085510253906, -2.2538089752197266, 0.0, 18.621047973632812, 6.251623630523682, 24.872671127319336, 0.0, -25.69196319580078, -2.8631155490875244, -28.555078506469727)
(-0.8528637290000916, -0.8323464393615723, 0.0, 0.0, 0.0, 0.0, 3.9696946144104004, 13.434924125671387, 0.0, 6.822909832000732, 6.658771514892578, 0.0, 1296, 1390, 1377, 1398, -35.15389633178711, 35.74946975708008, 0.0, -0.8528637290000916, -0.8323464393615723, 0.0, 18.641101837158203, -0.34297019243240356, 18.29813003540039, -0.0, -25.655576705932617, -2.9109108448028564, -28.566486358642578)
(-1.471579909324646, 0.5817381739616394, 0.0, 0.0, 0.0, 0.0, 4.488778591156006, -1.4658397436141968, 0.0, 11.772639274597168, -4.653905391693115, 0.0, 1303, 1388, 1365, 1382, -5.925271511077881, -30.07645034790039, 0.0, -1.471579909324646, 0.5817381739616394, 0.0, 18.699800491333008, -1.6813006401062012, 17.01850128173828, -0.0, -25.691560745239258, 0.038336217403411865, -25.653223037719727)
(-0.012911698780953884, 0.7777782082557678, 0.0, 0.0, 0.0, 0.0, -12.610458374023438, 0.7326335906982422, 0.0, 0.10329359024763107, -6.222225666046143, 0.0, 1100, 1189, 1179, 1171, 53.0228271484375, 14.530050277709961, 0.0, -0.012911698780953884, 0.7777782082557678, 0.0, 18.691303253173828, 8.298266410827637, 26.98957061767578, -0.0, -25.712419509887695, 3.1097333431243896, -22.602685928344727)
(-2.0067176818847656, -0.2500445544719696, 0.0, 0.0, 0.0, 0.0, -21.20587730407715, -1.511641263961792, 0.0, 16.053741455078125, 2.000356435775757, 0.0, 1000, 1000, 1000, 1000, 16.587261199951172, -15.311677932739258, 0.0, -2.0067176818847656, -0.2500445544719696, 0.0, 18.763019561767578, 5.1715850830078125, 23.93460464477539, 0.0, -25.70382308959961, 0.2018376588821411, -25.501985549926758)
(-5.362654209136963, -0.8129860162734985, 0.0, 0.0, 0.0, 0.0, -4.152442932128906, -2.4582061767578125, 0.0, 42.9012336730957, 6.503888130187988, 0.0, 1000, 1000, 1000, 1000, -8.144639015197754, -6.819667339324951, 0.0, -5.362654209136963, -0.8129860162734985, 0.0, 18.98613929748535, -1.893314242362976, 17.092824935913086, 0.0, -25.687602996826172, 0.5398905277252197, -25.14771270751953)
(-4.61912202835083, -1.5734329223632812, 0.0, 0.0, 0.0, 0.0, 5.359007835388184, -0.15286259353160858, 0.0, 36.95297622680664, 12.58746337890625, 0.0, 1000, 1000, 1000, 1000, -3.478938102722168, -6.809806823730469, 0.0, -4.61912202835083, -1.5734329223632812, 0.0, 19.162330627441406, -1.1869843006134033, 17.9753475189209, 0.0, -25.638532638549805, -0.5527185201644897, -26.191251754760742)
(-4.142865180969238, -1.3551567792892456, 0.0, 0.0, 0.0, 0.0, -1.5264885425567627, 2.625763416290283, 0.0, 33.142921447753906, 10.841254234313965, 0.0, 1000, 1000, 1000, 1000, -2.4406638145446777, -6.812280654907227, 0.0, -4.142865180969238, -1.3551567792892456, 0.0, 19.315326690673828, 0.19577565789222717, 19.51110076904297, 0.0, -25.59703826904297, -0.02261774055659771, -25.61965560913086)
(-4.400110721588135, -2.307339906692505, 0.0, 0.0, 0.0, 0.0, -1.7096946239471436, -0.9162213802337646, 0.0, 35.20088577270508, 18.45871925354004, 0.0, 1000, 1000, 1000, 1000, -6.498838424682617, -7.577350616455078, 0.0, -4.400110721588135, -2.307339906692505, 0.0, 19.483566284179688, 0.1929464340209961, 19.676511764526367, 0.0, -25.51974105834961, -0.22711290419101715, -25.746854782104492)
(-4.738897800445557, -2.9432878494262695, 0.0, 0.0, 0.0, 0.0, -5.679160118103027, -4.427671909332275, 0.0, 37.91118240356445, 23.546302795410156, 0.0, 1000, 1000, 1000, 1000, -4.036702632904053, -7.350939750671387, 0.0, -4.738897800445557, -2.9432878494262695, 0.0, 19.66158676147461, 1.5078788995742798, 21.169466018676758, 0.0, -25.4255313873291, 1.8704779148101807, -23.5550537109375)
(-5.194286823272705, -4.193630695343018, 0.0, 0.0, 0.0, 0.0, -0.686793863773346, -4.427671909332275, 0.0, 41.55429458618164, 33.54904556274414, 0.0, 1000, 1000, 1000, 1000, -5.157766342163086, -9.815533638000488, 0.0, -5.194286823272705, -4.193630695343018, 0.0, 19.864906311035156, 0.3798702359199524, 20.244775772094727, 0.0, -25.274354934692383, 1.0505675077438354, -24.223787307739258)
(-4.85204553604126, -5.5182085037231445, 0.0, 0.0, 0.0, 0.0, 3.4658777713775635, -3.8475191593170166, 0.0, 38.81636428833008, 44.145668029785156, 0.0, 1000, 1000, 1000, 1000, -3.106861114501953, -10.183289527893066, 0.0, -4.85204553604126, -5.5182085037231445, 0.0, 20.052635192871094, -0.31093838810920715, 19.741695404052734, 0.0, -25.072172164916992, 1.1623883247375488, -23.9097843170166)
(-4.535192012786865, -6.68063497543335, 0.0, 0.0, 0.0, 0.0, -5.480687141418457, 0.8242366313934326, 0.0, 36.28153610229492, 53.4450798034668, 0.0, 1000, 1000, 1000, 1000, -1.9351167678833008, -12.315593719482422, 0.0, -4.535192012786865, -6.68063497543335, 0.0, 20.22072982788086, 2.1843760013580322, 22.405105590820312, 0.0, -24.828048706054688, 0.10859629511833191, -24.719453811645508)
(-6.463203430175781, -6.410592079162598, 0.0, 0.0, 0.0, 0.0, 0.36664122343063354, 2.198282480239868, 0.0, 51.70562744140625, 51.28473663330078, 0.0, 1000, 1000, 1000, 1000, -5.712924957275391, -11.551298141479492, 0.0, -6.463203430175781, -6.410592079162598, 0.0, 20.47655487060547, -2.4284188747406006, 18.04813575744629, 0.0, -24.591266632080078, 0.2097589522600174, -24.381507873535156)
(-5.088086128234863, -6.688826560974121, 0.0, 0.0, 0.0, 0.0, -10.732595443725586, -1.4658397436141968, 0.0, 40.704689025878906, 53.51061248779297, 0.0, 1000, 1000, 1000, 1000, -4.497157573699951, -7.349663734436035, 0.0, -5.088086128234863, -6.688826560974121, 0.0, 20.657520294189453, 4.932101249694824, 25.58962059020996, 0.0, -24.353364944458008, 0.43731266260147095, -23.916051864624023)
(-6.440168857574463, -6.229730606079102, 0.0, 0.0, 0.0, 0.0, 11.98496150970459, 20.870038986206055, 0.0, 51.5213508605957, 49.83784484863281, 0.0, 1000, 1000, 1000, 1000, -5.677446365356445, -4.730895042419434, 0.0, -6.440168857574463, -6.229730606079102, 0.0, 20.926433563232422, -4.79682731628418, 16.129606246948242, 0.0, -24.10797691345215, -5.3492751121521, -29.457250595092773)
(-5.255925178527832, -6.418334484100342, 0.0, 0.0, 0.0, 0.0, -21.938701629638672, 2.3204197883605957, 0.0, 42.047401428222656, 51.346675872802734, 0.0, 1000, 1000, 1000, 1000, -6.656957626342773, -13.473176956176758, 0.0, -5.255925178527832, -6.418334484100342, 0.0, 21.092924118041992, 8.903348922729492, 29.996273040771484, 0.0, -23.879610061645508, 1.7305264472961426, -22.14908218383789)
(-6.298689842224121, -7.536040306091309, 0.0, 0.0, 0.0, 0.0, -23.328014373779297, 11.999809265136719, 0.0, 50.38951873779297, 60.28832244873047, 0.0, 1000, 1000, 1000, 1000, 2.563627243041992, -7.862636089324951, 0.0, -6.298689842224121, -7.536040306091309, 0.0, 21.3765926361084, 17.082361221313477, 38.458953857421875, 0.0, -23.55467987060547, 8.200626373291016, -15.354053497314453)
(-7.5788140296936035, -4.706305980682373, 0.0, 0.0, 0.0, 0.0, 4.916259765625, -8.47347354888916, 0.0, 60.63051223754883, 37.650447845458984, 0.0, 1000, 1000, 1000, 1000, -0.05290961265563965, 4.576024055480957, 0.0, -7.5788140296936035, -4.706305980682373, 0.0, 21.693117141723633, -4.220297336578369, 17.472820281982422, 0.0, -23.376304626464844, 10.045823097229004, -13.330480575561523)
(-8.419689178466797, -4.2335076332092285, 0.0, 0.0, 0.0, 0.0, -12.045572280883789, 8.289885520935059, 0.0, 67.35751342773438, 33.86806106567383, 0.0, 1000, 1000, 1000, 1000, -5.933122634887695, -4.312982082366943, 0.0, -8.419689178466797, -4.2335076332092285, 0.0, 22.001070022583008, 3.905691146850586, 25.906761169433594, 0.0, -23.199665069580078, 0.7193896770477295, -22.480276107788086)
(-6.124571800231934, -1.847306251525879, 0.0, 0.0, 0.0, 0.0, 9.267404556274414, 9.389122009277344, 0.0, 48.99657440185547, 14.778450012207031, 0.0, 1000, 1000, 1000, 1000, -6.915492057800293, -4.916117191314697, 0.0, -6.124571800231934, -1.847306251525879, 0.0, 22.260093688964844, -1.7502590417861938, 20.50983428955078, 0.0, -23.128097534179688, 5.002691268920898, -18.12540626525879)
(-3.070655584335327, 1.4176298379898071, 0.0, 0.0, 0.0, 0.0, 27.05366325378418, 28.5799617767334, 0.0, 24.565244674682617, -11.341038703918457, 0.0, 1000, 1000, 1000, 1000, 6.725427627563477, 11.558643341064453, 0.0, -3.070655584335327, 1.4176298379898071, -0.0, 22.400856018066406, -0.7976051568984985, 21.603252410888672, -0.0, -23.15851593017578, -0.8317051529884338, -23.99022102355957)
(-3.915067672729492, 0.6119510531425476, 0.0, 0.0, 0.0, 0.0, -10.01503849029541, -7.313168048858643, 0.0, 31.320541381835938, -4.895608425140381, 0.0, 1000, 1000, 1000, 1000, -7.467643737792969, -7.568426132202148, 0.0, -3.915067672729492, 0.6119510531425476, 0.0, 22.5590763092041, 1.0110588073730469, 23.57013511657715, 0.0, -23.183269500732422, 2.5054562091827393, -20.677812576293945)
(-3.461268901824951, 0.934171736240387, 0.0, 0.0, 0.0, 0.0, -3.2058777809143066, -2.1375954151153564, 0.0, 27.69015121459961, -7.473373889923096, 0.0, 1000, 1000, 1000, 1000, 0.272159218788147, -0.837923526763916, 0.0, -3.461268901824951, 0.934171736240387, 0.0, 22.68918228149414, 2.778094530105591, 25.46727752685547, -0.0, -23.22686004638672, 2.885896682739258, -20.34096336364746)
(-3.494205951690674, 0.8470533490180969, 0.0, 0.0, 0.0, 0.0, 0.10709923505783081, 1.1448472738265991, 0.0, 27.95364761352539, -6.776426792144775, 0.0, 1000, 1000, 1000, 1000, -0.8453431129455566, -1.6672441959381104, 0.0, -3.494205951690674, 0.8470533490180969, 0.0, 22.823213577270508, 1.0133765935897827, 23.836589813232422, -0.0, -23.262371063232422, 0.49763160943984985, -22.764738082885742)
(-3.474574565887451, 0.8304588198661804, 0.0, 0.0, 0.0, 0.0, 0.458244264125824, 1.0685114860534668, 0.0, 27.79659652709961, -6.643670558929443, 0.0, 1000, 1000, 1000, 1000, -1.769623041152954, -1.4568521976470947, 0.0, -3.474574565887451, 0.8304588198661804, 0.0, 22.957414627075195, -0.3487989008426666, 22.60861587524414, -0.0, -23.30219268798828, 2.410824775695801, -20.891366958618164)
(-3.421534776687622, 0.8060247898101807, 0.0, 0.0, 0.0, 0.0, -0.534122109413147, 0.7020992636680603, 0.0, 27.372278213500977, -6.448198318481445, 0.0, 1000, 1000, 1000, 1000, -1.876128911972046, -1.7680902481079102, 0.0, -3.421534776687622, 0.8060247898101807, 0.0, 23.088956832885742, 0.10809202492237091, 23.197050094604492, -0.0, -23.338014602661133, 0.4185012876987457, -22.919513702392578)
(-3.3981611728668213, 0.7730005383491516, 0.0, 0.0, 0.0, 0.0, -0.9310687184333801, 0.915839672088623, 0.0, 27.18528938293457, -6.184004306793213, 0.0, 1000, 1000, 1000, 1000, -1.7677161693572998, -2.4841089248657227, 0.0, -3.3981611728668213, 0.7730005383491516, 0.0, 23.21950912475586, 0.17719635367393494, 23.396705627441406, -0.0, -23.376296997070312, 1.624854564666748, -21.751441955566406)
(-3.3826541900634766, 0.7471422553062439, 0.0, 0.0, 0.0, 0.0, -0.33564886450767517, 1.4959924221038818, 0.0, 27.061233520507812, -5.977138042449951, 0.0, 1000, 1000, 1000, 1000, -2.533799171447754, -2.8637213706970215, 0.0, -3.3826541900634766, 0.7471422553062439, 0.0, 23.349136352539062, -0.2767060399055481, 23.072429656982422, -0.0, -23.410560607910156, -0.2967454791069031, -23.707307815551758)
(-3.3481407165527344, 0.7400375604629517, 0.0, 0.0, 0.0, 0.0, -0.961603045463562, 0.5036259293556213, 0.0, 26.785125732421875, -5.920300483703613, 0.0, 1000, 1000, 1000, 1000, -2.4209117889404297, -2.3705544471740723, 0.0, -3.3481407165527344, 0.7400375604629517, 0.0, 23.476909637451172, 0.12291737645864487, 23.59982681274414, -0.0, -23.444822311401367, 0.26160189509391785, -23.18321990966797)
(-3.2562568187713623, 0.7814175486564636, 0.0, 0.0, 0.0, 0.0, -1.4501526355743408, 0.15248091518878937, 0.0, 26.0500545501709, -6.251340389251709, 0.0, 1000, 1000, 1000, 1000, -1.8538248538970947, -1.862900733947754, 0.0, -3.2562568187713623, 0.7814175486564636, 0.0, 23.601716995239258, 0.6808379888534546, 24.282554626464844, -0.0, -23.483165740966797, 3.223315954208374, -20.259849548339844)
(-3.280796766281128, 0.7240207195281982, 0.0, 0.0, 0.0, 0.0, -0.7478625774383545, 0.4120228886604309, 0.0, 26.246374130249023, -5.792165756225586, 0.0, 1000, 1000, 1000, 1000, -1.9990878105163574, -3.206894874572754, 0.0, -3.280796766281128, 0.7240207195281982, 0.0, 23.727500915527344, -0.122264564037323, 23.605236053466797, -0.0, -23.516210556030273, 0.215402752161026, -23.30080795288086)
(-3.233105182647705, 0.7416571974754333, 0.0, 0.0, 0.0, 0.0, -0.15244275331497192, 1.450190782546997, 0.0, 25.86484146118164, -5.933257579803467, 0.0, 1000, 1000, 1000, 1000, -2.2940316200256348, -2.4890809059143066, 0.0, -3.233105182647705, 0.7416571974754333, 0.0, 23.850797653198242, -0.1802424043416977, 23.670555114746094, -0.0, -23.550569534301758, -0.1530034989118576, -23.70357322692871)
(-3.2090017795562744, 0.7242227792739868, 0.0, 0.0, 0.0, 0.0, -0.6409923434257507, 0.9463740587234497, 0.0, 25.672014236450195, -5.7937822341918945, 0.0, 1000, 1000, 1000, 1000, -2.0147347450256348, -2.314547061920166, 0.0, -3.2090017795562744, 0.7242227792739868, 0.0, 23.974138259887695, 0.2306201010942459, 24.204757690429688, -0.0, -23.58348846435547, 0.24154028296470642, -23.341947555541992)
(-3.1855974197387695, 0.7304787039756775, 0.0, 0.0, 0.0, 0.0, -0.33564886450767517, 1.1448472738265991, 0.0, 25.484779357910156, -5.84382963180542, 0.0, 1000, 1000, 1000, 1000, -1.9169399738311768, -2.577843427658081, 0.0, -3.1855974197387695, 0.7304787039756775, 0.0, 24.096145629882812, -0.0732320100069046, 24.022912979125977, -0.0, -23.6170597076416, 0.023093273863196373, -23.59396743774414)