
(0.5568588972091675, 5.997500419616699, 0.0, -1.0, -1.0, 0.0, 16.488862991333008, 19.053525924682617, 0.0, -12.45487117767334, -55.980003356933594, 0.0, 1000, 1000, 1000, 1000, 3.039003849029541, 2.2619218826293945, 0.0, 0.5568588972091675, 5.997500419616699, -11.577493667602539, 0.0, -0.0, -11.577493667602539, -30.013412475585938, -0.0, -0.0, -30.013412475585938)
(-0.5076949000358582, 7.485416889190674, 0.0, -1.0, -1.0, 0.0, -15.312664031982422, -2.7327327728271484, 0.0, -3.9384407997131348, -67.88333129882812, 0.0, 1000, 1000, 1000, 1000, 0.9559668302536011, 6.148755073547363, 0.0, -0.5076949000358582, 7.485416889190674, 4.549689292907715, 0.0, 0.0, 4.549689292907715, -26.060237884521484, -0.0, 0.0, -26.060237884521484)
(-0.3629147708415985, 5.786018371582031, 0.0, -1.0, -1.0, 0.0, 17.038480758666992, -4.33578634262085, 0.0, -5.096681594848633, -54.28814697265625, 0.0, 1000, 1000, 1000, 1000, 1.705664873123169, 3.0321359634399414, 0.0, -0.3629147708415985, 5.786018371582031, -8.85406494140625, 0.0, -0.0, -8.85406494140625, -19.980945587158203, -0.0, 0.0, -19.980945587158203)
(3.4178833961486816, 5.664792537689209, 0.0, -1.0, -1.0, 0.0, 7.557564735412598, 7.251999855041504, 0.0, -35.34306716918945, -53.31834030151367, 0.0, 1000, 1000, 1000, 1000, 7.638582706451416, 2.6997146606445312, 0.0, 3.4178833961486816, 5.664792537689209, -17.16025161743164, 0.0, -0.0, -17.16025161743164, -24.22813606262207, -0.0, -0.0, -24.22813606262207)
(3.971316337585449, 7.0786542892456055, 0.0, -1.0, -1.0, 0.0, 0.6873358488082886, 1.8779542446136475, 0.0, -39.770530700683594, -64.62923431396484, 0.0, 1000, 1000, 1000, 1000, 6.296241283416748, 2.9178056716918945, 0.0, 3.971316337585449, 7.0786542892456055, -16.183147430419922, 0.0, -0.0, -16.183147430419922, -26.602874755859375, -0.0, 0.0, -26.602874755859375)
(2.881349563598633, 6.939314365386963, 0.0, -1.0, -1.0, 0.0, -9.03785514831543, 9.19093132019043, 0.0, -31.050796508789062, -63.5145149230957, 0.0, 1000, 1000, 1000, 1000, 4.681270122528076, 2.917947769165039, 0.0, 2.881349563598633, 6.939314365386963, -8.805176734924316, 0.0, 0.0, -8.805176734924316, -29.082178115844727, -0.0, -0.0, -29.082178115844727)
(1.3547018766403198, 7.633953094482422, 0.0, -1.0, -1.0, 0.0, -2.0760228633880615, -1.8625037670135498, 0.0, -18.837615966796875, -69.07162475585938, 0.0, 1000, 1000, 1000, 1000, 1.8310940265655518, 4.876029014587402, 0.0, 1.3547018766403198, 7.633953094482422, -6.704637050628662, 0.0, -0.0, -6.704637050628662, -26.883647918701172, -0.0, 0.0, -26.883647918701172)
(1.034122347831726, 7.12360954284668, 0.0, -1.0, -1.0, 0.0, -4.335565090179443, 1.7405495643615723, 0.0, -16.272979736328125, -64.98887634277344, 0.0, 1000, 1000, 1000, 1000, 3.0750770568847656, 3.5572052001953125, 0.0, 1.034122347831726, 7.12360954284668, -4.774965763092041, 0.0, 0.0, -4.774965763092041, -26.691768646240234, -0.0, -0.0, -26.691768646240234)
(0.7122901678085327, 6.608251571655273, 0.0, -1.0, -1.0, 0.0, -4.442435264587402, -1.6487634181976318, 0.0, -13.698321342468262, -60.86601257324219, 0.0, 1000, 1000, 1000, 1000, 3.0257487297058105, 3.1287107467651367, 0.0, 0.7122901678085327, 6.608251571655273, -3.7023544311523438, 0.0, 0.0, -3.7023544311523438, -23.686901092529297, -0.0, 0.0, -23.686901092529297)
(0.1987009346485138, 6.405116081237793, 0.0, -1.0, -1.0, 0.0, -1.1294580698013306, 1.6336793899536133, 0.0, -9.589607238769531, -59.240928649902344, 0.0, 1000, 1000, 1000, 1000, 1.6951309442520142, 3.4294471740722656, 0.0, 0.1987009346485138, 6.405116081237793, -3.384059429168701, 0.0, -0.0, -3.384059429168701, -24.349842071533203, -0.0, -0.0, -24.349842071533203)
(0.36720964312553406, 5.713270664215088, 0.0, -1.0, -1.0, 0.0, 0.030847327783703804, -2.0915114879608154, 0.0, -10.937677383422852, -53.7061653137207, 0.0, 1000, 1000, 1000, 1000, 1.0079689025878906, 2.330099582672119, 0.0, 0.36720964312553406, 5.713270664215088, -4.3874101638793945, 0.0, 0.0, -4.3874101638793945, -20.645862579345703, -0.0, 0.0, -20.645862579345703)
(0.7775061726570129, 4.814948558807373, 0.0, -1.0, -1.0, 0.0, 3.0690152645111084, -1.6487634181976318, 0.0, -14.220048904418945, -46.519588470458984, 0.0, 1000, 1000, 1000, 1000, 2.333110809326172, 1.311530590057373, 0.0, 0.7775061726570129, 4.814948558807373, -6.91562557220459, 0.0, -0.0, -6.91562557220459, -17.94832992553711, -0.0, 0.0, -17.94832992553711)
(0.2313777506351471, 4.858040809631348, 0.0, -1.0, -1.0, 0.0, -5.175259590148926, -0.6716641187667847, 0.0, -9.851021766662598, -46.86432647705078, 0.0, 1000, 1000, 1000, 1000, 1.2848296165466309, 0.7766337394714355, 0.0, 0.2313777506351471, 4.858040809631348, -1.870304822921753, 0.0, -0.0, -1.870304822921753, -18.47706413269043, -0.0, 0.0, -18.47706413269043)
(-0.4845300316810608, 4.222432613372803, 0.0, -1.0, -1.0, 0.0, -2.060755729675293, 3.8779542446136475, 0.0, -4.123759746551514, -41.77946090698242, 0.0, 1000, 1000, 1000, 1000, 0.014425992965698242, 0.6337323188781738, 0.0, -0.4845300316810608, 4.222432613372803, -0.8252016305923462, 0.0, -0.0, -0.8252016305923462, -18.26296615600586, -0.0, -0.0, -18.26296615600586)
(-0.7982584238052368, 4.581676959991455, 0.0, -1.0, -1.0, 0.0, -5.068389415740967, 2.8703205585479736, 0.0, -1.6139326095581055, -44.65341567993164, 0.0, 1000, 1000, 1000, 1000, 1.1184771060943604, 1.7115397453308105, 0.0, -0.7982584238052368, 4.581676959991455, 1.3817827701568604, 0.0, 0.0, 1.3817827701568604, -19.00949478149414, -0.0, -0.0, -19.00949478149414)
(-1.7950800657272339, 4.275179386138916, 0.0, -1.0, -1.0, 0.0, -0.9157175421714783, -1.0228091478347778, 0.0, 6.360640525817871, -42.20143508911133, 0.0, 1000, 1000, 1000, 1000, -0.13211703300476074, 0.921628475189209, 0.0, -1.7950800657272339, 4.275179386138916, 2.910543203353882, 0.0, -0.0, 2.910543203353882, -16.471450805664062, -0.0, 0.0, -16.471450805664062)
(-1.241927981376648, 4.922793388366699, 0.0, -1.0, 0.0, 0.0, 1.3743587732315063, 5.969557285308838, 0.0, 1.9354238510131836, -47.382347106933594, 0.0, 1000, 1000, 1000, 1000, -0.5089817047119141, 1.8372268676757812, 0.0, -1.241927981376648, 4.922793388366699, 0.2244260311126709, 0.0, 0.0, 0.2244260311126709, -21.340763092041016, -0.0, 0.0, -21.340763092041016)
(-1.6031538248062134, 5.278567314147949, 0.0, -1.0, -1.0, 0.0, 2.397259473800659, 4.931389331817627, 0.0, 4.825230598449707, -50.228538513183594, 0.0, 1000, 1000, 1000, 1000, -1.7421188354492188, 2.680663585662842, 0.0, -1.6031538248062134, 5.278567314147949, 0.9711884260177612, 0.0, -0.0, 0.9711884260177612, -22.0639705657959, -0.0, -0.0, -22.0639705657959)
(-1.2324540615081787, 5.611567497253418, 0.0, -1.0, -1.0, 0.0, -2.4729695320129395, -11.786168098449707, 0.0, 1.8596324920654297, -52.892539978027344, 0.0, 1000, 1000, 1000, 1000, -0.35141849517822266, 3.062152862548828, 0.0, -1.2324540615081787, 5.611567497253418, 1.7330408096313477, 0.0, 0.0, 1.7330408096313477, -16.442548751831055, -0.0, 0.0, -16.442548751831055)
(-1.2757835388183594, 4.1248040199279785, 0.0, -1.0, 0.0, 0.0, -3.022587776184082, -5.4808244705200195, 0.0, 2.206268310546875, -32.99843215942383, 0.0, 1000, 1000, 1000, 1000, 0.9345632791519165, 1.9273920059204102, 0.0, -1.2757835388183594, 4.1248040199279785, 2.0915424823760986, 0.0, 0.0, 2.0915424823760986, -11.007043838500977, -0.0, 0.0, -11.007043838500977)
(-2.409792184829712, 2.7113099098205566, 0.0, -1.0, -1.0, 0.0, -0.5187709927558899, 8.656579971313477, 0.0, 11.278337478637695, -29.690479278564453, 0.0, 1000, 1000, 1000, 1000, -1.3502280712127686, -3.3022308349609375, 0.0, -2.409792184829712, 2.7113099098205566, 4.718843460083008, 0.0, -0.0, 4.718843460083008, -15.338824272155762, -0.0, -0.0, -15.338824272155762)
(-1.5898234844207764, 5.147855758666992, 0.0, -1.0, -1.0, 0.0, -4.320297718048096, -11.28235149383545, 0.0, 4.718587875366211, -49.18284606933594, 0.0, 1000, 1000, 1000, 1000, 0.13758301734924316, 4.6215715408325195, 0.0, -1.5898234844207764, 5.147855758666992, 3.615554094314575, 0.0, 0.0, 3.615554094314575, -15.160197257995605, -0.0, 0.0, -15.160197257995605)
(-1.9053057432174683, 4.414296627044678, 0.0, -1.0, 0.0, 0.0, 4.030847549438477, 5.923755645751953, 0.0, 7.242445945739746, -35.31437301635742, 0.0, 1000, 1000, 1000, 1000, -0.7905921936035156, -0.3209261894226074, 0.0, -1.9053057432174683, 4.414296627044678, 1.2846393585205078, 0.0, -0.0, 1.2846393585205078, -16.495250701904297, -0.0, 0.0, -16.495250701904297)
(-0.9748985767364502, 5.7130231857299805, 0.0, -1.0, -1.0, 0.0, 6.931610584259033, 4.061160087585449, 0.0, -0.20081138610839844, -53.704185485839844, 0.0, 1000, 1000, 1000, 1000, 0.5297805070877075, 2.648601531982422, 0.0, -0.9748985767364502, 5.7130231857299805, -2.852968692779541, 0.0, -0.0, -2.852968692779541, -23.106138229370117, -0.0, 0.0, -23.106138229370117)
(0.35592707991600037, 4.994760990142822, 0.0, -1.0, -1.0, 0.0, -3.3584656715393066, -0.04570992290973663, 0.0, -10.847416877746582, -47.95808792114258, 0.0, 1000, 1000, 1000, 1000, 2.7559192180633545, 1.5654540061950684, 0.0, 0.35592707991600037, 4.994760990142822, -2.9955804347991943, 0.0, 0.0, -2.9955804347991943, -19.16495132446289, -0.0, -0.0, -19.16495132446289)
(-1.127313256263733, 5.831432819366455, 0.0, -1.0, 0.0, 0.0, -0.5493053197860718, 1.2214657068252563, 0.0, 1.0185060501098633, -46.65146255493164, 0.0, 1000, 1000, 1000, 1000, 0.03853726387023926, 3.937631607055664, 0.0, -1.127313256263733, 5.831432819366455, 0.627124547958374, 0.0, -0.0, 0.627124547958374, -19.149171829223633, -0.0, 0.0, -19.149171829223633)
(-0.5508760213851929, 4.855083465576172, 0.0, -1.0, -1.0, 0.0, 1.6949694156646729, 0.5955114364624023, 0.0, -3.592991828918457, -46.840667724609375, 0.0, 1000, 1000, 1000, 1000, -1.0266716480255127, 0.7040257453918457, 0.0, -0.5508760213851929, 4.855083465576172, -2.1151843070983887, 0.0, -0.0, -2.1151843070983887, -18.974472045898438, -0.0, -0.0, -18.974472045898438)
(-0.5930982828140259, 4.8515214920043945, 0.0, -1.0, 0.0, 0.0, -10.518771171569824, -0.16784733533859253, 0.0, -3.255213737487793, -38.812171936035156, 0.0, 1000, 1000, 1000, 1000, -0.9019646644592285, 1.7996411323547363, 0.0, -0.5930982828140259, 4.8515214920043945, 2.9054229259490967, 0.0, 0.0, 2.9054229259490967, -15.457730293273926, -0.0, -0.0, -15.457730293273926)
(-0.714701235294342, 4.488028526306152, 0.0, -1.0, -1.0, 0.0, 1.511763334274292, 5.358870029449463, 0.0, -2.2823901176452637, -43.90422821044922, 0.0, 1000, 1000, 1000, 1000, -5.251184463500977, -0.16366100311279297, 0.0, -0.714701235294342, 4.488028526306152, -1.5176613330841064, 0.0, 0.0, -1.5176613330841064, -19.70524024963379, -0.0, -0.0, -19.70524024963379)
(-0.7693427205085754, 4.803391456604004, 0.0, -1.0, -1.0, 0.0, 1.282755732536316, -1.3281526565551758, 0.0, -1.8452582359313965, -46.42713165283203, 0.0, 1000, 1000, 1000, 1000, -0.7615940570831299, -0.31458282470703125, 0.0, -0.7693427205085754, 4.803391456604004, -1.2512056827545166, 0.0, -0.0, -1.2512056827545166, -18.039592742919922, -0.0, 0.0, -18.039592742919922)
(-0.5257973670959473, 4.308485507965088, 0.0, -1.0, 0.0, 0.0, -0.7019770741462708, 3.7710840702056885, 0.0, -3.793621063232422, -34.4678840637207, 0.0, 1000, 1000, 1000, 1000, -0.6870875358581543, -3.6423797607421875, 0.0, -0.5257973670959473, 4.308485507965088, -1.2366576194763184, 0.0, 0.0, -1.2366576194763184, -15.295587539672852, -0.0, 0.0, -15.295587539672852)
(-0.527019202709198, 4.262594699859619, 0.0, -1.0, -1.0, 0.0, -1.3126641511917114, 0.8245190978050232, 0.0, -3.783846378326416, -42.10075759887695, 0.0, 1000, 1000, 1000, 1000, 0.01232767105102539, 1.4493069648742676, 0.0, -0.527019202709198, 4.262594699859619, -0.9884729385375977, 0.0, 0.0, -0.9884729385375977, -17.17011070251465, -0.0, -0.0, -17.17011070251465)
(-0.45227834582328796, 3.5795629024505615, 0.0, -1.0, -1.0, 0.0, 4.595732688903809, 0.5955114364624023, 0.0, -4.381772994995117, -36.636505126953125, 0.0, 1000, 1000, 1000, 1000, 0.23628711700439453, -0.1560964584350586, 0.0, -0.45227834582328796, 3.5795629024505615, -3.5910022258758545, 0.0, -0.0, -3.5910022258758545, -14.892807006835938, -0.0, -0.0, -14.892807006835938)
(-0.14988888800144196, 4.021746635437012, 0.0, 0.0, -1.0, 0.0, 0.7636717557907104, 3.007725238800049, 0.0, 1.1991111040115356, -40.173973083496094, 0.0, 1000, 1000, 1000, 1000, 0.8794699907302856, 0.9506473541259766, 0.0, -0.14988888800144196, 4.021746635437012, 0.17417573928833008, 0.0, 0.0, 0.17417573928833008, -17.27267837524414, -0.0, -0.0, -17.27267837524414)
(0.2004396915435791, 3.3413143157958984, 0.0, -1.0, -1.0, 0.0, 2.1682519912719727, -0.6411297917366028, 0.0, -9.603517532348633, -34.73051452636719, 0.0, 1100, 1100, 1100, 1100, 1.160632848739624, -0.7995562553405762, 0.0, 0.2004396915435791, 3.3413143157958984, -4.708707809448242, 0.0, 0.0, -4.708707809448242, -13.635754585266113, -0.0, 0.0, -13.635754585266113)
(-0.43978556990623474, 3.701223134994507, 0.0, -1.0, -1.0, 0.0, -1.556938886642456, 2.748183250427246, 0.0, -4.481715202331543, -37.60978698730469, 0.0, 1100, 1100, 1100, 1100, -0.42839837074279785, 0.6375713348388672, 0.0, -0.43978556990623474, 3.701223134994507, -1.1699105501174927, 0.0, -0.0, -1.1699105501174927, -16.1431884765625, -0.0, -0.0, -16.1431884765625)
(-0.4331977367401123, 3.6034958362579346, 0.0, -1.0, 0.0, 0.0, 0.8705419898033142, 3.007725238800049, 0.0, -4.534418106079102, -28.827966690063477, 0.0, 1100, 1100, 1100, 1100, 2.2866952419281006, -1.9541501998901367, 0.0, -0.4331977367401123, 3.6034958362579346, -2.1619839668273926, 0.0, -0.0, -2.1619839668273926, -12.73427677154541, -0.0, 0.0, -12.73427677154541)
(0.16859856247901917, 3.3120789527893066, 0.0, -1.0, -1.0, 0.0, -9.801213264465332, 2.076427459716797, 0.0, -9.348788261413574, -34.49663162231445, 0.0, 1100, 1100, 1100, 1100, 1.0565071105957031, 3.945122718811035, 0.0, 0.16859856247901917, 3.3120789527893066, 0.1809699982404709, 0.0, 0.0, 0.1809699982404709, -14.629223823547363, -0.0, 0.0, -14.629223823547363)
(-0.6987171173095703, 3.157060146331787, 0.0, -1.0, -1.0, 0.0, 1.4354274272918701, 0.22909924387931824, 0.0, -2.4102630615234375, -33.2564811706543, 0.0, 1100, 1121, 1100, 1128, -3.3859262466430664, 5.356493949890137, 0.0, -0.6987171173095703, 3.157060146331787, -1.538276195526123, 0.0, -0.0, -1.538276195526123, -13.394231796264648, -0.0, 0.0, -13.394231796264648)
(-0.5228074789047241, 2.871661901473999, 0.0, -1.0, 0.0, 0.0, -3.4653358459472656, 1.1298625469207764, 0.0, -3.817540168762207, -22.973295211791992, 0.0, 1194, 1213, 1204, 1224, -0.705141544342041, -8.462057113647461, 0.0, -0.5228074789047241, 2.871661901473999, -0.1408817321062088, 0.0, 0.0, -0.1408817321062088, -9.641263008117676, -0.0, 0.0, -9.641263008117676)
(-0.4573460519313812, 3.385995626449585, 0.0, -1.0, -1.0, 0.0, 3.4964962005615234, -3.1907479763031006, 0.0, -4.341231346130371, -35.08796691894531, 0.0, 1252, 1272, 1269, 1301, 7.5453948974609375, 9.932985305786133, 0.0, -0.4573460519313812, 3.385995626449585, -3.1350910663604736, 0.0, -0.0, -3.1350910663604736, -12.75888729095459, -0.0, 0.0, -12.75888729095459)
(-0.3252072334289551, 3.4937078952789307, 0.0, -1.0, -1.0, 0.0, 0.7331374287605286, 1.893221378326416, 0.0, -5.398342132568359, -35.94966125488281, 0.0, 1298, 1323, 1297, 1332, -0.45941853523254395, -34.22983932495117, 0.0, -0.3252072334289551, 3.4937078952789307, -2.452591896057129, 0.0, -0.0, -2.452591896057129, -15.137153625488281, -0.0, 0.0, -15.137153625488281)
(-0.4385547637939453, 4.311683177947998, 0.0, 0.0, -1.0, 0.0, 9.862908363342285, -18.03044319152832, 0.0, -4.4915618896484375, -34.493465423583984, 0.0, 1361, 1363, 1359, 1383, -54.91850280761719, 8.894510269165039, 0.0, -0.4385547637939453, 4.311683177947998, -5.741787910461426, 0.0, -0.0, -5.741787910461426, -6.585208892822266, -0.0, 0.0, -6.585208892822266)
(0.6385460495948792, 4.077261924743652, 0.0, -1.0, -1.0, 0.0, -16.182893753051758, 17.19093132019043, 0.0, -13.108367919921875, -40.61809539794922, 0.0, 1337, 1386, 1376, 1419, -20.49337387084961, -7.516695499420166, 0.0, 0.6385460495948792, 4.077261924743652, 1.229810357093811, 0.0, 0.0, 1.229810357093811, -23.123611450195312, -0.0, -0.0, -23.123611450195312)
(0.45583248138427734, 4.253652095794678, 0.0, -1.0, -1.0, 0.0, 2.5651984214782715, 1.3741374015808105, 0.0, -11.646659851074219, -42.02921676635742, 0.0, 1386, 1409, 1407, 1453, -11.91870403289795, -1.0739562511444092, 0.0, 0.45583248138427734, 4.253652095794678, -5.684743404388428, 0.0, -0.0, -5.684743404388428, -17.36134147644043, -0.0, 0.0, -17.36134147644043)
(1.4117436408996582, 4.6332807540893555, 0.0, -1.0, 0.0, 0.0, 4.290389537811279, 2.0916945934295654, 0.0, -19.293949127197266, -37.066246032714844, 0.0, 1400, 1413, 1393, 1444, -11.204811096191406, 61.9041748046875, 0.0, 1.4117436408996582, 4.6332807540893555, -9.433735847473145, 0.0, 0.0, -9.433735847473145, -15.663175582885742, -0.0, -0.0, -15.663175582885742)
(-17.564374923706055, 6.0352702140808105, 0.0, -1.0, -1.0, 0.0, -104.57984161376953, 56.885589599609375, 0.0, 132.51499938964844, -56.282161712646484, 0.0, 1241, 1522, 1493, 1394, -15.194332122802734, -77.80065155029297, 0.0, -17.564374923706055, 6.0352702140808105, 94.83793640136719, 0.0, 0.0, 94.83793640136719, -45.2671012878418, -0.0, -0.0, -45.2671012878418)
(1.4994562864303589, 1.3564438819885254, 0.0, -1.0, -1.0, 0.0, 122.22932434082031, -81.92356872558594, 0.0, -19.995651245117188, -18.851551055908203, 0.0, 1555, 1391, 1322, 1386, 16.930686950683594, -8.434978485107422, 0.0, 1.4994562864303589, 1.3564438819885254, -56.889991760253906, 0.0, -0.0, -56.889991760253906, 25.22880744934082, -0.0, 0.0, 25.22880744934082)
(-4.694305896759033, 4.477424621582031, 0.0, -1.0, 0.0, 0.0, -45.17525863647461, 3.28253436088562, 0.0, 29.554447174072266, -35.81939697265625, 0.0, 1321, 1412, 1474, 1446, -4.284383773803711, -17.902225494384766, 0.0, -4.694305896759033, 4.477424621582031, 29.891881942749023, 0.0, -0.0, 29.891881942749023, -15.640772819519043, -0.0, 0.0, -15.640772819519043)
(0.20226413011550903, 3.3698368072509766, 0.0, -1.0, -1.0, 0.0, 16.656801223754883, -14.396855354309082, 0.0, -9.618112564086914, -34.95869445800781, 0.0, 1406, 1401, 1403, 1440, 11.605301856994629, -10.418301582336426, 0.0, 0.20226413011550903, 3.3698368072509766, -10.509965896606445, 0.0, 0.0, -10.509965896606445, -8.224736213684082, -0.0, 0.0, -8.224736213684082)
(-8.448390007019043, 2.207923173904419, 0.0, -1.0, -1.0, 0.0, -118.21342468261719, 16.54970932006836, 0.0, 59.587120056152344, -25.66338539123535, 0.0, 1227, 1403, 1567, 1458, 20.959041595458984, -35.496734619140625, 0.0, -8.448390007019043, 2.207923173904419, 71.1202163696289, 0.0, 0.0, 71.1202163696289, -16.885238647460938, -0.0, -0.0, -16.885238647460938)
(-1.4935450553894043, 3.1529924869537354, 0.0, 0.0, 0.0, 0.0, 171.05374145507812, -14.503725051879883, 0.0, 11.948360443115234, -25.223939895629883, 0.0, 1475, 1356, 1344, 1480, -46.19056701660156, 36.77641677856445, 0.0, -1.4935450553894043, 3.1529924869537354, -63.64215087890625, 0.0, -0.0, -63.64215087890625, -4.2880859375, -0.0, 0.0, -4.2880859375)
(-3.9513559341430664, 5.133225917816162, 0.0, -1.0, -1.0, 0.0, -74.88518524169922, 8.015358924865723, 0.0, 23.61084747314453, -49.0658073425293, 0.0, 1258, 1383, 1523, 1490, 3.475217342376709, -30.04029083251953, 0.0, -3.9513559341430664, 5.133225917816162, 39.398414611816406, 0.0, -0.0, 39.398414611816406, -22.83246612548828, -0.0, 0.0, -22.83246612548828)
(-1.630581259727478, 5.590397834777832, 0.0, -1.0, -1.0, 0.0, 60.88581085205078, 1.3741374015808105, 0.0, 5.044650077819824, -52.723182678222656, 0.0, 1404, 1403, 1379, 1467, -33.213157653808594, -40.259193420410156, 0.0, -1.630581259727478, 5.590397834777832, -22.336463928222656, 0.0, -0.0, -22.336463928222656, -21.638927459716797, -0.0, -0.0, -21.638927459716797)
(-2.2967700958251953, 3.876331329345703, 0.0, -1.0, 0.0, 0.0, -0.5951068997383118, -20.854869842529297, 0.0, 10.374160766601562, -31.010650634765625, 0.0, 1380, 1397, 1439, 1438, -72.33644104003906, 2.1940364837646484, 0.0, -2.2967700958251953, 3.876331329345703, 4.387707233428955, 0.0, -0.0, 4.387707233428955, -4.062312126159668, -0.0, 0.0, -4.062312126159668)
(-17.48067283630371, 2.7134060859680176, 0.0, -1.0, -1.0, 0.0, -24.961519241333008, 64.85505676269531, 0.0, 131.8453826904297, -29.70724868774414, 0.0, 1239, 1440, 1513, 1463, -27.42677879333496, -36.48636245727539, 0.0, -17.48067283630371, 2.7134060859680176, 62.72275924682617, 0.0, -0.0, 62.72275924682617, -37.824920654296875, -0.0, -0.0, -37.824920654296875)
(4.399236679077148, 3.390536308288574, 0.0, -1.0, -1.0, 0.0, -1.3584656715393066, -26.671663284301758, 0.0, -43.19389343261719, -35.124290466308594, 0.0, 1479, 1452, 1341, 1381, 19.78457260131836, 8.25987434387207, 0.0, 4.399236679077148, 3.390536308288574, -16.73417091369629, 0.0, 0.0, -16.73417091369629, -3.3810508251190186, -0.0, 0.0, -3.3810508251190186)
(-9.1986083984375, 7.578855991363525, 0.0, -1.0, 0.0, 0.0, 2.549931287765503, -4.427389144897461, 0.0, 65.5888671875, -60.6308479309082, 0.0, 1380, 1476, 1402, 1396, 6.680817604064941, 1.8416399955749512, 0.0, -9.1986083984375, 7.578855991363525, 25.215574264526367, 0.0, -0.0, 25.215574264526367, -22.48138427734375, -0.0, 0.0, -22.48138427734375)
(-1.101190447807312, 3.116331100463867, 0.0, -1.0, -1.0, 0.0, -13.877549171447754, -17.755634307861328, 0.0, 0.8095235824584961, -32.93064880371094, 0.0, 1404, 1428, 1411, 1411, -36.29330062866211, -39.11642837524414, 0.0, -1.101190447807312, 3.116331100463867, 5.874829292297363, 0.0, 0.0, 5.874829292297363, -6.070005893707275, -0.0, 0.0, -6.070005893707275)
(-9.036240577697754, 1.613437533378601, 0.0, -1.0, -1.0, 0.0, -116.93098449707031, -44.74800109863281, 0.0, 64.28992462158203, -20.907501220703125, 0.0, 1295, 1421, 1551, 1387, -19.110118865966797, 36.844539642333984, 0.0, -9.036240577697754, 1.613437533378601, 72.48836517333984, 0.0, 0.0, 72.48836517333984, 9.536199569702148, -0.0, 0.0, 9.536199569702148)
(-7.2385969161987305, 5.656162261962891, 0.0, -1.0, 0.0, 0.0, 172.0919189453125, 70.03062438964844, 0.0, 49.908775329589844, -45.249298095703125, 0.0, 1480, 1475, 1255, 1445, 33.77165222167969, 12.724100112915039, 0.0, -7.2385969161987305, 5.656162261962891, -48.87325668334961, 0.0, -0.0, -48.87325668334961, -46.111968994140625, -0.0, -0.0, -46.111968994140625)
(-5.714987277984619, 4.934573173522949, 0.0, -1.0, -1.0, 0.0, -104.80884552001953, -15.160213470458984, 0.0, 37.71989822387695, -47.476585388183594, 0.0, 1301, 1441, 1500, 1412, -24.67537498474121, 55.557594299316406, 0.0, -5.714987277984619, 4.934573173522949, 57.011497497558594, 0.0, 0.0, 57.011497497558594, -12.926548957824707, -0.0, 0.0, -12.926548957824707)
(-2.440800428390503, 4.030488014221191, 0.0, -1.0, -1.0, 0.0, 43.313289642333984, 0.9161221385002136, 0.0, 11.526403427124023, -40.24390411376953, 0.0, 1413, 1420, 1381, 1439, -14.134082794189453, 13.727338790893555, 0.0, -2.440800428390503, 4.030488014221191, -12.714754104614258, 0.0, -0.0, -12.714754104614258, -16.46401023864746, -0.0, -0.0, -16.46401023864746)
(-7.142571449279785, 4.267655372619629, 0.0, -1.0, 0.0, 0.0, -62.09128952026367, -12.488457679748535, 0.0, 49.14057159423828, -34.14124298095703, 0.0, 1353, 1459, 1457, 1385, 28.88452911376953, -5.336869716644287, 0.0, -7.142571449279785, 4.267655372619629, 44.49274444580078, 0.0, 0.0, 44.49274444580078, -8.661114692687988, -0.0, 0.0, -8.661114692687988)
(-11.28834056854248, 5.069258213043213, 0.0, -1.0, -1.0, 0.0, 166.6873321533203, -22.396854400634766, 0.0, 82.30672454833984, -48.5540657043457, 0.0, 1509, 1463, 1297, 1385, -4.530930995941162, 12.327814102172852, 0.0, -11.28834056854248, 5.069258213043213, -33.75224304199219, 0.0, -0.0, -33.75224304199219, -10.462884902954102, -0.0, 0.0, -10.462884902954102)
(-3.7817790508270264, 3.8621437549591064, 0.0, -1.0, -1.0, 0.0, -92.85465240478516, 58.41230392456055, 0.0, 22.25423240661621, -38.89714813232422, 0.0, 1254, 1424, 1495, 1481, -60.09224319458008, 20.646970748901367, 0.0, -3.7817790508270264, 3.8621437549591064, 46.043556213378906, 0.0, 0.0, 46.043556213378906, -38.92377853393555, -0.0, -0.0, -38.92377853393555)
(-8.3832426071167, 3.5281076431274414, 0.0, -1.0, 0.0, 0.0, 28.076648712158203, 3.6947481632232666, 0.0, 59.065940856933594, -28.22486114501953, 0.0, 1425, 1475, 1376, 1377, -74.01570129394531, -15.310784339904785, 0.0, -8.3832426071167, 3.5281076431274414, 12.395716667175293, 0.0, 0.0, 12.395716667175293, -12.767843246459961, -0.0, -0.0, -12.767843246459961)
(-3.067277669906616, 0.5192088484764099, 0.0, -1.0, -1.0, 0.0, -8.900450706481934, -32.87013626098633, 0.0, 16.53822135925293, -12.153671264648438, 0.0, 1387, 1391, 1456, 1419, -66.40652465820312, -9.532212257385254, 0.0, -3.067277669906616, 0.5192088484764099, 10.175468444824219, 0.0, 0.0, 10.175468444824219, 8.286585807800293, -0.0, 0.0, 8.286585807800293)
(-3.295192241668701, 0.5494430065155029, 0.0, -1.0, -1.0, 0.0, -2.1065573692321777, -26.763267517089844, 0.0, 18.36153793334961, -12.395544052124023, 0.0, 1398, 1402, 1441, 1413, 25.741477966308594, 44.1297721862793, 0.0, -3.295192241668701, 0.5494430065155029, 8.187238693237305, 0.0, 0.0, 8.187238693237305, 5.747089385986328, -0.0, 0.0, 5.747089385986328)
(-3.316070318222046, 1.9639630317687988, 0.0, -1.0, -1.0, 0.0, -7.587473392486572, 13.419939041137695, 0.0, 18.528562545776367, -23.71170425415039, 0.0, 1375, 1425, 1424, 1433, 27.245267868041992, 35.491844177246094, 0.0, -3.316070318222046, 1.9639630317687988, 10.44641399383545, 0.0, 0.0, 10.44641399383545, -14.85265827178955, -0.0, -0.0, -14.85265827178955)
(-2.457050323486328, 3.4188239574432373, 0.0, -1.0, -1.0, 0.0, -8.335564613342285, -6.488458156585693, 0.0, 11.656402587890625, -35.35059356689453, 0.0, 1340, 1379, 1464, 1471, 5.5675153732299805, -15.123343467712402, 0.0, -2.457050323486328, 3.4188239574432373, 7.996786594390869, 0.0, 0.0, 7.996786594390869, -11.544854164123535, -0.0, 0.0, -11.544854164123535)
(-3.5005996227264404, 4.044364929199219, 0.0, -1.0, -1.0, 0.0, -4.518771171569824, 20.15276336669922, 0.0, 20.004796981811523, -40.35491943359375, 0.0, 1355, 1423, 1424, 1452, -34.68368148803711, -43.33893966674805, 0.0, -3.5005996227264404, 4.044364929199219, 9.809427261352539, 0.0, 0.0, 9.809427261352539, -24.203073501586914, -0.0, -0.0, -24.203073501586914)
(-3.9736485481262207, 4.578290939331055, 0.0, -24.0, -1.0, 0.0, -1.6180076599121094, 32.91612243652344, 0.0, -160.2108154296875, -44.62632751464844, 0.0, 1425, 1360, 1342, 1531, -54.43805694580078, -34.18396759033203, 0.0, -3.9736485481262207, 4.578290939331055, -63.4371223449707, 0.0, -0.0, -63.4371223449707, -31.016979217529297, -0.0, -0.0, -31.016979217529297)
(-21.249723434448242, 5.312081813812256, 0.0, 0.0, -1.0, 0.0, -55.99968719482422, -1.496091604232788, 0.0, 169.99778747558594, -50.49665451049805, 0.0, 1299, 1519, 1489, 1347, 1.0170536041259766, 60.719390869140625, 0.0, -21.249723434448242, 5.312081813812256, 90.39898681640625, 0.0, 0.0, 90.39898681640625, -19.6002254486084, -0.0, 0.0, -19.6002254486084)
(-3.8810172080993652, 2.7008442878723145, 0.0, -1.0, -1.0, 0.0, 81.72550201416016, 22.274900436401367, 0.0, 23.048137664794922, -29.606754302978516, 0.0, 1547, 1542, 1238, 1327, 43.34807586669922, 34.956031799316406, 0.0, -3.8810172080993652, 2.7008442878723145, -23.470945358276367, 0.0, -0.0, -23.470945358276367, -20.752660751342773, -0.0, -0.0, -20.752660751342773)
(-8.545662879943848, 4.266643524169922, 0.0, 4.0, -1.0, 0.0, -2.9309847354888916, -27.801435470581055, 0.0, 100.36530303955078, -42.133148193359375, 0.0, 1366, 1460, 1452, 1380, 12.77768325805664, 24.44377326965332, 0.0, -8.545662879943848, 4.266643524169922, 41.31851577758789, 0.0, 0.0, 41.31851577758789, -5.732685089111328, -0.0, 0.0, -5.732685089111328)
(11.142229080200195, 3.1754772663116455, 0.0, 1.0, 0.0, 0.0, 107.37435913085938, -63.77090072631836, 0.0, -81.13783264160156, -25.403818130493164, 0.0, 1548, 1366, 1310, 1430, 42.627967834472656, 38.89668655395508, 0.0, 11.142229080200195, 3.1754772663116455, -75.40487670898438, 0.0, -0.0, -75.40487670898438, 15.346832275390625, -0.0, 0.0, 15.346832275390625)
(-4.572151184082031, 7.942406177520752, 0.0, -1.0, -1.0, 0.0, -143.26686096191406, -10.656396865844727, 0.0, 28.57720947265625, -71.53924560546875, 0.0, 1170, 1357, 1608, 1519, 50.25771713256836, -14.26541805267334, 0.0, -4.572151184082031, 7.942406177520752, 68.73762512207031, 0.0, 0.0, 68.73762512207031, -24.353139877319336, -0.0, 0.0, -24.353139877319336)
(-4.901149749755859, 5.849411964416504, 0.0, -1.0, 0.0, 0.0, 57.57283020019531, -61.999908447265625, 0.0, 31.209197998046875, -54.79529571533203, 0.0, 1427, 1400, 1408, 1423, -39.76921463012695, 7.051541328430176, 0.0, -4.901149749755859, 5.849411964416504, -10.545453071594238, 0.0, -0.0, -10.545453071594238, 2.881844997406006, -0.0, 0.0, 2.881844997406006)
(-6.418323040008545, 6.011386871337891, 0.0, -1.0, -1.0, 0.0, -38.289764404296875, 41.34360122680664, 0.0, 43.34658432006836, -56.091094970703125, 0.0, 1303, 1446, 1447, 1459, 16.50662612915039, 60.717681884765625, 0.0, -6.418323040008545, 6.011386871337891, 32.654541015625, 0.0, 0.0, 32.654541015625, -38.973876953125, -0.0, -0.0, -38.973876953125)
(-4.983580589294434, 4.56817626953125, 0.0, -1.0, -1.0, 0.0, 35.22168731689453, -19.618228912353516, 0.0, 31.86864471435547, -44.54541015625, 0.0, 1407, 1425, 1400, 1422, 38.08448791503906, 48.861873626708984, 0.0, -4.983580589294434, 4.56817626953125, -1.341217041015625, 0.0, -0.0, -1.341217041015625, -9.97087287902832, -0.0, 0.0, -9.97087287902832)
(-8.616203308105469, 4.570123195648193, 0.0, -26.0, -1.0, 0.0, -50.80884552001953, 4.961923599243164, 0.0, -139.07037353515625, -44.56098556518555, 0.0, 1412, 1381, 1377, 1487, -18.518417358398438, -9.444262504577637, 0.0, -8.616203308105469, 4.570123195648193, -35.30461120605469, 0.0, -0.0, -35.30461120605469, -19.80916404724121, -0.0, 0.0, -19.80916404724121)
(-15.040597915649414, 6.82759952545166, 0.0, -1.0, -1.0, 0.0, 86.18351745605469, -28.457923889160156, 0.0, 112.32478332519531, -62.62079620361328, 0.0, 1446, 1494, 1354, 1361, -61.31244659423828, 15.211984634399414, 0.0, -15.040597915649414, 6.82759952545166, 10.456506729125977, 0.0, -0.0, 10.456506729125977, -13.665148735046387, -0.0, 0.0, -13.665148735046387)
(-5.256136417388916, 5.4380316734313965, 0.0, -1.0, -1.0, 0.0, -25.80121421813965, 6.168030738830566, 0.0, 34.04909133911133, -51.50425338745117, 0.0, 1370, 1464, 1410, 1409, -30.855911254882812, 16.543907165527344, 0.0, -5.256136417388916, 5.4380316734313965, 23.940120697021484, 0.0, 0.0, 23.940120697021484, -23.068912506103516, -0.0, -0.0, -23.068912506103516)
(-6.447426795959473, 4.448024749755859, 0.0, -1.0, -1.0, 0.0, 11.618633270263672, -27.862503051757812, 0.0, 43.57941436767578, -43.584197998046875, 0.0, 1392, 1430, 1424, 1411, 15.294480323791504, -5.476122856140137, 0.0, -6.447426795959473, 4.448024749755859, 12.78431224822998, 0.0, -0.0, 12.78431224822998, -6.288678169250488, -0.0, 0.0, -6.288678169250488)
(-6.229348659515381, 4.459776878356934, 0.0, -1.0, -1.0, 0.0, 0.7026030421257019, -29.893037796020508, 0.0, 41.83478927612305, -43.67821502685547, 0.0, 1499, 1543, 1469, 1447, 32.32818603515625, 16.164398193359375, 0.0, -6.229348659515381, 4.459776878356934, 16.4528751373291, 0.0, -0.0, 16.4528751373291, -5.514070987701416, -0.0, 0.0, -5.514070987701416)
(-3.2759294509887695, 4.791728973388672, 0.0, 0.0, -1.0, 0.0, -1.9691526889801025, 48.9619255065918, 0.0, 26.207435607910156, -46.333831787109375, 0.0, 1505, 1603, 1446, 1500, -12.2196683883667, -24.41734504699707, 0.0, -3.2759294509887695, 4.791728973388672, 11.270635604858398, 0.0, 0.0, 11.270635604858398, -38.11830520629883, -0.0, -0.0, -38.11830520629883)
(-4.481838226318359, 5.64476203918457, 0.0, -1.0, -1.0, 0.0, -26.21342658996582, -30.946474075317383, 0.0, 27.854705810546875, -53.15809631347656, 0.0, 1525, 1586, 1488, 1463, -6.99477481842041, -22.692020416259766, 0.0, -4.481838226318359, 5.64476203918457, 21.62725257873535, 0.0, 0.0, 21.62725257873535, -8.884649276733398, -0.0, 0.0, -8.884649276733398)
(-5.901284694671631, 3.381582498550415, 0.0, -1.0, -1.0, 0.0, -6.701977252960205, -40.74800109863281, 0.0, 39.21027755737305, -35.05265808105469, 0.0, 1510, 1543, 1523, 1482, 13.112578392028809, -9.451668739318848, 0.0, -5.901284694671631, 3.381582498550415, 18.36490249633789, 0.0, -0.0, 18.36490249633789, 2.27813720703125, -0.0, 0.0, 2.27813720703125)
(-5.393679618835449, 1.14876389503479, 0.0, -1.0, -1.0, 0.0, 24.672069549560547, 15.358870506286621, 0.0, 35.149436950683594, -17.19011116027832, 0.0, 1538, 1572, 1465, 1483, 37.81964111328125, -38.159881591796875, 0.0, -5.393679618835449, 1.14876389503479, 4.19094705581665, 0.0, -0.0, 4.19094705581665, -13.01959228515625, -0.0, -0.0, -13.01959228515625)
(-3.1969406604766846, 2.500492811203003, 0.0, -1.0, -1.0, 0.0, 1.4964962005615234, -14.885404586791992, 0.0, 17.575525283813477, -28.003942489624023, 0.0, 1499, 1523, 1519, 1517, 12.360294342041016, -4.777774333953857, 0.0, -3.1969406604766846, 2.500492811203003, 6.43161153793335, 0.0, -0.0, 6.43161153793335, -5.247415065765381, -0.0, 0.0, -5.247415065765381)
(-4.374448776245117, 4.021398067474365, 0.0, -1.0, -1.0, 0.0, 12.000312805175781, -29.343420028686523, 0.0, 26.995590209960938, -40.17118453979492, 0.0, 1509, 1530, 1511, 1508, 21.87269401550293, 5.0294189453125, 0.0, -4.374448776245117, 4.021398067474365, 5.998110771179199, 0.0, -0.0, 5.998110771179199, -4.331105709075928, -0.0, 0.0, -4.331105709075928)
(-3.202239751815796, 3.6855485439300537, 0.0, -3.0, -1.0, 0.0, -17.8928165435791, 10.687114715576172, 0.0, 1.6179180145263672, -37.48439025878906, 0.0, 1467, 1521, 1523, 1546, -0.8110852241516113, -0.9505996704101562, 0.0, -3.202239751815796, 3.6855485439300537, 7.804293632507324, 0.0, 0.0, 7.804293632507324, -19.26860237121582, -0.0, -0.0, -19.26860237121582)
(-20.09527015686035, 9.363662719726562, 0.0, 0.0, -1.0, 0.0, -59.64854049682617, -75.9846420288086, 0.0, 160.7621612548828, -82.9093017578125, 0.0, 1369, 1551, 1657, 1486, -39.88390350341797, 31.80154037475586, 0.0, -20.09527015686035, 9.363662719726562, 88.1642837524414, 0.0, 0.0, 88.1642837524414, -2.7698638439178467, -0.0, 0.0, -2.7698638439178467)
(-0.765056312084198, 4.864211082458496, 0.0, 0.0, -1.0, 0.0, 18.992679595947266, -12.091511726379395, 0.0, 6.120450496673584, -46.91368865966797, 0.0, 1545, 1562, 1457, 1495, -9.164679527282715, -46.94559097290039, 0.0, -0.765056312084198, 4.864211082458496, -5.148891448974609, 0.0, 0.0, -5.148891448974609, -13.928871154785156, -0.0, -0.0, -13.928871154785156)
(-6.024264812469482, 6.10601282119751, 0.0, 0.0, -1.0, 0.0, 22.061382293701172, -13.648763656616211, 0.0, 48.19411849975586, -56.84810256958008, 0.0, 1480, 1536, 1514, 1528, 47.662269592285156, 20.15936279296875, 0.0, -6.024264812469482, 6.10601282119751, 10.453094482421875, 0.0, -0.0, 10.453094482421875, -17.279735565185547, -0.0, 0.0, -17.279735565185547)
(-21.620712280273438, 5.485999584197998, 0.0, -1.0, -1.0, 0.0, 25.252222061157227, 17.71001434326172, 0.0, 164.9656982421875, -51.887996673583984, 0.0, 1375, 1543, 1598, 1542, -44.68029022216797, -16.14743423461914, 0.0, -21.620712280273438, 5.485999584197998, 55.8853874206543, 0.0, -0.0, 55.8853874206543, -27.839202880859375, -0.0, -0.0, -27.839202880859375)
(1.371139645576477, 3.2933778762817383, 0.0, -1.0, -1.0, 0.0, -16.564573287963867, 63.64894485473633, 0.0, -18.9691162109375, -34.347023010253906, 0.0, 1509, 1586, 1441, 1522, -8.550314903259277, -39.84590530395508, 0.0, 1.371139645576477, 3.2933778762817383, -0.9618171453475952, 0.0, 0.0, -0.9618171453475952, -39.198387145996094, -0.0, -0.0, -39.198387145996094)
(-4.738620758056641, 6.597265243530273, 0.0, 0.0, -1.0, 0.0, -5.8622822761535645, -9.511359214782715, 0.0, 37.908966064453125, -60.77812194824219, 0.0, 1442, 1518, 1548, 1554, -4.0289130210876465, 10.87696361541748, 0.0, -4.738620758056641, 6.597265243530273, 17.508499145507812, 0.0, 0.0, 17.508499145507812, -20.506704330444336, -0.0, 0.0, -20.506704330444336)
(4.365942001342773, 5.4129157066345215, 0.0, 25.0, -1.0, 0.0, 77.13008117675781, -10.549527168273926, 0.0, 165.0724639892578, -51.30332565307617, 0.0, 1429, 1532, 1568, 1530, -3.2966623306274414, -21.370704650878906, 0.0, 4.365942001342773, 5.4129157066345215, 35.17695236206055, 0.0, -0.0, 35.17695236206055, -16.3015193939209, -0.0, 0.0, -16.3015193939209)
(2.0680620670318604, 9.511584281921387, 0.0, -1.0, -1.0, 0.0, -157.48060607910156, 49.12986373901367, 0.0, -24.544496536254883, -84.0926742553711, 0.0, 1269, 1482, 1654, 1654, 40.28569793701172, -55.41843032836914, 0.0, 2.0680620670318604, 9.511584281921387, 53.17444610595703, 0.0, 0.0, 53.17444610595703, -53.28901290893555, -0.0, 0.0, -53.28901290893555)
(-6.960533142089844, 11.618295669555664, 0.0, -1.0, -1.0, 0.0, 80.62626647949219, -71.2365493774414, 0.0, 47.68426513671875, -100.94636535644531, 0.0, 1513, 1511, 1494, 1544, 1.0655667781829834, 25.594072341918945, 0.0, -6.960533142089844, 11.618295669555664, -13.176800727844238, 0.0, -0.0, -13.176800727844238, -11.883926391601562, -0.0, 0.0, -11.883926391601562)
(-2.0684876441955566, 3.7187328338623047, 0.0, -1.0, -1.0, 0.0, -27.083656311035156, -26.21364974975586, 0.0, 8.547901153564453, -37.74986267089844, 0.0, 1464, 1502, 1556, 1536, -44.69881820678711, 28.308956146240234, 0.0, -2.0684876441955566, 3.7187328338623047, 14.252622604370117, 0.0, 0.0, 14.252622604370117, -4.614485263824463, -0.0, -0.0, -4.614485263824463)
(-5.084556579589844, 1.6224883794784546, 0.0, -1.0, -1.0, 0.0, 10.168251991271973, -32.4121208190918, 0.0, 32.67645263671875, -20.979907989501953, 0.0, 1550, 1559, 1486, 1459, 15.939001083374023, -1.2734358310699463, 0.0, -5.084556579589844, 1.6224883794784546, 9.003280639648438, 0.0, -0.0, 9.003280639648438, 4.572885036468506, -0.0, 0.0, 4.572885036468506)
(-4.025542259216309, 1.828315019607544, 0.0, -1.0, -1.0, 0.0, -13.297396659851074, 44.061161041259766, 0.0, 24.20433807373047, -22.62652015686035, 0.0, 1436, 1520, 1541, 1565, -21.44769287109375, -69.25860595703125, 0.0, -4.025542259216309, 1.828315019607544, 15.000694274902344, 0.0, 0.0, 15.000694274902344, -26.675073623657227, -0.0, -0.0, -26.675073623657227)
(-1.5161080360412598, 3.0542285442352295, 0.0, -1.0, -1.0, 0.0, -1.1294580698013306, -0.18311449885368347, 0.0, 4.128864288330078, -32.43383026123047, 0.0, 1482, 1512, 1517, 1539, -13.123189926147461, -5.392397880554199, 0.0, -1.5161080360412598, 3.0542285442352295, 2.1033289432525635, 0.0, 0.0, 2.1033289432525635, -12.900286674499512, -0.0, 0.0, -12.900286674499512)
(-2.341233253479004, 7.036557674407959, 0.0, -1.0, -1.0, 0.0, 14.534664154052734, 16.320701599121094, 0.0, 10.729866027832031, -64.29246520996094, 0.0, 1000, 1000, 1000, 1000, -9.906489372253418, -7.122214317321777, 0.0, -2.341233253479004, 7.036557674407959, -1.5219192504882812, 0.0, -0.0, -1.5219192504882812, -32.24526596069336, -0.0, -0.0, -32.24526596069336)
(-2.309433698654175, 4.105898380279541, 0.0, -1.0, -1.0, 0.0, -1.6180076599121094, -38.07624435424805, 0.0, 10.475469589233398, -40.84718704223633, 0.0, 1000, 1000, 1000, 1000, 2.995014190673828, -1.2262377738952637, 0.0, -2.309433698654175, 4.105898380279541, 4.837390899658203, 0.0, 0.0, 4.837390899658203, -1.1083770990371704, -0.0, 0.0, -1.1083770990371704)
(-2.444645643234253, 0.22948455810546875, 0.0, -1.0, -1.0, 0.0, -7.190526485443115, 4.229099273681641, 0.0, 11.557165145874023, -9.83587646484375, 0.0, 1000, 1000, 1000, 1000, 2.683378219604492, -0.834038257598877, 0.0, -2.444645643234253, 0.22948455810546875, 7.499076843261719, 0.0, 0.0, 7.499076843261719, -5.625990390777588, -0.0, -0.0, -5.625990390777588)
(-2.7249011993408203, -0.08806725591421127, 0.0, -1.0, -1.0, 0.0, -3.602740526199341, -9.114412307739258, 0.0, 13.799209594726562, -7.295462131500244, 0.0, 1000, 1000, 1000, 1000, -2.390711784362793, -5.21267557144165, 0.0, -2.7249011993408203, -0.08806725591421127, 6.960780143737793, 0.0, 0.0, 6.960780143737793, 0.7275800704956055, -0.0, 0.0, 0.7275800704956055)
(-3.8057103157043457, -1.467685341835022, 0.0, -1.0, -1.0, 0.0, -10.778312683105469, -2.076244354248047, 0.0, 22.445682525634766, 3.741482734680176, 0.0, 1000, 1000, 1000, 1000, -4.089407444000244, -10.823715209960938, 0.0, -3.8057103157043457, -1.467685341835022, 13.28959846496582, 0.0, 0.0, 13.28959846496582, 2.3270907402038574, -0.0, 0.0, 2.3270907402038574)
(-8.051749229431152, -2.2546377182006836, 0.0, -1.0, -1.0, 0.0, -5.938618183135986, -13.175480842590332, 0.0, 56.41399383544922, 10.037101745605469, 0.0, 1000, 1000, 1000, 1000, -11.100804328918457, -3.3687033653259277, 0.0, -8.051749229431152, -2.2546377182006836, 24.941043853759766, 0.0, -0.0, 24.941043853759766, 9.285032272338867, -0.0, 0.0, 9.285032272338867)
(-7.439090728759766, -5.474100589752197, 0.0, -1.0, -1.0, 0.0, 4.381992340087891, -5.633496284484863, 0.0, 51.512725830078125, 35.79280471801758, 0.0, 1000, 1000, 1000, 1000, -7.337733268737793, -9.741910934448242, 0.0, -7.439090728759766, -5.474100589752197, 18.852293014526367, 0.0, -0.0, 18.852293014526367, 16.570520401000977, -0.0, -0.0, 16.570520401000977)
(-5.556966304779053, -4.862400054931641, 0.0, -1.0, -1.0, 0.0, 12.397259712219238, -0.7632671594619751, 0.0, 36.45573043823242, 30.899200439453125, 0.0, 1000, 1000, 1000, 1000, -0.7450737953186035, -9.336806297302246, 0.0, -5.556966304779053, -4.862400054931641, 9.623388290405273, 0.0, -0.0, 9.623388290405273, 12.664987564086914, -0.0, 0.0, 12.664987564086914)
(-3.364316701889038, -5.656614780426025, 0.0, -1.0, -1.0, 0.0, -7.785946369171143, -14.442656517028809, 0.0, 18.914533615112305, 37.2529182434082, 0.0, 1000, 1000, 1000, 1000, -3.8189687728881836, -8.56471061706543, 0.0, -3.364316701889038, -5.656614780426025, 10.680191993713379, 0.0, 0.0, 10.680191993713379, 20.67823028564453, -0.0, 0.0, 20.67823028564453)
(-4.940193176269531, -11.956811904907227, 0.0, -1.0, -1.0, 0.0, 8.901076316833496, 0.9161221385002136, 0.0, 31.52154541015625, 87.65449523925781, 0.0, 1000, 1000, 1000, 1000, -6.753067970275879, -17.207815170288086, 0.0, -4.940193176269531, -11.956811904907227, 9.048187255859375, 0.0, -0.0, 9.048187255859375, 34.695350646972656, -0.0, -0.0, 34.695350646972656)
(-1.7350722551345825, -11.973459243774414, 0.0, -1.0, 0.0, 0.0, -5.877549648284912, -8.167847633361816, 0.0, 5.88057804107666, 95.78767395019531, 0.0, 1000, 1000, 1000, 1000, -1.6009125709533691, -11.967758178710938, 0.0, -1.7350722551345825, -11.973459243774414, 4.703250885009766, 0.0, 0.0, 4.703250885009766, 41.58220672607422, -0.0, 0.0, 41.58220672607422)
(-6.004110336303711, -14.191020965576172, 0.0, -1.0, -1.0, 0.0, -13.43480110168457, -2.747999906539917, 0.0, 40.03288269042969, 105.52816772460938, 0.0, 1000, 1000, 1000, 1000, -5.3736162185668945, -19.395030975341797, 0.0, -6.004110336303711, -14.191020965576172, 21.387073516845703, 0.0, 0.0, 21.387073516845703, 43.31046676635742, -0.0, 0.0, 43.31046676635742)
(-5.28287935256958, -15.983095169067383, 0.0, -1.0, -1.0, 0.0, 18.931610107421875, -25.297618865966797, 0.0, 34.26303482055664, 119.86476135253906, 0.0, 1000, 1000, 1000, 1000, -4.336336135864258, -19.429645538330078, 0.0, -5.28287935256958, -15.983095169067383, 6.132569789886475, 0.0, -0.0, 6.132569789886475, 58.0649528503418, -0.0, 0.0, 58.0649528503418)
(-7.617923259735107, -14.494887351989746, 0.0, -1.0, -1.0, 0.0, 0.824740469455719, 49.26726531982422, 0.0, 52.94338607788086, 107.95909881591797, 0.0, 1000, 1000, 1000, 1000, -15.945629119873047, -25.213172912597656, 0.0, -7.617923259735107, -14.494887351989746, 20.847457885742188, 0.0, -0.0, 20.847457885742188, 23.476734161376953, -0.0, -0.0, 23.476734161376953)
(-7.435878276824951, -10.188802719116211, 0.0, -1.0, -1.0, 0.0, -3.1447250843048096, 16.80925178527832, 0.0, 51.48702621459961, 73.51042175292969, 0.0, 1000, 1000, 1000, 1000, -8.78310775756836, -13.787394523620605, 0.0, -7.435878276824951, -10.188802719116211, 21.85270118713379, 0.0, -0.0, 21.85270118713379, 22.680469512939453, -0.0, -0.0, 22.680469512939453)
(-7.7860798835754395, -7.30889892578125, 0.0, -1.0, -1.0, 0.0, 2.794206142425537, -15.694564819335938, 0.0, 54.288639068603516, 50.47119140625, 0.0, 1000, 1000, 1000, 1000, -9.009485244750977, -9.200886726379395, 0.0, -7.7860798835754395, -7.30889892578125, 20.597774505615234, 0.0, -0.0, 20.597774505615234, 26.4663028717041, -0.0, 0.0, 26.4663028717041)
(-7.690727233886719, -7.8155412673950195, 0.0, -1.0, -1.0, 0.0, -3.41953444480896, -11.831969261169434, 0.0, 53.52581787109375, 54.524330139160156, 0.0, 1000, 1000, 1000, 1000, -9.148560523986816, -15.083953857421875, 0.0, -7.690727233886719, -7.8155412673950195, 22.778141021728516, 0.0, 0.0, 22.778141021728516, 26.54252052307129, -0.0, 0.0, 26.54252052307129)
(-7.026059150695801, -4.143129348754883, 0.0, -1.0, -1.0, 0.0, -0.7783129811286926, 20.99245834350586, 0.0, 48.208473205566406, 25.145034790039062, 0.0, 1000, 1000, 1000, 1000, 3.4137749671936035, -10.77698040008545, 0.0, -7.026059150695801, -4.143129348754883, 19.594715118408203, 0.0, 0.0, 19.594715118408203, 1.6610305309295654, -0.0, -0.0, 1.6610305309295654)
(-5.831211566925049, -2.253384590148926, 0.0, -1.0, -1.0, 0.0, -14.259228706359863, -11.160213470458984, 0.0, 38.64969253540039, 10.027076721191406, 0.0, 1000, 1000, 1000, 1000, -2.6084227561950684, -4.562342643737793, 0.0, -5.831211566925049, -2.253384590148926, 21.1635684967041, 0.0, 0.0, 21.1635684967041, 8.474916458129883, -0.0, 0.0, 8.474916458129883)
(-6.147056579589844, -2.528595209121704, 0.0, -1.0, -1.0, 0.0, -7.159992218017578, -6.320518970489502, 0.0, 41.17645263671875, 12.228761672973633, 0.0, 1000, 1000, 1000, 1000, -6.127103805541992, -5.75560998916626, 0.0, -6.147056579589844, -2.528595209121704, 19.334577560424805, 0.0, 0.0, 19.334577560424805, 7.419712066650391, -0.0, 0.0, 7.419712066650391)
(-6.2307047843933105, -2.589282512664795, 0.0, -1.0, -1.0, 0.0, 0.4583282470703125, 1.9237557649612427, 0.0, 41.845638275146484, 12.71426010131836, 0.0, 1000, 1000, 1000, 1000, -5.660726547241211, -6.132754802703857, 0.0, -6.2307047843933105, -2.589282512664795, 16.55492401123047, 0.0, -0.0, 16.55492401123047, 4.316201686859131, -0.0, -0.0, 4.316201686859131)
(-6.100358963012695, -2.437089443206787, 0.0, -1.0, -1.0, 0.0, -0.6256412267684937, 1.2214657068252563, 0.0, 40.80287170410156, 11.496715545654297, 0.0, 1000, 1000, 1000, 1000, -4.540553092956543, -4.576009273529053, 0.0, -6.100358963012695, -2.437089443206787, 16.5714054107666, 0.0, -0.0, 16.5714054107666, 4.110099792480469, -0.0, -0.0, 4.110099792480469)
(-6.116481781005859, -2.4270684719085693, 0.0, -1.0, -1.0, 0.0, 0.06138167902827263, 1.6336793899536133, 0.0, 40.931854248046875, 11.416547775268555, 0.0, 1000, 1000, 1000, 1000, -4.918368816375732, -5.0756754875183105, 0.0, -6.116481781005859, -2.4270684719085693, 16.348188400268555, 0.0, -0.0, 16.348188400268555, 3.913147449493408, -0.0, -0.0, 3.913147449493408)
(-6.0785441398620605, -2.3584742546081543, 0.0, -1.0, -1.0, 0.0, -0.45770227909088135, 1.1756640672683716, 0.0, 40.628353118896484, 10.867794036865234, 0.0, 1000, 1000, 1000, 1000, -4.700789451599121, -5.151944160461426, 0.0, -6.0785441398620605, -2.3584742546081543, 16.43442153930664, 0.0, -0.0, 16.43442153930664, 3.876852035522461, -0.0, 0.0, 3.876852035522461)
(-6.051969528198242, -2.2803850173950195, 0.0, -1.0, -1.0, 0.0, 0.18351908028125763, 1.5573434829711914, 0.0, 40.41575622558594, 10.243080139160156, 0.0, 1000, 1000, 1000, 1000, -5.340604782104492, -4.508980751037598, 0.0, -6.051969528198242, -2.2803850173950195, 16.0928955078125, 0.0, -0.0, 16.0928955078125, 3.474294662475586, -0.0, -0.0, 3.474294662475586)
(-6.167007923126221, -2.395540237426758, 0.0, -1.0, -1.0, 0.0, 3.4201602935791016, 6.015358924865723, 0.0, 41.336063385009766, 11.164321899414062, 0.0, 1000, 1000, 1000, 1000, -3.435492992401123, -4.621344566345215, 0.0, -6.167007923126221, -2.395540237426758, 15.166360855102539, 0.0, -0.0, 15.166360855102539, 2.0595850944519043, -0.0, -0.0, 2.0595850944519043)
(-6.1351776123046875, -2.380873918533325, 0.0, -1.0, -1.0, 0.0, -0.3050305247306824, 1.0687938928604126, 0.0, 41.0814208984375, 11.046991348266602, 0.0, 1000, 1000, 1000, 1000, -3.0926408767700195, -4.366086959838867, 0.0, -6.1351776123046875, -2.380873918533325, 16.554580688476562, 0.0, 0.0, 16.554580688476562, 3.991278886795044, -0.0, 0.0, 3.991278886795044)
(-6.146252155303955, -2.4705698490142822, 0.0, -1.0, -1.0, 0.0, -2.625641107559204, -2.030442714691162, 0.0, 41.17001724243164, 11.764558792114258, 0.0, 1000, 1000, 1000, 1000, -7.513909339904785, -8.700196266174316, 0.0, -6.146252155303955, -2.4705698490142822, 17.51826286315918, 0.0, -0.0, 17.51826286315918, 5.518000602722168, -0.0, 0.0, 5.518000602722168)
(-6.114109516143799, -2.4726243019104004, 0.0, -1.0, -1.0, 0.0, 3.618633508682251, 5.1298627853393555, 0.0, 40.91287612915039, 11.780994415283203, 0.0, 1000, 1000, 1000, 1000, -4.899462699890137, -6.554862022399902, 0.0, -6.114109516143799, -2.4726243019104004, 14.917696952819824, 0.0, -0.0, 14.917696952819824, 2.6604526042938232, -0.0, -0.0, 2.6604526042938232)
(-5.98173189163208, -2.25445294380188, 0.0, -1.0, -1.0, 0.0, -2.1065573692321777, 0.3665038049221039, 0.0, 39.85385513305664, 10.035623550415039, 0.0, 1000, 1000, 1000, 1000, -4.424236297607422, -4.094908714294434, 0.0, -5.98173189163208, -2.25445294380188, 16.784164428710938, 0.0, 0.0, 16.784164428710938, 3.867647886276245, -0.0, 0.0, 3.867647886276245)
(-6.0417280197143555, -2.2605137825012207, 0.0, -1.0, -1.0, 0.0, 0.4277938902378082, 2.824519157409668, 0.0, 40.333824157714844, 10.084110260009766, 0.0, 1000, 1000, 1000, 1000, -5.315591812133789, -5.809001445770264, 0.0, -6.0417280197143555, -2.2605137825012207, 15.962411880493164, 0.0, -0.0, 15.962411880493164, 2.903836488723755, -0.0, -0.0, 2.903836488723755)
(-6.055095672607422, -2.314342737197876, 0.0, -1.0, -1.0, 0.0, -1.9080839157104492, -0.25945037603378296, 0.0, 40.440765380859375, 10.514741897583008, 0.0, 1000, 1000, 1000, 1000, -4.6830363273620605, -5.482749938964844, 0.0, -6.055095672607422, -2.314342737197876, 16.93954086303711, 0.0, 0.0, 16.93954086303711, 4.309676647186279, -0.0, 0.0, 4.309676647186279)
(-6.016139507293701, -2.2133758068084717, 0.0, -1.0, -1.0, 0.0, -0.2744961977005005, 1.5573434829711914, 0.0, 40.12911605834961, 9.707006454467773, 0.0, 1000, 1000, 1000, 1000, -4.883123397827148, -5.076126575469971, 0.0, -6.016139507293701, -2.2133758068084717, 16.16144561767578, 0.0, -0.0, 16.16144561767578, 3.2598652839660645, -0.0, -0.0, 3.2598652839660645)
(-5.96604585647583, -2.147887706756592, 0.0, -1.0, -1.0, 0.0, -0.5035037994384766, 1.5573434829711914, 0.0, 39.72836685180664, 9.183101654052734, 0.0, 1000, 1000, 1000, 1000, -4.915186882019043, -5.0609130859375, 0.0, -5.96604585647583, -2.147887706756592, 16.092748641967773, 0.0, -0.0, 16.092748641967773, 3.0503032207489014, -0.0, -0.0, 3.0503032207489014)
(-5.952515602111816, -2.148916482925415, 0.0, -1.0, -1.0, 0.0, -0.5187709927558899, 1.0077252388000488, 0.0, 39.62012481689453, 9.19133186340332, 0.0, 1000, 1000, 1000, 1000, -4.076085567474365, -5.298755645751953, 0.0, -5.952515602111816, -2.148916482925415, 16.055559158325195, 0.0, 0.0, 16.055559158325195, 3.2734427452087402, -0.0, 0.0, 3.2734427452087402)
(-5.973791599273682, -2.1301486492156982, 0.0, -1.0, -1.0, 0.0, 0.18351908028125763, 1.587877869606018, 0.0, 39.79033279418945, 9.041189193725586, 0.0, 1000, 1000, 1000, 1000, -4.806384086608887, -5.197484016418457, 0.0, -5.973791599273682, -2.1301486492156982, 15.84272575378418, 0.0, -0.0, 15.84272575378418, 2.9813246726989746, -0.0, -0.0, 2.9813246726989746)
(-5.967370510101318, -2.119492769241333, 0.0, -1.0, -1.0, 0.0, -0.640908420085907, 0.9924579858779907, 0.0, 47.73896408081055, 8.955942153930664, 0.0, 1000, 1000, 1000, 1000, -5.346698760986328, -5.409565448760986, 0.0, -5.967370510101318, -2.119492769241333, 19.351947784423828, 0.0, 0.0, 19.351947784423828, 3.185393810272217, -0.0, -0.0, 3.185393810272217)
(-5.96770715713501, -2.1162829399108887, 0.0, -1.0, -1.0, 0.0, -0.6561755537986755, 1.2061984539031982, 0.0, 39.74165725708008, 8.93026351928711, 0.0, 1000, 1000, 1000, 1000, -4.664486408233643, -5.287792205810547, 0.0, -5.96770715713501, -2.1162829399108887, 16.15913200378418, 0.0, 0.0, 16.15913200378418, 3.089625835418701, -0.0, -0.0, 3.089625835418701)
(-5.967668056488037, -2.113767385482788, 0.0, -1.0, -1.0, 0.0, 0.32092365622520447, 1.7405495643615723, 0.0, 39.7413444519043, 8.910139083862305, 0.0, 1000, 1000, 1000, 1000, -5.43226432800293, -7.166293144226074, 0.0, -5.967668056488037, -2.113767385482788, 15.768168449401855, 0.0, -0.0, 15.768168449401855, 2.867835760116577, -0.0, -0.0, 2.867835760116577)
(-6.040999412536621, -2.1924469470977783, 0.0, -1.0, -1.0, 0.0, -1.1599923372268677, 0.6413129568099976, 0.0, 40.32799530029297, 9.539575576782227, 0.0, 1000, 1000, 1000, 1000, -5.2986016273498535, -5.664478778839111, 0.0, -6.040999412536621, -2.1924469470977783, 16.595195770263672, 0.0, -0.0, 16.595195770263672, 3.559305191040039, -0.0, -0.0, 3.559305191040039)
(-5.969948768615723, -2.1140689849853516, 0.0, -1.0, -1.0, 0.0, -1.4195343255996704, 0.9466564655303955, 0.0, 39.75959014892578, 8.912551879882812, 0.0, 1000, 1000, 1000, 1000, -4.99864387512207, -5.046233654022217, 0.0, -5.969948768615723, -2.1140689849853516, 16.471649169921875, 0.0, 0.0, 16.471649169921875, 3.1863582134246826, -0.0, 0.0, 3.1863582134246826)
(-5.982517242431641, -2.131258726119995, 0.0, -1.0, -1.0, 0.0, 0.5651984810829163, 2.458106756210327, 0.0, 39.860137939453125, 9.050069808959961, 0.0, 1000, 1000, 1000, 1000, -5.3449177742004395, -5.166818618774414, 0.0, -5.982517242431641, -2.131258726119995, 15.717976570129395, 0.0, -0.0, 15.717976570129395, 2.6367850303649902, -0.0, -0.0, 2.6367850303649902)
(-5.98596715927124, -2.133226156234741, 0.0, 0.0, -1.0, 0.0, -0.7172442674636841, 1.038259506225586, 0.0, 47.88773727416992, 9.06580924987793, 0.0, 1000, 1000, 1000, 1000, -4.967630386352539, -5.692056655883789, 0.0, -5.98596715927124, -2.133226156234741, 19.441991806030273, 0.0, 0.0, 19.441991806030273, 3.211019992828369, -0.0, -0.0, 3.211019992828369)
(-5.978367805480957, -2.131674289703369, 0.0, -1.0, -1.0, 0.0, -0.6256412267684937, 1.0840610265731812, 0.0, 39.826942443847656, 9.053394317626953, 0.0, 1000, 1000, 1000, 1000, -4.9171600341796875, -5.567374229431152, 0.0, -5.978367805480957, -2.131674289703369, 16.181034088134766, 0.0, 0.0, 16.181034088134766, 3.1877331733703613, -0.0, 0.0, 3.1877331733703613)
(-5.98511266708374, -2.128218650817871, 0.0, -1.0, -1.0, 0.0, -0.5798397064208984, 1.1145954132080078, 0.0, 39.88090133666992, 9.025749206542969, 0.0, 1000, 1000, 1000, 1000, -4.712967395782471, -5.515209674835205, 0.0, -5.98511266708374, -2.128218650817871, 16.184295654296875, 0.0, -0.0, 16.184295654296875, 3.164461612701416, -0.0, 0.0, 3.164461612701416)