
(-0.6657710075378418, 2.1785764694213867, 0.0, 0.0, 0.0, 0.0, -0.381488561630249, 1.4654656648635864, 0.0, 3.994626045227051, -13.07145881652832, 0.0, 1000, 1000, 1000, 1000, -0.6657710075378418, 2.1785764694213867, 0.0, -0.6657710075378418, 2.1785764694213867, 1.3128345012664795, 0.0015316401841118932, 0.43761149048805237, 1.751977562904358, -4.361077308654785, -0.005087923724204302, -1.4536924362182617, -5.819857597351074)
(-0.6784200072288513, 2.142302989959717, 0.0, 0.0, 0.0, 0.0, -0.3662213683128357, 1.4501985311508179, 0.0, 4.070519924163818, -12.8538179397583, 0.0, 1000, 1000, 1000, 1000, -0.5862083435058594, 1.973243236541748, 0.0, -0.6784200072288513, 2.229151725769043, 1.3310223817825317, 0.012355610728263855, 0.31058093905448914, 1.6539589166641235, -4.291204929351807, -0.04039755463600159, -0.9947802424430847, -5.326382637023926)
(-0.693108320236206, 2.2009780406951904, 0.0, 0.0, 0.0, 0.0, -0.3662213683128357, 1.480732798576355, 0.0, 4.158649921417236, -13.205867767333984, 0.0, 1000, 1000, 1000, 1000, -0.5977580547332764, 2.1631522178649902, 0.0, -0.693108320236206, 2.285818099975586, 1.3574614524841309, 0.025028150528669357, 0.21207523345947266, 1.5945647954940796, -4.405980110168457, -0.08093301206827164, -0.693555474281311, -5.180468559265137)
(-0.7064983248710632, 2.375342607498169, 0.0, 0.0, 0.0, 0.0, -0.381488561630249, 1.4654656648635864, 0.0, 4.23898983001709, -14.252056121826172, 0.0, 1000, 1000, 1000, 1000, -0.7116515636444092, 2.2250304222106934, 0.0, -0.7064983248710632, 2.3428521156311035, 1.3861435651779175, 0.037840865552425385, 0.14878243207931519, 1.572766900062561, -4.715256690979004, -0.12332474440336227, -0.5512896776199341, -5.389871120452881)
(-0.7217950820922852, 1.8528019189834595, 0.0, 0.0, 0.0, 0.0, -0.3662213683128357, 1.480732798576355, 0.0, 4.330770492553711, -11.116811752319336, 0.0, 1000, 1000, 1000, 1000, -0.7199001312255859, 2.1504297256469727, 0.0, -0.7217950820922852, 2.3969879150390625, 1.4090975522994995, 0.05095551908016205, 0.10446658730506897, 1.5645196437835693, -3.779263496398926, -0.16604210436344147, -0.06667503714561462, -4.0119805335998535)
(-0.736556887626648, 2.0420305728912354, 0.0, 0.0, 0.0, 0.0, -0.39675572514533997, 1.480732798576355, 0.0, 4.419341087341309, -12.25218391418457, 0.0, 1000, 1000, 1000, 1000, -0.5837976932525635, 2.0593771934509277, 0.0, -0.736556887626648, 2.4511704444885254, 1.444828987121582, 0.06438207626342773, 0.07828058302402496, 1.587491750717163, -4.119874954223633, -0.2044229656457901, -0.12380115687847137, -4.448099136352539)
(-0.751521646976471, 2.1905791759490967, 0.0, 0.0, 0.0, 0.0, -0.3662213683128357, 1.480732798576355, 0.0, 4.509130001068115, -13.143474578857422, 0.0, 1000, 1000, 1000, 1000, -0.6301507949829102, 2.289060115814209, 0.0, -0.751521646976471, 2.506319046020508, 1.4626054763793945, 0.07808785140514374, 0.05536436289548874, 1.596057653427124, -4.387262344360352, -0.2443581521511078, -0.1562342792749405, -4.7878546714782715)
(-0.7647392749786377, 2.160768747329712, 0.0, 0.0, 0.0, 0.0, -0.39675572514533997, 1.5876030921936035, 0.0, 4.588435649871826, -12.96461296081543, 0.0, 1000, 1000, 1000, 1000, -0.4960973262786865, 2.172144889831543, 0.0, -0.7647392749786377, 2.5603127479553223, 1.495557427406311, 0.09194087237119675, 0.045631084591150284, 1.633129358291626, -4.365664482116699, -0.284951388835907, -0.10063730925321579, -4.751253128051758)
(-0.779312252998352, 2.1636717319488525, 0.0, 0.0, 0.0, 0.0, -0.4120228886604309, 1.496000051498413, 0.0, 4.675873756408691, -12.982030868530273, 0.0, 1000, 1000, 1000, 1000, -0.6551637649536133, 2.111743927001953, 0.0, -0.779312252998352, 2.6142313480377197, 1.5263690948486328, 0.10608108341693878, 0.038676634430885315, 1.6711267232894897, -4.343409538269043, -0.325499564409256, -0.06136242300271988, -4.730271339416504)
(-0.7925165295600891, 2.1035397052764893, 0.0, 0.0, 0.0, 0.0, -0.39675572514533997, 1.496000051498413, 0.0, 4.755099296569824, -12.621238708496094, 0.0, 1000, 1000, 1000, 1000, -0.6083362102508545, 2.1091108322143555, 0.0, -0.7925165295600891, 2.6648483276367188, 1.5455565452575684, 0.12040461599826813, 0.03138059377670288, 1.6973416805267334, -4.235171794891357, -0.3654128313064575, -0.011084633879363537, -4.611669063568115)
(-0.805718183517456, 2.1238107681274414, 0.0, 0.0, 0.0, 0.0, -0.42729008197784424, 1.4196641445159912, 0.0, 4.834309101104736, -12.742864608764648, 0.0, 1000, 1000, 1000, 1000, -0.5996074676513672, 2.2125463485717773, 0.0, -0.805718183517456, 2.716064214706421, 1.5784797668457031, 0.13497358560562134, 0.030393356457352638, 1.7438466548919678, -4.248758792877197, -0.4050266146659851, -0.010948377661406994, -4.66473388671875)
(-0.8208621740341187, 2.1400487422943115, 0.0, 0.0, 0.0, 0.0, -0.4120228886604309, 1.4349312782287598, 0.0, 4.925172805786133, -12.840291976928711, 0.0, 1000, 1000, 1000, 1000, -0.7073132991790771, 2.2314395904541016, 0.0, -0.8208621740341187, 2.763993740081787, 1.6011587381362915, 0.14980033040046692, 0.026802312582731247, 1.7777613401412964, -4.282567024230957, -0.44488075375556946, -0.01649526320397854, -4.743942737579346)
(-0.8329477310180664, 2.1369223594665527, 0.0, 0.0, 0.0, 0.0, -0.3356870114803314, 1.496000051498413, 0.0, 4.997686386108398, -12.821534156799316, 0.0, 1000, 1000, 1000, 1000, -0.6652693748474121, 2.1319360733032227, 0.0, -0.8329477310180664, 2.8133392333984375, 1.6000120639801025, 0.1647331863641739, 0.017520509660243988, 1.7822657823562622, -4.295260429382324, -0.4850226044654846, -0.01325975637882948, -4.793542861938477)
(-0.845068097114563, 2.1240532398223877, 0.0, 0.0, 0.0, 0.0, -0.42729008197784424, 1.4349312782287598, 0.0, 5.070408821105957, -12.744319915771484, 0.0, 1000, 1000, 1000, 1000, -0.7068066596984863, 2.18485689163208, 0.0, -0.845068097114563, 2.860105037689209, 1.6493096351623535, 0.1798914521932602, 0.0258944109082222, 1.8550955057144165, -4.253775119781494, -0.5249083042144775, 0.002966213272884488, -4.775717258453369)
(-0.856535792350769, 2.1227564811706543, 0.0, 0.0, 0.0, 0.0, -0.4120228886604309, 1.4501985311508179, 0.0, 5.14877986907959, -12.7086181640625, 0.0, 1000, 1000, 1000, 1000, -0.6256215572357178, 2.052217960357666, 0.0, -0.8581299781799316, 2.9072678089141846, 1.6682409048080444, 0.19536498188972473, 0.022757042199373245, 1.886362910270691, -4.247644901275635, -0.5647933483123779, 0.006402909755706787, -4.80603551864624)
(-0.8702073693275452, 2.1340014934539795, 0.0, 0.0, 0.0, 0.0, -0.4120228886604309, 1.4654656648635864, 0.0, 5.2212443351745605, -12.804008483886719, 0.0, 1000, 1000, 1000, 1000, -0.7482516765594482, 2.0709009170532227, 0.0, -0.8702073693275452, 2.948993682861328, 1.6899802684783936, 0.20910026133060455, 0.02201039530336857, 1.9323850870132446, -4.276909351348877, -0.6047602891921997, -0.001923418021760881, -4.8835930824279785)
(-0.8832454085350037, 2.127829074859619, 0.0, 0.0, 0.0, 0.0, -0.42729008197784424, 1.4349312782287598, 0.0, 5.299472332000732, -12.766974449157715, 0.0, 1000, 1000, 1000, 1000, -0.5966536998748779, 2.1002116203308105, 0.0, -0.8832454085350037, 2.9942405223846436, 1.7180286645889282, 0.22501111030578613, 0.022611748427152634, 1.965651512145996, -4.2605719566345215, -0.6396785974502563, 0.0041391076520085335, -4.896111488342285)
(-0.8968362212181091, 2.1390318870544434, 0.0, 0.0, 0.0, 0.0, -0.4578244388103485, 1.4654656648635864, 0.0, 5.381017208099365, -12.83419132232666, 0.0, 1000, 1000, 1000, 1000, -0.6944003105163574, 2.2207746505737305, 0.0, -0.8968362212181091, 3.039679765701294, 1.751652479171753, 0.2411738932132721, 0.025050068274140358, 2.017876386642456, -4.2898969650268555, -0.6796309947967529, -0.0051385583356022835, -4.974666595458984)
(-0.909283459186554, 2.1365132331848145, 0.0, 0.0, 0.0, 0.0, -0.42729008197784424, 1.496000051498413, 0.0, 5.455700874328613, -12.819079399108887, 0.0, 1000, 1000, 1000, 1000, -0.6186552047729492, 2.0991692543029785, 0.0, -0.909283459186554, 3.0835988521575928, 1.7648972272872925, 0.2575070858001709, 0.02141968533396721, 2.0438239574432373, -4.2945237159729, -0.7196353077888489, -0.005409026052802801, -5.01956844329834)
(-0.9205500483512878, 2.1613190174102783, 0.0, 0.0, 0.0, 0.0, -0.39675572514533997, 1.5265343189239502, 0.0, 5.5233001708984375, -12.967914581298828, 0.0, 1000, 1000, 1000, 1000, -0.6507782936096191, 2.1484951972961426, 0.0, -0.9205500483512878, 3.1289169788360596, 1.7760167121887207, 0.27399516105651855, 0.01782640628516674, 2.067838430404663, -4.348334789276123, -0.7599503993988037, -0.019274776801466942, -5.127559661865234)
(-0.9330328106880188, 2.1746888160705566, 0.0, 0.0, 0.0, 0.0, -0.39675572514533997, 1.5112671852111816, 0.0, 5.598196983337402, -13.04813289642334, 0.0, 1000, 1000, 1000, 1000, -0.7648863792419434, 2.2103681564331055, 0.0, -0.9330328106880188, 3.1727728843688965, 1.7984857559204102, 0.29068663716316223, 0.01810779981315136, 2.1072802543640137, -4.3678202629089355, -0.8004623651504517, -0.020359206944704056, -5.188641548156738)
(-0.9449352622032166, 2.1877529621124268, 0.0, 0.0, 0.0, 0.0, -0.4120228886604309, 1.480732798576355, 0.0, 5.66961145401001, -13.126518249511719, 0.0, 1000, 1000, 1000, 1000, -0.7654023170471191, 2.2569146156311035, 0.0, -0.9449352622032166, 3.2154831886291504, 1.8244903087615967, 0.3076099157333374, 0.019328197464346886, 2.151428461074829, -4.382175445556641, -0.8412089347839355, -0.018677759915590286, -5.242062091827393)
(-0.9567054510116577, 2.1707630157470703, 0.0, 0.0, 0.0, 0.0, -0.3662213683128357, 1.496000051498413, 0.0, 5.740232467651367, -13.024578094482422, 0.0, 1000, 1000, 1000, 1000, -0.5451409816741943, 2.0886383056640625, 0.0, -0.9567054510116577, 3.257202625274658, 1.8319361209869385, 0.3247470557689667, 0.013956738635897636, 2.170639991760254, -4.356173515319824, -0.8819819092750549, -0.004927396774291992, -5.2430830001831055)
(-0.9678605794906616, 2.1781961917877197, 0.0, 0.0, 0.0, 0.0, -0.4120228886604309, 1.5265343189239502, 0.0, 5.807163238525391, -13.069177627563477, 0.0, 1000, 1000, 1000, 1000, -0.6567587852478027, 2.1450257301330566, 0.0, -0.9678605794906616, 3.300360679626465, 1.8657559156417847, 0.342012882232666, 0.018869269639253616, 2.226638078689575, -4.378713607788086, -0.9227960109710693, -0.00907276850193739, -5.310582160949707)
(-0.9787889719009399, 2.1780853271484375, 0.0, 0.0, 0.0, 0.0, -0.39675572514533997, 1.4349312782287598, 0.0, 5.872734069824219, -13.068511962890625, 0.0, 1000, 1000, 1000, 1000, -0.5587353706359863, 2.1309728622436523, 0.0, -0.9787889719009399, 3.3404719829559326, 1.8808469772338867, 0.3594805598258972, 0.017062554135918617, 2.257390022277832, -4.351032733917236, -0.9635093212127686, 0.0017379701603204012, -5.312804222106934)
(-0.9889692664146423, 2.16721773147583, 0.0, 0.0, 0.0, 0.0, -0.39675572514533997, 1.496000051498413, 0.0, 5.9338154792785645, -13.00330638885498, 0.0, 1000, 1000, 1000, 1000, -0.5888466835021973, 2.160980224609375, 0.0, -0.9889692664146423, 3.379396438598633, 1.8991713523864746, 0.37713295221328735, 0.016461223363876343, 2.2927656173706055, -4.349792003631592, -1.0040839910507202, 0.00112190842628479, -5.35275411605835)
(-0.9988754391670227, 2.1591689586639404, 0.0, 0.0, 0.0, 0.0, -0.39675572514533997, 1.5418015718460083, 0.0, 5.993252754211426, -12.955013275146484, 0.0, 1000, 1000, 1000, 1000, -0.5505661964416504, 2.14406156539917, 0.0, -0.9988754391670227, 3.4194676876068115, 1.917002558708191, 0.3949366807937622, 0.016089875251054764, 2.328029155731201, -4.349044322967529, -1.0446531772613525, 0.0006020545843057334, -5.39309549331665)
(-1.0088943243026733, 2.1631698608398438, 0.0, 0.0, 0.0, 0.0, -0.39675572514533997, 1.5112671852111816, 0.0, 6.053365707397461, -12.979019165039062, 0.0, 1000, 1000, 1000, 1000, -0.5686819553375244, 2.2262768745422363, 0.0, -1.0088943243026733, 3.4591712951660156, 1.9350364208221436, 0.41293275356292725, 0.01565474271774292, 2.363623857498169, -4.347085952758789, -1.0851900577545166, 0.0003991663397755474, -5.4318766593933105)
(-1.0177768468856812, 2.1574933528900146, 0.0, 0.0, 0.0, 0.0, -0.381488561630249, 1.4501985311508179, 0.0, 6.106660842895508, -12.94495964050293, 0.0, 1000, 1000, 1000, 1000, -0.6739997863769531, 2.1341776847839355, 0.0, -1.0177768468856812, 3.4965133666992188, 1.9464448690414429, 0.43102166056632996, 0.013901296071708202, 2.3913679122924805, -4.318547248840332, -1.1256128549575806, 0.008312332443892956, -5.435847759246826)
(-1.027079701423645, 2.1501717567443848, 0.0, 0.0, 0.0, 0.0, -0.3662213683128357, 1.480732798576355, 0.0, 6.162478446960449, -12.901030540466309, 0.0, 1000, 1000, 1000, 1000, -0.632387638092041, 2.0962886810302734, 0.0, -1.027079701423645, 3.533785581588745, 1.958609938621521, 0.44922584295272827, 0.012983131222426891, 2.420819044113159, -4.314528942108154, -1.1659742593765259, 0.007634895853698254, -5.4728684425354)
(-1.0344725847244263, 2.159815788269043, 0.0, 0.0, 0.0, 0.0, -0.35095420479774475, 1.496000051498413, 0.0, 6.206835746765137, -12.958894729614258, 0.0, 1000, 1000, 1000, 1000, -0.5014138221740723, 2.1684975624084473, 0.0, -1.0344725847244263, 3.5713162422180176, 1.967336893081665, 0.46760037541389465, 0.010472124442458153, 2.4454095363616943, -4.336468696594238, -1.2063355445861816, -0.0013690948253497481, -5.544173240661621)
(-1.041212558746338, 2.157442092895508, 0.0, 0.0, 0.0, 0.0, -0.39675572514533997, 1.5570687055587769, 0.0, 6.247275352478027, -12.944652557373047, 0.0, 1000, 1000, 1000, 1000, -0.6102328300476074, 2.127373695373535, 0.0, -1.041212558746338, 3.6078953742980957, 1.9932093620300293, 0.48605239391326904, 0.0147711131721735, 2.494032859802246, -4.350516319274902, -1.2467777729034424, -0.00617645401507616, -5.603470802307129)
(-1.0509642362594604, 2.1457784175872803, 0.0, 0.0, 0.0, 0.0, -0.42729008197784424, 1.496000051498413, 0.0, 6.305785179138184, -12.874670028686523, 0.0, 1000, 1000, 1000, 1000, -0.6096780300140381, 2.095935821533203, 0.0, -1.0509642362594604, 3.6433048248291016, 2.0199224948883057, 0.5047426819801331, 0.017903035506606102, 2.5425682067871094, -4.311201095581055, -1.2871544361114502, 0.0066814422607421875, -5.591673851013184)
(-1.0602153539657593, 2.1649835109710693, 0.0, 0.0, 0.0, 0.0, -0.381488561630249, 1.480732798576355, 0.0, 6.361291885375977, -12.989900588989258, 0.0, 1000, 1000, 1000, 1000, -0.6505799293518066, 2.193716049194336, 0.0, -1.0602153539657593, 3.6798455715179443, 2.022834300994873, 0.5235924124717712, 0.01299195270985365, 2.5594186782836914, -4.341189861297607, -1.327560305595398, -0.0039344667457044125, -5.672684669494629)
(-1.0688236951828003, 2.1679704189300537, 0.0, 0.0, 0.0, 0.0, -0.42729008197784424, 1.4349312782287598, 0.0, 6.412941932678223, -13.007822036743164, 0.0, 1000, 1000, 1000, 1000, -0.6128406524658203, 2.163087844848633, 0.0, -1.0688236951828003, 3.7148499488830566, 2.052069664001465, 0.5425984263420105, 0.01711374893784523, 2.6117818355560303, -4.332825660705566, -1.3680951595306396, 0.0004280567227397114, -5.700492858886719)
(-1.0775128602981567, 2.170379400253296, 0.0, 0.0, 0.0, 0.0, -0.39675572514533997, 1.480732798576355, 0.0, 6.4650774002075195, -13.022275924682617, 0.0, 1000, 1000, 1000, 1000, -0.6476633548736572, 2.218097686767578, 0.0, -1.0775128602981567, 3.748802423477173, 2.0585498809814453, 0.5617425441741943, 0.01369338296353817, 2.633985757827759, -4.350902557373047, -1.4086278676986694, -0.004795712418854237, -5.764326095581055)
(-1.0858755111694336, 2.1570191383361816, 0.0, 0.0, 0.0, 0.0, -0.3662213683128357, 1.480732798576355, 0.0, 6.515253067016602, -12.94211483001709, 0.0, 1000, 1000, 1000, 1000, -0.6633009910583496, 2.097565174102783, 0.0, -1.0858755111694336, 3.7812392711639404, 2.0644423961639404, 0.58100426197052, 0.010538453236222267, 2.655985116958618, -4.326854228973389, -1.4491055011749268, 0.0035628259647637606, -5.772397041320801)
(-1.092949390411377, 2.1366193294525146, 0.0, 0.0, 0.0, 0.0, -0.381488561630249, 1.480732798576355, 0.0, 6.557696342468262, -12.81971549987793, 0.0, 1000, 1000, 1000, 1000, -0.6154115200042725, 2.046994209289551, 0.0, -1.092949390411377, 3.8123700618743896, 2.0817556381225586, 0.6003504991531372, 0.012021112255752087, 2.694127082824707, -4.290134429931641, -1.4892692565917969, 0.012303966097533703, -5.767099857330322)
(-1.101987600326538, 2.1376841068267822, 0.0, 0.0, 0.0, 0.0, -0.4120228886604309, 1.4501985311508179, 0.0, 6.6119256019592285, -12.826105117797852, 0.0, 1000, 1000, 1000, 1000, -0.5902080535888672, 2.1638317108154297, 0.0, -1.101987600326538, 3.843785047531128, 2.107184648513794, 0.6199097633361816, 0.015171492472290993, 2.7422659397125244, -4.282890796661377, -1.5292212963104248, 0.009642994031310081, -5.802469253540039)
(-1.1089977025985718, 2.1356518268585205, 0.0, 0.0, 0.0, 0.0, -0.381488561630249, 1.4349312782287598, 0.0, 6.653985977172852, -12.813911437988281, 0.0, 1000, 1000, 1000, 1000, -0.5561118125915527, 2.1102561950683594, 0.0, -1.1089977025985718, 3.8745124340057373, 2.110642433166504, 0.6395480036735535, 0.011566162109375, 2.761756658554077, -4.274652481079102, -1.5692263841629028, 0.009637748822569847, -5.8342413902282715)
(-1.117294430732727, 2.130721092224121, 0.0, 0.0, 0.0, 0.0, -0.42729008197784424, 1.480732798576355, 0.0, 6.703766822814941, -12.784326553344727, 0.0, 1000, 1000, 1000, 1000, -0.7234034538269043, 2.1725926399230957, 0.0, -1.117294430732727, 3.9054338932037354, 2.139317035675049, 0.6593765020370483, 0.015998661518096924, 2.814692258834839, -4.279517650604248, -1.609168291091919, 0.005272722337394953, -5.883413314819336)
(-1.1238268613815308, 2.148434638977051, 0.0, 0.0, 0.0, 0.0, -0.39675572514533997, 1.4654656648635864, 0.0, 6.7429609298706055, -12.890607833862305, 0.0, 1000, 1000, 1000, 1000, -0.54250168800354, 2.235055923461914, 0.0, -1.1238268613815308, 3.9370172023773193, 2.1419150829315186, 0.6792663335800171, 0.012460979633033276, 2.8336422443389893, -4.306821823120117, -1.649233102798462, -0.004366749431937933, -5.960422039031982)
(-1.131528615951538, 2.1475484371185303, 0.0, 0.0, 0.0, 0.0, -0.39675572514533997, 1.480732798576355, 0.0, 6.7891716957092285, -12.885290145874023, 0.0, 1000, 1000, 1000, 1000, -0.6631195545196533, 1.9756770133972168, 0.0, -1.131528615951538, 3.9669952392578125, 2.155778169631958, 0.6993206143379211, 0.012252962216734886, 2.867351770401001, -4.309806823730469, -1.6895016431808472, -0.0030273019801825285, -6.002336025238037)
(-1.138397216796875, 2.1493093967437744, 0.0, 0.0, 0.0, 0.0, -0.3356870114803314, 1.496000051498413, 0.0, 6.83038330078125, -12.895856857299805, 0.0, 1000, 1000, 1000, 1000, -0.6087379455566406, 2.154568672180176, 0.0, -1.138397216796875, 3.996220350265503, 2.1498210430145264, 0.7194230556488037, 0.006341335363686085, 2.8755855560302734, -4.317557334899902, -1.7296702861785889, -0.00535202631726861, -6.052579402923584)
(-1.1459323167800903, 2.1476640701293945, 0.0, 0.0, 0.0, 0.0, -0.3662213683128357, 1.4196641445159912, 0.0, 6.875594139099121, -12.885984420776367, 0.0, 1000, 1000, 1000, 1000, -0.7236061096191406, 2.1274189949035645, 0.0, -1.1459323167800903, 4.025090217590332, 2.1725447177886963, 0.7397271394729614, 0.009052032604813576, 2.921323776245117, -4.291694641113281, -1.7698826789855957, 0.0042823851108551025, -6.057294845581055)
(-1.1523644924163818, 2.1448562145233154, 0.0, 0.0, 0.0, 0.0, -0.35095420479774475, 1.5112671852111816, 0.0, 6.914186954498291, -12.869136810302734, 0.0, 1000, 1000, 1000, 1000, -0.49568939208984375, 2.1105055809020996, 0.0, -1.1523644924163818, 4.054371356964111, 2.179542303085327, 0.7601013779640198, 0.007156670093536377, 2.9468002319335938, -4.314121246337891, -1.8101227283477783, -0.002653068397194147, -6.126896858215332)
(-1.1676684617996216, 2.1497902870178223, 0.0, 0.0, 0.0, 0.0, -0.3662213683128357, 1.480732798576355, 0.0, 7.006011009216309, -12.898741722106934, 0.0, 1000, 1000, 1000, 1000, -0.7119910717010498, 2.1496500968933105, 0.0, -1.1676684617996216, 4.112889766693115, 2.211669683456421, 0.8012542128562927, 0.009060120210051537, 3.021984100341797, -4.313842296600342, -1.8906705379486084, -0.0005439043161459267, -6.205056667327881)
(-1.1749746799468994, 2.150350570678711, 0.0, 0.0, 0.0, 0.0, -0.4425572454929352, 1.4501985311508179, 0.0, 7.0498480796813965, -12.902103424072266, 0.0, 1000, 1000, 1000, 1000, -0.6896569728851318, 2.165602207183838, 0.0, -1.1749746799468994, 4.138700485229492, 2.2477216720581055, 0.822033703327179, 0.016779625788331032, 3.0865349769592285, -4.305690288543701, -1.9308117628097534, 0.0010187089210376143, -6.235483646392822)
(-1.182568907737732, 2.156306505203247, 0.0, 0.0, 0.0, 0.0, -0.39675572514533997, 1.5112671852111816, 0.0, 7.0954132080078125, -12.93783950805664, 0.0, 1000, 1000, 1000, 1000, -0.6331801414489746, 2.2346630096435547, 0.0, -1.182568907737732, 4.1672587394714355, 2.247650623321533, 0.8429912328720093, 0.011360486969351768, 3.1020023822784424, -4.3347320556640625, -1.9711928367614746, -0.0069554210640490055, -6.312880039215088)
(-1.18939208984375, 2.1453909873962402, 0.0, 0.0, 0.0, 0.0, -0.42729008197784424, 1.5418015718460083, 0.0, 7.1363525390625, -12.872345924377441, 0.0, 1000, 1000, 1000, 1000, -0.6029832363128662, 2.0677003860473633, 0.0, -1.18939208984375, 4.193542957305908, 2.2690927982330322, 0.8640056848526001, 0.014456966891884804, 3.147555351257324, -4.324244022369385, -2.01151967048645, -0.002647572662681341, -6.338411331176758)
(-1.1949372291564941, 2.1419365406036377, 0.0, 0.0, 0.0, 0.0, -0.3662213683128357, 1.5112671852111816, 0.0, 7.169623374938965, -12.851619720458984, 0.0, 1000, 1000, 1000, 1000, -0.6033463478088379, 2.14442777633667, 0.0, -1.1949372291564941, 4.221316337585449, 2.2607533931732178, 0.8851058483123779, 0.0076644630171358585, 3.1535236835479736, -4.308866024017334, -2.0518035888671875, 0.0026230632793158293, -6.358046531677246)
(-1.2022993564605713, 2.140481472015381, 0.0, 0.0, 0.0, 0.0, -0.39675572514533997, 1.480732798576355, 0.0, 7.213796138763428, -12.842888832092285, 0.0, 1000, 1000, 1000, 1000, -0.6706652641296387, 2.2486572265625, 0.0, -1.2022993564605713, 4.2476277351379395, 2.283165454864502, 0.9063817858695984, 0.010684785433113575, 3.2002320289611816, -4.297086715698242, -2.0919249057769775, 0.004723095800727606, -6.384288311004639)
(-1.2096203565597534, 2.150808334350586, 0.0, 0.0, 0.0, 0.0, -0.3662213683128357, 1.496000051498413, 0.0, 7.257721900939941, -12.904850006103516, 0.0, 1000, 1000, 1000, 1000, -0.69362473487854, 2.2343931198120117, 0.0, -1.2096203565597534, 4.274582862854004, 2.2871830463409424, 0.9277166724205017, 0.008220339193940163, 3.2231199741363525, -4.320255279541016, -2.132202625274658, -0.002766853664070368, -6.455224514007568)
(-1.2166309356689453, 2.136216163635254, 0.0, 0.0, 0.0, 0.0, -0.39675572514533997, 1.4349312782287598, 0.0, 7.299785614013672, -12.817296981811523, 0.0, 1000, 1000, 1000, 1000, -0.6338999271392822, 2.068971633911133, 0.0, -1.2166309356689453, 4.297992706298828, 2.308962345123291, 0.9491968154907227, 0.011292612180113792, 3.269451856613159, -4.275668144226074, -2.1723155975341797, 0.010981833562254906, -6.437002182006836)
(-1.2235654592514038, 2.140796422958374, 0.0, 0.0, 0.0, 0.0, -0.3662213683128357, 1.4501985311508179, 0.0, 7.341392517089844, -12.844778060913086, 0.0, 1000, 1000, 1000, 1000, -0.7645742893218994, 2.1187376976013184, 0.0, -1.2235654592514038, 4.322206497192383, 2.312284231185913, 0.9708271622657776, 0.007652664091438055, 3.290764093399048, -4.288492679595947, -2.2123396396636963, 0.0043697417713701725, -6.496462821960449)
(-1.2306439876556396, 2.140260696411133, 0.0, 0.0, 0.0, 0.0, -0.3662213683128357, 1.480732798576355, 0.0, 7.383863925933838, -12.841564178466797, 0.0, 1000, 1000, 1000, 1000, -0.6125795841217041, 2.2232041358947754, 0.0, -1.2306439876556396, 4.3468427658081055, 2.3250255584716797, 0.9925376772880554, 0.007821058854460716, 3.3253843784332275, -4.296689033508301, -2.252458333969116, 0.0012430727947503328, -6.5479044914245605)
(-1.235198974609375, 2.1453857421875, 0.0, 0.0, 0.0, 0.0, -0.3356870114803314, 1.5265343189239502, 0.0, 7.41119384765625, -12.872314453125, 0.0, 1000, 1000, 1000, 1000, -0.6603748798370361, 2.122030735015869, 0.0, -1.235198974609375, 4.371504783630371, 2.324064254760742, 1.014220952987671, 0.005010938737541437, 3.3432962894439697, -4.31965446472168, -2.2926487922668457, -0.006000948138535023, -6.618304252624512)
(-1.2414981126785278, 2.142448902130127, 0.0, 0.0, 0.0, 0.0, -0.4120228886604309, 1.4501985311508179, 0.0, 7.448988914489746, -12.854693412780762, 0.0, 1000, 1000, 1000, 1000, -0.6316318511962891, 2.109935760498047, 0.0, -1.2414981126785278, 4.393923759460449, 2.3583035469055176, 1.0361530780792236, 0.012209614738821983, 3.4066662788391113, -4.291467666625977, -2.3327741622924805, 0.003454053308814764, -6.620787620544434)
(-1.24726140499115, 2.1390738487243652, 0.0, 0.0, 0.0, 0.0, -0.39675572514533997, 1.496000051498413, 0.0, 7.48356819152832, -12.834443092346191, 0.0, 1000, 1000, 1000, 1000, -0.6960866451263428, 2.1633691787719727, 0.0, -1.24726140499115, 4.416397571563721, 2.3640971183776855, 1.0581402778625488, 0.010384893044829369, 3.4326224327087402, -4.299132823944092, -2.37287974357605, 0.00026319027529098094, -6.671749591827393)
(-1.2528927326202393, 2.145322799682617, 0.0, 0.0, 0.0, 0.0, -0.4120228886604309, 1.4501985311508179, 0.0, 7.5173563957214355, -12.871936798095703, 0.0, 1000, 1000, 1000, 1000, -0.7183394432067871, 2.1776514053344727, 0.0, -1.2528927326202393, 4.439696311950684, 2.3788137435913086, 1.0802339315414429, 0.011594590730965137, 3.470642328262329, -4.296640396118164, -2.4130609035491943, 0.0017632425297051668, -6.707938194274902)
(-1.2611984014511108, 2.1539082527160645, 0.0, 0.0, 0.0, 0.0, -0.4120228886604309, 1.496000051498413, 0.0, 7.567190170288086, -12.923449516296387, 0.0, 1000, 1000, 1000, 1000, -0.6065092086791992, 2.211864948272705, 0.0, -1.2611984014511108, 4.472960948944092, 2.393764019012451, 1.1135565042495728, 0.011096352711319923, 3.5184168815612793, -4.32583475112915, -2.4733388423919678, -0.0075945197604596615, -6.806768417358398)
(-1.2675447463989258, 2.1441917419433594, 0.0, 0.0, 0.0, 0.0, -0.39675572514533997, 1.5112671852111816, 0.0, 7.605268478393555, -12.865150451660156, 0.0, 1000, 1000, 1000, 1000, -0.6032814979553223, 2.1594905853271484, 0.0, -1.2675447463989258, 4.494622707366943, 2.4006073474884033, 1.1359376907348633, 0.009222304448485374, 3.5457675457000732, -4.312925338745117, -2.51363205909729, -0.0016345441108569503, -6.828191757202148)
(-1.273350477218628, 2.1423394680023193, 0.0, 0.0, 0.0, 0.0, -0.4120228886604309, 1.4654656648635864, 0.0, 7.640102863311768, -12.854036331176758, 0.0, 1000, 1000, 1000, 1000, -0.7107667922973633, 2.1015920639038086, 0.0, -1.273350477218628, 4.515775203704834, 2.415637731552124, 1.1583971977233887, 0.010690351948142052, 3.5847253799438477, -4.29585075378418, -2.553786039352417, 0.0035662888549268246, -6.846070289611816)
(-1.2799766063690186, 2.141197919845581, 0.0, 0.0, 0.0, 0.0, -0.381488561630249, 1.5570687055587769, 0.0, 7.679859638214111, -12.847187042236328, 0.0, 1000, 1000, 1000, 1000, -0.6549334526062012, 2.080728054046631, 0.0, -1.2799766063690186, 4.537541389465332, 2.4184043407440186, 1.1809896230697632, 0.007464295718818903, 3.606858253479004, -4.321276664733887, -2.593987464904785, -0.005123537965118885, -6.9203877449035645)
(-1.2877410650253296, 2.1398894786834717, 0.0, 0.0, 0.0, 0.0, -0.42729008197784424, 1.496000051498413, 0.0, 7.726446151733398, -12.839336395263672, 0.0, 1000, 1000, 1000, 1000, -0.6495165824890137, 2.1155166625976562, 0.0, -1.2877410650253296, 4.558435916900635, 2.4461207389831543, 1.2038072347640991, 0.011501041240990162, 3.6614291667938232, -4.300601005554199, -2.6341211795806885, 0.0013481676578521729, -6.933373928070068)
(-1.2940508127212524, 2.1494174003601074, 0.0, 0.0, 0.0, 0.0, -0.4120228886604309, 1.4654656648635864, 0.0, 7.764305114746094, -12.896504402160645, 0.0, 1000, 1000, 1000, 1000, -0.6059548854827881, 2.1802711486816406, 0.0, -1.2940508127212524, 4.579082489013672, 2.4528982639312744, 1.226686716079712, 0.009444152936339378, 3.6890292167663574, -4.308590888977051, -2.6743083000183105, -0.0012670278083533049, -6.984166145324707)
(-1.2988801002502441, 2.144278049468994, 0.0, 0.0, 0.0, 0.0, -0.3356870114803314, 1.4349312782287598, 0.0, 7.793280601501465, -12.865668296813965, 0.0, 1000, 1000, 1000, 1000, -0.5807738304138184, 2.1289138793945312, 0.0, -1.2988801002502441, 4.598830223083496, 2.438690185546875, 1.2495372295379639, 0.0019110143184661865, 3.690138578414917, -4.290180206298828, -2.714541435241699, 0.005743914749473333, -6.9989776611328125)
(-1.3033738136291504, 2.139974594116211, 0.0, 0.0, 0.0, 0.0, -0.381488561630249, 1.5112671852111816, 0.0, 7.820242881774902, -12.839847564697266, 0.0, 1000, 1000, 1000, 1000, -0.5110805034637451, 2.2021913528442383, 0.0, -1.3033738136291504, 4.617855548858643, 2.460519552230835, 1.2724504470825195, 0.006959953811019659, 3.7399299144744873, -4.305334091186523, -2.7545766830444336, -0.0015394032234326005, -7.061450481414795)
(-1.3091470003128052, 2.145759105682373, 0.0, 0.0, 0.0, 0.0, -0.381488561630249, 1.5112671852111816, 0.0, 7.85488224029541, -12.874554634094238, 0.0, 1000, 1000, 1000, 1000, -0.6472988128662109, 2.141392707824707, 0.0, -1.3091470003128052, 4.6379923820495605, 2.4709112644195557, 1.2955491542816162, 0.006509056780487299, 3.7729694843292236, -4.315746784210205, -2.794762134552002, -0.0045743463560938835, -7.11508321762085)
(-1.3148037195205688, 2.1536312103271484, 0.0, 0.0, 0.0, 0.0, -0.4120228886604309, 1.4654656648635864, 0.0, 7.888822555541992, -12.92178726196289, 0.0, 1000, 1000, 1000, 1000, -0.6948707103729248, 2.1153178215026855, 0.0, -1.3148037195205688, 4.658055305480957, 2.490253448486328, 1.3187419176101685, 0.009375941939651966, 3.818371534347534, -4.316175937652588, -2.835055351257324, -0.0029934823978692293, -7.154224395751953)
(-1.3193384408950806, 2.146124839782715, 0.0, 0.0, 0.0, 0.0, -0.3662213683128357, 1.4196641445159912, 0.0, 7.9160308837890625, -12.876749038696289, 0.0, 1000, 1000, 1000, 1000, -0.6338999271392822, 2.068971633911133, 0.0, -1.3193384408950806, 4.675580024719238, 2.484675645828247, 1.3419294357299805, 0.0049789161421358585, 3.8315839767456055, -4.288924217224121, -2.875304698944092, 0.006930583622306585, -7.1572980880737305)
(-1.3224190473556519, 2.1392838954925537, 0.0, 0.0, 0.0, 0.0, -0.42729008197784424, 1.5112671852111816, 0.0, 7.934514045715332, -12.835702896118164, 0.0, 1000, 1000, 1000, 1000, -0.6060197353363037, 2.165193557739258, 0.0, -1.3224190473556519, 4.6928019523620605, 2.5085411071777344, 1.3651117086410522, 0.011710924096405506, 3.885363817214966, -4.304090976715088, -2.9153618812561035, -0.00039463042048737407, -7.219847202301025)
(-0.7498936653137207, 2.0285816192626953, 0.0, 0.0, 0.0, 0.0, -0.35095420479774475, 1.4502061605453491, 0.0, 4.499361991882324, -12.171489715576172, 0.0, 1000, 1000, 1000, 1000, -0.7498936653137207, 2.0285816192626953, 0.0, -0.7498936653137207, 2.0285816192626953, 1.455094814300537, 0.0016976105980575085, 0.4850316047668457, 1.9418240785598755, -4.086508750915527, -0.004767593462020159, -1.3621695041656494, -5.453445911407471)
(-0.7605575323104858, 2.0666675567626953, 0.0, 0.0, 0.0, 0.0, -0.3662213683128357, 1.4960076808929443, 0.0, 4.563344955444336, -12.400005340576172, 0.0, 1000, 1000, 1000, 1000, -0.7572581768035889, 2.012331008911133, 0.0, -0.7605575323104858, 2.080148458480835, 1.478869915008545, 0.013650682754814625, 0.34608227014541626, 1.838602900505066, -4.168804168701172, -0.03833477944135666, -0.9771453142166138, -5.184284210205078)
(-0.7745639085769653, 2.1157679557800293, 0.0, 0.0, 0.0, 0.0, -0.3662213683128357, 1.434938907623291, 0.0, 4.647383689880371, -12.694607734680176, 0.0, 1000, 1000, 1000, 1000, -0.7047643661499023, 1.9986991882324219, 0.0, -0.7745639085769653, 2.1367242336273193, 1.5040814876556396, 0.02757832780480385, 0.23674657940864563, 1.7684063911437988, -4.238863945007324, -0.0776740238070488, -0.6671801209449768, -4.983718395233154)
(-0.7871782183647156, 2.39987850189209, 0.0, 0.0, 0.0, 0.0, -0.35095420479774475, 1.511274814605713, 0.0, 4.723069190979004, -14.399271011352539, 0.0, 1000, 1000, 1000, 1000, -0.6150414943695068, 1.9703707695007324, 0.0, -0.7871782183647156, 2.1931405067443848, 1.5222070217132568, 0.04172801971435547, 0.16197136044502258, 1.7259063720703125, -4.773163795471191, -0.11921578645706177, -0.6029635071754456, -5.49534273147583)
(-0.8002681732177734, 1.5561846494674683, 0.0, 0.0, 0.0, 0.0, -0.39675572514533997, 1.4654732942581177, 0.0, 4.801609039306641, -9.33710765838623, 0.0, 1000, 1000, 1000, 1000, -0.6543989181518555, 2.125425338745117, 0.0, -0.8002681732177734, 2.248631715774536, 1.5595093965530396, 0.05614214763045311, 0.11782627552747726, 1.7334778308868408, -3.240774154663086, -0.16079969704151154, 0.07778856158256531, -3.3237853050231934)
(-0.8132487535476685, 1.866278052330017, 0.0, 0.0, 0.0, 0.0, -0.3662213683128357, 1.4196717739105225, 0.0, 4.87949275970459, -11.197668075561523, 0.0, 1000, 1000, 1000, 1000, -0.49361634254455566, 1.9694900512695312, 0.0, -0.8132487535476685, 2.3016037940979004, 1.573714256286621, 0.07081321626901627, 0.08157937973737717, 1.726106882095337, -3.7852020263671875, -0.194306418299675, -0.09628312289714813, -4.075791358947754)
(-0.8247435092926025, 1.9451738595962524, 0.0, 0.0, 0.0, 0.0, -0.3662213683128357, 1.4807404279708862, 0.0, 4.948461055755615, -11.671043395996094, 0.0, 1000, 1000, 1000, 1000, -0.6172153949737549, 2.1114110946655273, 0.0, -0.8247435092926025, 2.354116201400757, 1.594404697418213, 0.08563775569200516, 0.059584349393844604, 1.7396268844604492, -3.945535182952881, -0.23006008565425873, -0.11415925621986389, -4.289754390716553)
(-0.8367835879325867, 2.0065951347351074, 0.0, 0.0, 0.0, 0.0, -0.35095420479774475, 1.4502061605453491, 0.0, 5.0207014083862305, -12.039570808410645, 0.0, 1000, 1000, 1000, 1000, -0.7350053787231445, 1.9835262298583984, 0.0, -0.8367835879325867, 2.4074466228485107, 1.6114966869354248, 0.10059589892625809, 0.04445764422416687, 1.7565501928329468, -4.046933174133301, -0.2674582600593567, -0.10356848686933517, -4.417959690093994)
(-0.8488916754722595, 2.0327420234680176, 0.0, 0.0, 0.0, 0.0, -0.3662213683128357, 1.4807404279708862, 0.0, 5.093349933624268, -12.196452140808105, 0.0, 1000, 1000, 1000, 1000, -0.7362427711486816, 2.0314245223999023, 0.0, -0.8488916754722595, 2.460167646408081, 1.6378713846206665, 0.11586618423461914, 0.035784926265478134, 1.7895225286483765, -4.103157997131348, -0.3054857552051544, -0.08479783684015274, -4.493441581726074)
(-0.8599523305892944, 2.0200562477111816, 0.0, 0.0, 0.0, 0.0, -0.381488561630249, 1.4502061605453491, 0.0, 5.1597137451171875, -12.12033748626709, 0.0, 1000, 1000, 1000, 1000, -0.6586105823516846, 1.8758387565612793, 0.0, -0.8599523305892944, 2.5105526447296143, 1.6623607873916626, 0.13123966753482819, 0.031100783497095108, 1.824701189994812, -4.071163177490234, -0.3438820242881775, -0.0439288392663002, -4.4589738845825195)
(-0.8709387183189392, 2.008148431777954, 0.0, 0.0, 0.0, 0.0, -0.381488561630249, 1.434938907623291, 0.0, 5.225632190704346, -12.048891067504883, 0.0, 1000, 1000, 1000, 1000, -0.6172268390655518, 1.944371223449707, 0.0, -0.8709387183189392, 2.5596752166748047, 1.6821361780166626, 0.14681728184223175, 0.026609543710947037, 1.8555629253387451, -4.045148849487305, -0.3816208839416504, -0.023189306259155273, -4.449958801269531)
(-0.8823580741882324, 2.0141046047210693, 0.0, 0.0, 0.0, 0.0, -0.381488561630249, 1.4654732942581177, 0.0, 5.2941484451293945, -12.084627151489258, 0.0, 1000, 1000, 1000, 1000, -0.6807858943939209, 2.0414280891418457, 0.0, -0.8823580741882324, 2.60906720161438, 1.7026911973953247, 0.1626041829586029, 0.02363382652401924, 1.8889292478561401, -4.065030097961426, -0.41942766308784485, -0.021643251180648804, -4.506101131439209)
(-0.8942020535469055, 2.0312204360961914, 0.0, 0.0, 0.0, 0.0, -0.4425572454929352, 1.434938907623291, 0.0, 5.365212440490723, -12.187322616577148, 0.0, 1000, 1000, 1000, 1000, -0.5956094264984131, 2.022303581237793, 0.0, -0.8942020535469055, 2.6577370166778564, 1.7423309087753296, 0.17864972352981567, 0.027491163462400436, 1.9484717845916748, -4.086678504943848, -0.4575388729572296, -0.019674843177199364, -4.563891887664795)
(-0.9057003259658813, 2.0250086784362793, 0.0, 0.0, 0.0, 0.0, -0.35095420479774475, 1.434938907623291, 0.0, 5.434202194213867, -12.150052070617676, 0.0, 1000, 1000, 1000, 1000, -0.661912202835083, 1.9277582168579102, 0.0, -0.9057003259658813, 2.7049753665924072, 1.7355468273162842, 0.19483682513237, 0.016739873215556145, 1.9471235275268555, -4.075497627258301, -0.495683878660202, -0.009159659966826439, -4.58034086227417)
(-0.9156595468521118, 2.0157792568206787, 0.0, 0.0, 0.0, 0.0, -0.3356870114803314, 1.4196717739105225, 0.0, 5.500624179840088, -12.129117965698242, 0.0, 1000, 1000, 1000, 1000, -0.6337056159973145, 2.114169120788574, 0.0, -0.9167706966400146, 2.7507245540618896, 1.7508933544158936, 0.21116966009140015, 0.014774834737181664, 1.9768378734588623, -4.064637184143066, -0.5336135029792786, -0.003633654210716486, -4.601884365081787)
(-0.9245414137840271, 2.0332746505737305, 0.0, 0.0, 0.0, 0.0, -0.3662213683128357, 1.434938907623291, 0.0, 5.547248363494873, -12.199647903442383, 0.0, 1000, 1000, 1000, 1000, -0.5427148342132568, 2.022757053375244, 0.0, -0.9245414137840271, 2.7910826206207275, 1.774040937423706, 0.22555561363697052, 0.017236456274986267, 2.020498752593994, -4.0956010818481445, -0.57185959815979, -0.009401584044098854, -4.6768622398376465)
(-0.9340292811393738, 2.020035982131958, 0.0, 0.0, 0.0, 0.0, -0.35095420479774475, 1.4654732942581177, 0.0, 5.604175567626953, -12.120216369628906, 0.0, 1000, 1000, 1000, 1000, -0.6228632926940918, 1.9251441955566406, 0.0, -0.9340292811393738, 2.8358912467956543, 1.78653883934021, 0.24217435717582703, 0.014969011768698692, 2.043682336807251, -4.075706958770752, -0.6051877737045288, -0.0012218833435326815, -4.682116508483887)
(-0.943970799446106, 2.0158209800720215, 0.0, 0.0, 0.0, 0.0, -0.3662213683128357, 1.4654732942581177, 0.0, 5.663825035095215, -12.094925880432129, 0.0, 1000, 1000, 1000, 1000, -0.7082505226135254, 2.0206665992736816, 0.0, -0.943970799446106, 2.881281614303589, 1.8090139627456665, 0.25897884368896484, 0.016089852899312973, 2.08408260345459, -4.068119525909424, -0.6431512236595154, 0.0009492397075518966, -4.71032190322876)
(-0.9535869359970093, 2.026684045791626, 0.0, 0.0, 0.0, 0.0, -0.3356870114803314, 1.4960076808929443, 0.0, 5.721521377563477, -12.160104751586914, 0.0, 1000, 1000, 1000, 1000, -0.7793362140655518, 2.0270609855651855, 0.0, -0.9535869359970093, 2.926220655441284, 1.8171625137329102, 0.2759314775466919, 0.012645548209547997, 2.1057395935058594, -4.0968337059021, -0.6812127232551575, -0.008190435357391834, -4.786236763000488)
(-0.9625992178916931, 2.0415265560150146, 0.0, 0.0, 0.0, 0.0, -0.381488561630249, 1.4502061605453491, 0.0, 5.775595188140869, -12.24915885925293, 0.0, 1000, 1000, 1000, 1000, -0.6178381443023682, 2.127882957458496, 0.0, -0.9625992178916931, 2.970508575439453, 1.8471250534057617, 0.2930133044719696, 0.01721148192882538, 2.1573498249053955, -4.109809398651123, -0.7194679379463196, -0.009671896696090698, -4.838949203491211)
(-0.9753274321556091, 2.0423264503479004, 0.0, 0.0, 0.0, 0.0, -0.39675572514533997, 1.4807404279708862, 0.0, 5.851964473724365, -12.253958702087402, 0.0, 1000, 1000, 1000, 1000, -0.6482553482055664, 2.082569122314453, 0.0, -0.9753274321556091, 3.0358662605285645, 1.874616026878357, 0.3188501298427582, 0.018855836242437363, 2.2123219966888428, -4.120409965515137, -0.777197539806366, -0.006852543447166681, -4.9044599533081055)
(-0.9853833913803101, 2.037682294845581, 0.0, 0.0, 0.0, 0.0, -0.39675572514533997, 1.4502061605453491, 0.0, 5.912300109863281, -12.226093292236328, 0.0, 1000, 1000, 1000, 1000, -0.6336545944213867, 1.9621124267578125, 0.0, -0.9853833913803101, 3.07685923576355, 1.8927167654037476, 0.3363609313964844, 0.01861414685845375, 2.2476918697357178, -4.102889537811279, -0.8155727386474609, 0.00046402812586165965, -4.917998313903809)
(-0.99396151304245, 2.040667772293091, 0.0, 0.0, 0.0, 0.0, -0.35095420479774475, 1.4502061605453491, 0.0, 5.96376895904541, -12.244007110595703, 0.0, 1000, 1000, 1000, 1000, -0.703594446182251, 2.102565288543701, 0.0, -0.99396151304245, 3.1181535720825195, 1.8944169282913208, 0.3539753556251526, 0.01357311476022005, 2.261965274810791, -4.108263969421387, -0.8538316488265991, -0.0019348741043359041, -4.9640302658081055)
(-1.002753734588623, 2.0252559185028076, 0.0, 0.0, 0.0, 0.0, -0.3662213683128357, 1.4654732942581177, 0.0, 6.016522407531738, -12.151535034179688, 0.0, 1000, 1000, 1000, 1000, -0.5354483127593994, 1.9925055503845215, 0.0, -1.002753734588623, 3.1573383808135986, 1.9148231744766235, 0.37178975343704224, 0.01439241785556078, 2.3010053634643555, -4.085102558135986, -0.8920021057128906, 0.004547310061752796, -4.972557067871094)
(-1.0116246938705444, 2.009766101837158, 0.0, 0.0, 0.0, 0.0, -0.3662213683128357, 1.4502061605453491, 0.0, 6.0697479248046875, -12.05859661102295, 0.0, 1000, 1000, 1000, 1000, -0.5093684196472168, 1.9708023071289062, 0.0, -1.0116246938705444, 3.1957039833068848, 1.9307907819747925, 0.38978272676467896, 0.013622033409774303, 2.334195613861084, -4.052640914916992, -0.9299356937408447, 0.011819029226899147, -4.970757484436035)
(-1.0199370384216309, 2.0190865993499756, 0.0, 0.0, 0.0, 0.0, -0.35095420479774475, 1.4807404279708862, 0.0, 6.119622230529785, -12.114519119262695, 0.0, 1000, 1000, 1000, 1000, -0.6131093502044678, 1.9361820220947266, 0.0, -1.0199370384216309, 3.2356696128845215, 1.9411728382110596, 0.40788769721984863, 0.011607145890593529, 2.3606677055358887, -4.078577995300293, -0.9678882956504822, 0.0005279004690237343, -5.045938491821289)
(-1.0279914140701294, 2.0433998107910156, 0.0, 0.0, 0.0, 0.0, -0.381488561630249, 1.4502061605453491, 0.0, 6.1679487228393555, -12.260398864746094, 0.0, 1000, 1000, 1000, 1000, -0.5671098232269287, 2.116774559020996, 0.0, -1.0279914140701294, 3.2751834392547607, 1.9648312330245972, 0.42612579464912415, 0.014442074112594128, 2.4053990840911865, -4.1131815910339355, -1.006096363067627, -0.009825533255934715, -5.129103183746338)
(-1.0402138233184814, 2.0113062858581543, 0.0, 0.0, 0.0, 0.0, -0.35095420479774475, 1.4196717739105225, 0.0, 6.241282939910889, -12.067837715148926, 0.0, 1000, 1000, 1000, 1000, -0.674142599105835, 1.9372920989990234, 0.0, -1.0402138233184814, 3.330327272415161, 1.9776711463928223, 0.4537743926048279, 0.010553205385804176, 2.4419987201690674, -4.046252727508545, -1.063336968421936, 0.01369706355035305, -5.095892906188965)
(-1.0493886470794678, 2.0130741596221924, 0.0, 0.0, 0.0, 0.0, -0.39675572514533997, 1.4502061605453491, 0.0, 6.296331882476807, -12.078445434570312, 0.0, 1000, 1000, 1000, 1000, -0.6057848930358887, 2.0582261085510254, 0.0, -1.0493886470794678, 3.3676598072052, 2.0079262256622314, 0.4724093973636627, 0.015298506245017052, 2.495634078979492, -4.058595180511475, -1.101280689239502, 0.00698742875829339, -5.152888774871826)
(-1.0580120086669922, 2.008669137954712, 0.0, 0.0, 0.0, 0.0, -0.381488561630249, 1.4654732942581177, 0.0, 6.348072052001953, -12.05201530456543, 0.0, 1000, 1000, 1000, 1000, -0.6414480209350586, 1.8718633651733398, 0.0, -1.0580120086669922, 3.4035866260528564, 2.0188682079315186, 0.4911945164203644, 0.013396715745329857, 2.5234594345092773, -4.055246353149414, -1.139188528060913, 0.006163871381431818, -5.1882710456848145)
(-1.0664929151535034, 2.007106304168701, 0.0, 0.0, 0.0, 0.0, -0.3356870114803314, 1.4654732942581177, 0.0, 6.398957252502441, -12.042637825012207, 0.0, 1000, 1000, 1000, 1000, -0.6750948429107666, 2.0453433990478516, 0.0, -1.0664929151535034, 3.4387412071228027, 2.0203933715820312, 0.5100548267364502, 0.009162629023194313, 2.5396108627319336, -4.052433490753174, -1.1769293546676636, 0.003769123461097479, -5.225593566894531)
(-1.0739654302597046, 2.0056991577148438, 0.0, 0.0, 0.0, 0.0, -0.35095420479774475, 1.434938907623291, 0.0, 6.443792343139648, -12.034194946289062, 0.0, 1000, 1000, 1000, 1000, -0.6399343013763428, 2.0657777786254883, 0.0, -1.0739654302597046, 3.4728307723999023, 2.038424015045166, 0.5290370583534241, 0.010770427994430065, 2.5782313346862793, -4.040740013122559, -1.2146154642105103, 0.004830896854400635, -5.250524520874023)
(-1.0862261056900024, 2.0219032764434814, 0.0, 0.0, 0.0, 0.0, -0.3356870114803314, 1.4960076808929443, 0.0, 6.517356872558594, -12.131420135498047, 0.0, 1000, 1000, 1000, 1000, -0.722905158996582, 1.9589829444885254, 0.0, -1.0862261056900024, 3.5250158309936523, 2.055913209915161, 0.5577699542045593, 0.009554252028465271, 2.623237371444702, -4.088228225708008, -1.2715387344360352, -0.009623641148209572, -5.369390964508057)
(-1.0939563512802124, 2.017566680908203, 0.0, 0.0, 0.0, 0.0, -0.3662213683128357, 1.434938907623291, 0.0, 6.563737869262695, -12.105400085449219, 0.0, 1000, 1000, 1000, 1000, -0.6894807815551758, 2.043886661529541, 0.0, -1.0939563512802124, 3.557783603668213, 2.0789878368377686, 0.5770928263664246, 0.012703755870461464, 2.6687843799591064, -4.062101364135742, -1.3094778060913086, -2.1064281099825166e-05, -5.371600151062012)
(-1.1020060777664185, 2.016944169998169, 0.0, 0.0, 0.0, 0.0, -0.3662213683128357, 1.4654732942581177, 0.0, 6.61203670501709, -12.101665496826172, 0.0, 1000, 1000, 1000, 1000, -0.6066594123840332, 1.8470377922058105, 0.0, -1.1020060777664185, 3.5906496047973633, 2.093477487564087, 0.596613883972168, 0.011970290914177895, 2.702061653137207, -4.070141792297363, -1.3474799394607544, -0.0016535281902179122, -5.419275283813477)
(-1.1096359491348267, 2.0115647315979004, 0.0, 0.0, 0.0, 0.0, -0.381488561630249, 1.4196717739105225, 0.0, 6.657815933227539, -12.069388389587402, 0.0, 1000, 1000, 1000, 1000, -0.6430864334106445, 1.9811654090881348, 0.0, -1.1096359491348267, 3.6215877532958984, 2.1117913722991943, 0.6162177920341492, 0.013482039794325829, 2.7414913177490234, -4.046718120574951, -1.3852746486663818, 0.004581332206726074, -5.4274115562438965)
(-1.1170203685760498, 2.006740093231201, 0.0, 0.0, 0.0, 0.0, -0.30515268445014954, 1.4502061605453491, 0.0, 6.702122211456299, -12.040440559387207, 0.0, 1000, 1000, 1000, 1000, -0.7665643692016602, 2.001194953918457, 0.0, -1.1170203685760498, 3.6532094478607178, 2.102182626724243, 0.6358832716941833, 0.006135585717856884, 2.744201421737671, -4.047194004058838, -1.4230875968933105, 0.003321689320728183, -5.4669599533081055)
(-1.1256381273269653, 1.9974801540374756, 0.0, 0.0, 0.0, 0.0, -0.3662213683128357, 1.4502061605453491, 0.0, 6.753829002380371, -11.984880447387695, 0.0, 1000, 1000, 1000, 1000, -0.6151039600372314, 1.955322265625, 0.0, -1.1256381273269653, 3.6836483478546143, 2.1360151767730713, 0.6558019518852234, 0.012110838666558266, 2.8039278984069824, -4.0305256843566895, -1.4607597589492798, 0.006725823972374201, -5.484560012817383)
(-1.130183219909668, 1.9982160329818726, 0.0, 0.0, 0.0, 0.0, -0.3204198479652405, 1.4044045209884644, 0.0, 6.781099319458008, -11.989295959472656, 0.0, 1000, 1000, 1000, 1000, -0.6341562271118164, 2.008697986602783, 0.0, -1.130183219909668, 3.7138781547546387, 2.130455732345581, 0.675690233707428, 0.006668463349342346, 2.812814474105835, -4.018110275268555, -1.4983216524124146, 0.008065205998718739, -5.508366584777832)
(-1.1366665363311768, 2.005408763885498, 0.0, 0.0, 0.0, 0.0, -0.381488561630249, 1.4502061605453491, 0.0, 6.8199992179870605, -12.032452583312988, 0.0, 1000, 1000, 1000, 1000, -0.675666093826294, 2.076829433441162, 0.0, -1.1366665363311768, 3.7435038089752197, 2.1604461669921875, 0.6957316398620605, 0.012855974026024342, 2.8690338134765625, -4.044797420501709, -1.5359104871749878, -0.002826136304065585, -5.583534240722656)
(-1.1448569297790527, 2.0182149410247803, 0.0, 0.0, 0.0, 0.0, -0.4120228886604309, 1.4196717739105225, 0.0, 6.869141578674316, -12.109289169311523, 0.0, 1000, 1000, 1000, 1000, -0.6963539123535156, 2.1030688285827637, 0.0, -1.1448569297790527, 3.7743418216705322, 2.184349298477173, 0.7159788608551025, 0.015797894448041916, 2.916126251220703, -4.058688163757324, -1.573806881904602, -0.004932457115501165, -5.637427806854248)
(-1.1521072387695312, 2.020807981491089, 0.0, 0.0, 0.0, 0.0, -0.3662213683128357, 1.4654732942581177, 0.0, 6.9126434326171875, -12.124847412109375, 0.0, 1000, 1000, 1000, 1000, -0.5791683197021484, 2.0049524307250977, 0.0, -1.1521072387695312, 3.804898262023926, 2.183659553527832, 0.7363265752792358, 0.01070298533886671, 2.9306890964508057, -4.077095985412598, -1.6118767261505127, -0.007341468241065741, -5.696314334869385)
(-1.159049153327942, 2.0189530849456787, 0.0, 0.0, 0.0, 0.0, -0.3662213683128357, 1.434938907623291, 0.0, 6.9542951583862305, -12.113718032836914, 0.0, 1000, 1000, 1000, 1000, -0.6168487071990967, 2.0347251892089844, 0.0, -1.159049153327942, 3.8342809677124023, 2.196155071258545, 0.7567992210388184, 0.010253789834678173, 2.963207960128784, -4.064597129821777, -1.6498894691467285, -0.0010424017673358321, -5.715528964996338)
(-1.164713978767395, 2.027876138687134, 0.0, 0.0, 0.0, 0.0, -0.2898854911327362, 1.4654732942581177, 0.0, 6.988284111022949, -12.167257308959961, 0.0, 1000, 1000, 1000, 1000, -0.6999228000640869, 2.1255688667297363, 0.0, -1.164713978767395, 3.863823413848877, 2.183450937271118, 0.7772656679153442, 0.0027326433919370174, 2.963449239730835, -4.089818954467773, -1.6879591941833496, -0.007758223917335272, -5.785536766052246)
(-1.1719428300857544, 2.0440518856048584, 0.0, 0.0, 0.0, 0.0, -0.3662213683128357, 1.4807404279708862, 0.0, 7.0316572189331055, -12.264310836791992, 0.0, 1000, 1000, 1000, 1000, -0.6435239315032959, 2.0426902770996094, 0.0, -1.1719428300857544, 3.894047498703003, 2.2193636894226074, 0.7979367971420288, 0.010628822259604931, 3.0279293060302734, -4.123515605926514, -1.726326584815979, -0.014361416921019554, -5.864203453063965)
(-1.1779245138168335, 2.046621799468994, 0.0, 0.0, 0.0, 0.0, -0.35095420479774475, 1.434938907623291, 0.0, 7.067546844482422, -12.279730796813965, 0.0, 1000, 1000, 1000, 1000, -0.6152200698852539, 2.0921359062194824, 0.0, -1.1779245138168335, 3.9224188327789307, 2.2255501747131348, 0.8187127709388733, 0.008433935232460499, 3.052696943283081, -4.114400863647461, -1.7647901773452759, -0.00671004643663764, -5.88590145111084)
(-1.1847968101501465, 2.0474722385406494, 0.0, 0.0, 0.0, 0.0, -0.35095420479774475, 1.4960076808929443, 0.0, 7.108780860900879, -12.284833908081055, 0.0, 1000, 1000, 1000, 1000, -0.7552177906036377, 1.978036880493164, 0.0, -1.1847968101501465, 3.951026439666748, 2.2379205226898193, 0.8395617604255676, 0.008920485153794289, 3.086402654647827, -4.134252548217773, -1.803357720375061, -0.009270966053009033, -5.946881294250488)
(-1.191760778427124, 2.0314018726348877, 0.0, 0.0, 0.0, 0.0, -0.381488561630249, 1.4807404279708862, 0.0, 7.150564670562744, -12.188411712646484, 0.0, 1000, 1000, 1000, 1000, -0.7430515289306641, 1.9685287475585938, 0.0, -1.191760778427124, 3.9770545959472656, 2.259615898132324, 0.8605740070343018, 0.011895701289176941, 3.1320855617523193, -4.100745677947998, -1.8416216373443604, 0.0014695823192596436, -5.940897464752197)
(-1.1989368200302124, 2.0351402759552, 0.0, 0.0, 0.0, 0.0, -0.3662213683128357, 1.4196717739105225, 0.0, 7.193620681762695, -12.21084213256836, 0.0, 1000, 1000, 1000, 1000, -0.6452302932739258, 1.9702444076538086, 0.0, -1.1989368200302124, 4.003350734710693, 2.2679526805877686, 0.8817408084869385, 0.009855875745415688, 3.1595492362976074, -4.089154243469238, -1.879826545715332, 0.004171848297119141, -5.964808940887451)
(-1.2045732736587524, 2.0385854244232178, 0.0, 0.0, 0.0, 0.0, -0.3662213683128357, 1.4044045209884644, 0.0, 7.227439880371094, -12.231512069702148, 0.0, 1000, 1000, 1000, 1000, -0.6052899360656738, 2.011596202850342, 0.0, -1.2045732736587524, 4.029659271240234, 2.2780983448028564, 0.9030178189277649, 0.008701061829924583, 3.189817190170288, -4.090775012969971, -1.9180982112884521, 0.003564387559890747, -6.005308628082275)
(-1.2103163003921509, 2.025747060775757, 0.0, 0.0, 0.0, 0.0, -0.39675572514533997, 1.4502061605453491, 0.0, 7.261898040771484, -12.154481887817383, 0.0, 1000, 1000, 1000, 1000, -0.6841723918914795, 1.9577288627624512, 0.0, -1.2103163003921509, 4.054479598999023, 2.2975962162017822, 0.9243371486663818, 0.01178875844925642, 3.233721971511841, -4.081406116485596, -1.956296682357788, 0.00575909623876214, -6.0319437980651855)
(-1.216687560081482, 2.032134532928467, 0.0, 0.0, 0.0, 0.0, -0.3662213683128357, 1.4196717739105225, 0.0, 7.3001251220703125, -12.1928071975708, 0.0, 1000, 1000, 1000, 1000, -0.7994868755340576, 2.051776885986328, 0.0, -1.216687560081482, 4.080709934234619, 2.2999038696289062, 0.9457685351371765, 0.008773741312325, 3.254446268081665, -4.083743572235107, -1.9944566488265991, 0.0038780034519732, -6.07432222366333)
(-1.223012089729309, 2.0186238288879395, 0.0, 0.0, 0.0, 0.0, -0.3662213683128357, 1.4807404279708862, 0.0, 7.338072776794434, -12.111742973327637, 0.0, 1000, 1000, 1000, 1000, -0.6516194343566895, 1.9524598121643066, 0.0, -1.223012089729309, 4.105198383331299, 2.311288356781006, 0.9672817587852478, 0.009192722849547863, 3.2877626419067383, -4.077744960784912, -2.0325677394866943, 0.004611569456756115, -6.105701446533203)
(-1.229628562927246, 2.021543025970459, 0.0, 0.0, 0.0, 0.0, -0.381488561630249, 1.4196717739105225, 0.0, 7.377771377563477, -12.129258155822754, 0.0, 1000, 1000, 1000, 1000, -0.6966841220855713, 2.027677059173584, 0.0, -1.229628562927246, 4.129205703735352, 2.3277781009674072, 0.9889402985572815, 0.010728592053055763, 3.327446937561035, -4.064679145812988, -2.070504665374756, 0.0060508968308568, -6.1291327476501465)
(-1.235283374786377, 2.0275964736938477, 0.0, 0.0, 0.0, 0.0, -0.35095420479774475, 1.434938907623291, 0.0, 7.411700248718262, -12.165578842163086, 0.0, 1000, 1000, 1000, 1000, -0.6917290687561035, 2.0179595947265625, 0.0, -1.235283374786377, 4.153566360473633, 2.32879638671875, 1.0107086896896362, 0.006917434744536877, 3.3464224338531494, -4.080155372619629, -2.1085731983184814, 0.0003074645937886089, -6.18842077255249)
(-1.2405591011047363, 2.015385627746582, 0.0, 0.0, 0.0, 0.0, -0.381488561630249, 1.4654732942581177, 0.0, 7.443354606628418, -12.092313766479492, 0.0, 1000, 1000, 1000, 1000, -0.6171019077301025, 1.974492073059082, 0.0, -1.2405591011047363, 4.176663398742676, 2.3474531173706055, 1.0325757265090942, 0.009439888410270214, 3.3894686698913574, -4.067336082458496, -2.14660906791687, 0.004059702157974243, -6.209885597229004)
(-1.2450896501541138, 2.0221445560455322, 0.0, 0.0, 0.0, 0.0, -0.3356870114803314, 1.4807404279708862, 0.0, 7.470538139343262, -12.132867813110352, 0.0, 1000, 1000, 1000, 1000, -0.7396359443664551, 2.0835747718811035, 0.0, -1.2450896501541138, 4.200683116912842, 2.341867685317993, 1.0544873476028442, 0.004262941889464855, 3.400617837905884, -4.08408260345459, -2.184628486633301, -0.0024118900764733553, -6.271122932434082)
(-1.2514574527740479, 2.031529188156128, 0.0, 0.0, 0.0, 0.0, -0.3356870114803314, 1.4654732942581177, 0.0, 7.508744716644287, -12.18917465209961, 0.0, 1000, 1000, 1000, 1000, -0.6044151782989502, 2.0554299354553223, 0.0, -1.2514574527740479, 4.2250261306762695, 2.353329658508301, 1.076504111289978, 0.00479454081505537, 3.4346282482147217, -4.0963945388793945, -2.2227869033813477, -0.005377537105232477, -6.324558734893799)
(-1.254582405090332, 2.024179458618164, 0.0, 0.0, 0.0, 0.0, -0.3356870114803314, 1.4807404279708862, 0.0, 7.527494430541992, -12.145076751708984, 0.0, 1000, 1000, 1000, 1000, -0.6830976009368896, 2.00034761428833, 0.0, -1.254582405090332, 4.247645854949951, 2.358954429626465, 1.0984934568405151, 0.0048018754459917545, 3.462249755859375, -4.087745189666748, -2.26094126701355, -0.0015580952167510986, -6.350244522094727)
(-1.259343147277832, 2.021624803543091, 0.0, 0.0, 0.0, 0.0, -0.3662213683128357, 1.4502061605453491, 0.0, 7.556058883666992, -12.129749298095703, 0.0, 1000, 1000, 1000, 1000, -0.601060152053833, 2.0333986282348633, 0.0, -1.259343147277832, 4.269798755645752, 2.3766841888427734, 1.1206709146499634, 0.007273080758750439, 3.5046281814575195, -4.073986530303955, -2.298999309539795, 0.0025222301483154297, -6.3704633712768555)
(-1.2631604671478271, 2.019476890563965, 0.0, 0.0, 0.0, 0.0, -0.4120228886604309, 1.4654732942581177, 0.0, 7.578962802886963, -12.116861343383789, 0.0, 1000, 1000, 1000, 1000, -0.5666260719299316, 2.070284843444824, 0.0, -1.2631604671478271, 4.291880130767822, 2.3972957134246826, 1.142899751663208, 0.011346837505698204, 3.551542282104492, -4.074700355529785, -2.337036371231079, 0.0015732049942016602, -6.410163402557373)
(-1.267825961112976, 2.022160291671753, 0.0, 0.0, 0.0, 0.0, -0.30515268445014954, 1.4960076808929443, 0.0, 7.606955528259277, -12.13296127319336, 0.0, 1000, 1000, 1000, 1000, -0.6815564632415771, 2.027742862701416, 0.0, -1.267825961112976, 4.314680099487305, 2.3736324310302734, 1.1651854515075684, 0.0004298359272070229, 3.539247751235962, -4.088690757751465, -2.3751227855682373, -0.003095775842666626, -6.466909408569336)
(-1.2737892866134644, 2.0216639041900635, 0.0, 0.0, 0.0, 0.0, -0.42729008197784424, 1.511274814605713, 0.0, 7.642735481262207, -12.129983901977539, 0.0, 1000, 1000, 1000, 1000, -0.6315803527832031, 1.9579987525939941, 0.0, -1.2737892866134644, 4.336622714996338, 2.4210076332092285, 1.1876211166381836, 0.013243690133094788, 3.6218724250793457, -4.092377662658691, -2.4132235050201416, -0.00405839690938592, -6.509659290313721)
(-1.279467225074768, 2.017893075942993, 0.0, 0.0, 0.0, 0.0, -0.3662213683128357, 1.4654732942581177, 0.0, 7.6768035888671875, -12.107358932495117, 0.0, 1000, 1000, 1000, 1000, -0.6642615795135498, 2.0387072563171387, 0.0, -1.279467225074768, 4.357162952423096, 2.412907600402832, 1.2101149559020996, 0.007306444458663464, 3.630328893661499, -4.071849822998047, -2.4512197971343994, 0.0019436419242992997, -6.521125793457031)
(-1.2835742235183716, 2.0078375339508057, 0.0, 0.0, 0.0, 0.0, -0.3662213683128357, 1.4502061605453491, 0.0, 7.701445579528809, -12.047025680541992, 0.0, 1000, 1000, 1000, 1000, -0.5807101726531982, 2.143934726715088, 0.0, -1.2835742235183716, 4.377547740936279, 2.420300006866455, 1.2327117919921875, 0.006399256177246571, 3.6594111919403076, -4.049169540405273, -2.4891276359558105, 0.007922989316284657, -6.530374050140381)
(-1.2868534326553345, 2.0216867923736572, 0.0, 0.0, 0.0, 0.0, -0.3662213683128357, 1.4807404279708862, 0.0, 7.721120834350586, -12.130121231079102, 0.0, 1000, 1000, 1000, 1000, -0.6004407405853271, 2.0169596672058105, 0.0, -1.2868534326553345, 4.398913383483887, 2.4262027740478516, 1.2552917003631592, 0.0064382730051875114, 3.6879327297210693, -4.083258628845215, -2.527108907699585, -0.004197019152343273, -6.614564418792725)
(-1.2917882204055786, 2.0232725143432617, 0.0, 0.0, 0.0, 0.0, -0.3662213683128357, 1.4807404279708862, 0.0, 7.750729560852051, -12.13963508605957, 0.0, 1000, 1000, 1000, 1000, -0.6357321739196777, 1.9662327766418457, 0.0, -1.2917882204055786, 4.419497966766357, 2.4350852966308594, 1.2779912948608398, 0.006684750318527222, 3.719761371612549, -4.0861124992370605, -2.565230131149292, -0.003651136066764593, -6.654994010925293)
(-1.295058250427246, 2.0233957767486572, 0.0, 0.0, 0.0, 0.0, -0.381488561630249, 1.4654732942581177, 0.0, 7.770349502563477, -12.140375137329102, 0.0, 1000, 1000, 1000, 1000, -0.706183910369873, 2.001460075378418, 0.0, -1.295058250427246, 4.439722537994385, 2.4455513954162598, 1.3006914854049683, 0.00839428324252367, 3.7546372413635254, -4.081754684448242, -2.603367567062378, -0.0008918702369555831, -6.686013698577881)
(-1.300363540649414, 2.019357204437256, 0.0, 0.0, 0.0, 0.0, -0.3662213683128357, 1.5265419483184814, 0.0, 7.802181243896484, -12.116143226623535, 0.0, 1000, 1000, 1000, 1000, -0.6633663177490234, 2.0825037956237793, 0.0, -1.300363540649414, 4.458617210388184, 2.4505207538604736, 1.3235665559768677, 0.006702056620270014, 3.780789375305176, -4.0928053855896, -2.641371965408325, -0.0055685462430119514, -6.73974609375)
(-1.3046191930770874, 2.01460862159729, 0.0, 0.0, 0.0, 0.0, -0.3356870114803314, 1.4654732942581177, 0.0, 7.827714920043945, -12.087652206420898, 0.0, 1000, 1000, 1000, 1000, -0.6981687545776367, 2.015371322631836, 0.0, -1.3046191930770874, 4.477585792541504, 2.4490203857421875, 1.3464545011520386, 0.0037253766786307096, 3.7992002964019775, -4.065937519073486, -2.679342031478882, 0.002814906882122159, -6.742464542388916)
(-1.30925714969635, 2.0268146991729736, 0.0, 0.0, 0.0, 0.0, -0.4120228886604309, 1.4807404279708862, 0.0, 7.85554313659668, -12.160888671875, 0.0, 1000, 1000, 1000, 1000, -0.6398699283599854, 2.0807924270629883, 0.0, -1.30925714969635, 4.497583866119385, 2.48026967048645, 1.369423747062683, 0.011903634294867516, 3.8615970611572266, -4.092488765716553, -2.7174150943756104, -0.0057437121868133545, -6.815647602081299)
(-1.3137537240982056, 2.0243000984191895, 0.0, 0.0, 0.0, 0.0, -0.42729008197784424, 1.4654732942581177, 0.0, 7.8825225830078125, -12.145800590515137, 0.0, 1000, 1000, 1000, 1000, -0.6478822231292725, 2.005866050720215, 0.0, -1.3137537240982056, 4.5150628089904785, 2.49294376373291, 1.392512559890747, 0.013043776154518127, 3.8984999656677246, -4.0833821296691895, -2.7554819583892822, -0.0022982358932495117, -6.841162204742432)
(-1.3176277875900269, 2.0146050453186035, 0.0, 0.0, 0.0, 0.0, -0.39675572514533997, 1.4502061605453491, 0.0, 7.905766487121582, -12.087630271911621, 0.0, 1000, 1000, 1000, 1000, -0.6164774894714355, 1.9580612182617188, 0.0, -1.3176277875900269, 4.532430171966553, 2.4907567501068115, 1.4157170057296753, 0.008663853630423546, 3.915137767791748, -4.0613508224487305, -2.7934656143188477, 0.004501789808273315, -6.850314617156982)
(-0.33878517150878906, 2.7799296379089355, 0.0, 0.0, 0.0, 0.0, -0.3661908507347107, 1.5112519264221191, 0.0, 2.0327110290527344, -16.679576873779297, 0.0, 1000, 1000, 1000, 1000, -0.33878517150878906, 2.7799296379089355, 0.0, -0.33878517150878906, 2.7799296379089355, 0.7196705937385559, 0.0008396156481467187, 0.2398901879787445, 0.960400402545929, -5.457248687744141, -0.006366789806634188, -1.8190828561782837, -7.282698154449463)
(-0.34979239106178284, 2.7706780433654785, 0.0, 0.0, 0.0, 0.0, -0.3967251777648926, 1.5417863130569458, 0.0, 2.098754405975342, -16.624069213867188, 0.0, 1000, 1000, 1000, 1000, -0.2524092197418213, 2.806441307067871, 0.0, -0.34979239106178284, 2.8319027423858643, 0.7486438751220703, 0.0068053980357944965, 0.17640995979309082, 0.9318592548370361, -5.449756622314453, -0.05054009333252907, -1.272722840309143, -6.773019790649414)
(-0.3630063533782959, 2.8165459632873535, 0.0, 0.0, 0.0, 0.0, -0.3661908507347107, 1.4807175397872925, 0.0, 2.1780381202697754, -16.899276733398438, 0.0, 1000, 1000, 1000, 1000, -0.24766230583190918, 2.65716552734375, 0.0, -0.3630063533782959, 2.8889572620391846, 0.7632687091827393, 0.013859073631465435, 0.1212586835026741, 0.8983864784240723, -5.513998031616211, -0.10164835304021835, -0.8635780811309814, -6.479224681854248)
(-0.3753645718097687, 3.054417610168457, 0.0, 0.0, 0.0, 0.0, -0.3356564939022064, 1.465450406074524, 0.0, 2.252187490463257, -18.326505661010742, 0.0, 1000, 1000, 1000, 1000, -0.19299960136413574, 2.7030301094055176, 0.0, -0.3753645718097687, 2.944897174835205, 0.7763531804084778, 0.021074464544653893, 0.08381219953298569, 0.8812398314476013, -5.937586784362793, -0.15457560122013092, -0.7012912631034851, -6.793453693389893)