
(-0.3123011589050293, 3.063199520111084, 0.0, 0.0, 0.0, 0.0, -0.3662213683128357, 1.4807404279708862, 0.0, 1.8738069534301758, -18.379196166992188, 0.0, 1000, 1000, 1000, 1000, -0.3123011589050293, 3.063199520111084, 0.0, -0.3123011589050293, 3.063199520111084, 0.6720085144042969, 0.0007840099278837442, 0.22400283813476562, 0.896795392036438, -5.957980632781982, -0.006950977258384228, -1.9859936237335205, -7.950925350189209, 4892)
(-0.32231664657592773, 3.1808457374572754, 0.0, 0.0, 0.0, 0.0, -0.381488561630249, 1.4960076808929443, 0.0, 1.9338998794555664, -19.08507537841797, 0.0, 1000, 1000, 1000, 1000, -0.4176056385040283, 3.2745723724365234, 0.0, -0.32231664657592773, 3.100545883178711, 0.6946165561676025, 0.004798381123691797, 0.1799379140138626, 0.8793528079986572, -6.174324989318848, -0.04259350523352623, -1.6004607677459717, -7.817379474639893, 4919)
(-0.33203887939453125, 3.204658269882202, 0.0, 0.0, 0.0, 0.0, -0.35095420479774475, 1.511274814605713, 0.0, 1.9922332763671875, -19.227949142456055, 0.0, 1000, 1000, 1000, 1000, -0.2943992614746094, 3.146632671356201, 0.0, -0.33203887939453125, 3.1457290649414062, 0.7029562592506409, 0.009589696303009987, 0.13598182797431946, 0.8485277891159058, -6.221766948699951, -0.0859738290309906, -1.1909010410308838, -7.4986419677734375, 4949)
(-0.344014436006546, 3.259650707244873, 0.0, 0.0, 0.0, 0.0, -0.3662213683128357, 1.4807404279708862, 0.0, 2.064086675643921, -19.557903289794922, 0.0, 1000, 1000, 1000, 1000, -0.29180216789245605, 3.048367977142334, 0.0, -0.344014436006546, 3.1906375885009766, 0.7290924191474915, 0.014669808559119701, 0.1069796159863472, 0.8507418632507324, -6.311593055725098, -0.12988488376140594, -0.9019474983215332, -7.343425273895264, 4979)
(-0.35374513268470764, 3.4654786586761475, 0.0, 0.0, 0.0, 0.0, -0.3356870114803314, 1.4807404279708862, 0.0, 2.1224708557128906, -20.792871475219727, 0.0, 1000, 1000, 1000, 1000, -0.41158080101013184, 3.1975936889648438, 0.0, -0.35374513268470764, 3.234832525253296, 0.7374473214149475, 0.019801810383796692, 0.08118415623903275, 0.8384333252906799, -6.6820831298828125, -0.17529289424419403, -0.7758129239082336, -7.6331892013549805, 5009)
(-0.3638109564781189, 2.6367831230163574, 0.0, 0.0, 0.0, 0.0, -0.35095420479774475, 1.4502061605453491, 0.0, 2.182865619659424, -15.820698738098145, 0.0, 1000, 1000, 1000, 1000, -0.2935292720794678, 3.2049193382263184, 0.0, -0.3638109564781189, 3.277780532836914, 0.7601459622383118, 0.02506512589752674, 0.06625475734472275, 0.8514658808708191, -5.181271553039551, -0.22328120470046997, -0.03812340646982193, -5.442676067352295, 5039)
(-0.37426185607910156, 3.0566158294677734, 0.0, 0.0, 0.0, 0.0, -0.35095420479774475, 1.511274814605713, 0.0, 2.2455711364746094, -18.33969497680664, 0.0, 1000, 1000, 1000, 1000, -0.3443310260772705, 3.204965114593506, 0.0, -0.37426185607910156, 3.322381019592285, 0.7789576053619385, 0.03050214983522892, 0.05376962572336197, 0.8632293939590454, -5.955290794372559, -0.26348063349723816, -0.24607345461845398, -6.464844703674316, 5069)
(-0.38352149724960327, 3.1337153911590576, 0.0, 0.0, 0.0, 0.0, -0.3356870114803314, 1.4960076808929443, 0.0, 2.30112886428833, -18.802291870117188, 0.0, 1000, 1000, 1000, 1000, -0.278062105178833, 3.1583333015441895, 0.0, -0.38352149724960327, 3.3650619983673096, 0.7910447120666504, 0.03603026643395424, 0.04274461418390274, 0.8698196411132812, -6.089489936828613, -0.3056803047657013, -0.22075241804122925, -6.615922451019287, 5099)
(-0.39315471053123474, 3.110783100128174, 0.0, 0.0, 0.0, 0.0, -0.3662213683128357, 1.4502061605453491, 0.0, 2.3589282035827637, -18.66469955444336, 0.0, 1000, 1000, 1000, 1000, -0.3242819309234619, 3.2064757347106934, 0.0, -0.39315471053123474, 3.406090497970581, 0.8175448775291443, 0.04170013219118118, 0.03890126198530197, 0.8981462717056274, -6.0344719886779785, -0.34789493680000305, -0.14856399595737457, -6.530930995941162, 5129)
(-0.4032813310623169, 3.1381044387817383, 0.0, 0.0, 0.0, 0.0, -0.35095420479774475, 1.4960076808929443, 0.0, 2.4196879863739014, -18.82862663269043, 0.0, 1000, 1000, 1000, 1000, -0.2956671714782715, 3.1349878311157227, 0.0, -0.4032813310623169, 3.4476566314697266, 0.831192672252655, 0.047514479607343674, 0.03215783089399338, 0.9108650088310242, -6.097390174865723, -0.3905821740627289, -0.1252930462360382, -6.613265514373779, 5159)
(-0.41236090660095215, 3.162243366241455, 0.0, 0.0, 0.0, 0.0, -0.3662213683128357, 1.4960076808929443, 0.0, 2.474165439605713, -18.973461151123047, 0.0, 1000, 1000, 1000, 1000, -0.32624387741088867, 3.1815524101257324, 0.0, -0.41236090660095215, 3.4889309406280518, 0.852116048336029, 0.05341978743672371, 0.029795223847031593, 0.9353310465812683, -6.140840530395508, -0.4334329068660736, -0.10496961325407028, -6.679243087768555, 5189)
(-0.42283737659454346, 3.1346898078918457, 0.0, 0.0, 0.0, 0.0, -0.4120228886604309, 1.4654732942581177, 0.0, 2.5370242595672607, -18.80813980102539, 0.0, 1000, 1000, 1000, 1000, -0.44879937171936035, 3.0642337799072266, 0.0, -0.42283737659454346, 3.5289647579193115, 0.8847141265869141, 0.05947430431842804, 0.032047927379608154, 0.9762363433837891, -6.082083702087402, -0.4762428402900696, -0.0590551421046257, -6.617382049560547, 5219)
(-0.43309852480888367, 3.1161699295043945, 0.0, 0.0, 0.0, 0.0, -0.3356870114803314, 0.9616565108299255, 0.0, 2.5985910892486572, -18.697019577026367, 0.0, 1000, 1000, 1000, 1000, -0.3050544261932373, 3.1797385215759277, 0.0, -0.43309852480888367, 3.566429615020752, 0.8802834153175354, 0.06565018743276596, 0.02221115119755268, 0.9681447148323059, -5.8976030349731445, -0.5185438990592957, 0.0172994676977396, -6.3988471031188965, 5249)
(-0.44224706292152405, 3.164076089859009, 0.0, 0.0, 0.0, 0.0, -0.35095420479774475, 1.4502061605453491, 0.0, 2.653482437133789, -18.98445701599121, 0.0, 1000, 1000, 1000, 1000, -0.3241438865661621, 3.2364602088928223, 0.0, -0.44224706292152405, 3.6061813831329346, 0.9013310074806213, 0.07189540565013885, 0.02255607210099697, 0.9957824945449829, -6.130399227142334, -0.5611923933029175, -0.050583142787218094, -6.7421746253967285, 5279)
(-0.4515111446380615, 3.173508644104004, 0.0, 0.0, 0.0, 0.0, -0.35095420479774475, 1.4807404279708862, 0.0, 2.709066867828369, -19.041051864624023, 0.0, 1000, 1000, 1000, 1000, -0.3823730945587158, 3.1395111083984375, 0.0, -0.4515111446380615, 3.645169734954834, 0.9180063605308533, 0.07828660309314728, 0.02128870226442814, 1.0175817012786865, -6.1565375328063965, -0.6042219996452332, -0.044735539704561234, -6.805494785308838, 5309)
(-0.4614514708518982, 3.117069721221924, 0.0, 0.0, 0.0, 0.0, -0.35095420479774475, 1.4807404279708862, 0.0, 2.7687087059020996, -18.70241928100586, 0.0, 1000, 1000, 1000, 1000, -0.5326724052429199, 3.062228202819824, 0.0, -0.4614514708518982, 3.681663990020752, 0.9358989000320435, 0.08479578047990799, 0.020786713808774948, 1.041481375694275, -6.054947853088379, -0.6468652486801147, -0.003529286477714777, -6.7053422927856445, 5339)
(-0.4715634882450104, 3.1230666637420654, 0.0, 0.0, 0.0, 0.0, -0.3662213683128357, 1.4502061605453491, 0.0, 2.829380989074707, -18.738399505615234, 0.0, 1000, 1000, 1000, 1000, -0.4002218246459961, 3.0861587524414062, 0.0, -0.4715634882450104, 3.719327211380005, 0.9586807489395142, 0.0914536640048027, 0.021799389272928238, 1.0719337463378906, -6.056581974029541, -0.689333438873291, -0.002047467278316617, -6.747962951660156, 5369)
(-0.48060357570648193, 3.1126294136047363, 0.0, 0.0, 0.0, 0.0, -0.381488561630249, 1.511274814605713, 0.0, 2.8836214542388916, -18.675777435302734, 0.0, 1000, 1000, 1000, 1000, -0.38854408264160156, 3.034473419189453, 0.0, -0.48060357570648193, 3.7565479278564453, 0.9795330166816711, 0.09825535863637924, 0.0220657866448164, 1.0998541116714478, -6.056115627288818, -0.7317634224891663, -0.0009055614355020225, -6.788784503936768, 5399)
(-0.4916342496871948, 3.1028077602386475, 0.0, 0.0, 0.0, 0.0, -0.30515268445014954, 1.4807404279708862, 0.0, 2.949805498123169, -18.616846084594727, 0.0, 1000, 1000, 1000, 1000, -0.31405210494995117, 3.0832090377807617, 0.0, -0.4916342496871948, 3.8055419921875, 0.9764874577522278, 0.10738062113523483, 0.013700863346457481, 1.0975689888000488, -6.029275894165039, -0.7882079482078552, 0.0076487003825604916, -6.809834957122803, 5439)
(-0.5033091306686401, 3.104984998703003, 0.0, 0.0, 0.0, 0.0, -0.35095420479774475, 1.4960076808929443, 0.0, 3.019854784011841, -18.62990951538086, 0.0, 1000, 1000, 1000, 1000, -0.2318124771118164, 3.1252074241638184, 0.0, -0.5033091306686401, 3.853605031967163, 1.0112427473068237, 0.11676842719316483, 0.01769280806183815, 1.145703911781311, -6.037775039672852, -0.844464898109436, 0.0019589723087847233, -6.8802809715271, 5479)
(-0.5121499300003052, 3.109835624694824, 0.0, 0.0, 0.0, 0.0, -0.381488561630249, 1.4654732942581177, 0.0, 3.072899580001831, -18.659013748168945, 0.0, 1000, 1000, 1000, 1000, -0.40630483627319336, 3.147944450378418, 0.0, -0.5121499300003052, 3.8894360065460205, 1.0363163948059082, 0.12393167614936829, 0.020650459453463554, 1.1808985471725464, -6.037345886230469, -0.8867532014846802, 0.0018995165592059493, -6.922199726104736, 5510)
(-0.5209382176399231, 3.109602451324463, 0.0, 0.0, 0.0, 0.0, -0.381488561630249, 1.5418092012405396, 0.0, 3.125629425048828, -18.657615661621094, 0.0, 1000, 1000, 1000, 1000, -0.29874229431152344, 3.1283583641052246, 0.0, -0.5209382176399231, 3.9248883724212646, 1.0521353483200073, 0.13121958076953888, 0.020250758156180382, 1.2036057710647583, -6.0598273277282715, -0.9290950894355774, -0.00536955613642931, -6.994292259216309, 5540)
(-0.5296579003334045, 3.136791229248047, 0.0, 0.0, 0.0, 0.0, -0.4120228886604309, 1.4960076808929443, 0.0, 3.177947521209717, -18.82074737548828, 0.0, 1000, 1000, 1000, 1000, -0.31836700439453125, 3.217010021209717, 0.0, -0.5296579003334045, 3.961294651031494, 1.076991081237793, 0.13865163922309875, 0.022626232355833054, 1.2382689714431763, -6.09502649307251, -0.9716433882713318, -0.014470023103058338, -7.081140041351318, 5570)
(-0.5357810258865356, 3.138140916824341, 0.0, 0.0, 0.0, 0.0, -0.3662213683128357, 1.511274814605713, 0.0, 3.214686155319214, -18.828845977783203, 0.0, 1000, 1000, 1000, 1000, -0.24870538711547852, 3.115166664123535, 0.0, -0.5357810258865356, 3.9961891174316406, 1.0742722749710083, 0.14604070782661438, 0.01767641305923462, 1.2379894256591797, -6.102035999298096, -1.0143579244613647, -0.012472373433411121, -7.128866195678711, 5600)
(-0.5434677004814148, 3.1582212448120117, 0.0, 0.0, 0.0, 0.0, -0.35095420479774475, 1.5418092012405396, 0.0, 3.260806083679199, -18.94932746887207, 0.0, 1000, 1000, 1000, 1000, -0.32462382316589355, 3.131499767303467, 0.0, -0.5434677004814148, 4.031371593475342, 1.0835281610488892, 0.15358038246631622, 0.015955807641148567, 1.2530642747879028, -6.147340774536133, -1.0571924448013306, -0.023339683189988136, -7.2278733253479, 5630)
(-0.5511497855186462, 3.1611320972442627, 0.0, 0.0, 0.0, 0.0, -0.3662213683128357, 1.4654732942581177, 0.0, 3.306898593902588, -18.966793060302734, 0.0, 1000, 1000, 1000, 1000, -0.25106024742126465, 3.121856212615967, 0.0, -0.5511497855186462, 4.065834999084473, 1.1019359827041626, 0.1612328737974167, 0.017249230295419693, 1.2804181575775146, -6.1296796798706055, -1.1001898050308228, -0.011472517624497414, -7.241342067718506, 5660)
(-0.559238612651825, 3.1559653282165527, 0.0, 0.0, 0.0, 0.0, -0.4120228886604309, 1.5876107215881348, 0.0, 3.35543155670166, -18.935791015625, 0.0, 1000, 1000, 1000, 1000, -0.2622694969177246, 3.050151824951172, 0.0, -0.559238612651825, 4.100443363189697, 1.130236268043518, 0.16908283531665802, 0.020718326792120934, 1.3200374841690063, -6.157020568847656, -1.1432409286499023, -0.016087954863905907, -7.316349506378174, 5690)
(-0.5667060017585754, 3.1696746349334717, 0.0, 0.0, 0.0, 0.0, -0.39675572514533997, 1.4654732942581177, 0.0, 3.400236129760742, -19.018047332763672, 0.0, 1000, 1000, 1000, 1000, -0.3863849639892578, 3.226285934448242, 0.0, -0.5667060017585754, 4.1347880363464355, 1.1390975713729858, 0.17690882086753845, 0.019412722438573837, 1.3354190587997437, -6.145056247711182, -1.186261773109436, -0.008664715103805065, -7.339982509613037, 5720)
(-0.5759104490280151, 3.1797971725463867, 0.0, 0.0, 0.0, 0.0, -0.35095420479774475, 1.434938907623291, 0.0, 3.455462694168091, -19.07878303527832, 0.0, 1000, 1000, 1000, 1000, -0.31633520126342773, 3.2570199966430664, 0.0, -0.5759104490280151, 4.179007053375244, 1.1419250965118408, 0.18741798400878906, 0.015340328216552734, 1.3446834087371826, -6.154116630554199, -1.243768334388733, -0.006965911481529474, -7.404850959777832, 5760)
(-0.5850138068199158, 3.181098222732544, 0.0, 0.0, 0.0, 0.0, -0.3204198479652405, 1.4960076808929443, 0.0, 3.510082721710205, -19.086589813232422, 0.0, 1000, 1000, 1000, 1000, -0.37863659858703613, 3.1397757530212402, 0.0, -0.5850138068199158, 4.222157001495361, 1.1491507291793823, 0.19812628626823425, 0.012060138396918774, 1.3593372106552124, -6.174779415130615, -1.3013767004013062, -0.009669291786849499, -7.485825061798096, 5800)
(-0.5926849842071533, 3.177797794342041, 0.0, 0.0, 0.0, 0.0, -0.3662213683128357, 1.4502061605453491, 0.0, 3.55610990524292, -19.066787719726562, 0.0, 1000, 1000, 1000, 1000, -0.3724782466888428, 3.1079726219177246, 0.0, -0.5926849842071533, 4.25329065322876, 1.1766993999481201, 0.20631231367588043, 0.01660432666540146, 1.399616003036499, -6.1550984382629395, -1.3445515632629395, -0.0008968889596872032, -7.500546932220459, 5830)
(-0.5992053747177124, 3.178276300430298, 0.0, 0.0, 0.0, 0.0, -0.3662213683128357, 1.4960076808929443, 0.0, 3.5952322483062744, -19.069658279418945, 0.0, 1000, 1000, 1000, 1000, -0.31404590606689453, 3.2201285362243652, 0.0, -0.5992053747177124, 4.284791469573975, 1.1884361505508423, 0.21453067660331726, 0.01650155521929264, 1.4194682836532593, -6.169699668884277, -1.3876975774765015, -0.004952841904014349, -7.562350273132324, 5860)
(-0.6076321005821228, 3.1798837184906006, 0.0, 0.0, 0.0, 0.0, -0.3662213683128357, 1.511274814605713, 0.0, 3.6457924842834473, -19.079301834106445, 0.0, 1000, 1000, 1000, 1000, -0.43143653869628906, 3.134361743927002, 0.0, -0.6076321005821228, 4.315942287445068, 1.2036042213439941, 0.22287937998771667, 0.017008477821946144, 1.44349205493927, -6.177172660827637, -1.4308890104293823, -0.006167256738990545, -7.614229202270508, 5890)
(-0.6152029633522034, 3.171807050704956, 0.0, 0.0, 0.0, 0.0, -0.3356870114803314, 1.4960076808929443, 0.0, 3.6912178993225098, -19.030841827392578, 0.0, 1000, 1000, 1000, 1000, -0.3699960708618164, 3.101296901702881, 0.0, -0.6152029633522034, 4.346626281738281, 1.2080714702606201, 0.23133085668087006, 0.013720577582716942, 1.4531229734420776, -6.158054828643799, -1.4740524291992188, 0.001145052956417203, -7.630962371826172, 5920)
(-0.6249714493751526, 3.155430555343628, 0.0, 0.0, 0.0, 0.0, -0.3662213683128357, 1.4807404279708862, 0.0, 3.749828815460205, -18.93258285522461, 0.0, 1000, 1000, 1000, 1000, -0.2788574695587158, 3.1150336265563965, 0.0, -0.6249714493751526, 4.387048244476318, 1.2348151206970215, 0.24276383221149445, 0.016418369486927986, 1.49399733543396, -6.123996734619141, -1.5314682722091675, 0.011776119470596313, -7.643688678741455, 5960)
(-0.63212651014328, 3.155430555343628, 0.0, 0.0, 0.0, 0.0, -0.3662213683128357, 1.4807404279708862, 0.0, 3.7927589416503906, -18.93258285522461, 0.0, 1000, 1000, 1000, 1000, -0.3426969051361084, 3.1548333168029785, 0.0, -0.63212651014328, 4.416611671447754, 1.2476941347122192, 0.2514701187610626, 0.015738267451524734, 1.5149024724960327, -6.123996734619141, -1.5743498802185059, 0.008829116821289062, -7.689517498016357, 5990)
(-0.6344465017318726, 3.157078981399536, 0.0, 0.0, 0.0, 0.0, -0.3662213683128357, 1.5265419483184814, 0.0, 3.8066790103912354, -18.942474365234375, 0.0, 1000, 1000, 1000, 1000, -0.311023473739624, 3.074892044067383, 0.0, -0.6344465017318726, 4.446801662445068, 1.251870036125183, 0.2601790726184845, 0.013335446827113628, 1.525384545326233, -6.140705108642578, -1.6173332929611206, 0.0021830499172210693, -7.755855560302734, 6020)
(-0.641741156578064, 3.1494340896606445, 0.0, 0.0, 0.0, 0.0, -0.35095420479774475, 1.511274814605713, 0.0, 3.850446939468384, -18.896604537963867, 0.0, 1000, 1000, 1000, 1000, -0.31256961822509766, 3.1399545669555664, 0.0, -0.641741156578064, 4.475857257843018, 1.260420322418213, 0.2689855396747589, 0.01219993643462658, 1.541605830192566, -6.122363567352295, -1.6602107286453247, 0.006588148884475231, -7.775986194610596, 6050)
(-0.6494254469871521, 3.156163454055786, 0.0, 0.0, 0.0, 0.0, -0.3662213683128357, 1.5418092012405396, 0.0, 3.896552562713623, -18.936981201171875, 0.0, 1000, 1000, 1000, 1000, -0.2810976505279541, 3.2885003089904785, 0.0, -0.6494254469871521, 4.50601863861084, 1.278832197189331, 0.27789306640625, 0.01425645500421524, 1.570981740951538, -6.143637180328369, -1.70311439037323, -0.001946616219356656, -7.848698139190674, 6080)
(-0.6556786298751831, 3.163726568222046, 0.0, 0.0, 0.0, 0.0, -0.3662213683128357, 1.4960076808929443, 0.0, 3.9340717792510986, -18.982358932495117, 0.0, 1000, 1000, 1000, 1000, -0.2283930778503418, 3.1588878631591797, 0.0, -0.6556786298751831, 4.535064697265625, 1.2900879383087158, 0.28689131140708923, 0.013793708756566048, 1.5907728672027588, -6.143509864807129, -1.7461105585098267, -0.0014724374050274491, -7.8910932540893555, 6110)
(-0.6630080342292786, 3.1598548889160156, 0.0, 0.0, 0.0, 0.0, -0.381488561630249, 1.511274814605713, 0.0, 3.978048324584961, -18.959129333496094, 0.0, 1000, 1000, 1000, 1000, -0.46907854080200195, 3.0841760635375977, 0.0, -0.6630080342292786, 4.562971115112305, 1.307861089706421, 0.2959614396095276, 0.015779858455061913, 1.6196024417877197, -6.141120910644531, -1.7891026735305786, -0.0004010438860859722, -7.930624961853027, 6140)
(-0.6700680255889893, 3.1479806900024414, 0.0, 0.0, 0.0, 0.0, -0.3662213683128357, 1.434938907623291, 0.0, 4.0204081535339355, -18.88788414001465, 0.0, 1000, 1000, 1000, 1000, -0.2658882141113281, 3.045071601867676, 0.0, -0.6700680255889893, 4.589227676391602, 1.3159888982772827, 0.305139422416687, 0.014150929637253284, 1.6352791786193848, -6.096846580505371, -1.8319239616394043, 0.012934302911162376, -7.915836334228516, 6170)
(-0.6765438914299011, 3.1448323726654053, 0.0, 0.0, 0.0, 0.0, -0.381488561630249, 1.511274814605713, 0.0, 4.059263229370117, -18.868993759155273, 0.0, 1000, 1000, 1000, 1000, -0.3267209529876709, 3.076486110687256, 0.0, -0.6765438914299011, 4.6162567138671875, 1.3322255611419678, 0.31440770626068115, 0.015298647806048393, 1.6619319915771484, -6.114080429077148, -1.8747315406799316, 0.005173325538635254, -7.983638763427734, 6200)
(-0.46950697898864746, 3.1307191848754883, 0.0, 0.0, 0.0, 0.0, -0.44256487488746643, 1.5265114307403564, 0.0, 2.8170418739318848, -18.78431510925293, 0.0, 1000, 1000, 1000, 1000, -0.46950697898864746, 3.1307191848754883, 0.0, -0.46950697898864746, 3.1307191848754883, 0.9778820276260376, 0.0011408623540773988, 0.3259606957435608, 1.3049836158752441, -6.09324836730957, -0.007108789402991533, -2.0310826301574707, -8.131439208984375, 4892)
(-0.48282909393310547, 3.1953485012054443, 0.0, 0.0, 0.0, 0.0, -0.350961834192276, 1.5265114307403564, 0.0, 2.896974563598633, -19.172090530395508, 0.0, 1000, 1000, 1000, 1000, -0.5338668823242188, 3.164236545562744, 0.0, -0.48282909393310547, 3.184239625930786, 0.9743809700012207, 0.009127221070230007, 0.22637972235679626, 1.2098878622055054, -6.209580898284912, -0.05739196389913559, -1.4520246982574463, -7.718997478485107, 4929)
(-0.498989462852478, 3.2348780632019043, 0.0, 0.0, 0.0, 0.0, -0.3967633545398712, 1.511244297027588, 0.0, 2.993936777114868, -19.40926742553711, 0.0, 1000, 1000, 1000, 1000, -0.6262695789337158, 3.2366819381713867, 0.0, -0.498989462852478, 3.2442824840545654, 1.0172100067138672, 0.01845463179051876, 0.1620834469795227, 1.197748064994812, -6.276153564453125, -0.1155880019068718, -0.9832887053489685, -7.375030040740967, 4969)
(-0.5141582489013672, 3.442640542984009, 0.0, 0.0, 0.0, 0.0, -0.3814961910247803, 1.5265114307403564, 0.0, 3.084949493408203, -20.65584373474121, 0.0, 1000, 1000, 1000, 1000, -0.39722251892089844, 3.184377670288086, 0.0, -0.5141582489013672, 3.304918050765991, 1.039933681488037, 0.02804807387292385, 0.11411800235509872, 1.1820998191833496, -6.654706954956055, -0.175673708319664, -0.7645955681800842, -7.59497594833374, 5009)
(-0.535217821598053, 3.0403549671173096, 0.0, 0.0, 0.0, 0.0, -0.36622899770736694, 1.511244297027588, 0.0, 3.2113070487976074, -18.242130279541016, 0.0, 1000, 1000, 1000, 1000, -0.46203088760375977, 3.180912971496582, 0.0, -0.535217821598053, 3.3933799266815186, 1.07326078414917, 0.04293474182486534, 0.06925640255212784, 1.1854519844055176, -5.92601203918457, -0.2641944885253906, -0.23385405540466309, -6.424060821533203, 5069)
(-0.5492438673973083, 3.128882884979248, 0.0, 0.0, 0.0, 0.0, -0.3967633545398712, 1.511244297027588, 0.0, 3.2954630851745605, -18.773296356201172, 0.0, 1000, 1000, 1000, 1000, -0.4701504707336426, 3.1259732246398926, 0.0, -0.5492438673973083, 3.4435319900512695, 1.1076679229736328, 0.05306145176291466, 0.05648742616176605, 1.2172168493270874, -6.085361957550049, -0.31998583674430847, -0.2040206640958786, -6.609368324279785, 5109)
(-0.5638124942779541, 3.1759579181671143, 0.0, 0.0, 0.0, 0.0, -0.3814961910247803, 1.5417786836624146, 0.0, 3.3828749656677246, -19.055747985839844, 0.0, 1000, 1000, 1000, 1000, -0.4294581413269043, 3.1443281173706055, 0.0, -0.5638124942779541, 3.50093150138855, 1.1293113231658936, 0.06347423046827316, 0.0439780168235302, 1.236763596534729, -6.179257869720459, -0.3774247467517853, -0.1597088724374771, -6.716391563415527, 5149)
(-0.5766152143478394, 3.162184238433838, 0.0, 0.0, 0.0, 0.0, -0.41203054785728455, 1.6028473377227783, 0.0, 3.459691286087036, -18.973106384277344, 0.0, 1000, 1000, 1000, 1000, -0.43462157249450684, 3.142754077911377, 0.0, -0.5766152143478394, 3.5585930347442627, 1.161516547203064, 0.07416977733373642, 0.03841675445437431, 1.274103045463562, -6.172786235809326, -0.43521180748939514, -0.10229741036891937, -6.710295677185059, 5189)
(-0.5907627940177917, 3.152879476547241, 0.0, 0.0, 0.0, 0.0, -0.3814961910247803, 1.5417786836624146, 0.0, 3.544576644897461, -18.91727638244629, 0.0, 1000, 1000, 1000, 1000, -0.507800817489624, 3.0756397247314453, 0.0, -0.5907627940177917, 3.614332914352417, 1.1778218746185303, 0.08502660691738129, 0.030947793275117874, 1.2937963008880615, -6.137716293334961, -0.49277201294898987, -0.05641718953847885, -6.686905860900879, 5229)
(-0.6036214232444763, 3.1548774242401123, 0.0, 0.0, 0.0, 0.0, -0.350961834192276, 1.511244297027588, 0.0, 3.6217284202575684, -18.929264068603516, 0.0, 1000, 1000, 1000, 1000, -0.32542896270751953, 3.2248668670654297, 0.0, -0.6036214232444763, 3.667644500732422, 1.1918071508407593, 0.09610530734062195, 0.02427680231630802, 1.3121892213821411, -6.132152557373047, -0.5499417185783386, -0.03702873736619949, -6.719122886657715, 5269)
(-0.6150924563407898, 3.172214984893799, 0.0, 0.0, 0.0, 0.0, -0.36622899770736694, 1.5417786836624146, 0.0, 3.690554618835449, -19.03329086303711, 0.0, 1000, 1000, 1000, 1000, -0.4776184558868408, 3.2125444412231445, 0.0, -0.6150924563407898, 3.7197563648223877, 1.2170350551605225, 0.10738864541053772, 0.02289845608174801, 1.3473222255706787, -6.172520637512207, -0.60732102394104, -0.0366564616560936, -6.816498279571533, 5309)
(-0.637133777141571, 3.1356794834136963, 0.0, 0.0, 0.0, 0.0, -0.36622899770736694, 1.5723129510879517, 0.0, 3.8228025436401367, -18.814077377319336, 0.0, 1000, 1000, 1000, 1000, -0.5561096668243408, 3.143846035003662, 0.0, -0.637133777141571, 3.797722578048706, 1.2567094564437866, 0.1248236745595932, 0.021497536450624466, 1.4030306339263916, -6.115917205810547, -0.6931896805763245, -0.006669193506240845, -6.8157758712768555, 5369)
(-0.6513305306434631, 3.1541826725006104, 0.0, 0.0, 0.0, 0.0, -0.36622899770736694, 1.5723129510879517, 0.0, 3.9079833030700684, -18.92509651184082, 0.0, 1000, 1000, 1000, 1000, -0.542262077331543, 3.1623191833496094, 0.0, -0.6513305306434631, 3.8491933345794678, 1.2822637557983398, 0.13674964010715485, 0.020741203799843788, 1.439754605293274, -6.1492228507995605, -0.7503876686096191, -0.01443056482821703, -6.914041042327881, 5409)
(-0.6640581488609314, 3.1499276161193848, 0.0, 0.0, 0.0, 0.0, -0.36622899770736694, 1.5265114307403564, 0.0, 3.984348773956299, -18.899566650390625, 0.0, 1000, 1000, 1000, 1000, -0.4886512756347656, 3.232267379760742, 0.0, -0.6640581488609314, 3.8986523151397705, 1.305173397064209, 0.14888913929462433, 0.019623951986432076, 1.4736864566802979, -6.127823829650879, -0.8075231313705444, -0.005351221654564142, -6.940698146820068, 5449)
(-0.6770601272583008, 3.180755853652954, 0.0, 0.0, 0.0, 0.0, -0.350961834192276, 1.5875802040100098, 0.0, 4.062360763549805, -19.084535598754883, 0.0, 1000, 1000, 1000, 1000, -0.6206326484680176, 3.2530155181884766, 0.0, -0.6770601272583008, 3.949047565460205, 1.3239967823028564, 0.16122958064079285, 0.01754273660480976, 1.5027689933776855, -6.201634407043457, -0.8649235367774963, -0.026490652933716774, -7.093048572540283, 5489)
(-0.6878304481506348, 3.1690568923950195, 0.0, 0.0, 0.0, 0.0, -0.350961834192276, 1.6028473377227783, 0.0, 4.126982688903809, -19.014341354370117, 0.0, 1000, 1000, 1000, 1000, -0.43122220039367676, 3.1793694496154785, 0.0, -0.6878304481506348, 3.997335195541382, 1.3433833122253418, 0.1736823469400406, 0.01717684417963028, 1.5342425107955933, -6.18515682220459, -0.922572910785675, -0.014804095029830933, -7.122533798217773, 5530)
(-0.700674295425415, 3.1669414043426514, 0.0, 0.0, 0.0, 0.0, -0.3814961910247803, 1.557045817375183, 0.0, 4.20404577255249, -19.00164794921875, 0.0, 1000, 1000, 1000, 1000, -0.43285226821899414, 3.1076908111572266, 0.0, -0.700674295425415, 4.046492576599121, 1.3756625652313232, 0.18646840751171112, 0.01950129307806492, 1.5816322565078735, -6.16760778427124, -0.9801586866378784, -0.005530458875000477, -7.153296947479248, 5570)
(-0.7121641635894775, 3.153582811355591, 0.0, 0.0, 0.0, 0.0, -0.41203054785728455, 1.511244297027588, 0.0, 4.272984981536865, -18.921497344970703, 0.0, 1000, 1000, 1000, 1000, -0.529076099395752, 3.113800048828125, 0.0, -0.7121641635894775, 4.092053413391113, 1.4055047035217285, 0.1993941068649292, 0.022243082523345947, 1.6271418333053589, -6.129822254180908, -1.03745436668396, 0.006134438328444958, -7.161142349243164, 5610)
(-0.7251436710357666, 3.140474557876587, 0.0, 0.0, 0.0, 0.0, -0.41203054785728455, 1.5265114307403564, 0.0, 4.3508620262146, -18.84284782409668, 0.0, 1000, 1000, 1000, 1000, -0.5088212490081787, 3.1390299797058105, 0.0, -0.7251436710357666, 4.136674404144287, 1.4288678169250488, 0.21261170506477356, 0.021609582006931305, 1.6630891561508179, -6.1108078956604, -1.0945873260498047, 0.009648042730987072, -7.195747375488281, 5650)
(-0.7362155318260193, 3.1422345638275146, 0.0, 0.0, 0.0, 0.0, -0.3814961910247803, 1.4959770441055298, 0.0, 4.417293071746826, -18.85340690612793, 0.0, 1000, 1000, 1000, 1000, -0.333848237991333, 3.1416687965393066, 0.0, -0.7362155318260193, 4.18080997467041, 1.4396367073059082, 0.22599069774150848, 0.017458021640777588, 1.6830854415893555, -6.104815483093262, -1.1515705585479736, 0.007899606600403786, -7.248486042022705, 5690)
(-0.7472822666168213, 3.139226198196411, 0.0, 0.0, 0.0, 0.0, -0.350961834192276, 1.5417786836624146, 0.0, 4.483693599700928, -18.835357666015625, 0.0, 1000, 1000, 1000, 1000, -0.5260477066040039, 3.1139421463012695, 0.0, -0.7472822666168213, 4.2253618240356445, 1.4503965377807617, 0.2395416796207428, 0.013865677639842033, 1.7038038969039917, -6.113141059875488, -1.2086344957351685, 0.0034170388244092464, -7.318358421325684, 5730)
(-0.7581555843353271, 3.158107042312622, 0.0, 0.0, 0.0, 0.0, -0.36622899770736694, 1.5723129510879517, 0.0, 4.548933506011963, -18.94864273071289, 0.0, 1000, 1000, 1000, 1000, -0.47863245010375977, 3.139176845550537, 0.0, -0.7581555843353271, 4.271383285522461, 1.4745488166809082, 0.25327470898628235, 0.015183987095952034, 1.7430074214935303, -6.156286716461182, -1.2659865617752075, -0.009000224061310291, -7.431273460388184, 5770)
(-0.768567681312561, 3.1534740924835205, 0.0, 0.0, 0.0, 0.0, -0.3967633545398712, 1.511244297027588, 0.0, 4.611406326293945, -18.92084503173828, 0.0, 1000, 1000, 1000, 1000, -0.47582101821899414, 3.1774635314941406, 0.0, -0.768567681312561, 4.31502103805542, 1.502450942993164, 0.26713690161705017, 0.018492529168725014, 1.7880803346633911, -6.129626750946045, -1.3233813047409058, 0.002442938042804599, -7.450564861297607, 5810)
(-0.778885006904602, 3.159672737121582, 0.0, 0.0, 0.0, 0.0, -0.36622899770736694, 1.557045817375183, 0.0, 4.673310279846191, -18.958036422729492, 0.0, 1000, 1000, 1000, 1000, -0.6031074523925781, 3.2014551162719727, 0.0, -0.778885006904602, 4.35789155960083, 1.511861801147461, 0.2811700105667114, 0.015322282910346985, 1.808354139328003, -6.154524326324463, -1.3806979656219482, -0.005672884173691273, -7.540895462036133, 5850)
(-0.7893151640892029, 3.1561031341552734, 0.0, 0.0, 0.0, 0.0, -0.350961834192276, 1.4807099103927612, 0.0, 4.735890865325928, -18.93661880493164, 0.0, 1000, 1000, 1000, 1000, -0.4426140785217285, 3.1392273902893066, 0.0, -0.7893151640892029, 4.399877548217773, 1.5260558128356934, 0.2954179644584656, 0.01349739171564579, 1.8349711894989014, -6.1251983642578125, -1.43813157081604, 0.006248682737350464, -7.55708122253418, 5890)
(-0.7993304133415222, 3.146495819091797, 0.0, 0.0, 0.0, 0.0, -0.36622899770736694, 1.5265114307403564, 0.0, 4.795982360839844, -18.87897491455078, 0.0, 1000, 1000, 1000, 1000, -0.4294581413269043, 3.1443281173706055, 0.0, -0.7993304133415222, 4.440579414367676, 1.5486633777618408, 0.30976223945617676, 0.015510907396674156, 1.8739365339279175, -6.121645927429199, -1.4953646659851074, 0.006098216865211725, -7.610912799835205, 5930)
(-0.808443009853363, 3.163485050201416, 0.0, 0.0, 0.0, 0.0, -0.3814961910247803, 1.5875802040100098, 0.0, 4.850657939910889, -18.980911254882812, 0.0, 1000, 1000, 1000, 1000, -0.43291544914245605, 3.229473114013672, 0.0, -0.808443009853363, 4.4825239181518555, 1.5696461200714111, 0.32429274916648865, 0.01658015511929989, 1.910519003868103, -6.1705474853515625, -1.5526922941207886, -0.010566210374236107, -7.7338056564331055, 5970)
(-0.816636323928833, 3.158949375152588, 0.0, 0.0, 0.0, 0.0, -0.33569467067718506, 1.4807099103927612, 0.0, 4.899817943572998, -18.953697204589844, 0.0, 1000, 1000, 1000, 1000, -0.4013381004333496, 3.1194987297058105, 0.0, -0.816636323928833, 4.522196292877197, 1.5706537961959839, 0.3389602303504944, 0.011102127842605114, 1.9207161664962769, -6.130321979522705, -1.6101349592208862, 0.00514493603259325, -7.735311985015869, 6010)
(-0.8267682790756226, 3.1435790061950684, 0.0, 0.0, 0.0, 0.0, -0.33569467067718506, 1.557045817375183, 0.0, 4.960609436035156, -18.861473083496094, 0.0, 1000, 1000, 1000, 1000, -0.5813565254211426, 3.176939010620117, 0.0, -0.8267682790756226, 4.559183597564697, 1.5888912677764893, 0.3538160026073456, 0.011263467371463776, 1.9539707899093628, -6.125555515289307, -1.6672272682189941, 0.003456246806308627, -7.789326190948486, 6050)
(-0.8354478478431702, 3.138089179992676, 0.0, 0.0, 0.0, 0.0, -0.3814961910247803, 1.511244297027588, 0.0, 5.0126872062683105, -18.828535079956055, 0.0, 1000, 1000, 1000, 1000, -0.5203192234039307, 3.190547466278076, 0.0, -0.8354478478431702, 4.597818374633789, 1.6182548999786377, 0.3687673807144165, 0.01611006073653698, 2.0031323432922363, -6.101933479309082, -1.7242704629898071, 0.00883973203599453, -7.81736421585083, 6090)
(-0.845566987991333, 3.140392303466797, 0.0, 0.0, 0.0, 0.0, -0.33569467067718506, 1.4959770441055298, 0.0, 5.073401927947998, -18.84235382080078, 0.0, 1000, 1000, 1000, 1000, -0.6533370018005371, 3.1531548500061035, 0.0, -0.845566987991333, 4.63469123840332, 1.6227290630340576, 0.38397708535194397, 0.010915862396359444, 2.0176219940185547, -6.101499557495117, -1.7811897993087769, 0.005653345491737127, -7.877035617828369, 6130)
(-0.8556612133979797, 3.1596086025238037, 0.0, 0.0, 0.0, 0.0, -0.41203054785728455, 1.557045817375183, 0.0, 5.133967399597168, -18.957651138305664, 0.0, 1000, 1000, 1000, 1000, -0.43235087394714355, 3.212763786315918, 0.0, -0.8556612133979797, 4.673153877258301, 1.6637994050979614, 0.3993305563926697, 0.018886860460042953, 2.082016944885254, -6.154408931732178, -1.8384133577346802, -0.011123794130980968, -8.003946304321289, 6170)
(-0.8644105195999146, 3.1633012294769287, 0.0, 0.0, 0.0, 0.0, -0.6563053727149963, 1.511244297027588, 0.0, 5.186463356018066, -18.979806900024414, 0.0, 1000, 1000, 1000, 1000, -0.38173913955688477, 3.274299144744873, 0.0, -0.8644105195999146, 4.7108683586120605, 1.7528306245803833, 0.41491445899009705, 0.0428612045943737, 2.210606336593628, -6.14731502532959, -1.8957979679107666, -0.005567127373069525, -8.048680305480957, 6210)
(-0.8719599843025208, 3.1755690574645996, 0.0, 0.0, 0.0, 0.0, -0.32042747735977173, 1.6028473377227783, 0.0, 5.231760025024414, -19.05341339111328, 0.0, 1000, 1000, 1000, 1000, -0.5968029499053955, 3.2385406494140625, 0.0, -0.8719599843025208, 4.748847484588623, 1.6656562089920044, 0.43047067523002625, 0.00796480756253004, 2.1040916442871094, -6.196878433227539, -1.9534051418304443, -0.01795297861099243, -8.16823673248291, 6250)
(-0.881473183631897, 3.1789300441741943, 0.0, 0.0, 0.0, 0.0, -0.3814961910247803, 1.4959770441055298, 0.0, 5.288839340209961, -19.073579788208008, 0.0, 1000, 1000, 1000, 1000, -0.5434455871582031, 3.195775032043457, 0.0, -0.881473183631897, 4.784238338470459, 1.7011007070541382, 0.4462502896785736, 0.014659116975963116, 2.1620101928710938, -6.170866966247559, -2.0110223293304443, -0.005639368202537298, -8.187528610229492, 6290)
(-0.8911648988723755, 3.1823997497558594, 0.0, 0.0, 0.0, 0.0, -0.4272977113723755, 1.511244297027588, 0.0, 5.346989631652832, -19.094398498535156, 0.0, 1000, 1000, 1000, 1000, -0.44365835189819336, 3.3240885734558105, 0.0, -0.8911648988723755, 4.818173885345459, 1.7322862148284912, 0.46226757764816284, 0.018795626237988472, 2.2133493423461914, -6.181692600250244, -2.0685808658599854, -0.007975173182785511, -8.258248329162598, 6330)
(-0.899590015411377, 3.191357374191284, 0.0, 0.0, 0.0, 0.0, -0.33569467067718506, 1.511244297027588, 0.0, 5.397540092468262, -19.148143768310547, 0.0, 1000, 1000, 1000, 1000, -0.38016247749328613, 3.0729503631591797, 0.0, -0.899590015411377, 4.854561805725098, 1.719970464706421, 0.47839075326919556, 0.008597195148468018, 2.206958532333374, -6.197816371917725, -2.126532554626465, -0.00754778366535902, -8.331896781921387, 6370)
(-0.9078472852706909, 3.192627429962158, 0.0, 0.0, 0.0, 0.0, -0.3967633545398712, 1.6181144714355469, 0.0, 5.447083473205566, -19.155765533447266, 0.0, 1000, 1000, 1000, 1000, -0.3829836845397949, 3.2777209281921387, 0.0, -0.9078472852706909, 4.889565467834473, 1.7531540393829346, 0.49468913674354553, 0.01412692666053772, 2.261970043182373, -6.232163906097412, -2.1844396591186523, -0.01610560342669487, -8.432708740234375, 6410)
(-0.9167584180831909, 3.2009968757629395, 0.0, 0.0, 0.0, 0.0, -0.36622899770736694, 1.6028473377227783, 0.0, 5.500550270080566, -19.205982208251953, 0.0, 1000, 1000, 1000, 1000, -0.6141633987426758, 3.1985487937927246, 0.0, -0.9167584180831909, 4.924924850463867, 1.7600338459014893, 0.5110771656036377, 0.011457310989499092, 2.2825682163238525, -6.242649078369141, -2.2425546646118164, -0.014871597290039062, -8.500075340270996, 6450)
(-0.9256096482276917, 3.190446138381958, 0.0, 0.0, 0.0, 0.0, -0.350961834192276, 1.4959770441055298, 0.0, 5.5536580085754395, -19.142677307128906, 0.0, 1000, 1000, 1000, 1000, -0.5171768665313721, 3.152162551879883, 0.0, -0.9256096482276917, 4.957998275756836, 1.771385908126831, 0.527612566947937, 0.010071128606796265, 2.3090696334838867, -6.191596508026123, -2.300577163696289, 0.004758876748383045, -8.487414360046387, 6490)
(-0.9348611235618591, 3.194457769393921, 0.0, 0.0, 0.0, 0.0, -0.3814961910247803, 1.557045817375183, 0.0, 5.609166622161865, -19.166746139526367, 0.0, 1000, 1000, 1000, 1000, -0.39020824432373047, 3.2214794158935547, 0.0, -0.9348611235618591, 4.992086887359619, 1.79719877243042, 0.5444272756576538, 0.012106314301490784, 2.3537323474884033, -6.217137336730957, -2.3585622310638428, -0.0032403767108917236, -8.578939437866211, 6530)
(-0.9428902268409729, 3.2013635635375977, 0.0, 0.0, 0.0, 0.0, -0.41203054785728455, 1.5875802040100098, 0.0, 5.657341480255127, -19.208181381225586, 0.0, 1000, 1000, 1000, 1000, -0.3446767330169678, 3.1298303604125977, 0.0, -0.9428902268409729, 5.025267601013184, 1.8208116292953491, 0.5613517165184021, 0.014341133646667004, 2.3965044021606445, -6.2387285232543945, -2.41666316986084, -0.008659666404128075, -8.664051055908203, 6570)
(-0.9493893384933472, 3.197974920272827, 0.0, 0.0, 0.0, 0.0, -0.4272977113723755, 1.4959770441055298, 0.0, 5.696335792541504, -19.187849044799805, 0.0, 1000, 1000, 1000, 1000, -0.46734118461608887, 3.1643776893615723, 0.0, -0.9493893384933472, 5.057383060455322, 1.837090015411377, 0.5783144235610962, 0.015489466488361359, 2.430893898010254, -6.205147743225098, -2.4747612476348877, 0.004249966237694025, -8.6756591796875, 6610)
(-0.9569028615951538, 3.1902053356170654, 0.0, 0.0, 0.0, 0.0, -0.4272977113723755, 1.4807099103927612, 0.0, 5.741416931152344, -19.141231536865234, 0.0, 1000, 1000, 1000, 1000, -0.40532517433166504, 3.084461212158203, 0.0, -0.9569028615951538, 5.087292194366455, 1.850614309310913, 0.5953987240791321, 0.01565001718699932, 2.461663007736206, -6.186582088470459, -2.5326931476593018, 0.0094614801928401, -8.709814071655273, 6650)
(-0.9653555154800415, 3.1940975189208984, 0.0, 0.0, 0.0, 0.0, -0.36622899770736694, 1.5417786836624146, 0.0, 5.792133331298828, -19.16458511352539, 0.0, 1000, 1000, 1000, 1000, -0.5163717269897461, 3.180424213409424, 0.0, -0.9653555154800415, 5.118518829345703, 1.8475086688995361, 0.6126828193664551, 0.009143581613898277, 2.4693350791931152, -6.211909294128418, -2.5906496047973633, 0.00016965865506790578, -8.802389144897461, 6690)
(-0.9732797145843506, 3.177971124649048, 0.0, 0.0, 0.0, 0.0, -0.3967633545398712, 1.4959770441055298, 0.0, 5.8396782875061035, -19.067827224731445, 0.0, 1000, 1000, 1000, 1000, -0.5256760120391846, 3.1890716552734375, 0.0, -0.9732797145843506, 5.1469902992248535, 1.8709324598312378, 0.6300436854362488, 0.012733283452689648, 2.513709545135498, -6.1691412925720215, -2.648420572280884, 0.012327033095061779, -8.805234909057617, 6730)
(-0.9804432988166809, 3.170971393585205, 0.0, 0.0, 0.0, 0.0, -0.350961834192276, 1.5265114307403564, 0.0, 5.882659912109375, -19.025829315185547, 0.0, 1000, 1000, 1000, 1000, -0.5201034545898438, 3.098914623260498, 0.0, -0.9804432988166809, 5.175812721252441, 1.870086431503296, 0.6475090384483337, 0.008039047941565514, 2.525634527206421, -6.1657023429870605, -2.7060256004333496, 0.009729134850203991, -8.861998558044434, 6770)
(-0.9875704050064087, 3.15765643119812, 0.0, 0.0, 0.0, 0.0, -0.350961834192276, 1.5417786836624146, 0.0, 5.925422668457031, -18.945938110351562, 0.0, 1000, 1000, 1000, 1000, -0.49663376808166504, 3.0856971740722656, 0.0, -0.9875704050064087, 5.20265531539917, 1.8829152584075928, 0.6651124954223633, 0.00790342502295971, 2.555931329727173, -6.146315097808838, -2.7633743286132812, 0.010749262757599354, -8.898940086364746, 6810)
(-0.9939823150634766, 3.158236265182495, 0.0, 0.0, 0.0, 0.0, -0.3814961910247803, 1.4959770441055298, 0.0, 5.963893890380859, -18.949417114257812, 0.0, 1000, 1000, 1000, 1000, -0.5051727294921875, 3.2056140899658203, 0.0, -0.9939823150634766, 5.2299981117248535, 1.9036171436309814, 0.6827531456947327, 0.011499019339680672, 2.5978691577911377, -6.133618354797363, -2.8206052780151367, 0.009922534227371216, -8.944300651550293, 6850)
(-0.999556303024292, 3.155597448348999, 0.0, 0.0, 0.0, 0.0, -0.3814961910247803, 1.4959770441055298, 0.0, 5.997337818145752, -18.933584213256836, 0.0, 1000, 1000, 1000, 1000, -0.5487632751464844, 3.125405788421631, 0.0, -0.999556303024292, 5.255989074707031, 1.9136501550674438, 0.7004756927490234, 0.011602994985878468, 2.6257288455963135, -6.128868579864502, -2.8778295516967773, 0.007897657342255116, -8.998800277709961, 6890)
(-1.006489872932434, 3.1596131324768066, 0.0, 0.0, 0.0, 0.0, -0.3814961910247803, 1.5417786836624146, 0.0, 6.038939476013184, -18.957679748535156, 0.0, 1000, 1000, 1000, 1000, -0.4772489070892334, 3.287567615509033, 0.0, -1.006489872932434, 5.2848968505859375, 1.926130771636963, 0.7184042930603027, 0.011194437742233276, 2.6557295322418213, -6.149837493896484, -2.9352190494537354, 0.00029331445693969727, -9.084763526916504, 6930)
(-1.0135575532913208, 3.1543164253234863, 0.0, 0.0, 0.0, 0.0, -0.32042747735977173, 1.4959770441055298, 0.0, 6.081345558166504, -18.925899505615234, 0.0, 1000, 1000, 1000, 1000, -0.5847358703613281, 3.1853833198547363, 0.0, -1.0135575532913208, 5.31119966506958, 1.9205318689346313, 0.736367404460907, 0.005701872520148754, 2.6626012325286865, -6.12656307220459, -2.992527961730957, 0.007108807563781738, -9.111982345581055, 6970)
(-1.0183491706848145, 3.1697609424591064, 0.0, 0.0, 0.0, 0.0, -0.33569467067718506, 1.5723129510879517, 0.0, 6.110095024108887, -19.018566131591797, 0.0, 1000, 1000, 1000, 1000, -0.38105249404907227, 3.2988762855529785, 0.0, -1.0183491706848145, 5.3359174728393555, 1.9337369203567505, 0.7521433234214783, 0.008890512399375439, 2.7026546001434326, -6.169661045074463, -3.049980401992798, -0.006735014729201794, -9.2263765335083, 7010)
(-1.022903561592102, 3.177719831466675, 0.0, 0.0, 0.0, 0.0, -0.3814961910247803, 1.5417786836624146, 0.0, 6.137421607971191, -19.06631851196289, 0.0, 1000, 1000, 1000, 1000, -0.44730377197265625, 3.1059489250183105, 0.0, -1.022903561592102, 5.363030433654785, 1.9556753635406494, 0.7702548503875732, 0.011738067492842674, 2.73766827583313, -6.182429313659668, -3.1004858016967773, -0.007630860898643732, -9.290545463562012, 7050)
(-1.0299540758132935, 3.182439088821411, 0.0, 0.0, 0.0, 0.0, -0.36622899770736694, 1.4959770441055298, 0.0, 6.17972469329834, -19.094635009765625, 0.0, 1000, 1000, 1000, 1000, -0.6534807682037354, 3.259674072265625, 0.0, -1.0299540758132935, 5.38915491104126, 1.9637861251831055, 0.7885313034057617, 0.010296359658241272, 2.7626137733459473, -6.177183628082275, -3.158203363418579, -0.003085744334384799, -9.338473320007324, 7088)
(-1.0373098850250244, 3.1884372234344482, 0.0, 0.0, 0.0, 0.0, -0.3967633545398712, 1.5417786836624146, 0.0, 6.2238593101501465, -19.13062286376953, 0.0, 1000, 1000, 1000, 1000, -0.45631837844848633, 3.150778293609619, 0.0, -1.0373098850250244, 5.415541172027588, 1.9861867427825928, 0.8070307374000549, 0.012452026829123497, 2.8056695461273193, -6.201720237731934, -3.216068983078003, -0.007906520739197731, -9.42569637298584, 7128)
(-1.0408755540847778, 3.1864898204803467, 0.0, 0.0, 0.0, 0.0, -0.3814961910247803, 1.4654427766799927, 0.0, 6.245253562927246, -19.118938446044922, 0.0, 1000, 1000, 1000, 1000, -0.34453892707824707, 3.1598873138427734, 0.0, -1.0408755540847778, 5.439721584320068, 1.9880249500274658, 0.8255195617675781, 0.009504502639174461, 2.8230490684509277, -6.175314426422119, -3.2738494873046875, 0.002667111111804843, -9.446496963500977, 7168)
(-1.0455739498138428, 3.1958694458007812, 0.0, 0.0, 0.0, 0.0, -0.3967633545398712, 1.4654427766799927, 0.0, 6.273443698883057, -19.175216674804688, 0.0, 1000, 1000, 1000, 1000, -0.43880605697631836, 3.2147374153137207, 0.0, -1.0455739498138428, 5.464073657989502, 2.0010621547698975, 0.8440876007080078, 0.010640943422913551, 2.855790615081787, -6.192197799682617, -3.331662893295288, -0.001868605613708496, -9.525729179382324, 7208)
(-1.0509257316589355, 3.179642915725708, 0.0, 0.0, 0.0, 0.0, -0.350961834192276, 1.5265114307403564, 0.0, 6.305554389953613, -19.077857971191406, 0.0, 1000, 1000, 1000, 1000, -0.42480945587158203, 3.0411548614501953, 0.0, -1.0509257316589355, 5.485550403594971, 1.9969547986984253, 0.8627107739448547, 0.006316873244941235, 2.8659825325012207, -6.181311130523682, -3.3893706798553467, 0.0014523088466376066, -9.569229125976562, 7248)
(-1.0566251277923584, 3.1702165603637695, 0.0, 0.0, 0.0, 0.0, -0.41203054785728455, 1.5265114307403564, 0.0, 6.33975076675415, -19.021299362182617, 0.0, 1000, 1000, 1000, 1000, -0.4468724727630615, 3.1959900856018066, 0.0, -1.0566251277923584, 5.509222507476807, 2.0255343914031982, 0.8814535140991211, 0.012716924771666527, 2.9197049140930176, -6.164343357086182, -3.4469664096832275, 0.005697774700820446, -9.605611801147461, 7288)
(-1.0618351697921753, 3.1818366050720215, 0.0, 0.0, 0.0, 0.0, -0.3051603138446808, 1.511244297027588, 0.0, 6.371010780334473, -19.091018676757812, 0.0, 1000, 1000, 1000, 1000, -0.491757869720459, 3.2707772254943848, 0.0, -1.0618351697921753, 5.534460544586182, 2.0028514862060547, 0.9002516865730286, 0.001891064690425992, 2.904994249343872, -6.180678844451904, -3.5046589374542236, 0.00014210939116310328, -9.685195922851562, 7328)
(-1.067690372467041, 3.1702818870544434, 0.0, 0.0, 0.0, 0.0, -0.32042747735977173, 1.5417786836624146, 0.0, 6.406142234802246, -19.021690368652344, 0.0, 1000, 1000, 1000, 1000, -0.5974152088165283, 3.118544578552246, 0.0, -1.067690372467041, 5.55745267868042, 2.0179708003997803, 0.9191464781761169, 0.0039789797738194466, 2.941096305847168, -6.169040679931641, -3.56234073638916, 0.0040318965911865234, -9.727349281311035, 7368)
(-1.0735208988189697, 3.168337345123291, 0.0, 0.0, 0.0, 0.0, -0.350961834192276, 1.5265114307403564, 0.0, 6.441125392913818, -19.010025024414062, 0.0, 1000, 1000, 1000, 1000, -0.5256063938140869, 3.0671920776367188, 0.0, -1.0735208988189697, 5.5798020362854, 2.037626028060913, 0.93818199634552, 0.006916222162544727, 2.98272442817688, -6.160961151123047, -3.6198127269744873, 0.004263401031494141, -9.776510238647461, 7408)
(-1.078710913658142, 3.171787738800049, 0.0, 0.0, 0.0, 0.0, -0.32042747735977173, 1.5417786836624146, 0.0, 6.472265243530273, -19.03072738647461, 0.0, 1000, 1000, 1000, 1000, -0.4822392463684082, 3.209413528442383, 0.0, -1.078710913658142, 5.602794647216797, 2.0378077030181885, 0.957319974899292, 0.003107470227405429, 2.9982352256774902, -6.171751976013184, -3.677363157272339, -0.00026316047296859324, -9.84937858581543, 7448)
(-1.0827434062957764, 3.1606743335723877, 0.0, 0.0, 0.0, 0.0, -0.36622899770736694, 1.4807099103927612, 0.0, 6.496460437774658, -18.964046478271484, 0.0, 1000, 1000, 1000, 1000, -0.4514350891113281, 3.192829132080078, 0.0, -1.0827434062957764, 5.623303413391113, 2.058806896209717, 0.9764454960823059, 0.008008325472474098, 3.0432605743408203, -6.133426666259766, -3.7347335815429688, 0.01014035940170288, -9.858019828796387, 7488)
(-1.0890213251113892, 3.1515445709228516, 0.0, 0.0, 0.0, 0.0, -0.41203054785728455, 1.511244297027588, 0.0, 6.534128189086914, -18.90926742553711, 0.0, 1000, 1000, 1000, 1000, -0.5154075622558594, 3.018691062927246, 0.0, -1.0890213251113892, 5.643989562988281, 2.083847761154175, 0.9958084225654602, 0.01220178883522749, 3.09185791015625, -6.126153469085693, -3.7920570373535156, 0.010189247317612171, -9.908020973205566, 7528)
(-1.094682216644287, 3.15067720413208, 0.0, 0.0, 0.0, 0.0, -0.3967633545398712, 1.557045817375183, 0.0, 6.568093299865723, -18.904064178466797, 0.0, 1000, 1000, 1000, 1000, -0.5118134021759033, 3.2075653076171875, 0.0, -1.094682216644287, 5.6653056144714355, 2.0894570350646973, 1.0152217149734497, 0.01041116751730442, 3.1150898933410645, -6.138332843780518, -3.8492841720581055, 0.003132086945697665, -9.984484672546387, 7568)
(-1.099644422531128, 3.149775981903076, 0.0, 0.0, 0.0, 0.0, -0.36622899770736694, 1.5723129510879517, 0.0, 6.597866535186768, -18.89865493774414, 0.0, 1000, 1000, 1000, 1000, -0.45960116386413574, 3.144184112548828, 0.0, -1.099644422531128, 5.686674118041992, 2.089228630065918, 1.0347553491592407, 0.006398400757461786, 3.1303822994232178, -6.141290664672852, -3.906506299972534, 0.00026326774968765676, -10.04753303527832, 7608)
(-1.1055688858032227, 3.1531054973602295, 0.0, 0.0, 0.0, 0.0, -0.41203054785728455, 1.5265114307403564, 0.0, 6.633413314819336, -18.91863250732422, 0.0, 1000, 1000, 1000, 1000, -0.5274372100830078, 3.2392563819885254, 0.0, -1.1055688858032227, 5.706728935241699, 2.113633155822754, 1.0543595552444458, 0.011375239118933678, 3.179368019104004, -6.133543491363525, -3.963670492172241, 0.0009029626962728798, -10.09631061553955, 7648)
(-1.1100527048110962, 3.1567153930664062, 0.0, 0.0, 0.0, 0.0, -0.36622899770736694, 1.5265114307403564, 0.0, 6.660316467285156, -18.940292358398438, 0.0, 1000, 1000, 1000, 1000, -0.449155330657959, 3.1259818077087402, 0.0, -1.1100527048110962, 5.727659702301025, 2.1079635620117188, 1.0739601850509644, 0.007136446423828602, 3.1890602111816406, -6.140041351318359, -4.020989894866943, -0.0006653368473052979, -10.161696434020996, 7688)
(-1.1172469854354858, 3.146963119506836, 0.0, 0.0, 0.0, 0.0, -0.350961834192276, 1.4959770441055298, 0.0, 6.703481674194336, -18.881778717041016, 0.0, 1000, 1000, 1000, 1000, -0.5630052089691162, 3.153616428375244, 0.0, -1.1172469854354858, 5.756101608276367, 2.1163330078125, 1.1035666465759277, 0.0055060237646102905, 3.225405693054199, -6.1133270263671875, -4.1066789627075195, 0.006054544355720282, -10.213951110839844, 7748)
(-1.1230109930038452, 3.1455743312835693, 0.0, 0.0, 0.0, 0.0, -0.36622899770736694, 1.4807099103927612, 0.0, 6.738065719604492, -18.873445510864258, 0.0, 1000, 1000, 1000, 1000, -0.5607767105102539, 3.0571212768554688, 0.0, -1.1230109930038452, 5.77528715133667, 2.131288528442383, 1.1234279870986938, 0.007467496208846569, 3.262183904647827, -6.106246471405029, -4.163869857788086, 0.008137685246765614, -10.261978149414062, 7788)
(-1.1266857385635376, 3.1308107376098633, 0.0, 0.0, 0.0, 0.0, -0.33569467067718506, 1.557045817375183, 0.0, 6.760114669799805, -18.78486442565918, 0.0, 1000, 1000, 1000, 1000, -0.2985413074493408, 3.036534309387207, 0.0, -1.1266857385635376, 5.793610572814941, 2.1287429332733154, 1.143373727798462, 0.0034069449175149202, 3.2755234241485596, -6.102572917938232, -4.2209153175354, 0.0073632122948765755, -10.31612491607666, 7828)
(-1.129136085510254, 3.1405410766601562, 0.0, 0.0, 0.0, 0.0, -0.36622899770736694, 1.5723129510879517, 0.0, 6.774816513061523, -18.843246459960938, 0.0, 1000, 1000, 1000, 1000, -0.4021768569946289, 3.076140880584717, 0.0, -1.129136085510254, 5.813553333282471, 2.1423137187957764, 1.1633113622665405, 0.006033563520759344, 3.3116586208343506, -6.124668121337891, -4.277980804443359, -0.001502817845903337, -10.40415096282959, 7868)
(-1.1339412927627563, 3.1393895149230957, 0.0, 0.0, 0.0, 0.0, -0.3814961910247803, 1.5417786836624146, 0.0, 6.803647994995117, -18.83633804321289, 0.0, 1000, 1000, 1000, 1000, -0.5417335033416748, 3.267528533935547, 0.0, -1.1339412927627563, 5.831898212432861, 2.155543327331543, 1.1834090948104858, 0.007306158542633057, 3.3462586402893066, -6.113434791564941, -4.3349809646606445, 0.0009148478275164962, -10.447501182556152, 7908)
(-1.1391252279281616, 3.1500093936920166, 0.0, 0.0, 0.0, 0.0, -0.350961834192276, 1.5875802040100098, 0.0, 6.834751129150391, -18.900056838989258, 0.0, 1000, 1000, 1000, 1000, -0.6431922912597656, 3.149996757507324, 0.0, -1.1391252279281616, 5.852046012878418, 2.1557137966156006, 1.2035101652145386, 0.005159860942512751, 3.3643839359283447, -6.1462907791137695, -4.39223575592041, -0.008299523964524269, -10.546826362609863, 7948)
(-1.144508957862854, 3.157334566116333, 0.0, 0.0, 0.0, 0.0, -0.45783206820487976, 1.5875802040100098, 0.0, 6.867053985595703, -18.944007873535156, 0.0, 1000, 1000, 1000, 1000, -0.4793543815612793, 3.1258373260498047, 0.0, -1.144508957862854, 5.871732711791992, 2.197465658187866, 1.223760962486267, 0.01622597500681877, 3.437452793121338, -6.159476280212402, -4.449635028839111, -0.009621262550354004, -10.618732452392578, 7988)
(-1.1503021717071533, 3.1526572704315186, 0.0, 0.0, 0.0, 0.0, -0.350961834192276, 1.663915991783142, 0.0, 6.90181303024292, -18.915943145751953, 0.0, 1000, 1000, 1000, 1000, -0.5032141208648682, 3.064030170440674, 0.0, -1.1503021717071533, 5.890390872955322, 2.175832509994507, 1.2441599369049072, 0.004590856842696667, 3.4245831966400146, -6.173957824707031, -4.507055759429932, -0.012147938832640648, -10.693161010742188, 8028)
(-1.154141902923584, 3.1646125316619873, 0.0, 0.0, 0.0, 0.0, -0.33569467067718506, 1.5723129510879517, 0.0, 6.924851417541504, -18.987674713134766, 0.0, 1000, 1000, 1000, 1000, -0.45923852920532227, 3.2191295623779297, 0.0, -1.154141902923584, 5.911317825317383, 2.178163766860962, 1.2645131349563599, 0.003301215125247836, 3.4459781646728516, -6.167996406555176, -4.564581394195557, -0.007091522216796875, -10.739668846130371, 8068)
(-1.1595089435577393, 3.1833629608154297, 0.0, 0.0, 0.0, 0.0, -0.41203054785728455, 1.5417786836624146, 0.0, 6.9570536613464355, -19.100177764892578, 0.0, 1000, 1000, 1000, 1000, -0.5381031036376953, 3.318991184234619, 0.0, -1.1595089435577393, 5.930288314819336, 2.2107253074645996, 1.2850145101547241, 0.011276200413703918, 3.5070159435272217, -6.192586898803711, -4.622191429138184, -0.012654721736907959, -10.827432632446289, 8108)
(-1.1637861728668213, 3.173997163772583, 0.0, 0.0, 0.0, 0.0, -0.41203054785728455, 1.4959770441055298, 0.0, 6.982717037200928, -19.043983459472656, 0.0, 1000, 1000, 1000, 1000, -0.43377184867858887, 3.0492849349975586, 0.0, -1.1637861728668213, 5.94520902633667, 2.2184243202209473, 1.3055981397628784, 0.010705322027206421, 3.5347278118133545, -6.161988258361816, -4.679843902587891, 0.0004335641860961914, -10.841398239135742, 8148)
(-1.1675602197647095, 3.171441078186035, 0.0, 0.0, 0.0, 0.0, -0.4272977113723755, 1.5417786836624146, 0.0, 7.005361557006836, -19.02864646911621, 0.0, 1000, 1000, 1000, 1000, -0.35027074813842773, 3.164565086364746, 0.0, -1.1675602197647095, 5.96327543258667, 2.229797840118408, 1.3263083696365356, 0.010952594690024853, 3.567058563232422, -6.1711273193359375, -4.737532138824463, -0.0007156372303143144, -10.909375190734863, 8188)
(-1.1722049713134766, 3.179067611694336, 0.0, 0.0, 0.0, 0.0, -0.3967633545398712, 1.5723129510879517, 0.0, 7.033229827880859, -19.074405670166016, 0.0, 1000, 1000, 1000, 1000, -0.5080909729003906, 3.1523618698120117, 0.0, -1.1722049713134766, 5.980207920074463, 2.2289979457855225, 1.347089171409607, 0.00735551118850708, 3.5834426879882812, -6.1940155029296875, -4.795214653015137, -0.007437103893607855, -10.996667861938477, 8228)
(-1.175456166267395, 3.1750926971435547, 0.0, 0.0, 0.0, 0.0, -0.41203054785728455, 1.5417786836624146, 0.0, 7.052737236022949, -19.050556182861328, 0.0, 1000, 1000, 1000, 1000, -0.5119621753692627, 3.177502155303955, 0.0, -1.175456166267395, 5.995476722717285, 2.2394304275512695, 1.3677626848220825, 0.009964251890778542, 3.617157220840454, -6.177700519561768, -4.852859973907471, -0.0014001012314110994, -11.031960487365723, 8268)
(-1.1787420511245728, 3.1771726608276367, 0.0, 0.0, 0.0, 0.0, -0.33569467067718506, 1.557045817375183, 0.0, 7.072452545166016, -19.06303596496582, 0.0, 1000, 1000, 1000, 1000, -0.40189647674560547, 3.136180877685547, 0.0, -1.1787420511245728, 6.012028694152832, 2.2224442958831787, 1.3886173963546753, 0.0013434917200356722, 3.6124050617218018, -6.186024188995361, -4.9105939865112305, -0.0029435872565954924, -11.09956169128418, 8308)
(-1.1820660829544067, 3.185295581817627, 0.0, 0.0, 0.0, 0.0, -0.3967633545398712, 1.5265114307403564, 0.0, 7.0923967361450195, -19.111774444580078, 0.0, 1000, 1000, 1000, 1000, -0.4943068027496338, 3.155801773071289, 0.0, -1.1820660829544067, 6.028087139129639, 2.2467479705810547, 1.4095556735992432, 0.006963870022445917, 3.6632676124572754, -6.19148588180542, -4.968343734741211, -0.003657442284747958, -11.163487434387207, 8348)
(-1.1861605644226074, 3.1823720932006836, 0.0, 0.0, 0.0, 0.0, -0.3814961910247803, 1.557045817375183, 0.0, 7.1169633865356445, -19.0942325592041, 0.0, 1000, 1000, 1000, 1000, -0.5269510746002197, 3.138695240020752, 0.0, -1.1861605644226074, 6.04308557510376, 2.249537944793701, 1.4305167198181152, 0.0056801289319992065, 3.685734748840332, -6.195383071899414, -5.0260796546936035, -0.004324728157371283, -11.225788116455078, 8388)
(-1.1907603740692139, 3.177799940109253, 0.0, 0.0, 0.0, 0.0, -0.3967633545398712, 1.511244297027588, 0.0, 7.144562244415283, -19.06679916381836, 0.0, 1000, 1000, 1000, 1000, -0.4972071647644043, 3.2394065856933594, 0.0, -1.1907603740692139, 6.05646276473999, 2.2623977661132812, 1.451596736907959, 0.0072224317118525505, 3.721216917037964, -6.173412799835205, -5.083641052246094, 0.0015169561374932528, -11.255537033081055, 8428)
(-1.1925387382507324, 3.1725780963897705, 0.0, 0.0, 0.0, 0.0, -0.350961834192276, 1.5265114307403564, 0.0, 7.1552324295043945, -19.03546905517578, 0.0, 1000, 1000, 1000, 1000, -0.34133291244506836, 3.1814827919006348, 0.0, -1.1925387382507324, 6.0695953369140625, 2.2518582344055176, 1.4726412296295166, 0.0020258277654647827, 3.72652530670166, -6.1685943603515625, -5.141151428222656, 0.0013387203216552734, -11.308406829833984, 8468)
(-1.1954541206359863, 3.16933274269104, 0.0, 0.0, 0.0, 0.0, -0.350961834192276, 1.4501755237579346, 0.0, 7.172724723815918, -19.0159969329834, 0.0, 1000, 1000, 1000, 1000, -0.41951799392700195, 3.1428260803222656, 0.0, -1.1954541206359863, 6.083183288574219, 2.257105827331543, 1.4937623739242554, 0.0018634616862982512, 3.7527318000793457, -6.139852046966553, -5.198649883270264, 0.009937983937561512, -11.328563690185547, 8508)
(-1.200537919998169, 3.164853572845459, 0.0, 0.0, 0.0, 0.0, -0.36622899770736694, 1.5417786836624146, 0.0, 7.203227519989014, -18.989120483398438, 0.0, 1000, 1000, 1000, 1000, -0.5907878875732422, 3.0719385147094727, 0.0, -1.200537919998169, 6.095088005065918, 2.2708370685577393, 1.5150038003921509, 0.0038437277544289827, 3.789684534072876, -6.1592698097229, -5.255990028381348, 0.0002711832639761269, -11.41498851776123, 8548)
(-1.2052569389343262, 3.158085823059082, 0.0, 0.0, 0.0, 0.0, -0.36622899770736694, 1.5265114307403564, 0.0, 7.231541633605957, -18.948514938354492, 0.0, 1000, 1000, 1000, 1000, -0.6336996555328369, 3.148509979248047, 0.0, -1.2052569389343262, 6.109871864318848, 2.2793312072753906, 1.5361920595169067, 0.005627289414405823, 3.821150541305542, -6.142508029937744, -5.313467502593994, 0.005939441733062267, -11.45003604888916, 8588)
(-1.209585428237915, 3.164311647415161, 0.0, 0.0, 0.0, 0.0, -0.350961834192276, 1.5265114307403564, 0.0, 7.25751256942749, -18.985870361328125, 0.0, 1000, 1000, 1000, 1000, -0.5477235317230225, 3.1986207962036133, 0.0, -1.209585428237915, 6.124418258666992, 2.2825422286987305, 1.5574665069580078, 0.004803186748176813, 3.8448119163513184, -6.153714656829834, -5.370893955230713, 0.0011563480366021395, -11.523452758789062, 8628)
(-1.212073802947998, 3.15512752532959, 0.0, 0.0, 0.0, 0.0, -0.3967633545398712, 1.4196412563323975, 0.0, 7.272442817687988, -18.93076515197754, 0.0, 1000, 1000, 1000, 1000, -0.3086063861846924, 3.0682530403137207, 0.0, -1.212073802947998, 6.135946750640869, 2.3007619380950928, 1.578916072845459, 0.0076925186440348625, 3.8873705863952637, -6.105122089385986, -5.428160190582275, 0.015410077758133411, -11.517871856689453, 8668)
(-1.2163516283035278, 3.1379637718200684, 0.0, 0.0, 0.0, 0.0, -0.3967633545398712, 1.557045817375183, 0.0, 7.298110008239746, -18.827781677246094, 0.0, 1000, 1000, 1000, 1000, -0.581432580947876, 3.1619434356689453, 0.0, -1.2163516283035278, 6.1463847160339355, 2.308461904525757, 1.6004091501235962, 0.007557508535683155, 3.916428565979004, -6.115447998046875, -5.485140800476074, 0.006702005863189697, -11.593886375427246, 8708)
(-1.2201895713806152, 3.1621320247650146, 0.0, 0.0, 0.0, 0.0, -0.350961834192276, 1.5417786836624146, 0.0, 7.321137428283691, -18.97279167175293, 0.0, 1000, 1000, 1000, 1000, -0.5023331642150879, 3.2437686920166016, 0.0, -1.2201895713806152, 6.160905361175537, 2.3016297817230225, 1.6218640804290771, 0.0037217973731458187, 3.927215576171875, -6.15437126159668, -5.5423150062561035, -0.007776028010994196, -11.704462051391602, 8748)
(-1.2232141494750977, 3.1673147678375244, 0.0, 0.0, 0.0, 0.0, -0.41203054785728455, 1.434908390045166, 0.0, 7.339284896850586, -19.003889083862305, 0.0, 1000, 1000, 1000, 1000, -0.35512256622314453, 3.056365966796875, 0.0, -1.2232141494750977, 6.171473503112793, 2.325394630432129, 1.643523097038269, 0.00853700004518032, 3.977454662322998, -6.131639003753662, -5.59959077835083, 0.0006724178674630821, -11.730557441711426, 8788)
(-1.2247828245162964, 3.145489454269409, 0.0, 0.0, 0.0, 0.0, -0.33569467067718506, 1.5417786836624146, 0.0, 7.348696708679199, -18.872936248779297, 0.0, 1000, 1000, 1000, 1000, -0.5146732330322266, 3.169224262237549, 0.0, -1.2247828245162964, 6.181874752044678, 2.3053174018859863, 1.6651283502578735, 5.415081886894768e-06, 3.9704511165618896, -6.124414443969727, -5.656818866729736, 0.002939075231552124, -11.778294563293457, 8828)
(-1.2272279262542725, 3.1689374446868896, 0.0, 0.0, 0.0, 0.0, -0.33569467067718506, 1.511244297027588, 0.0, 7.363367557525635, -19.01362419128418, 0.0, 1000, 1000, 1000, 1000, -0.6151943206787109, 3.39884090423584, 0.0, -1.2272279262542725, 6.196728706359863, 2.309718608856201, 1.6866604089736938, 0.0013487457763403654, 3.997727870941162, -6.1574602127075195, -5.714134693145752, -0.007549488451331854, -11.879144668579102, 8868)
(-1.2303178310394287, 3.178741216659546, 0.0, 0.0, 0.0, 0.0, -0.36622899770736694, 1.4501755237579346, 0.0, 7.381906986236572, -19.072446823120117, 0.0, 1000, 1000, 1000, 1000, -0.4456648826599121, 3.177609920501709, 0.0, -1.2303178310394287, 6.207772254943848, 2.3244407176971436, 1.7082974910736084, 0.005014699883759022, 4.037753105163574, -6.156786918640137, -5.771617412567139, -0.004634290933609009, -11.933038711547852, 8908)
(-1.2325553894042969, 3.1691229343414307, 0.0, 0.0, 0.0, 0.0, -0.3814961910247803, 1.5417786836624146, 0.0, 7.395332336425781, -19.014738082885742, 0.0, 1000, 1000, 1000, 1000, -0.3532755374908447, 3.051403045654297, 0.0, -1.2325553894042969, 6.219167232513428, 2.3330485820770264, 1.7300331592559814, 0.005826941225677729, 4.06890869140625, -6.16695499420166, -5.8292131423950195, -0.004902750253677368, -12.001070976257324, 8948)
(-1.2335288524627686, 3.170485019683838, 0.0, 0.0, 0.0, 0.0, -0.36622899770736694, 1.511244297027588, 0.0, 7.401173114776611, -19.022911071777344, 0.0, 1000, 1000, 1000, 1000, -0.4222605228424072, 3.2414841651916504, 0.0, -1.2335288524627686, 6.2309250831604, 2.3302206993103027, 1.7517274618148804, 0.0038331537507474422, 4.085781097412109, -6.1602463722229, -5.886643886566162, -0.002412211848422885, -12.049302101135254, 8988)
(-1.2361199855804443, 3.1727664470672607, 0.0, 0.0, 0.0, 0.0, -0.3814961910247803, 1.5265114307403564, 0.0, 7.416719913482666, -19.036598205566406, 0.0, 1000, 1000, 1000, 1000, -0.44133853912353516, 3.1358790397644043, 0.0, -1.2361199855804443, 6.242583751678467, 2.3394646644592285, 1.7735106945037842, 0.005330306477844715, 4.118305683135986, -6.168932914733887, -5.944186210632324, -0.004012548830360174, -12.117132186889648, 9028)
(-1.2412402629852295, 3.165759563446045, 0.0, 0.0, 0.0, 0.0, -0.3967633545398712, 1.5265114307403564, 0.0, 7.447441577911377, -18.994556427001953, 0.0, 1000, 1000, 1000, 1000, -0.6411840915679932, 3.2665843963623047, 0.0, -1.2412402629852295, 6.252867698669434, 2.3532614707946777, 1.7953944206237793, 0.007725849747657776, 4.156381607055664, -6.156320571899414, -6.00155782699585, -0.0008182227611541748, -12.158697128295898, 9068)
(-1.2442584037780762, 3.1769118309020996, 0.0, 0.0, 0.0, 0.0, -0.41203054785728455, 1.4959770441055298, 0.0, 7.465550422668457, -19.06147003173828, 0.0, 1000, 1000, 1000, 1000, -0.4922020435333252, 3.1807661056518555, 0.0, -1.2442584037780762, 6.265030384063721, 2.363274335861206, 1.8173120021820068, 0.009237706661224365, 4.189824104309082, -6.167234420776367, -6.059138774871826, -0.002905047032982111, -12.229278564453125, 9108)
(-1.2475552558898926, 3.1634862422943115, 0.0, 0.0, 0.0, 0.0, -0.33569467067718506, 1.511244297027588, 0.0, 7.4853315353393555, -18.98091697692871, 0.0, 1000, 1000, 1000, 1000, -0.5379023551940918, 3.0905022621154785, 0.0, -1.2475552558898926, 6.274239540100098, 2.3463079929351807, 1.8393009901046753, 0.001135456608608365, 4.186744213104248, -6.147648334503174, -6.116584300994873, 0.0034595548640936613, -12.260772705078125, 9148)
(-1.2525917291641235, 3.1692638397216797, 0.0, 0.0, 0.0, 0.0, -0.36622899770736694, 1.6181144714355469, 0.0, 7.51555061340332, -19.015583038330078, 0.0, 1000, 1000, 1000, 1000, -0.5664949417114258, 3.268685817718506, 0.0, -1.2525917291641235, 6.292613506317139, 2.3645339012145996, 1.8723554611206055, 0.004452958703041077, 4.241342067718506, -6.1901092529296875, -6.202850818634033, -0.010354667901992798, -12.403314590454102, 9208)
(-1.2586703300476074, 3.1657025814056396, 0.0, 0.0, 0.0, 0.0, -0.45783206820487976, 1.4959770441055298, 0.0, 7.5520219802856445, -18.99421501159668, 0.0, 1000, 1000, 1000, 1000, -0.4739527702331543, 3.0208630561828613, 0.0, -1.2586703300476074, 6.307450294494629, 2.402956247329712, 1.9056657552719116, 0.013151278719305992, 4.321773529052734, -6.14705753326416, -6.28922700881958, 0.005847907159477472, -12.430437088012695, 9268)
(-1.261205792427063, 3.1583621501922607, 0.0, 0.0, 0.0, 0.0, -0.41203054785728455, 1.511244297027588, 0.0, 7.567234992980957, -18.950172424316406, 0.0, 1000, 1000, 1000, 1000, -0.4086174964904785, 3.1998343467712402, 0.0, -1.261205792427063, 6.316485404968262, 2.393779754638672, 1.9279762506484985, 0.006987535860389471, 4.3287434577941895, -6.138424873352051, -6.346532821655273, 0.006006062030792236, -12.478951454162598, 9308)
(-1.2634479999542236, 3.1549816131591797, 0.0, 0.0, 0.0, 0.0, -0.36622899770736694, 1.511244297027588, 0.0, 7.580687999725342, -18.929889678955078, 0.0, 1000, 1000, 1000, 1000, -0.5250890254974365, 3.172358512878418, 0.0, -1.2634479999542236, 6.3261942863464355, 2.384075164794922, 1.9502155780792236, 0.002571085002273321, 4.336861610412598, -6.132339954376221, -6.4038190841674805, 0.0059773800894618034, -12.530181884765625, 9348)
(-1.2655459642410278, 3.1620936393737793, 0.0, 0.0, 0.0, 0.0, -0.3814961910247803, 1.5265114307403564, 0.0, 7.593276023864746, -18.97256088256836, 0.0, 1000, 1000, 1000, 1000, -0.4621758460998535, 3.1509008407592773, 0.0, -1.2655459642410278, 6.3367204666137695, 2.3924317359924316, 1.9724602699279785, 0.004715949296951294, 4.369607925415039, -6.149722099304199, -6.461207389831543, -0.00015572310076095164, -12.611084938049316, 9388)
(-1.2680343389511108, 3.148280620574951, 0.0, 0.0, 0.0, 0.0, -0.3814961910247803, 1.5265114307403564, 0.0, 7.608205795288086, -18.88968276977539, 0.0, 1000, 1000, 1000, 1000, -0.4867098331451416, 3.0907435417175293, 0.0, -1.2680343389511108, 6.345312595367432, 2.3969106674194336, 1.9948023557662964, 0.004514142870903015, 4.3962273597717285, -6.124858379364014, -6.518449783325195, 0.006561207585036755, -12.636747360229492, 9428)
(-1.2697323560714722, 3.1384499073028564, 0.0, 0.0, 0.0, 0.0, -0.33569467067718506, 1.511244297027588, 0.0, 7.618393898010254, -18.830699920654297, 0.0, 1000, 1000, 1000, 1000, -0.4780564308166504, 3.1224875450134277, 0.0, -1.2697323560714722, 6.35382604598999, 2.3862266540527344, 2.0171282291412354, -0.000181412702659145, 4.403173446655273, -6.102582931518555, -6.575446605682373, 0.01000741682946682, -12.668022155761719, 9468)
(-1.2728687524795532, 3.14288592338562, 0.0, 0.0, 0.0, 0.0, -0.36622899770736694, 1.4807099103927612, 0.0, 7.637212753295898, -18.857315063476562, 0.0, 1000, 1000, 1000, 1000, -0.49176979064941406, 3.1340718269348145, 0.0, -1.2728687524795532, 6.362171649932861, 2.4010324478149414, 2.0395498275756836, 0.003156867576763034, 4.44373893737793, -6.101407051086426, -6.632396697998047, 0.006960785482078791, -12.72684383392334, 9508)
(-1.2761104106903076, 3.1432292461395264, 0.0, 0.0, 0.0, 0.0, -0.36622899770736694, 1.5265114307403564, 0.0, 7.656662464141846, -18.859375, 0.0, 1000, 1000, 1000, 1000, -0.548828125, 3.2469468116760254, 0.0, -1.2761104106903076, 6.372614860534668, 2.406867265701294, 2.0619800090789795, 0.0038886130787432194, 4.47273588180542, -6.1157660484313965, -6.689509391784668, 0.0017205954063683748, -12.803555488586426, 9548)
(-1.2790067195892334, 3.1302480697631836, 0.0, 0.0, 0.0, 0.0, -0.350961834192276, 1.5265114307403564, 0.0, 7.6740403175354, -18.7814884185791, 0.0, 1000, 1000, 1000, 1000, -0.3563556671142578, 3.0596790313720703, 0.0, -1.2790067195892334, 6.380129814147949, 2.407500743865967, 2.084562301635742, 0.001372694969177246, 4.493435859680176, -6.092400074005127, -6.746453285217285, 0.007577317766845226, -12.831275939941406, 9588)
(-1.2802953720092773, 3.1305878162384033, 0.0, 0.0, 0.0, 0.0, -0.3967633545398712, 1.557045817375183, 0.0, 7.681772232055664, -18.783527374267578, 0.0, 1000, 1000, 1000, 1000, -0.44893956184387207, 3.171039581298828, 0.0, -1.2802953720092773, 6.38972806930542, 2.423560857772827, 2.1071014404296875, 0.0056732832454144955, 4.536335468292236, -6.102171897888184, -6.803364276885986, 0.0022017895244061947, -12.903334617614746, 9628)
(-1.2822314500808716, 3.132877826690674, 0.0, 0.0, 0.0, 0.0, -0.3814961910247803, 1.557045817375183, 0.0, 7.693388938903809, -18.79726791381836, 0.0, 1000, 1000, 1000, 1000, -0.5730092525482178, 3.1939263343811035, 0.0, -1.2822314500808716, 6.400508880615234, 2.4224655628204346, 2.1296896934509277, 0.003750524017959833, 4.555905818939209, -6.106293678283691, -6.860358715057373, 0.0005180895095691085, -12.966135025024414, 9668)
(-1.285197377204895, 3.142314910888672, 0.0, 0.0, 0.0, 0.0, -0.36622899770736694, 1.5417786836624146, 0.0, 7.711184501647949, -18.85388946533203, 0.0, 1000, 1000, 1000, 1000, -0.63224196434021, 3.160172939300537, 0.0, -1.285197377204895, 6.409994602203369, 2.4232239723205566, 2.1522982120513916, 0.0027634918224066496, 4.5782856941223145, -6.1187005043029785, -6.917366981506348, -0.003717708634212613, -13.039785385131836, 9708)
(-1.2846850156784058, 3.130772113800049, 0.0, 0.0, 0.0, 0.0, -0.32042747735977173, 1.4959770441055298, 0.0, 7.7081098556518555, -18.78463363647461, 0.0, 1000, 1000, 1000, 1000, -0.3469369411468506, 3.0797653198242188, 0.0, -1.2846850156784058, 6.416538715362549, 2.4085612297058105, 2.1748108863830566, -0.0019408792722970247, 4.5814313888549805, -6.084183216094971, -6.974277973175049, 0.007048147730529308, -13.051413536071777, 9748)
(-1.2864948511123657, 3.1456711292266846, 0.0, 0.0, 0.0, 0.0, -0.3967633545398712, 1.4959770441055298, 0.0, 7.718969345092773, -18.874027252197266, 0.0, 1000, 1000, 1000, 1000, -0.34133291244506836, 3.1814827919006348, 0.0, -1.2864948511123657, 6.426685333251953, 2.434720039367676, 2.1974737644195557, 0.005405965261161327, 4.637599468231201, -6.111001491546631, -7.031331539154053, -0.0013409138191491365, -13.14367389678955, 9788)