
(-0.5136849880218506, 1.5391225814819336, 0.0, 0.0, 0.0, 0.0, -0.3815038204193115, 1.5112366676330566, 0.0, 3.0821099281311035, -9.234735488891602, 0.0, 1000, 1000, 1000, 1000, -0.5136849880218506, 1.5391225814819336, 0.0, -0.5136849880218506, 1.5391225814819336, 1.0390840768814087, 0.0012122647603973746, 0.346361368894577, 5679.75, -1.9836370894328865e+36, 5.855617103261828e-39, 0.0, 0.0)
(3.3374197483062744, -9.888703346252441, 0.0, 1.3636631300555703e-36, 1.3636631300555703e-36, -0.525585412979126, 1.6846818923950195, 0.0, -0.5601189136505127, 1.661517858505249, 0.0, 0.0, 0, 0, 0, 0, -0.3662366271018982, 1.5112366676330566, 0.0, 3.360713481903076, -9.969106674194336, 0.0, 1.3636631300555703e-36, 1.3636631300555703e-36, -0.6012756824493408, 1.6392030715942383, 0.0, -0.5601189136505127, -1.2930409189493146e+23)
(2.5153490401663703e-16, -2.849306078423013e-27, 2.286218444545939e-41, 7.754818242684634e-25, -9.783926801869812e-15, 6.927178828543301e-41, 1.3635734469538535e-36, 1.3636631300555703e-36, 3.176625987693297e-22, 3.260300165493922e+33, 2.2879000027031288e-41, 3.832334240306713e-23, 55999, 53489, 63, 0, 0.0, 0.0, 0.0, -8.301321940962225e-08, -0.9840964078903198, 8.828180325246348e-44, 1.0104941936137355e+24, 1.2003489287395479e-21, 2.704506036146897e-43, -2.4916386155240966e+24, -2.491639480215225e+24, -6.162896676664115e+17, -1752097280229376.0)
(0.0, 0.0, 0.0, -0.39677098393440247, 1.4349007606506348, 0.0, 3.8503780364990234, -10.040525436401367, 0.0, 1.3636631300555703e-36, 1.3636631300555703e-36, -0.44754624366760254, 5580, 16341, 0, 44288, -6725327153790976.0, 5.861938360634397e-39, 0.0, 0.0, 0.0, -512.0, -5.297279254107929e-15, 5.853625858144022e-39, 1.504632769052528e-36, -3.5504071367379963e+21, 1.7735559237099405e-38, -2.4178516392292583e+24, -2.491639480215225e+24)
(-2.408326464339482e+32, 1.909582379848341e-24, 2.2891611713210212e-41, 0.0, 0.0, 0.0, -1.146690919995308e-08, -3.276851116586957e-20, 2.285938184853074e-41, 9.654426971338195e+33, 4.48868114343075e-28, 6.927459088236166e-41, 0, 1000, 1000, 1000, -1.74548880647113e-34, 9.724868571920766e+22, 2.2893013011674536e-41, -2.3958596344313536e+32, 7.530997715774712e-30, 7.234283169812186e-33, 1.933303794832142e-10, -5214010880.0, 8.828180325246348e-44, 0.0, 0.0, 0.0, -529715429376.0)
(7.023825262589012e-38, 3.972010267729507e-23, 2.146202405128861e-06, -422393824.0, 8.828180325246348e-44, 0.0, 0.0, 0.0, -212.46875, -0.9840964078903198, 8.828180325246348e-44, -8.427119001044979e-34, 3904, 6743, 193, 0, -2.4916386155240966e+24, -2.491639480215225e+24, -1.5296510348195403e+37, -7987.0927734375, 8.828180325246348e-44, 2.1461746655404568e-06, 9.722266152217806e-27, 8.98973007579934e-16, -2.024578025157667e-20, 5.8595547519465804e-39, 0.0, 0.0, 0.0)
(8.828180325246348e-44, 0.031005382537841797, 1.161663568600744e-22, -168.0478515625, nan, 5.8586705326155915e-39, 0.0, 0.0, 0.0, -4.547473508864641e-13, -6556664987648.0, 5.8515225091490706e-39, 0, 37376, 36456, 65344, 1.77331083660853e-38, -2.4178516392292583e+24, -2.491639480215225e+24, 580130023931904.0, 2.9412871699947435e-31, 5.8609308270385474e-39, -128.0, 2.024850251589728e-20, 3.5438017634595273e+21, 0.46646660566329956, -49001212.0, 8.828180325246348e-44, 0.0)
(-100156784.0, 5.8595463441557945e-39, -128.0, -5.0628381029003666e-21, -9.073343082036227e+23, 7129.04052734375, -351360992.0, 8.828180325246348e-44, 0.0, 0.0, 0.0, -0.0040090084075927734, 60862, 49019, 63, 0, -1.1666858357766154e-26, 3.9220195210769275e-23, 2.704506036146897e-43, -2.4916386155240966e+24, -2.491639480215225e+24, -1.1482731412730543e+24, -52425167732736.0, 8.828180325246348e-44, 7129.0, 2.3045541378941745e-17, -9.636607956053922e-09, 3.164420984203207e-22, 5.8594300363832555e-39)
(1.3636631300555703e-36, -0.5560798645019531, 1.6092476844787598, 0.0, -0.797762930393219, 2.6574859619140625, 218088352.0, -48216828.0, 8.828180325246348e-44, 0.0, 0.0, 0.0, 30720, 50004, 42942, 48519, 8.828180325246348e-44, -2.6054977605069952e-23, 8.786017217989541e-24, 2.704506036146897e-43, -2.4916386155240966e+24, -2.491639480215225e+24, -1.1419999695827523e+29, -466917.9375, 8.828180325246348e-44, 218087424.0, 5.244380776002477e-13, 1.1513538706626135e+31, -4.332505046735303e-30)
(-580130023931904.0, 6563480731648.0, 5.860622541376396e-39, 6.776263578034403e-21, 1.8866197581996926e-29, 48.04791259765625, -0.8300195336341858, 1.5966291427612305, 0.0, 0.0, 0.0, 0.0, 21624, 48835, 34727, 16317, 0.0, 4.980117321014404, -9.579774856567383, 0.0, 1.3636631300555703e-36, 1.3636631300555703e-36, -0.5665361881256104, 1.5377469062805176, 0.0, -0.8300195336341858, 2.7812137603759766, 15697804525568.0, -40777468.0)
(0.5781846046447754, -6.158660648218977e+29, 2.2883203922424263e-41, 1.1636636369282575e+29, -1.2586737956221798e-18, -2.614312230625876e+26, 2.9483234440798955e-31, 5.858457535249014e-39, 0.0, 0.0, 0.0, 4.0389678347315804e-28, 42000, 60862, 49019, 63, 1.5845632502852868e+29, 789065.125, 1.7732948618060368e-38, -2.4178516392292583e+24, -2.491639480215225e+24, -3.14489116135519e-05, -4.494891229312135e-36, 5.856679287497786e-39, -1.5474250491067253e+26, -0.02335902489721775, -5.784441937325912e-34, -0.8608627319335938, 1.5830223560333252)
(-9.87417532950307e+23, -300229.9375, 8.828180325246348e-44, 1.2727172546949022e+20, 0.16905497014522552, -3.3456291653689016e+18, 0.016448678448796272, 2.2886006519352912e-41, 0.0, 0.0, 0.0, 2.5153490401663703e-16, 48843, 25722, 16323, 0, 4.0376233428535467e+23, 1.297465693911315e-11, 6.927038698696868e-41, 1.3635734469538535e-36, 1.3636631300555703e-36, 8.012456315826312e-32, -32079402.0, 2.2883203922424263e-41, -3.332663724254167e+18, 7.765057657234403e-23, 4.639507157203966e-29, 2.1758103999069967e-11, 5.858763018314237e-39)
(-0.37928128242492676, 1.588691234588623, 0.0, -0.9027493000030518, 3.066946506500244, 1.8469551743374437e+24, -7558239.5, 8.828180325246348e-44, 0.0, 0.0, 0.0, -212.46875, 42942, 48519, 63, 0, -2.3949731087213877e-11, 2.235884240886018e-24, 2.704506036146897e-43, -2.4916386155240966e+24, -2.491639480215225e+24, -59502489501696.0, -0.15947243571281433, 8.828180325246348e-44, 1.8469249101479477e+24, 2508.171630859375, 7.068976796486237e+24, -2844655.75, 8.828180325246348e-44)
(8.828180325246348e-44, 2.2687759740980294e+27, 2774319.75, 9.061239028398412e+27, -27552126.0, 8.828180325246348e-44, 0.0, 0.0, 0.0, -2.811451232223232e+16, -0.9840964078903198, 8.828180325246348e-44, 44032, 45679, 42816, 6365, 2.704506036146897e-43, -2.4916386155240966e+24, -2.491639480215225e+24, 6.929136591282228e-32, -189795312.0, 8.828180325246348e-44, 9.061201249466549e+27, 8185311.5, 3.0562400298495085e+28, -59293436.0, 8.828180325246348e-44, 0.0, 0.0)
(6445694464.0, 7.4789219018396785e+31, -3895279.75, 8.828180325246348e-44, 0.0, 0.0, 0.0, -212.46875, -0.0662379115819931, 8.828180325246348e-44, -1.2456905096769333e-05, 1.3590937437254515e-24, 193, 0, 59392, 59395, -2.491639480215225e+24, 3.257256703687863e-28, -1.9913557767868042, 8.828180325246348e-44, 7.478890953338696e+31, 17457608704.0, 2.6429648456731083e+32, -584219.9375, 8.828180325246348e-44, 0.0, 0.0, 0.0, -212.46875)
(-244862.984375, 8.828180325246348e-44, 0.0, 0.0, 0.0, -0.0040090084075927734, -15.012876510620117, 8.828180325246348e-44, -0.00416111946105957, 1.7071975508159483e-25, 2.704506036146897e-43, -2.4916386155240966e+24, 59395, 59395, 53251, 2921, -2.8608741080930714e+17, 8.828180325246348e-44, 1.806047163157163e+35, 27171437412352.0, 3.640210816627388e+35, -422533.96875, 8.828180325246348e-44, 0.0, 0.0, 0.0, -3.1240269160633105e-17, -0.0662379115819931, 8.828180325246348e-44)
(0.0, 0.0, 0.0, -212.46875, -0.004497735761106014, 8.828180325246348e-44, -0.48548126220703125, 4.372466671022815e-25, 2.704506036146897e-43, -2.4916386155240966e+24, -2.491639480215225e+24, -54944.01171875, 18622, 52216, 63, 0, 1.0683929630964188e+38, 3.638146107860582e+16, 3.2771311430064028e+38, -483125.96875, 8.828180325246348e-44, 0.0, 0.0, 0.0, -2.811451232223232e+16, -0.0662379115819931, 8.828180325246348e-44, -1.194580078125, 2.8583428267597098e-25)
(7.892298396891656e-23, 5.852224559679697e-39, -8589934592.0, -2.4435748726768217e+32, 1.7732756640170755e-38, -2.4178516392292583e+24, -2.491639480215225e+24, 3.969410701389143e-34, -9.103919001063332e-05, 5.8598826557872324e-39, 4.76837158203125e-07, 1.20859412914438e-27, 24574, 50320, 49026, 27321, 2.2883203922424263e-41, 0.0, 0.0, 0.0, 4260607557632.0, 2.237516741401322e+29, 2.287059223624534e-41, 1.4988010832439613e-15, -9345110016.0, 6.926758439004003e-41, 1.3635734469538535e-36, 1.3636631300555703e-36, 2.5356034319113625e+30)
(-9.502876281738281, 0.0, 1.3636631300555703e-36, 1.3636631300555703e-36, -0.4974019527435303, 1.6736202239990234, 0.0, -1.0381675958633423, 1.2108525069318374e-20, 25102980.0, 5.858418298892013e-39, 0.0, 0, 0, 0, 0, -1.0097419586828951e-28, 7.891035588354578e-23, 5.852224559679697e-39, 7.275957614183426e-12, 1.5640237205354755e+34, 1.7732919190792617e-38, -2.4178516392292583e+24, -2.491639480215225e+24, -1.0161691395556206e-31, -2.821241931149396e+22, 5.8593305441922885e-39, 6.776263578034403e-21, -24514.62890625)
(2.48117556195592e-35, -364.0995788574219, 8.828180325246348e-44, -1.0240319037188358e-34, 1.2741755274600041e+25, -1.0571798086166382, 1.5742415189743042, 0.0, 0.0, 0.0, 0.0, -0.320435106754303, 37729, 16315, 0, 0, 6.34307861328125, -9.445448875427246, 0.0, 1.3636631300555703e-36, 1.3636631300555703e-36, -0.636162281036377, 1.5110077857971191, 0.0, -1.0571798086166382, -7.065390749438308e+25, -4.3128584117682176e+17, 5.8579026210571415e-39, 0.0)
(75178109304832.0, -2.8945102898289303e-33, -1110391.875, 8.828180325246348e-44, 0.0, 0.0, 0.0, -529715429376.0, -15.012876510620117, 8.828180325246348e-44, -707559424.0, 5.352673677414236e-25, 193, 0, 59392, 59395, -2.491639480215225e+24, -6.144246002319336e+28, -16295065600.0, 8.828180325246348e-44, -2.894490269690768e-33, 9.461619557986222e+27, -1.0765353441238403, 1.5803066492080688, 0.0, 0.0, 0.0, 0.0, -0.3815038204193115)
(0.0, 0.0, 0.0, -1.7341460211122178e+33, -2.5239521342860165e-34, 2.286498704238804e-41, -1.126525435749696e+29, 7.369237664534012e-08, 6.926898568850436e-41, 1.3635734469538535e-36, 1.3636631300555703e-36, 3.929502340079492e-24, 48858, 43168, 16331, 0, 4079616.0, 5.895204978475718e-14, -4.984463977218306e-32, -10611391.0, 8.828180325246348e-44, 0.0, 0.0, 0.0, -212.46875, -0.9840964078903198, 8.828180325246348e-44, -52103741440.0, 2.8103264411807172e-24)
(-9.877945161880708e-31, -12156095.0, 8.828180325246348e-44, 0.0, 0.0, 0.0, -212.46875, -0.004497735761106014, 8.828180325246348e-44, -4130282143744.0, 3.0387805593327222e-24, 2.704506036146897e-43, 59392, 59395, 59395, 59395, 1.618166903511444e-30, -352491488.0, 8.828180325246348e-44, -9.877853943519084e-31, 2.1290487389017492e+33, -433399529472.0, -0.00036536104744300246, 5.858384667728869e-39, 0.0, 0.0, 0.0, -1.0097419586828951e-28, 7.891035588354578e-23)
(5.214420817097267e-37, -6.598723888397217, 8.828180325246348e-44, -2.2257972367283285e-29, -10216383.0, 8.828180325246348e-44, 0.0, 0.0, 0.0, -212.46875, -0.9840964078903198, 8.828180325246348e-44, 38400, 55250, 59968, 6228, 2.704506036146897e-43, -2.4916386155240966e+24, -2.491639480215225e+24, -7.702246903896781e+33, -121939440.0, 8.828180325246348e-44, -2.2257972367283285e-29, 8.277808333232722e+35, 3.2281745596745083e-31, -2.1267777578111435e-14, 5.858384667728869e-39, 0.0, 0.0)
(-9.585695266723633, 0.0, 1.3636631300555703e-36, 1.3636631300555703e-36, -0.5676963329315186, 1.6328949928283691, 0.0, -1.1399433612823486, 1.5934101343154907, 0.0, 0.0, 0.0, 0, 0, 57644, 48811, 1.4654351472854614, 0.0, 6.839660167694092, -9.560461044311523, 0.0, 1.3636631300555703e-36, 1.3636631300555703e-36, -0.5384764671325684, 1.559041976928711, 0.0, -1.1399433612823486, 3.9893200397491455, 5.937830975384552e-25)
(2.285657925160209e-41, 2.789435349370706e-15, 20650666229760.0, 6.926758439004003e-41, 1.3635734469538535e-36, 1.3636631300555703e-36, 6.583485829418544e-36, 1.310246431537234e+17, 2.2866388340852365e-41, -2.959755629291302e-24, 0.018157755956053734, 2.2883203922424263e-41, 0, 0, 0, 0, 0.0, 4260607557632.0, 2.4688869255782765e+36, 2.286778963931669e-41, 2.2431240793630815e+22, -1.3599979649392413e-11, 6.926758439004003e-41, 1.3635734469538535e-36, 1.3636631300555703e-36, -1.873950312553136e+25, -3.393231339416673e-38, 2.2890210414745887e-41, -2.959755629291302e-24)
(0.0, -10850560.0, -3468.04638671875, 8.828180325246348e-44, -4.1171907793421074e+19, 1.462516563843547e-24, 2.704506036146897e-43, -2.4916386155240966e+24, -2.491639480215225e+24, 6.697619891057841e-25, -2649538304.0, 8.828180325246348e-44, 15104, 39926, 49045, 15033, 2.2883203922424263e-41, 0.0, 0.0, 0.0, 2.5153490401663703e-16, 2.4688881932288767e+36, 2.286778963931669e-41, 3.6418890315890704e+25, -1.9789100913492064e-12, 6.926758439004003e-41, 1.3635734469538535e-36, 1.3636631300555703e-36, 5.000476837158203)
(2.2881802623959938e-41, 0.0, 0.0, 0.0, -6.523993647063696e-37, 2.2375152302440475e+29, 2.287059223624534e-41, -249856.0, 2.151642850434926e-13, 6.926758439004003e-41, 1.3635734469538535e-36, 1.3636631300555703e-36, 1000, 13024, 48909, 4260, 2.2879000027031288e-41, -6.168994353115365e-34, -411439235072.0, 5.8579194366387134e-39, 0.0, 0.0, 0.0, 1.0384593717069655e+34, 3.5532377751223976e-07, 5.855028557906811e-39, 33554432.0, -3.4747431665511956e+18, 1.7732545044102642e-38)
(-6.938893903907228e-18, -3.169691584792042e-22, -1.80958192672892e+24, 5.857096874440155e-39, 0.0, 0.0, 0.0, -4.547473508864641e-13, 7.892298396891656e-23, 5.852224559679697e-39, 2.4178516392292583e+24, -1.0964834942783774e-11, 5479, 193, 0, 59392, -2.491639480215225e+24, 34578444.0, -3.5601431136456085e-07, 5.850632684624224e-39, -1.0587911840678754e-22, -7.036248788423341e-24, -13239.6865234375, 8.828180325246348e-44, 0.0, 0.0, 0.0, -8.301321940962225e-08, -0.004497735761106014)
(1.3636631300555703e-36, -0.6005978584289551, 1.4559149742126465, 0.0, -1.20343017578125, -1.2047408819198608, 1.563110589981079, 0.0, 0.0, 0.0, 0.0, -0.3815038204193115, 28724, 16321, 0, 0, 7.228445053100586, -9.378664016723633, 0.0, 1.3636631300555703e-36, 1.3636631300555703e-36, -0.5483393669128418, 1.6234135627746582, 0.0, 6.944974223065128e+33, -5796475904.0, 2.2880401325495613e-41, 0.0, 0.0)
(3314221580288.0, 1.7732574471370393e-38, -2.4178516392292583e+24, -2.491639480215225e+24, -3.14489116135519e-05, -3.0971316217058536e+34, 5.852106850608694e-39, 1.5474250491067253e+26, 25114538.0, 1.4969459772109985, 5.857808734060032e-39, 0.0, 0, 0, 0, 0, 2.305843009213694e+18, 4.3979912716398205e+20, 5.85292520891186e-39, -1.5845632502852868e+29, 1.754539152853951e-10, 1.7732462367493247e-38, -2.4178516392292583e+24, -2.491639480215225e+24, 3.969410701389143e-34, -1678984857255936.0, 5.857822747044675e-39, 8388608.0, -4.176352568323506e-22)
(-212.46875, -0.9840964078903198, 8.828180325246348e-44, -8.429424171922317e+26, 2.28950153889208e-24, 2.704506036146897e-43, -2.4916386155240966e+24, -2.491639480215225e+24, 8.657133942777724e-29, -6252127.5, 8.828180325246348e-44, -3.2321048459743865e-21, 4031, 40361, 38335, 51939, 8.828180325246348e-44, 0.0, 0.0, 0.0, -2.811451232223232e+16, -3468.04638671875, 8.828180325246348e-44, -1.2262663493397265e+27, 2.2060968531048728e-24, 2.704506036146897e-43, -2.4916386155240966e+24, -2.491639480215225e+24, 2.7282409590287223e-19)
(0.0, 0.0, 0.0, -529715429376.0, -0.004497735761106014, 8.828180325246348e-44, -2.7530263227174143e+28, 1.3616685857200929e-24, 2.704506036146897e-43, -2.4916386155240966e+24, -2.491639480215225e+24, 2.814134336826333e-35, 31935, 53596, 63, 0, -3.41509787698643e-20, -1.2437411546707153, 1.584187388420105, 0.0, 0.0, 0.0, 0.0, -0.3815038204193115, 1.4654351472854614, 0.0, 7.462447166442871, -9.50512409210205, 0.0)
(-2.629495239429439e-19, -5106399.5, 8.828180325246348e-44, 0.0, 0.0, 0.0, -529715429376.0, -0.004497735761106014, 8.828180325246348e-44, -5.76435173605369e+29, 1.582473908535075e-24, 2.704506036146897e-43, 59392, 59395, 59395, 59395, -5.002528097338969e+21, -229683200000.0, 8.828180325246348e-44, -2.6294417311835644e-19, -1.2558363676071167, 1.5812740325927734, 0.0, 0.0, 0.0, 0.0, -0.39677098393440247, 1.4959694147109985, 0.0)
(0.0, -1.2647134065628052, 4.468343734741211, -1.1503094168229721e+21, -27.593568801879883, 2.2881802623959938e-41, 0.0, 0.0, 0.0, -1.9830249879237768e+20, -2.849299915447191e-27, 2.286218444545939e-41, 0, 54198, 16626, 20837, 6.926758439004003e-41, 1.3635734469538535e-36, 1.3636631300555703e-36, -0.0008240328170359135, -4.945139835399459e-07, 2.2876197430102639e-41, -1.1483098185884196e+21, -1.6759242727116642e-18, -1631991.875, 8.828180325246348e-44, 0.0, 0.0, 0.0)
(1.3636631300555703e-36, 1.5959665493320476e+26, -1.827471854398688e-11, 2.2887407817817237e-41, 432013312.0, 3.520719089530888e-12, -3.1031995604280382e-06, -1.2770050764083862, 1.5757341384887695, 0.0, 0.0, 0.0, 0, 0, 33630, 48827, 1.48070228099823, 0.0, 7.662030220031738, -9.454404830932617, 0.0, 1.3636631300555703e-36, 1.3636631300555703e-36, -0.50823974609375, 1.5742058753967285, 0.0, -3.501741467775946e-33, 6.117265846433337e-14, 2.2883203922424263e-41)
(1.7733123780368409e-38, -2.4178516392292583e+24, -2.491639480215225e+24, 3.801940124840126e+19, -9.093213157029822e-05, 5.863500808422119e-39, 9.4039548065783e-38, 1.889747588799999e-29, 2.4305497824639353e-27, -8.127537224022658e-17, -57652988.0, 8.828180325246348e-44, 0, 0, 0, 0, 0.0, -0.0040090084075927734, -2.0364645024528727e-05, 8.828180325246348e-44, -3.105427057909105e+33, 1.0181884501672775e-23, 2.704506036146897e-43, -2.4916386155240966e+24, -2.491639480215225e+24, 4.658264783315167e-36, -125159596032.0, 8.828180325246348e-44, -1.8479683002384405e-29)
(5.855729207138974e-39, -8388608.0, -212175394177024.0, 1.7733113971279158e-38, -2.4178516392292583e+24, -2.491639480215225e+24, -7.322270333196945e-15, 8.287260506350727e-17, 5.857856378207819e-39, 7.450580596923828e-09, 26339937615872.0, -4.5912795030744746e-05, 62670, 42526, 37823, 52203, 8.828180325246348e-44, 0.0, 0.0, 0.0, -529715429376.0, -0.0003034676774404943, 8.828180325246348e-44, -5.660566990259136e+34, 6.221449347777757e-24, 2.704506036146897e-43, -2.4916386155240966e+24, -2.491639480215225e+24, 6.318593218494797e-30)
(-2.491639480215225e+24, nan, -8.045397500102076e+19, 8.828180325246348e-44, 0.1112213134765625, -8.924514105501657e-08, 5.859708894777656e-39, 0.0, 0.0, 0.0, -512.0, 3.5549439303395047e-07, 49520, 63, 0, 56320, -3.62952620997316e-35, 1.7733887488031466e-38, -2.4178516392292583e+24, -2.491639480215225e+24, 1.8745012052984178e-12, -3.0996510772738072e+34, 5.857172544557228e-39, 0.03125, -2.2846756110084243e-05, 1.9902418659727256e+36, 5.85970048698687e-39, 0.0, 0.0)
(8.480095696767384e-23, 2.704506036146897e-43, -2.4916386155240966e+24, -2.491639480215225e+24, 1.279011872947584e-14, -277501411328.0, 8.828180325246348e-44, 5.706738433048945e-23, 5.353840534208748e+19, 2.2888809116281562e-41, 0.0, 0.0, 0, 0, 0, 33630, 142338992.0, 2.2879000027031288e-41, 5.717648576819556e-15, -175363.9375, 6.927178828543301e-41, 1.3635734469538535e-36, 1.3636631300555703e-36, 8.669163477359465e-13, -1.8945971424660678e-32, 2.2887407817817237e-41, 5.66618719598824e-23, 4.88158839289099e-05, -105364716519424.0)
(5.856429856371136e-39, 137438953472.0, -49405.62109375, 1.7734289660690727e-38, -2.4178516392292583e+24, -2.491639480215225e+24, -1.704848914685879e-24, 4.934020856278466e-24, 5.859092323453353e-39, -1.4757395258967641e+20, -1.3216526508331299, 1.6245235204696655, 0, 0, 0, 0, 0.0, 0.0, -0.39677098393440247, 1.5265038013458252, 0.0, 7.929915904998779, -9.747140884399414, 0.0, 1.3636631300555703e-36, 1.3636631300555703e-36, -0.5444309711456299, 1.585536003112793, 0.0)
(0.0, 0.0, -0.3662366271018982, 1.4349007606506348, 0.0, 7.9643096923828125, -9.71550464630127, 0.0, 1.3636631300555703e-36, 1.3636631300555703e-36, -0.3358166217803955, 1.562462329864502, 0, 0, 5824, 43509, -2598485760.0, 8.828180325246348e-44, 0.0, 0.0, 0.0, -212.46875, -0.0003034676774404943, 8.828180325246348e-44, -1.592607253934095e+38, 1.75495575799788e-22, 2.704506036146897e-43, -2.4916386155240966e+24, -2.491639480215225e+24)
(3.031406510259013e-16, 2.2887407817817237e-41, 0.0, 0.0, 0.0, -6.523993647063696e-37, 2.4688856579276763e+36, 2.286778963931669e-41, 1.7470054537119944e-20, -2.187104549506908e+17, 6.927038698696868e-41, 1.3635734469538535e-36, 1000, 1000, 1000, 19492, -0.21557244658470154, 2.2884605220888588e-41, 5.452606576887634e-26, -0.02339690551161766, 5.859355767564646e-39, 0.0, 0.0, 0.0, 1.0384593717069655e+34, -5.2947368847167456e-15, 5.853625858144022e-39, -2.524354896707238e-29, -5.947289535781917e-31)
(-4.253529586511731e+37, 95.8351821899414, -8.881850003362436e+20, -1.477142193284653e-12, -6040288768.0, 8.828180325246348e-44, 0.0, 0.0, 0.0, -7.071153512286935e+25, -0.0003034676774404943, 8.828180325246348e-44, 59904, 219, 577, 7111, 2.704506036146897e-43, -2.4916386155240966e+24, -2.491639480215225e+24, -2197374390763520.0, -7268258021376.0, 8.828180325246348e-44, -1.6353585152728556e-12, -3604856576.0, 8.828180325246348e-44, 0.0, 0.0, 0.0, -212.46875)
(809307666907136.0, 0.12572865188121796, 2.290562469785346e-41, -2.2466758580694416e-27, -6.905940702849904e+20, -5.253009818273512e-17, -1.3495817184448242, 1.6126641035079956, 0.0, 0.0, 0.0, 0.0, 39133, 48866, 37729, 16315, 0.0, 8.097490310668945, -9.675984382629395, 0.0, 1.3636631300555703e-36, 1.3636631300555703e-36, -0.4274475574493408, 1.7158222198486328, 0.0, -1.3505460023880005, 1.6176717281341553, 0.0, 0.0)
(5.563078476583823e+19, 1.7733601623144743e-38, -2.4178516392292583e+24, -2.491639480215225e+24, 1.1172897847285377e-19, -1.845639393446939e+27, 5.854420394373294e-39, 524288.0, -401976672.0, 1.4837383569666618e-31, -1.8115411948294025e-11, -140200944.0, 63, 0, 0, 0, 0.0, 0.0, -2.811451232223232e+16, -0.004497735761106014, 8.828180325246348e-44, 1.3482024807844097e-37, 2.029470423109345e-23, 2.704506036146897e-43, -2.4916386155240966e+24, -2.491639480215225e+24, 4.549835081399081e-26, -3183525632.0, 8.828180325246348e-44)
(-0.3662366271018982, 1.4959694147109985, 0.0, 8.166741371154785, -9.533945083618164, 0.0, 1.3636631300555703e-36, 1.3636631300555703e-36, -0.5635457038879395, 1.6082468032836914, 0.0, -1.3611235618591309, 22731, 16538, 54603, 22442, 5.848005413255919e-10, 2.2886006519352912e-41, 0.0, 0.0, 0.0, 2.5153490401663703e-16, 1.8501736402859466e+22, 2.287339483317399e-41, -24.0, 3.3014809802575765e-17, 6.927038698696868e-41, 1.3635734469538535e-36, 1.3636631300555703e-36)
(0.0, 0.0, 0.0, 2.305843009213694e+18, 4.3979912716398205e+20, 5.85292520891186e-39, 6.490371073168535e+32, 12952842240.0, 1.7733696911440317e-38, -2.4178516392292583e+24, -2.491639480215225e+24, 1.704848914685879e-24, 10757, 191, 50868, 63, -2.535301200456459e+30, -7.742022055985335e-26, -4.379356599581996e-11, -1.357187695560924e-10, -312063968.0, 8.828180325246348e-44, 0.0, 0.0, 0.0, -2.811451232223232e+16, -0.004497735761106014, 8.828180325246348e-44, 6.110159942501748e-37)
(-1.0441328818689457e-17, -7.071972658512359e+21, 5.859764946716229e-39, 0.0, 0.0, 0.0, -1.0097419586828951e-28, -5.2955843411804735e-15, 5.853625858144022e-39, -0.00048828125, -1.71431445428194e-13, 1.7733929526985395e-38, 0, 59392, 59395, 59395, 7.322270333196945e-15, -2.1215437718234698e-14, 5.860687001105755e-39, -6.938893903907228e-18, -9.140310430666432e-05, -1.7517680361844867e-10, -3.8642666844168616e-10, -272340960.0, 8.828180325246348e-44, 0.0, 0.0, 0.0, -2.811451232223232e+16)
(1.6031705141067505, 0.0, 0.0, 0.0, 0.0, -0.3815038204193115, 1.4501678943634033, 0.0, 8.276479721069336, -9.619023323059082, 0.0, 1.3636631300555703e-36, 1000, 1000, 9288, 48921, 1.5425033569335938, 0.0, -1.3794132471084595, 4.886776924133301, -1.8139560220651468e-13, 1.0682233166616164e-36, 2.2887407817817237e-41, 0.0, 0.0, 0.0, -1.7341460211122178e+33, 2.468889302423152e+36, 2.286778963931669e-41)
(2.1065647004547827e-09, 4.417596725483169e-26, 2.2886006519352912e-41, 0.0, 0.0, 0.0, 4260607557632.0, 1695404383010816.0, 2.2876197430102639e-41, -3.010508632829399e+22, 2.608249608790961e-29, 6.927038698696868e-41, 0, 1000, 1000, 1000, 8.874158664507413e+30, 172344119132160.0, 2.2888809116281562e-41, 2.0954757928848267e-09, -8.413954454903073e+31, -42009200.0, -1.3844140768051147, 1.5877916812896729, 0.0, 0.0, 0.0, 0.0, -0.39677098393440247)
(7.148068855516131e+21, 1959955.625, -1.3863370418548584, 1.5840764045715332, 0.0, 0.0, 0.0, 0.0, -0.3662366271018982, 1.4959694147109985, 0.0, 8.318021774291992, 4675, 49432, 0, 0, 1.3636631300555703e-36, 1.3636631300555703e-36, -0.5095014572143555, 1.5918025970458984, 0.0, -1.3863370418548584, 4.92120361328125, 1.6754031638174807e+25, -9.639804187567961e-28, 2.2884605220888588e-41, 0.0, 0.0, 0.0)
(0.0, -1.3893076181411743, 4.935709476470947, -1.222557886079482e+20, 2.633687689802547e+19, 2.2886006519352912e-41, 0.0, 0.0, 0.0, -6.523993647063696e-37, -2.849302996935102e-27, 2.286218444545939e-41, 0, 26783, 16645, 18376, 6.927038698696868e-41, 1.3635734469538535e-36, 1.3636631300555703e-36, -2359546.0, -1.0980452813649075e-22, 2.2880401325495613e-41, -1.2220967948832578e+20, 1.1265847170728347e-34, 4.198158097382557e-20, -1.3903295993804932, 1.592592716217041, 0.0, 0.0)
(8.828180325246348e-44, -1.5015757526271045e-08, -1.2768307428786684e-20, 1.9328974093003213e+38, 1.5189503623507573e-37, 2.2886006519352912e-41, 0.0, 0.0, 0.0, 4260607557632.0, 2.237516741401322e+29, 2.287059223624534e-41, 0, 57165, 16645, 442, 6.927038698696868e-41, 1.3635734469538535e-36, 1.3636631300555703e-36, 6.500472739787711e-34, 7.668110346880576e-38, 2.2883203922424263e-41, 1.927380593888128e+38, -1.239770454030464e-37, -3.0383440775322616e+34, 1.1537379707694824e-33, 5.859018054634744e-39, 0.0, 0.0)
(0.0, -1.3983991146087646, 4.962917804718018, -2.9320540662070016e-08, -21589886.0, 8.828180325246348e-44, 0.0, 0.0, 0.0, -10850560.0, -0.0003034676774404943, 8.828180325246348e-44, 58624, 1596, 35137, 6331, 2.704506036146897e-43, -2.4916386155240966e+24, -2.491639480215225e+24, -9.50390911102295, -4537732562944.0, 8.828180325246348e-44, -2.932029019575566e-08, -2.3993095834549418e-20, 3.7957558943984256e-32, -5.589448015764648e-36, 2.2884605220888588e-41, 0.0, 0.0)
(6.018531076210112e-36, 2.285246955580078e-05, -1.6002381302522889e+37, -1.4020179510116577, 1.5808159112930298, 0.0, 0.0, 0.0, 0.0, -0.42730534076690674, 1.4501678943634033, 0.0, 38910, 16646, 49698, 49431, 0.0, 1.3636631300555703e-36, 1.3636631300555703e-36, -0.6070456504821777, 1.574033260345459, 0.0, -1.4020179510116577, 4.975044250488281, -6.428032151006846e-08, -6142559.5, 8.828180325246348e-44, 0.0, 0.0)
(-2.2879476091475226e-12, -3.018872559560739e-32, 27936.310546875, 1.1316116421060329e+23, 5.859040475410173e-39, 0.0, 0.0, 0.0, -4.547473508864641e-13, -5.963252067565918, 5.856429856371136e-39, -4.056481920730334e+31, 1759, 35905, 6519, 193, -2.4178516392292583e+24, -2.491639480215225e+24, -1.070151008094683e+34, 3.101574588506849e+34, 5.8618248554587866e-39, 8192.0, -1.8903322890940528e-29, -12623776.0, -1.4065332412719727, 1.6012245416641235, 0.0, 0.0, 0.0)
(-1.0594818152558718e-19, -1.7961519915843382e-07, -159468528.0, 8.828180325246348e-44, 0.0, 0.0, 0.0, -2.811451232223232e+16, -0.9840964078903198, 8.828180325246348e-44, 1.3289257509633666e-34, 2.1719652083186753e-23, 193, 0, 59392, 59395, -2.491639480215225e+24, -2.2049629053261762e+20, -62928.7421875, 8.828180325246348e-44, -1.7961428966373205e-07, -1.1391847385549335e-19, -1.984562914003618e-07, -251894768.0, 8.828180325246348e-44, 0.0, 0.0, 0.0, -529715429376.0)
(-363780064.0, 8.828180325246348e-44, 0.0, 0.0, 0.0, -10850560.0, -0.0662379115819931, 8.828180325246348e-44, 1.6725815244262623e-34, 4.013785185826391e-23, 2.704506036146897e-43, -2.4916386155240966e+24, 59395, 59395, 13315, 168, -564.7616577148438, 8.828180325246348e-44, -2.3633765522390604e-07, -2.0931555954000892e-19, -2.5198278308380395e-07, -227556336.0, 8.828180325246348e-44, 0.0, 0.0, 0.0, -8.301321940962225e-08, -0.0662379115819931, 8.828180325246348e-44)
(0.0, 0.0, 0.0, -1.409914913743117e+21, -228.47946166992188, 8.828180325246348e-44, 2.3861359827341614e-34, 4.950544435406839e-25, 2.704506036146897e-43, -2.4916386155240966e+24, -2.491639480215225e+24, -30295463936.0, 20670, 48963, 63, 0, -3.9385486161336303e-07, -3.4128642308385955e-19, -4.0312625060323626e-07, -969323.9375, 8.828180325246348e-44, 0.0, 0.0, 0.0, -2.811451232223232e+16, -0.004497735761106014, 8.828180325246348e-44, 2.4423246127034668e-34, 4.700885736122493e-25)
(0.0, -0.0040090084075927734, -0.0662379115819931, 8.828180325246348e-44, 3.061751360869271e-34, 7.872485228345466e-25, 2.704506036146897e-43, -2.4916386155240966e+24, -2.491639480215225e+24, 2.582300198371594e-38, -2278798655488.0, 8.828180325246348e-44, 20736, 46351, 42175, 41252, -5.000947567168623e-07, -2326127.75, 8.828180325246348e-44, 0.0, 0.0, 0.0, -0.0040090084075927734, -0.0003034676774404943, 8.828180325246348e-44, 2.959307028195109e-34, 8.949154639265378e-25, 2.704506036146897e-43, -2.4916386155240966e+24)
(8.828180325246348e-44, 3.68088423544737e-34, 1.0400406269382369e-24, 2.704506036146897e-43, -2.4916386155240966e+24, -2.491639480215225e+24, 4.771178742558144e-20, -875179212800.0, 8.828180325246348e-44, -7.382914191111922e-07, -8.03526504057673e-19, -1.4167499542236328, 24880, 16330, 0, 0, 0.0, 0.0, 0.0, -0.4120381772518158, 1.5417709350585938, 0.0, 8.500499725341797, -9.48654556274414, 0.0, 1.3636631300555703e-36, 1.3636631300555703e-36, -0.43661999702453613, 1.582104206085205)
(1.3635734469538535e-36, 1.3636631300555703e-36, -4.357926727603168e+29, -37054.93359375, 2.2891611713210212e-41, 2155042790440960.0, -57380448501760.0, -8.351435667464102e-07, -124790264.0, 8.828180325246348e-44, 0.0, 0.0, 0, 0, 24064, 48003, -0.004497735761106014, 8.828180325246348e-44, 4.096597812615672e-34, 1.8457781659857528e-23, 2.704506036146897e-43, -2.4916386155240966e+24, -2.491639480215225e+24, -1.8210631153885622e+23, -286704032284672.0, 8.828180325246348e-44, -8.351344149559736e-07, -1.5373316086444764e-18, -1.417341709136963)
(5.8608313348475803e-39, 1.0097419586828951e-28, 2.8169278398884683e-37, -2.200750755304266e+25, 12.29680347442627, 2.2886006519352912e-41, 0.0, 0.0, 0.0, 3.7325584680601676e+25, 1.8501771305756578e+22, 2.287339483317399e-41, 0, 28461, 16648, 12531, 6.927038698696868e-41, 1.3635734469538535e-36, 1.3636631300555703e-36, -0.20704615116119385, -2.726373379818855e+22, 2.2904223399389135e-41, -2.1911780480515154e+25, 0.0006818727706559002, -1.8770408587442944e-06, -102018552.0, 8.828180325246348e-44, 0.0, 0.0)
(402049696.0, 5.8586270923631974e-39, 0.0, 0.0, 0.0, -4.547473508864641e-13, 4.954075996331813e+35, 5.855729207138974e-39, 6.776263578034403e-21, 0.0007363669574260712, 1.7733076136220622e-38, -2.4178516392292583e+24, 59395, 59395, 59395, 22531, 1.390341064499978e-09, 5.8588905364744905e-39, 4.253529586511731e+37, -1646795554816.0, 5553721966592.0, 105855.421875, 2.2884605220888588e-41, 0.0, 0.0, 0.0, 4260607557632.0, -2.8493045376790576e-27, 2.286218444545939e-41)
(0.0, -6.523993647063696e-37, 1695403309268992.0, 2.2876197430102639e-41, -0.00078582763671875, -8.022977272048593e-05, 6.927038698696868e-41, 1.3635734469538535e-36, 1.3636631300555703e-36, -2474163306496.0, 2.138519630120803e+35, 2.2890210414745887e-41, 0, 19901, 49078, 50765, -3.4515765037212986e-06, -364099552.0, 8.828180325246348e-44, 0.0, 0.0, 0.0, -529715429376.0, -0.9840964078903198, 8.828180325246348e-44, 1.2381481997211154e-33, 4.01620856652723e-23, 2.704506036146897e-43, -2.4916386155240966e+24)
(-2.4949313710186256e-24, 1.773378239064664e-38, -2.4178516392292583e+24, -2.491639480215225e+24, 3.801940124840126e+19, 1.2639266243486453e-21, 5.859892464876483e-39, 1.0097419586828951e-28, -1.9358230613255642e-26, -7.431146514136344e-06, -602042304.0, 8.828180325246348e-44, 0, 0, 0, 0, 0.0, -2.811451232223232e+16, -2.0364645024528727e-05, 8.828180325246348e-44, 2.2510716818246806e-33, 5.775926583146621e-23, 2.704506036146897e-43, -2.4916386155240966e+24, -2.491639480215225e+24, -16305359872.0, -27046.37109375, 8.828180325246348e-44, -1.4297274351119995)
(-6555615887360.0, 5.8515225091490706e-39, -2.535301200456459e+30, -1.5593392559385945e-25, 1.773353576211692e-38, -2.4178516392292583e+24, -2.491639480215225e+24, -9.732966719590723e+21, 2.1213498012785485e-14, 5.863975848601525e-39, -2.4758800785707605e+27, -0.023402808234095573, 18000, 46928, 21951, 52533, 8.828180325246348e-44, 0.0, 0.0, 0.0, -212.46875, -0.9840964078903198, 8.828180325246348e-44, 3.0357846906596068e-33, 2.398834031595548e-23, 2.704506036146897e-43, -2.4916386155240966e+24, -2.491639480215225e+24, 1.2335010133852962e-23)
(0.0, 0.0, 0.0, -0.35096946358680725, 1.4501678943634033, 0.0, 8.597475051879883, -9.51681137084961, 0.0, 1.3636631300555703e-36, 1.3636631300555703e-36, -0.4614548683166504, 58780, 16336, 0, 0, -1.4329125881195068, 5.547041089405682e+25, -7.138684581615637e-14, 2.2884605220888588e-41, 0.0, 0.0, 0.0, -1.146690919995308e-08, -2.523945017035064e-34, 2.286498704238804e-41, -1.6664686622793874e-29, -0.7197423577308655, 6.926898568850436e-41)
(-1.4352068901062012, 1.6029430627822876, 0.0, 0.0, 0.0, 0.0, -0.39677098393440247, 1.5265038013458252, 0.0, 8.611241340637207, -9.617658615112305, 0.0, 1000, 1000, 1000, 1000, -0.5725936889648438, 1.5966758728027344, 0.0, -1.4352068901062012, -2.3584827431477606e-05, -256900080.0, 8.828180325246348e-44, 0.0, 0.0, 0.0, -1.409914913743117e+21, -0.0662379115819931, 8.828180325246348e-44)
(-4.124641418457031e-05, 4.418594819417548e-25, -3.493695809770611e+33, -1.4350035190582275, 1.6001150608062744, 0.0, 0.0, 0.0, 0.0, -0.3662366271018982, 1.5112366676330566, 0.0, 49830, 16649, 40046, 49433, 0.0, 1.3636631300555703e-36, 1.3636631300555703e-36, -0.4322514533996582, 1.5431137084960938, 0.0, -1.4350035190582275, -1.9238952518207952e-05, -158620656.0, 8.828180325246348e-44, 0.0, 0.0, 0.0)
(3.5873661076254614e-40, 1.1014874061906484e+20, 5.864275726472891e-39, -2.9103830456733704e-11, 1.760642818231341e-38, -4.592941695591435e-05, -1.9889706891262904e-05, -211348464.0, 8.828180325246348e-44, 0.0, 0.0, 0.0, 37120, 52005, 25022, 48019, 8.828180325246348e-44, 4.553206838249081e-33, 2.555626762939828e-23, 2.704506036146897e-43, -2.4916386155240966e+24, -2.491639480215225e+24, -6.433576197554851e+30, -11384584192.0, 8.828180325246348e-44, -1.988932490348816e-05, -3.6480959414084396e-15, -3.558134119483516e-32, 2.2887407817817237e-41)
(5.3522638641739735e-24, 2.704506036146897e-43, -2.4916386155240966e+24, -2.491639480215225e+24, -6.387965801731132e+27, -375592896.0, 8.828180325246348e-44, -2.2807158529758453e-05, -6.090632097134919e-17, 5.074968223439669e-12, -1.4360538721084595, 1.5903072357177734, 0, 0, 0, 0, 0.0, 0.0, -0.39677098393440247, 1.4501678943634033, 0.0, 8.616323471069336, -9.54184341430664, 0.0, 1.3636631300555703e-36, 1.3636631300555703e-36, -0.6488480567932129, 1.5976600646972656, 0.0)
(2.2887407817817237e-41, -1.6366119698101777e+37, -3.754007494097226e+36, -404989.71875, 2.2881802623959938e-41, 0.0, 0.0, 0.0, -1.146690919995308e-08, -3.276851116586957e-20, 2.285938184853074e-41, -1.387381720600506e+37, 16649, 22164, 49431, 0, 1.3635734469538535e-36, 1.3636631300555703e-36, -7.699763917443172e-28, 2.2602024877031424e+17, 2.2880401325495613e-41, 2.0266198323167232e+17, -6433007104.0, 5.858020330128145e-39, 0.0, 0.0, 0.0, 2.305843009213694e+18, 7.888509971280422e-23)
(1.3636631300555703e-36, -0.4707491397857666, 1.5896425247192383, 0.0, -1.4375863075256348, -1.4377466440200806, 1.5938167572021484, 0.0, 0.0, 0.0, 0.0, -0.3815038204193115, 43732, 16311, 0, 0, 8.626480102539062, -9.56290054321289, 0.0, 1.3636631300555703e-36, 1.3636631300555703e-36, -0.46274685859680176, 1.6345744132995605, 0.0, 3.5250598226816044e-32, 2.4996311187932374e+31, 2.2886006519352912e-41, 0.0, 0.0)
(2.3724999613130982e-23, 2.704506036146897e-43, -2.4916386155240966e+24, -2.491639480215225e+24, -3.5473779743413544e+37, -2749743.5, 8.828180325246348e-44, -4.5612454414367676e-05, -4.439032272784971e-05, -153963504.0, 8.828180325246348e-44, 0.0, 0, 0, 0, 0, -6.318755151110152e-22, -15.012876510620117, 8.828180325246348e-44, 8.264007404924879e-33, 2.131252412544581e-23, 2.704506036146897e-43, -2.4916386155240966e+24, -2.491639480215225e+24, 1.311614651309005e-23, -6250.59326171875, 8.828180325246348e-44, 2.349967332846818e-27, -6135.03466796875)
(-6557714087936.0, 5.8515225091490706e-39, -1.0097419586828951e-28, -1.0715905295272457e-14, 1.77333676063012e-38, -2.4178516392292583e+24, -2.491639480215225e+24, -3.14489116135519e-05, 1680292406362112.0, 5.860343682981995e-39, 4.1359030627651384e-25, -0.37445467710494995, 47261, 49599, 52413, 63, 0.0, 0.0, 0.0, -4.547473508864641e-13, -5.2964317976442014e-15, 5.853625858144022e-39, 536870912.0, 51819012096.0, 1.7733418053045917e-38, -2.4178516392292583e+24, -2.491639480215225e+24, -4.36441322159585e-22, -4.3029724278449766e+17)
(0.0, 0.0, -1.7341460211122178e+33, 2.468889302423152e+36, 2.286778963931669e-41, -3.7777669447541795e-19, -5.278160001813882e-20, 6.926898568850436e-41, 1.3635734469538535e-36, 1.3636631300555703e-36, 5.2300282160633316e-12, 6.548427067695165e-16, 16335, 0, 0, 54911, -9.434990352019668e-05, -16511167.0, 8.828180325246348e-44, 0.0, 0.0, 0.0, -10850560.0, -0.0662379115819931, 8.828180325246348e-44, 1.4290249724076385e-32, 4.057168827967292e-24, 2.704506036146897e-43, -2.4916386155240966e+24)
(-12777919.0, 8.828180325246348e-44, 0.0, 0.0, 0.0, -10850560.0, -15.012876510620117, 8.828180325246348e-44, 1.3517996955360175e-32, 3.1307682489839603e-24, 2.704506036146897e-43, -2.4916386155240966e+24, 59395, 59395, 3, 59485, -2856.54638671875, 8.828180325246348e-44, -8.925050497055054e-05, -1.4435133934020996, 1.5866905450820923, 0.0, 0.0, 0.0, 0.0, -0.4120381772518158, 1.4654351472854614, 0.0, 8.661080360412598)
(1533.7772216796875, -12.040454864501953, -0.00010037126776296645, -96089.4921875, 8.828180325246348e-44, 0.0, 0.0, 0.0, -529715429376.0, -9.046878801655112e-08, 8.828180325246348e-44, 1.5202057182122217e-32, 49473, 5580, 193, 0, -2.4916386155240966e+24, -2.491639480215225e+24, -1748.2503662109375, -1831.648193359375, 8.828180325246348e-44, -0.00010037049651145935, -1.4440224170684814, 1.5608408451080322, 0.0, 0.0, 0.0, 0.0, -0.39677098393440247)
(-1.279112449639741e-13, -3.9491536617279053, 2.2886006519352912e-41, -1098907648.0, -3.2897233284235264e+16, -1.1189141120595777e-15, -1.4440327882766724, 1.569719672203064, 0.0, 0.0, 0.0, 0.0, 51140, 48858, 34727, 16317, 0.0, 8.664196968078613, -9.418317794799805, 0.0, 1.3636631300555703e-36, 1.3636631300555703e-36, -0.5098884105682373, 1.486375331878662, 0.0, -301646368.0, 25.843612670898438, 2.2880401325495613e-41, 0.0)
(0.0, 1.3636631300555703e-36, 1.3636631300555703e-36, -0.6305661201477051, 1.516049861907959, 0.0, -1.4447391033172607, 5.187945365905762, -1.1966706145087958e+27, -5515111670218752.0, 2.2880401325495613e-41, 0.0, 0, 0, 0, 0, 2.879342304056693e-29, -4.254123268765397e-06, 2.2853776654673442e-41, -3.157765604555607e-09, -9.825802218192823e-18, 6.926618309157571e-41, 1.3635734469538535e-36, 1.3636631300555703e-36, -2.169555568453914e-30, 1.3679590403109062e-36, 2.2876197430102639e-41, -1.1944187097792536e+27, -1.4448516368865967)
(5.852224559679697e-39, -0.00048828125, 2.6162093229245536e-18, 1.7732756640170755e-38, -2.4178516392292583e+24, -2.491639480215225e+24, 1.550551055230134e-36, 1.3901049200626403e-09, 5.86148574123042e-39, -1.0384593717069655e+34, 2.128551783615873e-14, 9.539506705367979e+29, 38114, 47372, 18879, 51717, 8.828180325246348e-44, 0.0, 0.0, 0.0, -529715429376.0, -0.0662379115819931, 8.828180325246348e-44, 1.9397349500432928e-32, 8.52809224249461e-25, 2.704506036146897e-43, -2.4916386155240966e+24, -2.491639480215225e+24, -5.733083974910083e+18)