
(-0.1569230556488037, 3.020623207092285, 0.0, 0.0, 0.0, 0.0, -0.3814961910247803, 1.495984673500061, 0.0, 0.9415383338928223, -18.12373924255371, 0.0, 1000, 1000, 1000, 1000, -0.1569230556488037, 3.020623207092285, 0.0, -0.1569230556488037, 3.020623207092285, 0.3969103693962097, 0.0004630620824173093, 0.13230344653129578, 0.5296768546104431, -5.8859171867370605, -0.006866903509944677, -1.9619724750518799, -7.854756832122803)
(-0.17095567286014557, 2.999403715133667, 0.0, 0.0, 0.0, 0.0, -0.4272977113723755, 1.4196488857269287, 0.0, 1.0257340669631958, -17.996421813964844, 0.0, 1000, 1000, 1000, 1000, -0.19202804565429688, 3.0804061889648438, 0.0, -0.17095567286014557, 3.070624828338623, 0.43590953946113586, 0.0037839054130017757, 0.1049199029803276, 0.5446133613586426, -5.824821472167969, -0.05427486449480057, -1.3572841882705688, -7.236380100250244)
(-0.18831463158130646, 3.083254814147949, 0.0, 0.0, 0.0, 0.0, -0.3814961910247803, 1.4807175397872925, 0.0, 1.1298878192901611, -18.499528884887695, 0.0, 1000, 1000, 1000, 1000, -0.2969992160797119, 2.9715099334716797, 0.0, -0.18831463158130646, 3.1291494369506836, 0.4534152150154114, 0.00795789249241352, 0.0743655264377594, 0.5357386469841003, -5.994073867797852, -0.10978005081415176, -0.9448515176773071, -7.048705101013184)
(-0.20598919689655304, 3.2783944606781006, 0.0, 0.0, 0.0, 0.0, -0.4272977113723755, 1.4501831531524658, 0.0, 1.2359352111816406, -19.670366287231445, 0.0, 1000, 1000, 1000, 1000, -0.26299118995666504, 3.0218214988708496, 0.0, -0.20598919689655304, 3.1855218410491943, 0.4989698827266693, 0.012380430474877357, 0.06278659403324127, 0.5741369128227234, -6.336164951324463, -0.16691729426383972, -0.7303141355514526, -7.233396530151367)
(-0.22235184907913208, 2.660452365875244, 0.0, 0.0, 0.0, 0.0, -0.3814961910247803, 1.4501831531524658, 0.0, 1.3341110944747925, -15.962714195251465, 0.0, 1000, 1000, 1000, 1000, -0.2498786449432373, 2.9818105697631836, 0.0, -0.22235184907913208, 3.2419869899749756, 0.5146821737289429, 0.017037713900208473, 0.04703739657998085, 0.5787572860717773, -5.223869323730469, -0.22487343847751617, -0.12502184510231018, -5.573764324188232)
(-0.23858338594436646, 2.9447665214538574, 0.0, 0.0, 0.0, 0.0, -0.4272977113723755, 1.495984673500061, 0.0, 1.4315003156661987, -17.668598175048828, 0.0, 1000, 1000, 1000, 1000, -0.27382349967956543, 3.0214552879333496, 0.0, -0.23858338594436646, 3.29600191116333, 0.5576394200325012, 0.022051915526390076, 0.04347560927271843, 0.6231669187545776, -5.749374866485596, -0.2769046723842621, -0.2241516262292862, -6.250431060791016)
(-0.25338560342788696, 2.9318981170654297, 0.0, 0.0, 0.0, 0.0, -0.36622899770736694, 1.5112519264221191, 0.0, 1.5203136205673218, -17.591388702392578, 0.0, 1000, 1000, 1000, 1000, -0.2498786449432373, 2.9818105697631836, 0.0, -0.25338560342788696, 3.350151300430298, 0.5659627914428711, 0.027203543111681938, 0.0323457308113575, 0.6255120635032654, -5.730792045593262, -0.3303638696670532, -0.14490437507629395, -6.206060409545898)
(-0.26881805062294006, 3.0225167274475098, 0.0, 0.0, 0.0, 0.0, -0.350961834192276, 1.495984673500061, 0.0, 1.6129083633422852, -18.135101318359375, 0.0, 1000, 1000, 1000, 1000, -0.12807989120483398, 2.979041576385498, 0.0, -0.26881805062294006, 3.4038612842559814, 0.5891610383987427, 0.03270074352622032, 0.026791350916028023, 0.6486531496047974, -5.889326095581055, -0.3851402699947357, -0.1350390911102295, -6.409505367279053)
(-0.2817569971084595, 3.0241992473602295, 0.0, 0.0, 0.0, 0.0, -0.3814961910247803, 1.4196488857269287, 0.0, 1.6905419826507568, -18.14519500732422, 0.0, 1000, 1000, 1000, 1000, -0.15704679489135742, 2.9906420707702637, 0.0, -0.2817569971084595, 3.456773281097412, 0.621611475944519, 0.03833111375570297, 0.027262721210718155, 0.6872053146362305, -5.869453430175781, -0.44011425971984863, -0.08260975033044815, -6.392177104949951)
(-0.2963264286518097, 2.9880244731903076, 0.0, 0.0, 0.0, 0.0, -0.4272977113723755, 1.495984673500061, 0.0, 1.777958631515503, -17.928146362304688, 0.0, 1000, 1000, 1000, 1000, -0.27726101875305176, 2.9285435676574707, 0.0, -0.2963264286518097, 3.506924629211426, 0.6615769267082214, 0.0442841574549675, 0.03005153499543667, 0.7359126210212708, -5.827239513397217, -0.49472934007644653, -0.04224016144871712, -6.364208698272705)
(-0.3118165135383606, 3.0311810970306396, 0.0, 0.0, 0.0, 0.0, -0.44256487488746643, 1.465450406074524, 0.0, 1.8708990812301636, -18.18708610534668, 0.0, 1000, 1000, 1000, 1000, -0.3155338764190674, 3.0263915061950684, 0.0, -0.3118165135383606, 3.559654474258423, 0.6940391659736633, 0.05052870884537697, 0.03030942566692829, 0.7748773097991943, -5.895761013031006, -0.5497229099273682, -0.04416554048657417, -6.489649295806885)
(-0.3262065351009369, 3.084864616394043, 0.0, 0.0, 0.0, 0.0, -0.3814961910247803, 1.465450406074524, 0.0, 1.9572391510009766, -18.509187698364258, 0.0, 1000, 1000, 1000, 1000, -0.202833890914917, 3.1286840438842773, 0.0, -0.3262065351009369, 3.6110188961029053, 0.7016205787658691, 0.05701763182878494, 0.02260896936058998, 0.7812471985816956, -5.992391586303711, -0.6051892638206482, -0.05715811997652054, -6.654738903045654)
(-0.33950361609458923, 3.0754706859588623, 0.0, 0.0, 0.0, 0.0, -0.4272977113723755, 1.4349160194396973, 0.0, 2.0370216369628906, -18.452823638916016, 0.0, 1000, 1000, 1000, 1000, -0.2051379680633545, 2.998650550842285, 0.0, -0.33950361609458923, 3.659409284591675, 0.7392957806587219, 0.06370694190263748, 0.02624528668820858, 0.8292480111122131, -5.96632194519043, -0.6610366106033325, -0.029930299147963524, -6.657288551330566)
(-0.35526636242866516, 3.0340676307678223, 0.0, 0.0, 0.0, 0.0, -0.3967633545398712, 1.4807175397872925, 0.0, 2.1315982341766357, -18.20440673828125, 0.0, 1000, 1000, 1000, 1000, -0.3117518424987793, 2.9097418785095215, 0.0, -0.35526636242866516, 3.7067103385925293, 0.7585084438323975, 0.07075411081314087, 0.022186987102031708, 0.8514495491981506, -5.905537128448486, -0.7165387868881226, -0.0011643350590020418, -6.623239994049072)
(-0.3657662570476532, 3.074861526489258, 0.0, 0.0, 0.0, 0.0, -0.32042747735977173, 1.4501831531524658, 0.0, 2.202772378921509, -18.497169494628906, 0.0, 1000, 1000, 1000, 1000, -0.24753594398498535, 3.200843334197998, 0.0, -0.36712872982025146, 3.756328821182251, 0.7569599151611328, 0.07780784368515015, 0.014555803500115871, 0.849323570728302, -5.984206199645996, -0.771980881690979, -0.023867672309279442, -6.780054569244385)
(-0.3802928924560547, 3.063053846359253, 0.0, 0.0, 0.0, 0.0, -0.36622899770736694, 1.4501831531524658, 0.0, 2.281757354736328, -18.37832260131836, 0.0, 1000, 1000, 1000, 1000, -0.22003483772277832, 3.043613910675049, 0.0, -0.3802928924560547, 3.7965915203094482, 0.794395923614502, 0.08430978655815125, 0.019089575856924057, 0.8977952599525452, -5.948552131652832, -0.827629029750824, -0.002592283533886075, -6.768794536590576)
(-0.394130140542984, 3.0527760982513428, 0.0, 0.0, 0.0, 0.0, -0.3967633545398712, 1.465450406074524, 0.0, 2.364780902862549, -18.3166561126709, 0.0, 1000, 1000, 1000, 1000, -0.36060523986816406, 2.949350357055664, 0.0, -0.394130140542984, 3.8431742191314697, 0.8284632563591003, 0.09190785884857178, 0.02214908041059971, 0.9425202012062073, -5.934631824493408, -0.876242995262146, 0.0010720074642449617, -6.809803009033203)
(-0.40868133306503296, 3.0348243713378906, 0.0, 0.0, 0.0, 0.0, -0.32042747735977173, 1.465450406074524, 0.0, 2.452087879180908, -18.208946228027344, 0.0, 1000, 1000, 1000, 1000, -0.29586195945739746, 2.9532294273376465, 0.0, -0.40868133306503296, 3.887932777404785, 0.8317545652389526, 0.09974567592144012, 0.014473575167357922, 0.945973813533783, -5.902318954467773, -0.9314610958099365, 0.009810030460357666, -6.823969841003418)
(-0.420149564743042, 3.0347793102264404, 0.0, 0.0, 0.0, 0.0, -0.3814961910247803, 1.5265190601348877, 0.0, 2.520897388458252, -18.208675384521484, 0.0, 1000, 1000, 1000, 1000, -0.14390254020690918, 2.9356002807617188, 0.0, -0.420149564743042, 3.9337127208709717, 0.8707180619239807, 0.10773416608572006, 0.020330211147665977, 0.9987824559211731, -5.920558452606201, -0.9866631627082825, 0.0015714347828179598, -6.9056501388549805)
(-0.43802976608276367, 3.034285306930542, 0.0, 0.0, 0.0, 0.0, -0.3967633545398712, 1.495984673500061, 0.0, 2.628178596496582, -18.205711364746094, 0.0, 1000, 1000, 1000, 1000, -0.31438779830932617, 3.1449971199035645, 0.0, -0.43802976608276367, 3.999793767929077, 0.9074825644493103, 0.12022534012794495, 0.020123092457652092, 1.0478310585021973, -5.91050910949707, -1.0691930055618286, 0.0001980900706257671, -6.979503631591797)
(-0.4512270987033844, 3.0354175567626953, 0.0, 0.0, 0.0, 0.0, -0.350961834192276, 1.5265190601348877, 0.0, 2.707362651824951, -18.212505340576172, 0.0, 1000, 1000, 1000, 1000, -0.2620072364807129, 3.1100926399230957, 0.0, -0.4512270987033844, 4.042666912078857, 0.9174973964691162, 0.12878556549549103, 0.015658866614103317, 1.0619418621063232, -5.921707630157471, -1.1242464780807495, -0.005177187733352184, -7.051131248474121)
(-0.463388055562973, 3.041473150253296, 0.0, 0.0, 0.0, 0.0, -0.3967633545398712, 1.4501831531524658, 0.0, 2.7803282737731934, -18.248838424682617, 0.0, 1000, 1000, 1000, 1000, -0.23330402374267578, 3.0535898208618164, 0.0, -0.463388055562973, 4.085537433624268, 0.9531275033950806, 0.1375274658203125, 0.02047973871231079, 1.111134648323059, -5.9097065925598145, -1.1794463396072388, -3.637075496953912e-05, -7.089189529418945)
(-0.4739173948764801, 3.03849458694458, 0.0, 0.0, 0.0, 0.0, -0.4272977113723755, 1.495984673500061, 0.0, 2.8435044288635254, -18.230968475341797, 0.0, 1000, 1000, 1000, 1000, -0.2105405330657959, 3.1053881645202637, 0.0, -0.4739173948764801, 4.127547740936279, 0.9812406301498413, 0.14653290808200836, 0.021859902888536453, 1.1496334075927734, -5.918086051940918, -1.2346336841583252, -0.002583026885986328, -7.155303001403809)
(-0.48421138525009155, 3.03820538520813, 0.0, 0.0, 0.0, 0.0, -0.41203054785728455, 1.5265190601348877, 0.0, 2.9052681922912598, -18.229232788085938, 0.0, 1000, 1000, 1000, 1000, -0.13104939460754395, 2.9421658515930176, 0.0, -0.48421138525009155, 4.169581890106201, 0.9951896071434021, 0.1556825190782547, 0.01935322768986225, 1.1702253818511963, -5.9267258644104, -1.2899562120437622, -0.003650802420452237, -7.220332622528076)
(-0.4971863031387329, 3.01936674118042, 0.0, 0.0, 0.0, 0.0, -0.3814961910247803, 1.465450406074524, 0.0, 2.9831178188323975, -18.116199493408203, 0.0, 1000, 1000, 1000, 1000, -0.27951526641845703, 2.9650416374206543, 0.0, -0.4971863031387329, 4.2093825340271, 1.0093841552734375, 0.16507665812969208, 0.01644931547343731, 1.1909102201461792, -5.874495029449463, -1.3449617624282837, 0.011753183789551258, -7.207703590393066)
(-0.5104373097419739, 3.0354843139648438, 0.0, 0.0, 0.0, 0.0, -0.36622899770736694, 1.4807175397872925, 0.0, 3.062623977661133, -18.212905883789062, 0.0, 1000, 1000, 1000, 1000, -0.32881927490234375, 3.0213723182678223, 0.0, -0.5104373097419739, 4.250227451324463, 1.0286558866500854, 0.17462317645549774, 0.016094494611024857, 1.2193735837936401, -5.908086776733398, -1.3999619483947754, -0.0016417205333709717, -7.309690475463867)
(-0.5213091373443604, 3.030824661254883, 0.0, 0.0, 0.0, 0.0, -0.36622899770736694, 1.5112519264221191, 0.0, 3.127854824066162, -18.184947967529297, 0.0, 1000, 1000, 1000, 1000, -0.23148012161254883, 2.9271159172058105, 0.0, -0.5213091373443604, 4.28834867477417, 1.0482251644134521, 0.18438607454299927, 0.015374720096588135, 1.2479859590530396, -5.908859729766846, -1.4550597667694092, -0.0019937276374548674, -7.365913391113281)
(-0.5317548513412476, 3.0226335525512695, 0.0, 0.0, 0.0, 0.0, -0.3967633545398712, 1.5570534467697144, 0.0, 3.1905291080474854, -18.135801315307617, 0.0, 1000, 1000, 1000, 1000, -0.24824833869934082, 3.083512306213379, 0.0, -0.5317548513412476, 4.327372074127197, 1.0761877298355103, 0.19437359273433685, 0.017382271587848663, 1.2879436016082764, -5.907855987548828, -1.5100945234298706, -0.0023863553069531918, -7.420337200164795)
(-0.5507011413574219, 3.0379250049591064, 0.0, 0.0, 0.0, 0.0, -0.3967633545398712, 1.5112519264221191, 0.0, 3.3042068481445312, -18.227550506591797, 0.0, 1000, 1000, 1000, 1000, -0.3109564781188965, 3.089900493621826, 0.0, -0.5507011413574219, 4.387184143066406, 1.1102910041809082, 0.20971480011940002, 0.01808975450694561, 1.3380955457687378, -5.921640396118164, -1.5929183959960938, -0.004723930265754461, -7.519282817840576)
(-0.5623929500579834, 3.0439114570617676, 0.0, 0.0, 0.0, 0.0, -0.3967633545398712, 1.5417863130569458, 0.0, 3.3743577003479004, -18.263469696044922, 0.0, 1000, 1000, 1000, 1000, -0.33065152168273926, 3.0263242721557617, 0.0, -0.5623929500579834, 4.425858497619629, 1.1313363313674927, 0.22017250955104828, 0.01804809644818306, 1.3695569038391113, -5.941576957702637, -1.6482646465301514, -0.009005552157759666, -7.598846912384033)
(-0.5719497799873352, 3.037855625152588, 0.0, 0.0, 0.0, 0.0, -0.44256487488746643, 1.5112519264221191, 0.0, 3.431698799133301, -18.227134704589844, 0.0, 1000, 1000, 1000, 1000, -0.2179715633392334, 3.1136274337768555, 0.0, -0.5719497799873352, 4.463615894317627, 1.1622791290283203, 0.2308250218629837, 0.021554216742515564, 1.4146584272384644, -5.921515941619873, -1.7035785913467407, -0.000811028468888253, -7.625905513763428)
(-0.5816882252693176, 3.0487403869628906, 0.0, 0.0, 0.0, 0.0, -0.3967633545398712, 1.5112519264221191, 0.0, 3.4901294708251953, -18.292442321777344, 0.0, 1000, 1000, 1000, 1000, -0.38161206245422363, 3.031332492828369, 0.0, -0.5816882252693176, 4.501161575317383, 1.1660678386688232, 0.24159376323223114, 0.01657342165708542, 1.4242349863052368, -5.941108226776123, -1.7589484453201294, -0.006002473644912243, -7.706058979034424)
(-0.5942566394805908, 3.04518723487854, 0.0, 0.0, 0.0, 0.0, -0.3967633545398712, 1.4807175397872925, 0.0, 3.565539836883545, -18.2711238861084, 0.0, 1000, 1000, 1000, 1000, -0.40189647674560547, 3.136180877685547, 0.0, -0.5942566394805908, 4.5376176834106445, 1.1886909008026123, 0.25258201360702515, 0.017482398077845573, 1.458755373954773, -5.9255523681640625, -1.8143624067306519, 0.0009089946979656816, -7.7390055656433105)
(-0.6041808724403381, 3.047496795654297, 0.0, 0.0, 0.0, 0.0, -0.33569467067718506, 1.4807175397872925, 0.0, 3.6250853538513184, -18.28498077392578, 0.0, 1000, 1000, 1000, 1000, -0.1444711685180664, 3.0739450454711914, 0.0, -0.6041808724403381, 4.572952747344971, 1.1882340908050537, 0.26371678709983826, 0.010867947712540627, 1.4628187417984009, -5.929709434509277, -1.869692087173462, -0.0005662500625476241, -7.7999677658081055)
(-0.6144168972969055, 3.034304618835449, 0.0, 0.0, 0.0, 0.0, -0.41203054785728455, 1.465450406074524, 0.0, 3.6865015029907227, -18.205827713012695, 0.0, 1000, 1000, 1000, 1000, -0.14640450477600098, 3.018852710723877, 0.0, -0.6144168972969055, 4.606340408325195, 1.2295596599578857, 0.2751027047634125, 0.017801620066165924, 1.5224640369415283, -5.901383399963379, -1.924909234046936, 0.007777184247970581, -7.818515300750732)
(-0.6242334842681885, 3.038827896118164, 0.0, 0.0, 0.0, 0.0, -0.350961834192276, 1.5112519264221191, 0.0, 3.745400905609131, -18.232967376708984, 0.0, 1000, 1000, 1000, 1000, -0.33515501022338867, 3.0432162284851074, 0.0, -0.6242334842681885, 4.6411967277526855, 1.2289087772369385, 0.28653502464294434, 0.012059830129146576, 1.5275036096572876, -5.92326545715332, -1.9801387786865234, -0.0005917191738262773, -7.903995990753174)
(-0.6344621777534485, 3.0391249656677246, 0.0, 0.0, 0.0, 0.0, -0.3814961910247803, 1.4349160194396973, 0.0, 3.8067731857299805, -18.23474884033203, 0.0, 1000, 1000, 1000, 1000, -0.35573887825012207, 3.0580215454101562, 0.0, -0.6344621777534485, 4.673523902893066, 1.2564809322357178, 0.2982267439365387, 0.014750422909855843, 1.5694580078125, -5.900899410247803, -2.0352444648742676, 0.00506217498332262, -7.931081771850586)
(-0.6437126398086548, 3.03676176071167, 0.0, 0.0, 0.0, 0.0, -0.41203054785728455, 1.465450406074524, 0.0, 3.8622758388519287, -18.220569610595703, 0.0, 1000, 1000, 1000, 1000, -0.1444711685180664, 3.0739450454711914, 0.0, -0.6437126398086548, 4.705268383026123, 1.2822918891906738, 0.3101027011871338, 0.016803614795207977, 1.6091982126235962, -5.905806064605713, -2.0903217792510986, 0.001674991799518466, -7.994452476501465)
(-0.6538724303245544, 3.0371639728546143, 0.0, 0.0, 0.0, 0.0, -0.3967633545398712, 1.495984673500061, 0.0, 3.923234462738037, -18.222984313964844, 0.0, 1000, 1000, 1000, 1000, -0.19023680686950684, 2.953678607940674, 0.0, -0.6538724303245544, 4.7376203536987305, 1.29599928855896, 0.32215359807014465, 0.014796284958720207, 1.6329492330551147, -5.915690898895264, -2.145479202270508, -0.0018290162552148104, -8.06299877166748)
(-0.6626403331756592, 3.02293062210083, 0.0, 0.0, 0.0, 0.0, -0.36622899770736694, 1.4501831531524658, 0.0, 3.975841999053955, -18.137584686279297, 0.0, 1000, 1000, 1000, 1000, -0.2934601306915283, 2.946718215942383, 0.0, -0.6626403331756592, 4.767378807067871, 1.3026213645935059, 0.3342965245246887, 0.011458853259682655, 1.648376703262329, -5.876330375671387, -2.2004833221435547, 0.009785747155547142, -8.067028045654297)
(-0.6721592545509338, 3.025186777114868, 0.0, 0.0, 0.0, 0.0, -0.3967633545398712, 1.4807175397872925, 0.0, 4.032955646514893, -18.151121139526367, 0.0, 1000, 1000, 1000, 1000, -0.4108154773712158, 3.0894389152526855, 0.0, -0.6721592545509338, 4.798983573913574, 1.3289157152175903, 0.3465924561023712, 0.015019749291241169, 1.6905279159545898, -5.889551162719727, -2.2554357051849365, 0.003266579005867243, -8.14172077178955)
(-0.6813784241676331, 3.0181057453155518, 0.0, 0.0, 0.0, 0.0, -0.41203054785728455, 1.4807175397872925, 0.0, 4.088270664215088, -18.10863494873047, 0.0, 1000, 1000, 1000, 1000, -0.29067087173461914, 3.0300912857055664, 0.0, -0.6813784241676331, 4.828485488891602, 1.3500903844833374, 0.359053373336792, 0.016503911465406418, 1.7256476879119873, -5.876805305480957, -2.3102967739105225, 0.005204326007515192, -8.18189811706543)
(-0.701546311378479, 3.023730754852295, 0.0, 0.0, 0.0, 0.0, -0.32042747735977173, 1.5265190601348877, 0.0, 4.209278106689453, -18.142383575439453, 0.0, 1000, 1000, 1000, 1000, -0.21816062927246094, 3.205254554748535, 0.0, -0.701546311378479, 4.903252124786377, 1.3589116334915161, 0.39078572392463684, 0.005949276499450207, 1.7556467056274414, -5.900671005249023, -2.4472196102142334, -0.008081585168838501, -8.355972290039062)
(-0.7097671031951904, 3.037062168121338, 0.0, 0.0, 0.0, 0.0, -0.4730992317199707, 1.4196488857269287, 0.0, 4.258602619171143, -18.222373962402344, 0.0, 1000, 1000, 1000, 1000, -0.19024276733398438, 3.0904269218444824, 0.0, -0.7097671031951904, 4.932638168334961, 1.4195106029510498, 0.4037593603134155, 0.021322498098015785, 1.8445924520492554, -5.892606735229492, -2.5022759437561035, -0.0027846633456647396, -8.39766788482666)
(-0.7159457206726074, 3.0385353565216064, 0.0, 0.0, 0.0, 0.0, -0.36622899770736694, 1.465450406074524, 0.0, 4.2956743240356445, -18.231212615966797, 0.0, 1000, 1000, 1000, 1000, -0.23784995079040527, 2.9600143432617188, 0.0, -0.7159457206726074, 4.961297988891602, 1.3985710144042969, 0.4167901277542114, 0.00954563170671463, 1.8249067068099976, -5.908998966217041, -2.5575153827667236, -0.00454555731266737, -8.471059799194336)
(-0.7244275808334351, 3.026001214981079, 0.0, 0.0, 0.0, 0.0, -0.3814961910247803, 1.4807175397872925, 0.0, 4.346565246582031, -18.156007766723633, 0.0, 1000, 1000, 1000, 1000, -0.37364888191223145, 2.989470958709717, 0.0, -0.7244275808334351, 4.9886932373046875, 1.418418526649475, 0.42991891503334045, 0.012250465340912342, 1.8605878353118896, -5.891017436981201, -2.612596273422241, 0.0023000359069556, -8.501313209533691)
(-0.7333270907402039, 3.0371711254119873, 0.0, 0.0, 0.0, 0.0, -0.36622899770736694, 1.465450406074524, 0.0, 4.399962425231934, -18.223026275634766, 0.0, 1000, 1000, 1000, 1000, -0.26384758949279785, 3.100104808807373, 0.0, -0.7333270907402039, 5.016504287719727, 1.4298574924468994, 0.44327783584594727, 0.010595427826046944, 1.8837306499481201, -5.906542778015137, -2.6676414012908936, -0.003156208898872137, -8.577340126037598)
(-0.7408895492553711, 3.0281851291656494, 0.0, 0.0, 0.0, 0.0, -0.44256487488746643, 1.465450406074524, 0.0, 4.445337295532227, -18.169111251831055, 0.0, 1000, 1000, 1000, 1000, -0.28017663955688477, 2.9516658782958984, 0.0, -0.7408895492553711, 5.042415618896484, 1.466370701789856, 0.4567475914955139, 0.018079642206430435, 1.9411978721618652, -5.890368461608887, -2.7227284908294678, 0.002986311912536621, -8.61011028289795)
(-0.7483423352241516, 3.0344488620758057, 0.0, 0.0, 0.0, 0.0, -0.4272977113723755, 1.4501831531524658, 0.0, 4.490054130554199, -18.206693649291992, 0.0, 1000, 1000, 1000, 1000, -0.23194265365600586, 3.0952401161193848, 0.0, -0.7483423352241516, 5.069211483001709, 1.4752055406570435, 0.4703674018383026, 0.015827026218175888, 1.9613999128341675, -5.897063255310059, -2.7777719497680664, 0.000491708517074585, -8.67434310913086)
(-0.7567487359046936, 3.0384323596954346, 0.0, 0.0, 0.0, 0.0, -0.3967633545398712, 1.4349160194396973, 0.0, 4.540492534637451, -18.230594635009766, 0.0, 1000, 1000, 1000, 1000, -0.32448816299438477, 3.0248489379882812, 0.0, -0.7567487359046936, 5.095966339111328, 1.481176733970642, 0.48412108421325684, 0.012826035730540752, 1.9781239032745361, -5.89965295791626, -2.832932710647583, 0.0010011375416070223, -8.731584548950195)
(-0.7644311785697937, 3.0315873622894287, 0.0, 0.0, 0.0, 0.0, -0.3967633545398712, 1.495984673500061, 0.0, 4.586586952209473, -18.189523696899414, 0.0, 1000, 1000, 1000, 1000, -0.20757603645324707, 2.9751696586608887, 0.0, -0.7644311785697937, 5.121126651763916, 1.4950051307678223, 0.4980330169200897, 0.01226373203098774, 2.0053019523620605, -5.9056525230407715, -2.8880515098571777, -0.0007132113096304238, -8.794417381286621)
(-0.7709283232688904, 3.0307505130767822, 0.0, 0.0, 0.0, 0.0, -0.41203054785728455, 1.465450406074524, 0.0, 4.625569820404053, -18.18450355529785, 0.0, 1000, 1000, 1000, 1000, -0.35710883140563965, 3.031309127807617, 0.0, -0.7709283232688904, 5.145572185516357, 1.5112801790237427, 0.5119603276252747, 0.014030222781002522, 2.0372707843780518, -5.894986152648926, -2.9430394172668457, 0.0015545189380645752, -8.836470603942871)
(-0.780124306678772, 3.0337607860565186, 0.0, 0.0, 0.0, 0.0, -0.3814961910247803, 1.4196488857269287, 0.0, 4.680746078491211, -18.202564239501953, 0.0, 1000, 1000, 1000, 1000, -0.2538776397705078, 3.1602954864501953, 0.0, -0.780124306678772, 5.168797969818115, 1.5186727046966553, 0.5261385440826416, 0.010948693379759789, 2.055759906768799, -5.886663913726807, -2.9979422092437744, 0.0024785876739770174, -8.88212776184082)
(-0.7855714559555054, 3.0363845825195312, 0.0, 0.0, 0.0, 0.0, -0.4272977113723755, 1.5112519264221191, 0.0, 4.713428497314453, -18.218307495117188, 0.0, 1000, 1000, 1000, 1000, -0.1562974452972412, 3.033963680267334, 0.0, -0.7855714559555054, 5.193574905395508, 1.5422178506851196, 0.5403870344161987, 0.014550854451954365, 2.097155809402466, -5.918867588043213, -3.0530714988708496, -0.007183385081589222, -8.979122161865234)
(-0.7931496500968933, 3.023975133895874, 0.0, 0.0, 0.0, 0.0, -0.41203054785728455, 1.4501831531524658, 0.0, 4.75889778137207, -18.143850326538086, 0.0, 1000, 1000, 1000, 1000, -0.23596453666687012, 2.9851503372192383, 0.0, -0.7931496500968933, 5.216660022735596, 1.5512785911560059, 0.5548028945922852, 0.012475008144974709, 2.118556499481201, -5.878210067749023, -3.108079671859741, 0.006427800748497248, -8.979862213134766)
(-0.8008878231048584, 3.0184831619262695, 0.0, 0.0, 0.0, 0.0, -0.44256487488746643, 1.5112519264221191, 0.0, 4.80532693862915, -18.110898971557617, 0.0, 1000, 1000, 1000, 1000, -0.1782538890838623, 3.175652503967285, 0.0, -0.8008878231048584, 5.239266872406006, 1.5743675231933594, 0.5693709850311279, 0.015176182612776756, 2.158914804458618, -5.886645317077637, -3.162858724594116, 0.0002503037394490093, -9.049253463745117)
(-0.8046501278877258, 3.030717134475708, 0.0, 0.0, 0.0, 0.0, -0.41203054785728455, 1.4196488857269287, 0.0, 4.8279008865356445, -18.184303283691406, 0.0, 1000, 1000, 1000, 1000, -0.23460102081298828, 3.163580894470215, 0.0, -0.8046501278877258, 5.251317501068115, 1.5719795227050781, 0.5767059326171875, 0.011691907420754433, 2.160377264022827, -5.881185531616211, -3.1903040409088135, 0.0017422795062884688, -9.069746971130371)
(-0.8108536005020142, 3.027961492538452, 0.0, 0.0, 0.0, 0.0, -0.350961834192276, 1.4349160194396973, 0.0, 4.865121841430664, -18.167768478393555, 0.0, 1000, 1000, 1000, 1000, -0.20532703399658203, 2.953615665435791, 0.0, -0.8108536005020142, 5.273390293121338, 1.5648250579833984, 0.5913735032081604, 0.005298875272274017, 2.1614973545074463, -5.880805015563965, -3.24528169631958, 0.0023320973850786686, -9.123754501342773)
(-0.8156340718269348, 3.020867109298706, 0.0, 0.0, 0.0, 0.0, -0.33569467067718506, 1.4501831531524658, 0.0, 4.893804550170898, -18.125202178955078, 0.0, 1000, 1000, 1000, 1000, -0.2657492160797119, 2.938347339630127, 0.0, -0.8156340718269348, 5.295202255249023, 1.568849802017212, 0.6060600280761719, 0.003945693373680115, 2.1788554191589355, -5.872615814208984, -3.3002147674560547, 0.00487324595451355, -9.167957305908203)
(-0.8219833374023438, 3.01757550239563, 0.0, 0.0, 0.0, 0.0, -0.3967633545398712, 1.4807175397872925, 0.0, 4.9319000244140625, -18.105453491210938, 0.0, 1000, 1000, 1000, 1000, -0.24941802024841309, 2.950167179107666, 0.0, -0.8219833374023438, 5.3174848556518555, 1.5985989570617676, 0.6208987236022949, 0.01048295758664608, 2.229980707168579, -5.875851154327393, -3.355060577392578, 0.002523910952731967, -9.228387832641602)
(-0.8454450964927673, 3.0261332988739014, 0.0, 0.0, 0.0, 0.0, -0.3967633545398712, 1.4807175397872925, 0.0, 5.0726704597473145, -18.15679931640625, 0.0, 1000, 1000, 1000, 1000, -0.25178098678588867, 3.0934996604919434, 0.0, -0.8454450964927673, 5.392317771911621, 1.640830159187317, 0.6738660931587219, 0.010021348483860493, 2.3247175216674805, -5.891254901885986, -3.546604633331299, -0.007760959677398205, -9.4456205368042)
(-0.8526591062545776, 3.028434991836548, 0.0, 0.0, 0.0, 0.0, -0.3967633545398712, 1.465450406074524, 0.0, 5.115954399108887, -18.170610427856445, 0.0, 1000, 1000, 1000, 1000, -0.23798608779907227, 3.0668511390686035, 0.0, -0.8526591062545776, 5.412830352783203, 1.6538152694702148, 0.6892887353897095, 0.009787378832697868, 2.352891445159912, -5.890818119049072, -3.601547956466675, -0.00550959724932909, -9.497875213623047)
(-0.8584900498390198, 3.0353634357452393, 0.0, 0.0, 0.0, 0.0, -0.3967633545398712, 1.4501831531524658, 0.0, 5.150940418243408, -18.212181091308594, 0.0, 1000, 1000, 1000, 1000, -0.34816455841064453, 3.0479249954223633, 0.0, -0.8584900498390198, 5.434078693389893, 1.664311170578003, 0.7047503590583801, 0.009832562878727913, 2.378894090652466, -5.898709297180176, -3.656641721725464, -0.004981422331184149, -9.560332298278809)
(-0.8659054636955261, 3.037351131439209, 0.0, 0.0, 0.0, 0.0, -0.3967633545398712, 1.465450406074524, 0.0, 5.195432662963867, -18.224105834960938, 0.0, 1000, 1000, 1000, 1000, -0.2363572120666504, 3.031841278076172, 0.0, -0.8659054636955261, 5.4540228843688965, 1.6776587963104248, 0.720402181148529, 0.009631581604480743, 2.4076926708221436, -5.906867027282715, -3.7117362022399902, -0.005596643779426813, -9.624199867248535)
(-0.8709427118301392, 3.0429766178131104, 0.0, 0.0, 0.0, 0.0, -0.36622899770736694, 1.495984673500061, 0.0, 5.225656509399414, -18.25786018371582, 0.0, 1000, 1000, 1000, 1000, -0.11062121391296387, 3.1544713973999023, 0.0, -0.8709427118301392, 5.47360372543335, 1.6775656938552856, 0.7360687851905823, 0.006203857250511646, 2.4198384284973145, -5.926153659820557, -3.766824960708618, -0.010844784788787365, -9.70382308959961)
(-0.8769314289093018, 3.043755531311035, 0.0, 0.0, 0.0, 0.0, -0.3967633545398712, 1.4349160194396973, 0.0, 5.2615885734558105, -18.26253318786621, 0.0, 1000, 1000, 1000, 1000, -0.3303813934326172, 3.0864744186401367, 0.0, -0.8769314289093018, 5.493281364440918, 1.6975055932998657, 0.7518483400344849, 0.00953416246920824, 2.458888053894043, -5.909234523773193, -3.822089672088623, -0.0018961846362799406, -9.733220100402832)
(-0.8839744329452515, 3.0520219802856445, 0.0, 0.0, 0.0, 0.0, -0.4272977113723755, 1.495984673500061, 0.0, 5.30384635925293, -18.312131881713867, 0.0, 1000, 1000, 1000, 1000, -0.2219078540802002, 3.0185365676879883, 0.0, -0.8839744329452515, 5.512950897216797, 1.7193431854248047, 0.76784348487854, 0.011935696005821228, 2.499122381210327, -5.942435264587402, -3.8774163722991943, -0.010598188266158104, -9.830450057983398)
(-0.8895754218101501, 3.0473477840423584, 0.0, 0.0, 0.0, 0.0, -0.3967633545398712, 1.4807175397872925, 0.0, 5.337452411651611, -18.284086227416992, 0.0, 1000, 1000, 1000, 1000, -0.32759928703308105, 3.018075942993164, 0.0, -0.8895754218101501, 5.531373023986816, 1.7202646732330322, 0.7838864326477051, 0.008261023089289665, 2.5124120712280273, -5.929440975189209, -3.9327385425567627, -0.004153805784881115, -9.8663330078125)
(-0.8971667289733887, 3.0494022369384766, 0.0, 0.0, 0.0, 0.0, -0.3967633545398712, 1.4807175397872925, 0.0, 5.383000373840332, -18.29641342163086, 0.0, 1000, 1000, 1000, 1000, -0.3586881160736084, 3.096362590789795, 0.0, -0.8971667289733887, 5.550585746765137, 1.73392915725708, 0.8000829815864563, 0.008467325940728188, 2.5424795150756836, -5.933138847351074, -3.9881153106689453, -0.003678554203361273, -9.924932479858398)
(-0.9035024642944336, 3.051880121231079, 0.0, 0.0, 0.0, 0.0, -0.41203054785728455, 1.5112519264221191, 0.0, 5.421014785766602, -18.311281204223633, 0.0, 1000, 1000, 1000, 1000, -0.2820408344268799, 3.078350067138672, 0.0, -0.9035024642944336, 5.569973468780518, 1.7499136924743652, 0.816314160823822, 0.010511437430977821, 2.5767393112182617, -5.9467597007751465, -4.043549537658691, -0.006346327252686024, -9.996655464172363)
(-0.9096036553382874, 3.058833122253418, 0.0, 0.0, 0.0, 0.0, -0.41203054785728455, 1.5112519264221191, 0.0, 5.457622051239014, -18.352998733520508, 0.0, 1000, 1000, 1000, 1000, -0.306194543838501, 3.0616283416748047, 0.0, -0.9096036553382874, 5.588864803314209, 1.760895848274231, 0.8326924443244934, 0.010227379389107227, 2.6038155555725098, -5.959275245666504, -4.099056720733643, -0.008511638268828392, -10.066843032836914)
(-0.91551673412323, 3.055858612060547, 0.0, 0.0, 0.0, 0.0, -0.4272977113723755, 1.4349160194396973, 0.0, 5.493100166320801, -18.33515167236328, 0.0, 1000, 1000, 1000, 1000, -0.30121827125549316, 2.9829764366149902, 0.0, -0.91551673412323, 5.606902599334717, 1.776119351387024, 0.849090039730072, 0.012474161572754383, 2.637683629989624, -5.931020259857178, -4.154593467712402, 0.0030892312061041594, -10.082524299621582)
(-0.9237394332885742, 3.0418267250061035, 0.0, 0.0, 0.0, 0.0, -0.4272977113723755, 1.465450406074524, 0.0, 5.542436599731445, -18.250961303710938, 0.0, 1000, 1000, 1000, 1000, -0.2510566711425781, 2.9850854873657227, 0.0, -0.9237394332885742, 5.630737781524658, 1.7909202575683594, 0.8739284873008728, 0.012187108397483826, 2.6770358085632324, -5.914923667907715, -4.23749303817749, 0.005517625715583563, -10.146899223327637)
(-0.9287207722663879, 3.0283100605010986, 0.0, 0.0, 0.0, 0.0, -0.44256487488746643, 1.4196488857269287, 0.0, 5.572324752807617, -18.16986083984375, 0.0, 1000, 1000, 1000, 1000, -0.2732417583465576, 3.0235800743103027, 0.0, -0.9287207722663879, 5.646101951599121, 1.804466962814331, 0.8905959129333496, 0.013338016346096992, 2.7084007263183594, -5.876852989196777, -4.292518615722656, 0.014559537172317505, -10.15481185913086)
(-0.9337429404258728, 3.0326759815216064, 0.0, 0.0, 0.0, 0.0, -0.36622899770736694, 1.4501831531524658, 0.0, 5.602457523345947, -18.196056365966797, 0.0, 1000, 1000, 1000, 1000, -0.2953343391418457, 3.0732979774475098, 0.0, -0.9337429404258728, 5.6617279052734375, 1.7906060218811035, 0.9073237776756287, 0.0054916380904614925, 2.7034213542938232, -5.893872261047363, -4.347404479980469, 0.004287117626518011, -10.23698902130127)
(-0.9383161067962646, 3.032968521118164, 0.0, 0.0, 0.0, 0.0, -0.36622899770736694, 1.5265190601348877, 0.0, 5.629896640777588, -18.197811126708984, 0.0, 1000, 1000, 1000, 1000, -0.2498786449432373, 2.9818105697631836, 0.0, -0.9383161067962646, 5.678805351257324, 1.798837661743164, 0.9241605401039124, 0.004927380476146936, 2.7279255390167236, -5.917299270629883, -4.402532577514648, -0.003792107105255127, -10.323623657226562)
(-0.9432929754257202, 3.0351240634918213, 0.0, 0.0, 0.0, 0.0, -0.41203054785728455, 1.5112519264221191, 0.0, 5.659757614135742, -18.210744857788086, 0.0, 1000, 1000, 1000, 1000, -0.17268729209899902, 3.128811836242676, 0.0, -0.9432929754257202, 5.696322917938232, 1.8215365409851074, 0.941127598285675, 0.008898327127099037, 2.771562337875366, -5.916598796844482, -4.457711219787598, -0.0028554617892950773, -10.377165794372559)
(-0.9508918523788452, 3.033013343811035, 0.0, 0.0, 0.0, 0.0, -0.3967633545398712, 1.495984673500061, 0.0, 5.705350875854492, -18.19808006286621, 0.0, 1000, 1000, 1000, 1000, -0.2734224796295166, 2.9746179580688477, 0.0, -0.9508918523788452, 5.720028877258301, 1.8306342363357544, 0.9666720032691956, 0.007319788448512554, 2.804625988006592, -5.908219337463379, -4.540309906005859, -0.0014228165382519364, -10.449952125549316)
(-0.9551183581352234, 3.039219379425049, 0.0, 0.0, 0.0, 0.0, -0.41203054785728455, 1.4807175397872925, 0.0, 5.730710029602051, -18.23531723022461, 0.0, 1000, 1000, 1000, 1000, -0.20693469047546387, 2.988556385040283, 0.0, -0.9551183581352234, 5.7370405197143555, 1.8428221940994263, 0.9837866425514221, 0.008709768764674664, 2.8353185653686523, -5.9148101806640625, -4.595521450042725, -0.0022994577884674072, -10.5126314163208)
(-0.9596208333969116, 3.035330057144165, 0.0, 0.0, 0.0, 0.0, -0.41203054785728455, 1.465450406074524, 0.0, 5.757724761962891, -18.21198081970215, 0.0, 1000, 1000, 1000, 1000, -0.29033493995666504, 2.968550205230713, 0.0, -0.9596208333969116, 5.752084255218506, 1.8509266376495361, 1.0010088682174683, 0.008360415697097778, 2.8602957725524902, -5.903229236602783, -4.650657653808594, 0.0017508149612694979, -10.552136421203613)
(-0.9642899036407471, 3.0309484004974365, 0.0, 0.0, 0.0, 0.0, -0.41203054785728455, 1.4501831531524658, 0.0, 5.785739421844482, -18.18568992614746, 0.0, 1000, 1000, 1000, 1000, -0.15146613121032715, 2.896554470062256, 0.0, -0.9642899036407471, 5.766628742218018, 1.8593310117721558, 1.01832914352417, 0.007862168364226818, 2.8855223655700684, -5.8907623291015625, -4.705772399902344, 0.005760961677879095, -10.590773582458496)
(-0.967616081237793, 3.0320942401885986, 0.0, 0.0, 0.0, 0.0, -0.350961834192276, 1.4349160194396973, 0.0, 5.805696487426758, -18.19256591796875, 0.0, 1000, 1000, 1000, 1000, -0.31499457359313965, 3.1466798782348633, 0.0, -0.967616081237793, 5.782208442687988, 1.8469974994659424, 1.0356193780899048, 0.0018196344608440995, 2.8844363689422607, -5.88824462890625, -4.760858535766602, 0.005946630146354437, -10.643157005310059)
(-0.9738914966583252, 3.0355873107910156, 0.0, 0.0, 0.0, 0.0, -0.3967633545398712, 1.4501831531524658, 0.0, 5.843348979949951, -18.213523864746094, 0.0, 1000, 1000, 1000, 1000, -0.26496267318725586, 2.981746196746826, 0.0, -0.9738914966583252, 5.795900821685791, 1.872033715248108, 1.0531136989593506, 0.00678196270018816, 2.931929349899292, -5.899112224578857, -4.815872669219971, 0.00094981788424775, -10.714035034179688)
(-0.9779084920883179, 3.0225677490234375, 0.0, 0.0, 0.0, 0.0, -0.3814961910247803, 1.4501831531524658, 0.0, 5.867450714111328, -18.135406494140625, 0.0, 1000, 1000, 1000, 1000, -0.20193052291870117, 2.928861618041992, 0.0, -0.9779084920883179, 5.808133602142334, 1.8746840953826904, 1.0706380605697632, 0.004757112357765436, 2.9500792026519775, -5.875677108764648, -4.870800495147705, 0.007047474384307861, -10.73943042755127)
(-0.9885607957839966, 3.0236480236053467, 0.0, 0.0, 0.0, 0.0, -0.41203054785728455, 1.495984673500061, 0.0, 5.931365013122559, -18.141887664794922, 0.0, 1000, 1000, 1000, 1000, -0.2611525058746338, 3.031869888305664, 0.0, -0.9885607957839966, 5.835604667663574, 1.9030187129974365, 1.1059868335723877, 0.007854223251342773, 3.016859769821167, -5.891361713409424, -4.980533599853516, -0.0016473650466650724, -10.873542785644531)
(-0.9943632483482361, 3.018688440322876, 0.0, 0.0, 0.0, 0.0, -0.3814961910247803, 1.465450406074524, 0.0, 5.966179370880127, -18.112131118774414, 0.0, 1000, 1000, 1000, 1000, -0.34126758575439453, 3.0597472190856934, 0.0, -0.9943632483482361, 5.848454475402832, 1.9043025970458984, 1.1238267421722412, 0.004628270864486694, 3.0327577590942383, -5.873274326324463, -5.035328388214111, 0.00280015473254025, -10.905802726745605)
(-0.9991554617881775, 3.02709698677063, 0.0, 0.0, 0.0, 0.0, -0.4272977113723755, 1.4807175397872925, 0.0, 5.994932651519775, -18.162582397460938, 0.0, 1000, 1000, 1000, 1000, -0.249359130859375, 3.1018381118774414, 0.0, -0.9991554617881775, 5.862832546234131, 1.9266691207885742, 1.1416981220245361, 0.009564200416207314, 3.0779314041137695, -5.892989635467529, -5.090242385864258, -0.003796052886173129, -10.987028121948242)
(-1.0027135610580444, 3.0383212566375732, 0.0, 0.0, 0.0, 0.0, -0.3814961910247803, 1.465450406074524, 0.0, 6.0162811279296875, -18.22992706298828, 0.0, 1000, 1000, 1000, 1000, -0.249161958694458, 3.146833896636963, 0.0, -1.0027135610580444, 5.8773980140686035, 1.9193332195281982, 1.1596494913101196, 0.004122755024582148, 3.0831055641174316, -5.908613204956055, -5.145315647125244, -0.006970614194869995, -11.06089973449707)
(-1.0060737133026123, 3.038853645324707, 0.0, 0.0, 0.0, 0.0, -0.350961834192276, 1.465450406074524, 0.0, 6.036442279815674, -18.233121871948242, 0.0, 1000, 1000, 1000, 1000, -0.2670009136199951, 2.926578998565674, 0.0, -1.0060737133026123, 5.890455722808838, 1.9162211418151855, 1.1776052713394165, 0.0011076390510424972, 3.0949342250823975, -5.909571647644043, -5.200510501861572, -0.004395991563796997, -11.11447811126709)
(-1.0097101926803589, 3.0364301204681396, 0.0, 0.0, 0.0, 0.0, -0.36622899770736694, 1.4501831531524658, 0.0, 6.058260917663574, -18.21858024597168, 0.0, 1000, 1000, 1000, 1000, -0.38764190673828125, 3.092888832092285, 0.0, -1.0097101926803589, 5.902808666229248, 1.92734694480896, 1.1956408023834229, 0.0027368576265871525, 3.1257247924804688, -5.900629043579102, -5.255613327026367, -0.0005080044502392411, -11.156750679016113)
(-1.0176199674606323, 3.050189971923828, 0.0, 0.0, 0.0, 0.0, -0.3967633545398712, 1.495984673500061, 0.0, 6.105719566345215, -18.30113983154297, 0.0, 1000, 1000, 1000, 1000, -0.3526606559753418, 3.0497498512268066, 0.0, -1.0176199674606323, 5.9236249923706055, 1.950744867324829, 1.222969651222229, 0.005693420767784119, 3.179407835006714, -5.9391374588012695, -5.338620662689209, -0.008845716714859009, -11.286603927612305)
(-1.0205668210983276, 3.047315835952759, 0.0, 0.0, 0.0, 0.0, -0.3814961910247803, 1.465450406074524, 0.0, 6.123400688171387, -18.28389549255371, 0.0, 1000, 1000, 1000, 1000, -0.20951032638549805, 3.0719685554504395, 0.0, -1.0205668210983276, 5.936219692230225, 1.9514691829681396, 1.2411754131317139, 0.00401214649900794, 3.1966567039489746, -5.924803733825684, -5.393993854522705, -0.001622229814529419, -11.320419311523438)
(-1.0236217975616455, 3.0512988567352295, 0.0, 0.0, 0.0, 0.0, -0.3967633545398712, 1.4349160194396973, 0.0, 6.141730785369873, -18.30779266357422, 0.0, 1000, 1000, 1000, 1000, -0.21977758407592773, 3.103637218475342, 0.0, -1.0236217975616455, 5.947678089141846, 1.9615482091903687, 1.259408712387085, 0.005987229757010937, 3.2269442081451416, -5.922812461853027, -5.449230194091797, -0.0010450482368469238, -11.373087882995605)
(-1.0281732082366943, 3.0524277687072754, 0.0, 0.0, 0.0, 0.0, -0.3967633545398712, 1.4501831531524658, 0.0, 6.169039249420166, -18.31456756591797, 0.0, 1000, 1000, 1000, 1000, -0.3248271942138672, 3.0865039825439453, 0.0, -1.0281732082366943, 5.9663496017456055, 1.9697407484054565, 1.2869106531143188, 0.005577209405601025, 3.2622287273406982, -5.929425239562988, -5.532367706298828, -0.0004275381506886333, -11.462220191955566)
(-1.0314499139785767, 3.0525574684143066, 0.0, 0.0, 0.0, 0.0, -0.3967633545398712, 1.4807175397872925, 0.0, 6.188699722290039, -18.315345764160156, 0.0, 1000, 1000, 1000, 1000, -0.33949804306030273, 3.039780616760254, 0.0, -1.0314499139785767, 5.978128433227539, 1.9756388664245605, 1.305277943611145, 0.00596179673448205, 3.2868785858154297, -5.93881893157959, -5.58775520324707, -0.0029310048557817936, -11.529504776000977)
(-1.034656286239624, 3.067612409591675, 0.0, 0.0, 0.0, 0.0, -0.4272977113723755, 1.465450406074524, 0.0, 6.207937717437744, -18.40567398071289, 0.0, 1000, 1000, 1000, 1000, -0.14803075790405273, 3.0388336181640625, 0.0, -1.034656286239624, 5.991489410400391, 1.9905705451965332, 1.3237342834472656, 0.008927589282393456, 3.323232412338257, -5.961337089538574, -5.643311977386475, -0.008072668686509132, -11.612722396850586)
(-1.0366474390029907, 3.047957181930542, 0.0, 0.0, 0.0, 0.0, -0.33569467067718506, 1.5112519264221191, 0.0, 6.219884872436523, -18.287742614746094, 0.0, 1000, 1000, 1000, 1000, -0.2685248851776123, 2.991580009460449, 0.0, -1.0366474390029907, 6.001483917236328, 1.9666738510131836, 1.3422304391860962, -0.001359874033369124, 3.307544469833374, -5.939698219299316, -5.698753833770752, -0.00037536025047302246, -11.638827323913574)
(-1.039512276649475, 3.0413146018981934, 0.0, 0.0, 0.0, 0.0, -0.3814961910247803, 1.5112519264221191, 0.0, 6.23707389831543, -18.247886657714844, 0.0, 1000, 1000, 1000, 1000, -0.3121604919433594, 2.9564247131347656, 0.0, -1.039512276649475, 6.012492656707764, 1.9855711460113525, 1.3607720136642456, 0.0033038645051419735, 3.349647045135498, -5.927741527557373, -5.7540507316589355, 0.0021508156787604094, -11.679640769958496)
(-1.0428463220596313, 3.0420713424682617, 0.0, 0.0, 0.0, 0.0, -0.32042747735977173, 1.4807175397872925, 0.0, 6.257078170776367, -18.25242805480957, 0.0, 1000, 1000, 1000, 1000, -0.30988121032714844, 3.0565690994262695, 0.0, -1.0428463220596313, 6.023569107055664, 1.9732517004013062, 1.37932550907135, -0.002349126385524869, 3.3502280712127686, -5.919943332672119, -5.8092427253723145, 0.0024862170685082674, -11.726699829101562)
(-1.0465842485427856, 3.035543918609619, 0.0, 0.0, 0.0, 0.0, -0.3967633545398712, 1.4807175397872925, 0.0, 6.279505729675293, -18.21326446533203, 0.0, 1000, 1000, 1000, 1000, -0.25440406799316406, 3.0400404930114746, 0.0, -1.0465842485427856, 6.03324556350708, 2.002880811691284, 1.3980194330215454, 0.005301657132804394, 3.4062018394470215, -5.908194541931152, -5.864363193511963, 0.004045659210532904, -11.768511772155762)
(-1.0512752532958984, 3.027395009994507, 0.0, 0.0, 0.0, 0.0, -0.44256487488746643, 1.495984673500061, 0.0, 6.307651519775391, -18.164369583129883, 0.0, 1000, 1000, 1000, 1000, -0.2795865535736084, 3.0867056846618652, 0.0, -1.0512752532958984, 6.0420613288879395, 2.0250649452209473, 1.4168343544006348, 0.009673252701759338, 3.4515724182128906, -5.898106575012207, -5.919241905212402, 0.002902501728385687, -11.814445495605469)
(-1.0526174306869507, 3.029078483581543, 0.0, 0.0, 0.0, 0.0, -0.3814961910247803, 1.5112519264221191, 0.0, 6.315704345703125, -18.174470901489258, 0.0, 1000, 1000, 1000, 1000, -0.2378559112548828, 3.0969014167785645, 0.0, -1.0526174306869507, 6.052587985992432, 2.009160280227661, 1.4355711936950684, 0.00294131925329566, 3.4476728439331055, -5.905716896057129, -5.974246025085449, -0.001235401607118547, -11.881197929382324)
(-1.0551046133041382, 3.034637928009033, 0.0, 0.0, 0.0, 0.0, -0.32042747735977173, 1.465450406074524, 0.0, 6.33062744140625, -18.207828521728516, 0.0, 1000, 1000, 1000, 1000, -0.24759507179260254, 3.09683895111084, 0.0, -1.0551046133041382, 6.064132213592529, 1.995316505432129, 1.4542944431304932, -0.002446121070533991, 3.44716477394104, -5.901983737945557, -6.029375076293945, 0.0005380928632803261, -11.93082046508789)
(-1.0573642253875732, 3.034057140350342, 0.0, 0.0, 0.0, 0.0, -0.3814961910247803, 1.4501831531524658, 0.0, 6.3441853523254395, -18.204341888427734, 0.0, 1000, 1000, 1000, 1000, -0.26535987854003906, 3.1651320457458496, 0.0, -1.0573642253875732, 6.072908401489258, 2.017704486846924, 1.473107099533081, 0.003790083574131131, 3.4946017265319824, -5.896357536315918, -6.084322929382324, 0.0006002247100695968, -11.980080604553223)
(-1.0616507530212402, 3.038193941116333, 0.0, 0.0, 0.0, 0.0, -0.3814961910247803, 1.465450406074524, 0.0, 6.369904518127441, -18.229164123535156, 0.0, 1000, 1000, 1000, 1000, -0.4049041271209717, 3.0377097129821777, 0.0, -1.0616507530212402, 6.082208156585693, 2.0254201889038086, 1.4920334815979004, 0.003977191634476185, 3.5214309692382812, -5.908384323120117, -6.139404773712158, -0.00325128436088562, -12.051040649414062)
(-1.0623093843460083, 3.025911569595337, 0.0, 0.0, 0.0, 0.0, -0.350961834192276, 1.4807175397872925, 0.0, 6.373856544494629, -18.15546989440918, 0.0, 1000, 1000, 1000, 1000, -0.13196921348571777, 2.8536224365234375, 0.0, -1.0623093843460083, 6.09082555770874, 2.0174455642700195, 1.5109212398529053, 9.821653657127172e-05, 3.5284650325775146, -5.89085578918457, -6.194459438323975, 0.002780443523079157, -12.082534790039062)
(-1.0719741582870483, 3.026125192642212, 0.0, 0.0, 0.0, 0.0, -0.3967633545398712, 1.5417863130569458, 0.0, 6.431844711303711, -18.15675163269043, 0.0, 1000, 1000, 1000, 1000, -0.2383112907409668, 3.1286253929138184, 0.0, -1.0719741582870483, 6.125021934509277, 2.0485823154449463, 1.5776082277297974, 0.0039288075640797615, 3.6301193237304688, -5.9095611572265625, -6.385993003845215, -0.012169772759079933, -12.307723999023438)
(-1.0751585960388184, 3.0299155712127686, 0.0, 0.0, 0.0, 0.0, -0.36622899770736694, 1.4349160194396973, 0.0, 6.45095157623291, -18.179492950439453, 0.0, 1000, 1000, 1000, 1000, -0.26562023162841797, 2.968371868133545, 0.0, -1.0751585960388184, 6.139180660247803, 2.045154094696045, 1.606310248374939, 0.0006176501628942788, 3.6520819664001465, -5.884322643280029, -6.468576908111572, 0.0005199432489462197, -12.35237979888916)
(-1.0769494771957397, 3.0238559246063232, 0.0, 0.0, 0.0, 0.0, -0.36622899770736694, 1.495984673500061, 0.0, 6.461696624755859, -18.14313507080078, 0.0, 1000, 1000, 1000, 1000, -0.2807133197784424, 3.105041980743408, 0.0, -1.0769494771957397, 6.149217128753662, 2.048377752304077, 1.625447392463684, 0.0009532064432278275, 3.6747782230377197, -5.891736030578613, -6.523626327514648, -0.0007518231868743896, -12.416114807128906)
(-1.0792722702026367, 3.024190664291382, 0.0, 0.0, 0.0, 0.0, -0.33569467067718506, 1.495984673500061, 0.0, 6.47563362121582, -18.145143508911133, 0.0, 1000, 1000, 1000, 1000, -0.14203786849975586, 2.9757118225097656, 0.0, -1.0792722702026367, 6.1611328125, 2.04339861869812, 1.6542009115219116, -0.0019013702403753996, 3.6956980228424072, -5.892338752746582, -6.6060051918029785, -0.0019045531516894698, -12.500248908996582)
(-1.082401990890503, 3.0313212871551514, 0.0, 0.0, 0.0, 0.0, -0.3814961910247803, 1.5112519264221191, 0.0, 6.494411945343018, -18.18792724609375, 0.0, 1000, 1000, 1000, 1000, -0.22203826904296875, 3.125338077545166, 0.0, -1.082401990890503, 6.1712117195129395, 2.062772274017334, 1.67349112033844, 0.002771270228549838, 3.73903489112854, -5.909753799438477, -6.6610565185546875, -0.006621188018471003, -12.577431678771973)
(-1.0870014429092407, 3.0291101932525635, 0.0, 0.0, 0.0, 0.0, -0.3967633545398712, 1.4196488857269287, 0.0, 6.522008895874023, -18.17466163635254, 0.0, 1000, 1000, 1000, 1000, -0.3246879577636719, 2.9798460006713867, 0.0, -1.0870014429092407, 6.178574562072754, 2.075631618499756, 1.6928611993789673, 0.0047475011087954044, 3.773240327835083, -5.878293037414551, -6.716050624847412, 0.004467910621315241, -12.589876174926758)
(-1.0898672342300415, 3.020542621612549, 0.0, 0.0, 0.0, 0.0, -0.3814961910247803, 1.5112519264221191, 0.0, 6.539203643798828, -18.12325668334961, 0.0, 1000, 1000, 1000, 1000, -0.34296512603759766, 2.9579224586486816, 0.0, -1.0898672342300415, 6.189852237701416, 2.0762100219726562, 1.7219429016113281, 0.0024808496236801147, 3.800633668899536, -5.890352249145508, -6.798394680023193, -0.0012837887043133378, -12.690031051635742)
(-1.0932377576828003, 3.0264217853546143, 0.0, 0.0, 0.0, 0.0, -0.36622899770736694, 1.4349160194396973, 0.0, 6.559426307678223, -18.158531188964844, 0.0, 1000, 1000, 1000, 1000, -0.3410634994506836, 3.104771137237549, 0.0, -1.0932377576828003, 6.197968482971191, 2.0776965618133545, 1.7414170503616333, 0.0009051173692569137, 3.820018768310547, -5.8780341148376465, -6.853244781494141, 0.001807433320209384, -12.729471206665039)
(-1.0951206684112549, 3.032731533050537, 0.0, 0.0, 0.0, 0.0, -0.33569467067718506, 1.4349160194396973, 0.0, 6.570724010467529, -18.196388244628906, 0.0, 1000, 1000, 1000, 1000, -0.2980051040649414, 3.019857406616211, 0.0, -1.0951206684112549, 6.207858562469482, 2.071925640106201, 1.7608370780944824, -0.0018126219511032104, 3.8309500217437744, -5.88939094543457, -6.908390998840332, 0.0008034765487536788, -12.796978950500488)
(-1.096597671508789, 3.031801700592041, 0.0, 0.0, 0.0, 0.0, -0.36622899770736694, 1.4807175397872925, 0.0, 6.579586029052734, -18.190811157226562, 0.0, 1000, 1000, 1000, 1000, -0.15635943412780762, 3.0189785957336426, 0.0, -1.096597671508789, 6.215854644775391, 2.083744525909424, 1.7803070545196533, 0.0013024508953094482, 3.865354061126709, -5.901458263397217, -6.963464736938477, -0.0023074268829077482, -12.867230415344238)