
(2.9637906551361084, -1.1366320848464966, 0.0, -1.0, 0.0, 0.0, -0.39667174220085144, 1.2822595834732056, 0.0, -23.782743453979492, 6.819792747497559, 0.0, 1000, 1000, 1000, 1000, 3.7651901245117188, -3.2720084190368652, 0.0, 2.9637906551361084, -1.1366320848464966, -7.01582145690918, -0.7548845410346985, 0.06729020923376083, -7.703415870666504, 1.6612600088119507, 0.2891501784324646, 0.19583173096179962, 2.1462419033050537)
(2.949497938156128, -1.098998785018921, 0.0, -1.0, 0.0, 0.0, -0.4272060990333557, 1.175389289855957, 0.0, -23.69698715209961, 6.593992710113525, 0.0, 1000, 1000, 1000, 1000, 3.7917025089263916, -3.2507615089416504, 0.0, 2.949497938156128, -1.098998785018921, -6.980934143066406, -0.7791003584861755, -0.038984514772892, -7.7990193367004395, 1.6255810260772705, 0.29482385516166687, 0.07235181331634521, 1.992756724357605)
(2.9321155548095703, -1.0676990747451782, 0.0, -1.0, 0.0, 0.0, -0.5188091397285461, 1.4196641445159912, 0.0, -23.592693328857422, 6.406194686889648, 0.0, 1000, 1000, 1000, 1000, 3.2322802543640137, -4.153931617736816, 0.0, 2.9321155548095703, -1.0676990747451782, -6.922165393829346, -0.8032452464103699, 0.18772943317890167, -7.5376811027526855, 1.4959590435028076, 0.3002919852733612, -0.5420247316360474, 1.2542263269424438)
(2.919013023376465, -1.0388917922973633, 0.0, -1.0, 0.0, 0.0, -0.595145046710968, 1.175389289855957, 0.0, -23.51407814025879, 6.23335075378418, 0.0, 1000, 1000, 1000, 1000, 3.290926218032837, -4.092308521270752, 0.0, 2.919013023376465, -1.0388917922973633, -6.875679969787598, -0.8272532820701599, -0.0026414156891405582, -7.705574989318848, 1.5173884630203247, 0.3046089708805084, 0.15165160596370697, 1.973649024963379)
(2.903918504714966, -1.0111817121505737, 0.0, -1.0, 0.0, 0.0, -0.6104122400283813, 1.05325186252594, 0.0, -23.423511505126953, 6.067090034484863, 0.0, 1000, 1000, 1000, 1000, 3.817815065383911, -4.431530475616455, 0.0, 2.903918504714966, -1.0111817121505737, -6.843929767608643, -0.8492448329925537, 0.031626034528017044, -7.661548614501953, 1.504151463508606, 0.30970844626426697, 0.18433167040348053, 1.9981915950775146)
(2.894460916519165, -0.981623649597168, 0.0, -1.0, 0.0, 0.0, -0.39667174220085144, 1.1448549032211304, 0.0, -23.36676597595215, 5.889741897583008, 0.0, 1000, 1000, 1000, 1000, 3.7479779720306396, -4.442104339599609, 0.0, 2.894460916519165, -0.981623649597168, -6.89102840423584, -0.8731443881988525, -0.06182706356048584, -7.825999736785889, 1.4234660863876343, 0.31464624404907227, 0.010168629698455334, 1.7482808828353882)
(2.881070613861084, -0.9591919779777527, 0.0, -1.0, 0.0, 0.0, -0.5035420060157776, 1.1906565427780151, 0.0, -23.286422729492188, 5.755151748657227, 0.0, 1000, 1000, 1000, 1000, 3.4781975746154785, -3.819502830505371, 0.0, 2.881070613861084, -0.9591919779777527, -6.834864139556885, -0.8968983292579651, 0.31033533811569214, -7.421427249908447, 1.3693485260009766, 0.3194601535797119, 0.10501164197921753, 1.7938202619552612)
(2.869511842727661, -0.9360602498054504, 0.0, -1.0, 0.0, 0.0, -0.3356030583381653, 1.251725196838379, 0.0, -23.217071533203125, 5.616361618041992, 0.0, 1000, 1000, 1000, 1000, 3.203580856323242, -3.4536280632019043, 0.0, 2.869511842727661, -0.9360602498054504, -6.864440441131592, -0.920628547668457, -0.03427619859576225, -7.819344997406006, 1.309390902519226, 0.32317572832107544, -0.11706264317035675, 1.515504002571106)
(2.86444091796875, -0.9155710935592651, 0.0, -1.0, 0.0, 0.0, -0.6256793737411499, 1.2059236764907837, 0.0, -23.1866455078125, 5.493426322937012, 0.0, 1000, 1000, 1000, 1000, 4.023966312408447, -4.250001430511475, 0.0, 2.86444091796875, -0.9155710935592651, -6.768290042877197, -0.9423936605453491, 0.26324743032455444, -7.447436332702637, 1.2862508296966553, 0.3277004063129425, -0.10138875246047974, 1.5125625133514404)
(2.8576085567474365, -0.8944881558418274, 0.0, -1.0, 0.0, 0.0, -0.45774045586586, 1.1295877695083618, 0.0, -23.14565086364746, 5.366929054260254, 0.0, 1000, 1000, 1000, 1000, 3.636570453643799, -4.018758296966553, 0.0, 2.8576085567474365, -0.8944881558418274, -6.806373119354248, -0.9660462141036987, -0.0793817788362503, -7.851800918579102, 1.2712024450302124, 0.3320990204811096, -0.05897119268774986, 1.5443302392959595)
(2.848098039627075, -0.8715344667434692, 0.0, -1.0, 0.0, 0.0, -0.2592671811580658, 1.4349312782287598, 0.0, -23.08858871459961, 5.2292070388793945, 0.0, 1000, 1000, 1000, 1000, 3.890134572982788, -4.143429279327393, 0.0, 2.848098039627075, -0.8715344667434692, -6.848796367645264, -0.9896191954612732, 0.14296309649944305, -7.6954522132873535, 1.1382827758789062, 0.33636701107025146, -0.9242720603942871, 0.5503776669502258)
(2.839028835296631, -0.8387371897697449, 0.0, -1.0, 0.0, 0.0, -0.09132824093103409, 1.05325186252594, 0.0, -23.03417205810547, 5.03242301940918, 0.0, 1000, 1000, 1000, 1000, 4.121918201446533, -3.7888731956481934, 0.0, 2.839028835296631, -0.8387371897697449, -6.8828535079956055, -1.0130932331085205, -0.10325481742620468, -7.99920129776001, 1.193751335144043, 0.34045758843421936, 0.6038990616798401, 2.138108015060425)
(2.829042434692383, -0.8215011954307556, 0.0, -1.0, 0.0, 0.0, -0.305068701505661, 1.1448549032211304, 0.0, -22.974254608154297, 4.929007053375244, 0.0, 1000, 1000, 1000, 1000, 3.6285829544067383, -4.367313385009766, 0.0, 2.829042434692383, -0.8215011954307556, -6.800755500793457, -1.0355263948440552, 0.44820883870124817, -7.388073444366455, 1.1352455615997314, 0.3436342775821686, -0.13801303505897522, 1.3408668041229248)
(2.8142478466033936, -0.8093969225883484, 0.0, -1.0, 0.0, 0.0, -0.27453434467315674, 1.068519115447998, 0.0, -22.885486602783203, 4.856381416320801, 0.0, 1000, 1000, 1000, 1000, 3.325545310974121, -4.017693996429443, 0.0, 2.8142478466033936, -0.8093969225883484, -6.783285617828369, -1.058864712715149, -0.2963164448738098, -8.138466835021973, 1.1363587379455566, 0.3475199341773987, 0.11599943786859512, 1.5998780727386475)
(2.8089945316314697, -0.7908493876457214, 0.0, -1.0, 0.0, 0.0, -0.44247329235076904, 1.05325186252594, 0.0, -22.853967666625977, 4.745096206665039, 0.0, 1000, 1000, 1000, 1000, 3.887178659439087, -3.332730770111084, 0.0, 2.8089945316314697, -0.7908493876457214, -6.723448753356934, -1.0821784734725952, 0.1714232861995697, -7.634203910827637, 1.1075533628463745, 0.3512604236602783, -0.022821005433797836, 1.43599271774292)
(2.8014934062957764, -0.773095965385437, 0.0, -1.0, 0.0, 0.0, -0.28980153799057007, 1.2669923305511475, 0.0, -22.8089599609375, 4.638575553894043, 0.0, 1000, 1000, 1000, 1000, 4.001776695251465, -3.2900900840759277, 0.0, 2.8014934062957764, -0.773095965385437, -6.7557477951049805, -1.1054489612579346, -0.05078136920928955, -7.911978244781494, 1.0114749670028687, 0.3548872768878937, 0.11740092933177948, 1.4837632179260254)
(2.794621706008911, -0.7607327103614807, 0.0, -1.0, 0.0, 0.0, -0.28980153799057007, 1.175389289855957, 0.0, -22.767730712890625, 4.564396381378174, 0.0, 1000, 1000, 1000, 1000, 4.106196403503418, -3.502323627471924, 0.0, 2.794621706008911, -0.7607327103614807, -6.74337911605835, -1.1267706155776978, 0.05421500280499458, -7.815934658050537, 1.0167021751403809, 0.35844719409942627, -0.1955813616514206, 1.1795679330825806)
(2.78070330619812, -0.7426106333732605, 0.0, -1.0, 0.0, 0.0, -0.41193893551826477, 1.3433282375335693, 0.0, -22.684219360351562, 4.455663681030273, 0.0, 1000, 1000, 1000, 1000, 3.7367591857910156, -3.2861647605895996, 0.0, 2.78070330619812, -0.7426106333732605, -6.6816840171813965, -1.1508312225341797, -0.12703759968280792, -7.959552764892578, 0.9337006211280823, 0.36202767491340637, 0.05051962286233902, 1.346247911453247)
(2.767751693725586, -0.7263592481613159, 0.0, -1.0, 0.0, 0.0, -0.5798778533935547, 1.496000051498413, 0.0, -22.606510162353516, 4.358155250549316, 0.0, 1000, 1000, 1000, 1000, 3.9102134704589844, -2.8366811275482178, 0.0, 2.767751693725586, -0.7263592481613159, -6.60798978805542, -1.1739052534103394, 0.4539760947227478, -7.327919006347656, 0.8586465716362, 0.3653618097305298, -0.9036440253257751, 0.3203643560409546)
(2.7565722465515137, -0.7146515846252441, 0.0, -1.0, 0.0, 0.0, -0.3508702218532562, 0.9921832084655762, 0.0, -22.539432525634766, 4.287909507751465, 0.0, 1000, 1000, 1000, 1000, 4.147187232971191, -1.7939077615737915, 0.0, 2.7565722465515137, -0.7146515846252441, -6.65656852722168, -1.1969650983810425, -0.2651617228984833, -8.118695259094238, 0.9887179136276245, 0.3686371445655823, 0.4039772152900696, 1.7613322734832764)
(2.74895977973938, -0.700487494468689, 0.0, -1.0, 0.0, 0.0, -0.8088855147361755, 1.709740400314331, 0.0, -22.493759155273438, 4.202924728393555, 0.0, 1000, 1000, 1000, 1000, 4.0455780029296875, -1.871437668800354, 0.0, 2.74895977973938, -0.700487494468689, -6.505462169647217, -1.2180458307266235, 0.11901669204235077, -7.604491233825684, 0.747955322265625, 0.37179434299468994, -0.6505712866783142, 0.46917834877967834)
(2.7483277320861816, -0.6941553950309753, 0.0, -1.0, 0.0, 0.0, -0.595145046710968, 1.3127938508987427, 0.0, -22.489967346191406, 4.1649322509765625, 0.0, 1000, 1000, 1000, 1000, 4.00490665435791, -2.348193645477295, 0.0, 2.7483277320861816, -0.6941553950309753, -6.568447113037109, -1.2418785095214844, 0.08933863788843155, -7.720986843109131, 0.8556415438652039, 0.3740655779838562, -0.005919316317886114, 1.223787784576416)
(2.747126579284668, -0.6906672716140747, 0.0, -1.0, 0.0, 0.0, -0.27453434467315674, 1.3433282375335693, 0.0, -22.482759475708008, 4.144003868103027, 0.0, 1000, 1000, 1000, 1000, 4.020687580108643, -3.358880043029785, 0.0, 2.747126579284668, -0.6906672716140747, -6.6624674797058105, -1.264833927154541, -0.30914658308029175, -8.236448287963867, 0.8402026891708374, 0.37715011835098267, -0.31074026226997375, 0.9066125154495239)
(2.739166736602783, -0.6807966828346252, 0.0, -1.0, 0.0, 0.0, -0.6409465670585632, 1.1143206357955933, 0.0, -22.435001373291016, 4.084780216217041, 0.0, 1000, 1000, 1000, 1000, 4.029760837554932, -3.055582046508789, 0.0, 2.739166736602783, -0.6807966828346252, -6.5382161140441895, -1.2877368927001953, -0.10167793929576874, -7.92763090133667, 0.8911378383636475, 0.3801465928554535, 0.39928144216537476, 1.6705658435821533)
(2.7345311641693115, -0.6699963212013245, 0.0, 0.0, 0.0, 0.0, -0.3356030583381653, 1.251725196838379, 0.0, -16.40718650817871, 4.019978046417236, 0.0, 1000, 1000, 1000, 1000, 3.729175567626953, -3.3960886001586914, 0.0, 2.7345311641693115, -0.6699963212013245, -4.821475028991699, -1.3079863786697388, -0.2591346204280853, -6.3885955810546875, 0.8304758667945862, 0.3830956816673279, 0.07881411164999008, 1.2923856973648071)
(2.7270495891571045, -0.6624646186828613, 0.0, -1.0, 0.0, 0.0, -0.4730076193809509, 1.3127938508987427, 0.0, -22.36229705810547, 3.974787712097168, 0.0, 1000, 1000, 1000, 1000, 3.418560266494751, -3.238935947418213, 0.0, 2.7270495891571045, -0.6624646186828613, -6.566786766052246, -1.3306180238723755, -0.07727036625146866, -7.974675178527832, 0.7985981702804565, 0.38602861762046814, -0.39649832248687744, 0.7881284952163696)
(2.7202723026275635, -0.6582707762718201, 0.0, -1.0, 0.0, 0.0, -0.27453434467315674, 1.175389289855957, 0.0, -22.32163429260254, 3.949624538421631, 0.0, 1000, 1000, 1000, 1000, 3.709895610809326, -3.375950336456299, 0.0, 2.7202723026275635, -0.6582707762718201, -6.614130020141602, -1.3533780574798584, -0.4539843797683716, -8.421492576599121, 0.8322705626487732, 0.3889181613922119, 0.08187795430421829, 1.3030667304992676)
(2.7207300662994385, -0.6646316051483154, 0.0, -1.0, 0.0, 0.0, -0.36613741517066956, 0.9616488814353943, 0.0, -22.32438087463379, 3.9877896308898926, 0.0, 1000, 1000, 1000, 1000, 3.085272789001465, -4.1576080322265625, 0.0, 2.7207300662994385, -0.6646316051483154, -6.587473392486572, -1.3762025833129883, -0.28999990224838257, -8.25367546081543, 0.907842218875885, 0.39081236720085144, 0.531387448310852, 1.8300420045852661)
(2.7220122814178467, -0.6601990461349487, 0.0, 0.0, 0.0, 0.0, -0.5035420060157776, 1.5418015718460083, 0.0, -16.332073211669922, 3.9611942768096924, 0.0, 1000, 1000, 1000, 1000, 3.312002182006836, -4.155710220336914, 0.0, 2.7220122814178467, -0.6601990461349487, -4.748559474945068, -1.397337555885315, 0.03259252384305, -6.113304615020752, 0.7258177995681763, 0.3936368525028229, -0.8395017981529236, 0.2799528241157532)
(2.720741033554077, -0.6475245356559753, 0.0, -1.0, 0.0, 0.0, -0.5493435263633728, 1.4654656648635864, 0.0, -22.324445724487305, 3.8851470947265625, 0.0, 1000, 1000, 1000, 1000, 3.633737564086914, -3.834702968597412, 0.0, 2.720741033554077, -0.6475245356559753, -6.532530784606934, -1.4198750257492065, 0.007704496383666992, -7.944701194763184, 0.7259044647216797, 0.3964011073112488, -0.30713436007499695, 0.8151711821556091)
(2.7109358310699463, -0.6323613524436951, 0.0, -1.0, 0.0, 0.0, -0.36613741517066956, 1.1143206357955933, 0.0, -22.265615463256836, 3.794167995452881, 0.0, 1000, 1000, 1000, 1000, 3.768214225769043, -3.940258502960205, 0.0, 2.7109358310699463, -0.6323613524436951, -6.569843769073486, -1.4425687789916992, -0.02379734441637993, -8.036210060119629, 0.8039541840553284, 0.3981543481349945, 0.2439965456724167, 1.4461051225662231)
(2.7070200443267822, -0.6199870109558105, 0.0, -1.0, 0.0, 0.0, -0.5646106600761414, 1.2211908102035522, 0.0, -22.24212074279785, 3.7199220657348633, 0.0, 1000, 1000, 1000, 1000, 3.1866989135742188, -3.9563775062561035, 0.0, 2.7070200443267822, -0.6199870109558105, -6.503252983093262, -1.4652342796325684, 0.14388510584831238, -7.824602127075195, 0.7496193647384644, 0.4007871747016907, -0.10199716687202454, 1.048409342765808)
(2.700693368911743, -0.6095767617225647, 0.0, 0.0, 0.0, 0.0, -0.45774045586586, 1.3891297578811646, 0.0, -16.204160690307617, 3.6574606895446777, 0.0, 1000, 1000, 1000, 1000, 3.1004245281219482, -4.080582618713379, 0.0, 2.700693368911743, -0.6095767617225647, -4.723926067352295, -1.4871764183044434, -0.350861132144928, -6.5619635581970215, 0.6804993152618408, 0.40332508087158203, 8.594989776611328e-05, 1.083910346031189)
(2.7072157859802246, -0.6052543520927429, 0.0, -1.0, 0.0, 0.0, -0.3356030583381653, 1.1143206357955933, 0.0, -22.24329376220703, 3.631525993347168, 0.0, 1000, 1000, 1000, 1000, 4.088334083557129, -3.6822566986083984, 0.0, 2.7072157859802246, -0.6052543520927429, -6.572307109832764, -1.5086400508880615, -0.2228955775499344, -8.303842544555664, 0.7551615834236145, 0.4058602452278137, 0.1546136736869812, 1.3156355619430542)
(2.7048609256744385, -0.5965909957885742, 0.0, -1.0, 0.0, 0.0, -0.6256793737411499, 1.175389289855957, 0.0, -22.22916603088379, 3.5795459747314453, 0.0, 1000, 1000, 1000, 1000, 3.855860710144043, -3.758786201477051, 0.0, 2.7048609256744385, -0.5965909957885742, -6.481046199798584, -1.531294584274292, 0.41300565004348755, -7.599335193634033, 0.7212470173835754, 0.4083862006664276, 0.025239044800400734, 1.1548722982406616)
(2.703906297683716, -0.5832400321960449, 0.0, -1.0, 0.0, 0.0, -0.45774045586586, 1.4501985311508179, 0.0, -22.223438262939453, 3.4994401931762695, 0.0, 1000, 1000, 1000, 1000, 3.7974562644958496, -3.804295063018799, 0.0, 2.703906297683716, -0.5832400321960449, -6.529709339141846, -1.553939700126648, -0.14880187809467316, -8.232450485229492, 0.6147724390029907, 0.4108005464076996, -0.6692818403244019, 0.35629114508628845)
(2.7041993141174316, -0.5744060277938843, 0.0, -1.0, 0.0, 0.0, -0.2134656459093094, 0.946381688117981, 0.0, -22.225196838378906, 3.4464361667633057, 0.0, 1000, 1000, 1000, 1000, 3.908961057662964, -4.385319232940674, 0.0, 2.7041993141174316, -0.5744060277938843, -6.603519439697266, -1.5765599012374878, -0.011316990479826927, -8.191396713256836, 0.7500163316726685, 0.41223201155662537, 0.8152430057525635, 1.9774913787841797)
(2.6962008476257324, -0.5696157217025757, 0.0, -1.0, 0.0, 0.0, -0.2592671811580658, 1.1143206357955933, 0.0, -22.177204132080078, 3.417694330215454, 0.0, 1000, 1000, 1000, 1000, 3.596957206726074, -4.077930927276611, 0.0, 2.6962008476257324, -0.5696157217025757, -6.575380802154541, -1.5972397327423096, 0.12397272884845734, -8.0486478805542, 0.6910121440887451, 0.4145713150501251, 0.012256503105163574, 1.1178399324417114)
(2.6964147090911865, -0.5675230026245117, 0.0, -1.0, 0.0, 0.0, -0.3814045786857605, 1.2211908102035522, 0.0, -22.17848777770996, 3.4051380157470703, 0.0, 1000, 1000, 1000, 1000, 3.936206817626953, -3.5906763076782227, 0.0, 2.6964147090911865, -0.5675230026245117, -6.539124965667725, -1.6198499202728271, -0.04759819433093071, -8.206573486328125, 0.6551841497421265, 0.4168780446052551, -0.1286437213420868, 0.9434184432029724)
(2.693392276763916, -0.5650109052658081, 0.0, -1.0, 0.0, 0.0, -0.44247329235076904, 1.1448549032211304, 0.0, -22.160354614257812, 3.3900654315948486, 0.0, 1000, 1000, 1000, 1000, 3.568211555480957, -3.3628482818603516, 0.0, 2.693392276763916, -0.5650109052658081, -6.515364646911621, -1.6424659490585327, 0.1534736156463623, -8.00435733795166, 0.6735631823539734, 0.41920560598373413, 0.1913808286190033, 1.2841496467590332)
(2.694500207901001, -0.5621569156646729, 0.0, -1.0, 0.0, 0.0, -0.44247329235076904, 1.251725196838379, 0.0, -22.167001724243164, 3.372941493988037, 0.0, 1000, 1000, 1000, 1000, 4.0059895515441895, -3.2124133110046387, 0.0, 2.694500207901001, -0.5621569156646729, -6.517358779907227, -1.6650493144989014, 0.31711649894714355, -7.865291595458984, 0.6363648772239685, 0.4214963912963867, -0.15757706761360168, 0.9002842307090759)
(2.6893508434295654, -0.5583561062812805, 0.0, -1.0, 0.0, 0.0, -0.39667174220085144, 1.1143206357955933, 0.0, -22.136104583740234, 3.3501367568969727, 0.0, 1000, 1000, 1000, 1000, 3.8986079692840576, -3.435372829437256, 0.0, 2.6893508434295654, -0.5583561062812805, -6.521830081939697, -1.6856791973114014, 0.06042509153485298, -8.14708423614502, 0.670744776725769, 0.42375338077545166, 0.32224005460739136, 1.4167382717132568)
(2.6903576850891113, -0.5544294714927673, 0.0, -1.0, 0.0, 0.0, -0.48827481269836426, 1.2059236764907837, 0.0, -22.142147064208984, 3.3265767097473145, 0.0, 1000, 1000, 1000, 1000, 3.8833255767822266, -3.3950319290161133, 0.0, 2.6903576850891113, -0.5544294714927673, -6.496161460876465, -1.7082757949829102, -0.06369662284851074, -8.268134117126465, 0.636195957660675, 0.4259994328022003, -0.04557913541793823, 1.0166162252426147)
(2.690260648727417, -0.5514554977416992, 0.0, -1.0, 0.0, 0.0, -0.5035420060157776, 1.3127938508987427, 0.0, -22.141563415527344, 3.3087329864501953, 0.0, 1000, 1000, 1000, 1000, 4.035979747772217, -3.212589740753174, 0.0, 2.690260648727417, -0.5514554977416992, -6.491406440734863, -1.7308791875839233, 0.14811670780181885, -8.074169158935547, 0.5987817645072937, 0.42821958661079407, -0.3095773458480835, 0.7174239754676819)
(2.6832926273345947, -0.552039623260498, 0.0, -1.0, 0.0, 0.0, -0.22873282432556152, 1.3127938508987427, 0.0, -22.099756240844727, 3.3122377395629883, 0.0, 1000, 1000, 1000, 1000, 3.971470832824707, -2.349437952041626, 0.0, 2.6832926273345947, -0.552039623260498, -6.561306953430176, -1.7534511089324951, -0.35406243801116943, -8.66882038116455, 0.5998331904411316, 0.43044909834861755, -0.3668651580810547, 0.6634171009063721)
(2.677222490310669, -0.5484395027160645, 0.0, -1.0, 0.0, 0.0, -0.5798778533935547, 1.175389289855957, 0.0, -22.063335418701172, 3.2906370162963867, 0.0, 1000, 1000, 1000, 1000, 4.2197747230529785, -1.977890133857727, 0.0, 2.677222490310669, -0.5484395027160645, -6.445037364959717, -1.773073673248291, 0.06250731647014618, -8.155603408813477, 0.634574294090271, 0.4317101240158081, -0.046677205711603165, 1.0196071863174438)
(2.682068109512329, -0.5493432283401489, 0.0, -1.0, 0.0, 0.0, -0.305068701505661, 1.068519115447998, 0.0, -22.092409133911133, 3.2960593700408936, 0.0, 1000, 1000, 1000, 1000, 3.703094959259033, -2.664958953857422, 0.0, 2.682068109512329, -0.5493432283401489, -6.5362019538879395, -1.795640468597412, -0.1753644198179245, -8.507206916809082, 0.6682620644569397, 0.4339154064655304, 0.09760595113039017, 1.199783444404602)
(2.673956871032715, -0.554839551448822, 0.0, -1.0, 0.0, 0.0, -0.44247329235076904, 1.2822595834732056, 0.0, -22.04374122619629, 3.3290371894836426, 0.0, 1000, 1000, 1000, 1000, 3.8199005126953125, -3.199428081512451, 0.0, 2.673956871032715, -0.554839551448822, -6.480380535125732, -1.8181132078170776, 0.0634126216173172, -8.23508071899414, 0.6140333414077759, 0.4361319839954376, -0.009337265975773335, 1.040827989578247)
(2.6725826263427734, -0.5517285466194153, 0.0, -1.0, 0.0, 0.0, -0.44247329235076904, 1.175389289855957, 0.0, -22.03549575805664, 3.3103713989257812, 0.0, 1000, 1000, 1000, 1000, 4.052148342132568, -2.908365249633789, 0.0, 2.6725826263427734, -0.5517285466194153, -6.477907180786133, -1.8405916690826416, 0.01673147641122341, -8.301767349243164, 0.6404946446418762, 0.43832454085350037, -0.2448098510503769, 0.8340093493461609)
(2.6738481521606445, -0.5437958836555481, 0.0, -1.0, 0.0, 0.0, -0.6409465670585632, 1.1906565427780151, 0.0, -22.043088912963867, 3.262775421142578, 0.0, 1000, 1000, 1000, 1000, 4.046812057495117, -2.9015774726867676, 0.0, 2.6738481521606445, -0.5437958836555481, -6.420642375946045, -1.8620069026947021, 0.2602998614311218, -8.02234935760498, 0.6216356158256531, 0.44055408239364624, -0.07443967461585999, 0.9877500534057617)
(2.6731510162353516, -0.537532389163971, 0.0, -1.0, -1.0, 0.0, -0.3508702218532562, 1.3280611038208008, 0.0, -22.03890609741211, -2.7748055458068848, 0.0, 1000, 1000, 1000, 1000, 3.3121185302734375, -3.0396976470947266, 0.0, 2.6731510162353516, -0.537532389163971, -6.506410598754883, -1.8845089673995972, 0.0681007131934166, -8.322818756103516, -1.2308599948883057, 0.44172152876853943, -0.07778008282184601, -0.8669185638427734)
(2.6706743240356445, -0.5399169325828552, 0.0, -1.0, 0.0, 0.0, -0.36613741517066956, 1.1143206357955933, 0.0, -22.024045944213867, 3.239501476287842, 0.0, 1000, 1000, 1000, 1000, 3.6427736282348633, -3.409228801727295, 0.0, 2.6706743240356445, -0.5399169325828552, -6.497372627258301, -1.9069814682006836, -0.2361055314540863, -8.640460014343262, 0.6375542283058167, 0.4438357949256897, -0.16949325799942017, 0.9118967652320862)
(2.6642632484436035, -0.5435822010040283, 0.0, -1.0, 0.0, 0.0, -0.8241526484489441, 1.1448549032211304, 0.0, -21.985580444335938, 3.26149320602417, 0.0, 1000, 1000, 1000, 1000, 3.4676148891448975, -3.681278705596924, 0.0, 2.6642632484436035, -0.5435822010040283, -6.348428726196289, -1.929407000541687, 0.2989531457424164, -7.978882312774658, 0.634991466999054, 0.44594570994377136, 0.4749642014503479, 1.5559014081954956)
(2.6652727127075195, -0.5440341234207153, 0.0, -1.0, 0.0, 0.0, -0.5035420060157776, 0.9005801677703857, 0.0, -21.991636276245117, 3.264204740524292, 0.0, 1000, 1000, 1000, 1000, 3.58540678024292, -4.017817497253418, 0.0, 2.6652727127075195, -0.5440341234207153, -6.446428298950195, -1.9499225616455078, -0.1012122631072998, -8.497563362121582, 0.7090873718261719, 0.4480080306529999, 0.4267588257789612, 1.5838541984558105)
(2.6579861640930176, -0.5417404770851135, 0.0, -1.0, 0.0, 0.0, -0.5798778533935547, 1.3280611038208008, 0.0, -21.947917938232422, 3.2504429817199707, 0.0, 1000, 1000, 1000, 1000, 3.881057024002075, -3.259643077850342, 0.0, 2.6579861640930176, -0.5417404770851135, -6.410411834716797, -1.9731603860855103, -0.10310492664575577, -8.486677169799805, 0.5767145752906799, 0.44922345876693726, -0.28788918256759644, 0.7380488514900208)
(2.652451276779175, -0.5279244184494019, 0.0, -1.0, 0.0, 0.0, -0.5646106600761414, 1.1448549032211304, 0.0, -21.91470718383789, 3.167546510696411, 0.0, 1000, 1000, 1000, 1000, 4.247154235839844, -3.364777088165283, 0.0, 2.652451276779175, -0.5279244184494019, -6.405028820037842, -1.9954650402069092, -0.02450258657336235, -8.424996376037598, 0.6068075299263, 0.4512512981891632, 0.34165623784065247, 1.3997150659561157)
(2.6392767429351807, -0.5263108015060425, 0.0, -1.0, 0.0, 0.0, -0.5798778533935547, 1.1906565427780151, 0.0, -21.835660934448242, 3.157864809036255, 0.0, 1000, 1000, 1000, 1000, 3.7801437377929688, -3.545868396759033, 0.0, 2.6392767429351807, -0.5263108015060425, -6.376734733581543, -2.017718553543091, 0.11202039569616318, -8.28243350982666, 0.590162456035614, 0.45328474044799805, 0.15044111013412476, 1.1938883066177368)
(2.6397969722747803, -0.5202859044075012, 0.0, -1.0, 0.0, 0.0, -0.5035420060157776, 1.068519115447998, 0.0, -21.838781356811523, 3.121715545654297, 0.0, 1000, 1000, 1000, 1000, 3.420398712158203, -3.666233539581299, 0.0, 2.6397969722747803, -0.5202859044075012, -6.400571823120117, -2.0380375385284424, -0.03473985195159912, -8.473349571228027, 0.6159589290618896, 0.4552256762981415, 0.2859428822994232, 1.3571275472640991)
(2.644382953643799, -0.5206189155578613, 0.0, -1.0, 0.0, 0.0, -0.48827481269836426, 1.1295877695083618, 0.0, -21.86629867553711, 3.123713493347168, 0.0, 1000, 1000, 1000, 1000, 3.662465810775757, -4.063751697540283, 0.0, 2.644382953643799, -0.5206189155578613, -6.413406848907471, -2.06117844581604, -0.3386138081550598, -8.813199043273926, 0.5982376933097839, 0.45728373527526855, 0.09769748151302338, 1.1532188653945923)
(2.647395610809326, -0.5206543803215027, 0.0, -1.0, -1.0, 0.0, -0.3508702218532562, 1.1601221561431885, 0.0, -21.88437271118164, -2.8760738372802734, 0.0, 1000, 1000, 1000, 1000, 3.9034154415130615, -3.682511806488037, 0.0, 2.647395610809326, -0.5206543803215027, -6.460050582885742, -2.0835065841674805, 0.05771436542272568, -8.48584270477295, -1.210858702659607, 0.45832088589668274, 0.26098912954330444, -0.49154871702194214)
(2.65417218208313, -0.5185567736625671, 0.0, -1.0, 0.0, 0.0, -0.5035420060157776, 1.2364580631256104, 0.0, -21.925033569335938, 3.1113405227661133, 0.0, 1000, 1000, 1000, 1000, 3.3452796936035156, -3.98812198638916, 0.0, 2.65417218208313, -0.5185567736625671, -6.42644739151001, -2.105848550796509, 0.13775892555713654, -8.394536972045898, 0.562464714050293, 0.4603472650051117, -0.39963293075561523, 0.6231790781021118)
(2.6481664180755615, -0.5148897767066956, 0.0, 0.0, 0.0, 0.0, -0.3814045786857605, 0.9769160151481628, 0.0, -15.888998031616211, 3.089338779449463, 0.0, 1000, 1000, 1000, 1000, 3.388571262359619, -4.553281784057617, 0.0, 2.6481664180755615, -0.5148897767066956, -4.652277946472168, -2.1262221336364746, -0.27430570125579834, -7.0528059005737305, 0.6337268352508545, 0.4623240828514099, 0.347561240196228, 1.4436120986938477)
(2.6457769870758057, -0.5143939852714539, 0.0, -1.0, 0.0, 0.0, -0.27453434467315674, 1.2059236764907837, 0.0, -21.874662399291992, 3.0863637924194336, 0.0, 1000, 1000, 1000, 1000, 3.6328353881835938, -4.797550678253174, 0.0, 2.6457769870758057, -0.5143939852714539, -6.480038642883301, -2.148528575897217, -0.1547051966190338, -8.783271789550781, 0.564132034778595, 0.46429091691970825, 0.12832273542881012, 1.1567456722259521)
(2.6389212608337402, -0.516562819480896, 0.0, -1.0, 0.0, 0.0, -0.3814045786857605, 1.068519115447998, 0.0, -21.833526611328125, 3.099376916885376, 0.0, 1000, 1000, 1000, 1000, 3.468895196914673, -3.6349191665649414, 0.0, 2.6389212608337402, -0.516562819480896, -6.435636520385742, -2.171600818634033, 0.0020514726638793945, -8.605185508728027, 0.6092573404312134, 0.4663545489311218, 0.30685192346572876, 1.382463812828064)
(2.6362786293029785, -0.5157226324081421, 0.0, -1.0, 0.0, 0.0, -0.5188091397285461, 1.251725196838379, 0.0, -21.817672729492188, 3.0943357944488525, 0.0, 1000, 1000, 1000, 1000, 3.963275194168091, -3.6978626251220703, 0.0, 2.6362786293029785, -0.5157226324081421, -6.389659404754639, -2.1938188076019287, 0.08494512736797333, -8.498533248901367, 0.552783191204071, 0.4683549702167511, -0.16999739408493042, 0.8511407375335693)
(2.6388213634490967, -0.5137916803359985, 0.0, 0.0, 0.0, 0.0, -0.41193893551826477, 1.251725196838379, 0.0, -15.832927703857422, 3.082750082015991, 0.0, 1000, 1000, 1000, 1000, 3.629384994506836, -3.926137924194336, 0.0, 2.6388213634490967, -0.5137916803359985, -4.626296520233154, -2.2148611545562744, 0.043374620378017426, -6.797783374786377, 0.5493074655532837, 0.47033488750457764, -0.01650378108024597, 1.003138542175293)
(2.6370749473571777, -0.5133804678916931, 0.0, -1.0, 0.0, 0.0, -0.4272060990333557, 1.068519115447998, 0.0, -21.82244873046875, 3.080282688140869, 0.0, 1000, 1000, 1000, 1000, 3.6094179153442383, -3.759092330932617, 0.0, 2.6370749473571777, -0.5133804678916931, -6.418572902679443, -2.2363946437835693, -0.1907915621995926, -8.845758438110352, 0.6035290956497192, 0.4722974896430969, 0.24487373232841492, 1.3207002878189087)
(2.640751600265503, -0.5088279843330383, 0.0, -1.0, 0.0, 0.0, -0.3356030583381653, 1.3127938508987427, 0.0, -21.84450912475586, 3.0529680252075195, 0.0, 1000, 1000, 1000, 1000, 4.016406059265137, -4.018285274505615, 0.0, 2.640751600265503, -0.5088279843330383, -6.452671527862549, -2.258681535720825, 0.03368420526385307, -8.677669525146484, 0.5220522284507751, 0.4742356240749359, -0.017433885484933853, 0.9788540005683899)
(2.6341564655303955, -0.5069534182548523, 0.0, -1.0, -1.0, 0.0, -0.3508702218532562, 1.0837862491607666, 0.0, -21.80493927001953, -2.958279609680176, 0.0, 1000, 1000, 1000, 1000, 3.964573621749878, -3.21036958694458, 0.0, 2.6341564655303955, -0.5069534182548523, -6.436220645904541, -2.2808706760406494, -0.07178322970867157, -8.788874626159668, -1.212619662284851, 0.4754442870616913, 0.3205995261669159, -0.4165758788585663)
(2.6279430389404297, -0.4996294677257538, 0.0, 0.0, 0.0, 0.0, -0.28980153799057007, 1.6486717462539673, 0.0, -15.767658233642578, 2.997776746749878, 0.0, 1000, 1000, 1000, 1000, 4.104761123657227, -2.583165407180786, 0.0, 2.6279430389404297, -0.4996294677257538, -4.643356800079346, -2.302791118621826, 8.173574447631836, 1.2274264097213745, 0.40473151206970215, 0.47710612416267395, -0.6540180444717407, 0.227819561958313)
(2.6313107013702393, -0.4976631999015808, 0.0, -1.0, 0.0, 0.0, -0.1829313039779663, 1.068519115447998, 0.0, -21.787864685058594, 2.9859790802001953, 0.0, 1000, 1000, 1000, 1000, 3.9034266471862793, -2.5404231548309326, 0.0, 2.6313107013702393, -0.4976631999015808, -6.481479644775391, -2.3233323097229004, -0.20609936118125916, -9.01091194152832, 0.5752379894256592, 0.47905203700065613, 0.16050148010253906, 1.2147915363311768)
(2.6336021423339844, -0.49738049507141113, 0.0, -1.0, 0.0, 0.0, -0.3814045786857605, 1.3127938508987427, 0.0, -21.801612854003906, 2.984282970428467, 0.0, 1000, 1000, 1000, 1000, 3.724310874938965, -3.208268165588379, 0.0, 2.6336021423339844, -0.49738049507141113, -6.42606258392334, -2.3455471992492676, 0.2755201756954193, -8.496088981628418, 0.5014467239379883, 0.48094895482063293, -0.41561007499694824, 0.5667856335639954)
(2.631408452987671, -0.49819105863571167, 0.0, -1.0, 0.0, 0.0, -0.4730076193809509, 1.3433282375335693, 0.0, -21.788450241088867, 2.9891462326049805, 0.0, 1000, 1000, 1000, 1000, 3.8135504722595215, -3.3163704872131348, 0.0, 2.631408452987671, -0.49819105863571167, -6.394632816314697, -2.3677456378936768, 0.23508019745349884, -8.527297973632812, 0.4937453866004944, 0.4828112721443176, -0.3082161247730255, 0.6683405637741089)
(2.623673677444458, -0.4953450858592987, 0.0, -1.0, 0.0, 0.0, -0.6104122400283813, 1.3433282375335693, 0.0, -21.742042541503906, 2.9720704555511475, 0.0, 1000, 1000, 1000, 1000, 3.6480636596679688, -2.734379768371582, 0.0, 2.623673677444458, -0.4953450858592987, -6.339488983154297, -2.389859676361084, 0.24350953102111816, -8.485838890075684, 0.48862266540527344, 0.4846835136413574, -0.04010266065597534, 0.9332035183906555)
(2.629303455352783, -0.4852856397628784, 0.0, -1.0, 0.0, 0.0, -0.3356030583381653, 1.251725196838379, 0.0, -21.775821685791016, 2.9117138385772705, 0.0, 1000, 1000, 1000, 1000, 4.039942741394043, -3.119413375854492, 0.0, 2.629303455352783, -0.4852856397628784, -6.432065486907959, -2.4101614952087402, 0.07584480941295624, -8.766382217407227, 0.49799659848213196, 0.48550328612327576, 0.24825793504714966, 1.2317578792572021)
(2.6292977333068848, -0.4797447621822357, 0.0, -1.0, 0.0, 0.0, -0.2592671811580658, 1.2669923305511475, 0.0, -21.775787353515625, 2.8784685134887695, 0.0, 1000, 1000, 1000, 1000, 3.690690517425537, -2.905487537384033, 0.0, 2.6292977333068848, -0.4797447621822357, -6.4549560546875, -2.432389259338379, -0.28484252095222473, -9.172187805175781, 0.48344284296035767, 0.48726433515548706, 0.1158648431301117, 1.0865720510482788)
(2.6303749084472656, -0.48229077458381653, 0.0, -1.0, 0.0, 0.0, -0.3356030583381653, 1.0837862491607666, 0.0, -21.782249450683594, 2.893744707107544, 0.0, 1000, 1000, 1000, 1000, 4.0882887840271, -3.362030506134033, 0.0, 2.6303749084472656, -0.48229077458381653, -6.433993816375732, -2.454590320587158, 0.07505051791667938, -8.813533782958984, 0.5429875254631042, 0.4890519082546234, -0.03979044407606125, 0.9922490119934082)
(2.6258578300476074, -0.48460572957992554, 0.0, -1.0, 0.0, 0.0, -0.5798778533935547, 1.4349312782287598, 0.0, -21.755146026611328, 2.9076342582702637, 0.0, 1000, 1000, 1000, 1000, 3.231783866882324, -3.0300841331481934, 0.0, 2.6258578300476074, -0.48460572957992554, -6.352580547332764, -2.4768121242523193, 0.014158057980239391, -8.815234184265137, 0.4418109059333801, 0.49077463150024414, -0.20978404581546783, 0.7228014469146729)
(2.6346898078918457, -0.49370190501213074, 0.0, -1.0, 0.0, 0.0, -0.5340763330459595, 0.9616488814353943, 0.0, -21.80813980102539, 2.9622113704681396, 0.0, 1000, 1000, 1000, 1000, 3.7776734828948975, -2.9547762870788574, 0.0, 2.6346898078918457, -0.49370190501213074, -6.382218837738037, -2.497164011001587, 0.1528070718050003, -8.72657585144043, 0.6001687049865723, 0.49256616830825806, 0.38577258586883545, 1.4785075187683105)
(2.6398508548736572, -0.48399943113327026, 0.0, -1.0, 0.0, 0.0, -0.6714808940887451, 1.2975267171859741, 0.0, -21.8391056060791, 2.903996467590332, 0.0, 1000, 1000, 1000, 1000, 4.437841415405273, -2.356546640396118, 0.0, 2.6398508548736572, -0.48399943113327026, -6.350287437438965, -2.5194408893585205, 0.04068293422460556, -8.829045295715332, 0.4819409251213074, 0.4942741394042969, -0.08709666877985, 0.8891183733940125)
(2.6441431045532227, -0.4779079258441925, 0.0, -1.0, 0.0, 0.0, -0.48827481269836426, 1.3433282375335693, 0.0, -21.864858627319336, 2.8674476146698, 0.0, 1000, 1000, 1000, 1000, 4.11383056640625, -3.6828370094299316, 0.0, 2.6441431045532227, -0.4779079258441925, -6.412974834442139, -2.5417349338531494, -0.06835298240184784, -9.023062705993652, 0.45723581314086914, 0.4959430396556854, -0.15208719670772552, 0.8010916709899902)
(2.6358461380004883, -0.47272294759750366, 0.0, -1.0, 0.0, 0.0, -0.5646106600761414, 1.3280611038208008, 0.0, -21.81507682800293, 2.8363375663757324, 0.0, 1000, 1000, 1000, 1000, 3.802266836166382, -3.697000503540039, 0.0, 2.6358461380004883, -0.47272294759750366, -6.3751397132873535, -2.563979148864746, 0.1750733107328415, -8.764045715332031, 0.4524829387664795, 0.49758443236351013, -0.1724947839975357, 0.7775725722312927)
(2.641278028488159, -0.47515225410461426, 0.0, -1.0, 0.0, 0.0, -0.5646106600761414, 1.251725196838379, 0.0, -21.847667694091797, 2.8509135246276855, 0.0, 1000, 1000, 1000, 1000, 3.8456056118011475, -3.3461976051330566, 0.0, 2.641278028488159, -0.47515225410461426, -6.38491678237915, -2.5843474864959717, 0.11031301319599152, -8.858951568603516, 0.47975650429725647, 0.4992823898792267, -0.11111260205507278, 0.867926299571991)
(2.6450088024139404, -0.48066624999046326, 0.0, -1.0, 0.0, 0.0, -0.48827481269836426, 1.2059236764907837, 0.0, -21.870052337646484, 2.8839974403381348, 0.0, 1000, 1000, 1000, 1000, 4.0925469398498535, -3.3052425384521484, 0.0, 2.6450088024139404, -0.48066624999046326, -6.4145331382751465, -2.606649875640869, -0.00385720725171268, -9.025040626525879, 0.5034221410751343, 0.5000659823417664, -0.15271922945976257, 0.8507688641548157)
(2.6474478244781494, -0.48059511184692383, 0.0, -1.0, 0.0, 0.0, -0.6104122400283813, 1.1448549032211304, 0.0, -21.884687423706055, 2.883570671081543, 0.0, 1000, 1000, 1000, 1000, 3.6298727989196777, -3.4538774490356445, 0.0, 2.6474478244781494, -0.48059511184692383, -6.382282257080078, -2.628955602645874, 0.09459581226110458, -8.916642189025879, 0.5216147303581238, 0.5018197894096375, -0.1049027070403099, 0.9185317754745483)
(2.649986982345581, -0.4783026874065399, 0.0, -1.0, 0.0, 0.0, -0.32033586502075195, 1.1295877695083618, 0.0, -21.899921417236328, 2.8698160648345947, 0.0, 1000, 1000, 1000, 1000, 3.8039469718933105, -3.729053497314453, 0.0, 2.649986982345581, -0.4783026874065399, -6.473875999450684, -2.6512420177459717, -0.11284210532903671, -9.237959861755371, 0.5220685005187988, 0.5035605430603027, 0.24239371716976166, 1.2680227756500244)
(2.658210039138794, -0.47110751271247864, 0.0, -1.0, 0.0, 0.0, -0.5035420060157776, 1.2975267171859741, 0.0, -21.949260711669922, 2.8266451358795166, 0.0, 1000, 1000, 1000, 1000, 3.3102355003356934, -4.688416004180908, 0.0, 2.658210039138794, -0.47110751271247864, -6.4337158203125, -2.6716830730438232, 0.11704037338495255, -8.988358497619629, 0.45873552560806274, 0.5052075982093811, -0.28273987770080566, 0.6812032461166382)
(2.6529200077056885, -0.47181451320648193, 0.0, -1.0, 0.0, 0.0, -0.3814045786857605, 1.1601221561431885, 0.0, -21.91752052307129, 2.8308870792388916, 0.0, 1000, 1000, 1000, 1000, 3.3873918056488037, -4.73530387878418, 0.0, 2.6529200077056885, -0.47181451320648193, -6.460834503173828, -2.6939897537231445, 0.1960224211215973, -8.958802223205566, 0.501229465007782, 0.5069117546081543, 0.0016708358889445662, 1.0098119974136353)
(2.646914005279541, -0.4796634316444397, 0.0, -1.0, 0.0, 0.0, -0.44247329235076904, 1.0074503421783447, 0.0, -21.881484985351562, 2.8779807090759277, 0.0, 1000, 1000, 1000, 1000, 3.036470651626587, -4.323359966278076, 0.0, 2.646914005279541, -0.4796634316444397, -6.431703567504883, -2.716290235519409, 0.09751787036657333, -9.05047607421875, 0.5611591339111328, 0.5086739659309387, 0.10788697749376297, 1.177720069885254)
(2.6470749378204346, -0.4773065447807312, 0.0, -1.0, 0.0, 0.0, -0.5035420060157776, 1.2822595834732056, 0.0, -21.882450103759766, 2.8638391494750977, 0.0, 1000, 1000, 1000, 1000, 3.5149338245391846, -3.2201504707336426, 0.0, 2.6470749378204346, -0.4773065447807312, -6.41367244720459, -2.7385809421539307, 0.34852123260498047, -8.803731918334961, 0.47447386384010315, 0.5104072690010071, -0.20004922151565552, 0.7848319411277771)
(2.6535003185272217, -0.4778811037540436, 0.0, 0.0, 0.0, 0.0, -0.39667174220085144, 1.2822595834732056, 0.0, -15.921001434326172, 2.8672866821289062, 0.0, 1000, 1000, 1000, 1000, 3.4608449935913086, -3.7131271362304688, 0.0, 2.6535003185272217, -0.4778811037540436, -4.657299041748047, -2.759239435195923, 0.10994040966033936, -7.30659818649292, 0.4755081236362457, 0.5121620297431946, -0.17038598656654358, 0.8172841668128967)
(2.6548471450805664, -0.48095622658729553, 0.0, -1.0, 0.0, 0.0, -0.2134656459093094, 1.2669923305511475, 0.0, -21.9290828704834, 2.885737419128418, 0.0, 1000, 1000, 1000, 1000, 3.3878564834594727, -3.681994915008545, 0.0, 2.6548471450805664, -0.48095622658729553, -6.51468563079834, -2.782193183898926, -0.15299096703529358, -9.449869155883789, 0.4856235384941101, 0.5139598250389099, 0.10754188895225525, 1.1071252822875977)
(2.654287099838257, -0.4774075448513031, 0.0, -1.0, 0.0, 0.0, -0.44247329235076904, 1.1601221561431885, 0.0, -21.925722122192383, 2.864445209503174, 0.0, 1000, 1000, 1000, 1000, 3.94773006439209, -3.910839080810547, 0.0, 2.654287099838257, -0.4774075448513031, -6.444974899291992, -2.804532051086426, -0.06731557846069336, -9.316822052001953, 0.5112969279289246, 0.5147269368171692, -0.11917229741811752, 0.9068515300750732)
(2.657262086868286, -0.47221559286117554, 0.0, -1.0, 0.0, 0.0, -0.3356030583381653, 1.1601221561431885, 0.0, -21.943572998046875, 2.8332934379577637, 0.0, 1000, 1000, 1000, 1000, 4.221375465393066, -3.3585290908813477, 0.0, 2.657262086868286, -0.47221559286117554, -6.482390880584717, -2.8268957138061523, -0.1404789239168167, -9.4497652053833, 0.5019513964653015, 0.5164294242858887, -0.27800074219703674, 0.7403801083564758)
(2.6531848907470703, -0.47139620780944824, 0.0, 0.0, 0.0, 0.0, -0.1829313039779663, 1.2822595834732056, 0.0, -15.919109344482422, 2.8283772468566895, 0.0, 1000, 1000, 1000, 1000, 4.525763034820557, -3.0065879821777344, 0.0, 2.6531848907470703, -0.47139620780944824, -4.720853328704834, -2.8482656478881836, -0.06658849865198135, -7.635707855224609, 0.46383529901504517, 0.5181695222854614, 0.010195821523666382, 0.9922006130218506)
(2.650242805480957, -0.46533969044685364, 0.0, -1.0, 0.0, 0.0, -0.2592671811580658, 1.358595371246338, 0.0, -21.901456832885742, 2.7920382022857666, 0.0, 1000, 1000, 1000, 1000, 4.071425914764404, -2.9360790252685547, 0.0, 2.650242805480957, -0.46533969044685364, -6.492656707763672, -2.8704590797424316, 0.029712796211242676, -9.333402633666992, 0.4300328493118286, 0.5199590921401978, -0.5070724487304688, 0.4429194927215576)
(2.6481518745422363, -0.4673995077610016, 0.0, -1.0, 0.0, 0.0, -0.15239694714546204, 1.2211908102035522, 0.0, -21.888912200927734, 2.8043971061706543, 0.0, 1000, 1000, 1000, 1000, 3.7356176376342773, -3.2410993576049805, 0.0, 2.6481518745422363, -0.4673995077610016, -6.520954608917236, -2.892765998840332, -0.011905503459274769, -9.425625801086426, 0.47496187686920166, 0.5216708779335022, 0.18776817619800568, 1.1844009160995483)
(2.6482129096984863, -0.47492802143096924, 0.0, -1.0, 0.0, 0.0, -0.32033586502075195, 1.1601221561431885, 0.0, -21.889278411865234, 2.8495681285858154, 0.0, 1000, 1000, 1000, 1000, 3.702148199081421, -3.1669812202453613, 0.0, 2.6482129096984863, -0.47492802143096924, -6.4706830978393555, -2.915090322494507, -0.19665613770484924, -9.582428932189941, 0.5068337917327881, 0.5234093070030212, 0.317202627658844, 1.3474457263946533)
(2.6466031074523926, -0.4800165891647339, 0.0, 0.0, 0.0, 0.0, -0.45774045586586, 1.2059236764907837, 0.0, -15.879618644714355, 2.8800995349884033, 0.0, 1000, 1000, 1000, 1000, 3.967632293701172, -3.056196689605713, 0.0, 2.6466031074523926, -0.4800165891647339, -4.626563549041748, -2.937166929244995, 8.396988868713379, 0.8332585096359253, 0.5022527575492859, 0.5251811146736145, -0.4347630739212036, 0.5926707983016968)
(2.655437469482422, -0.47686925530433655, 0.0, -1.0, 0.0, 0.0, -0.3814045786857605, 1.1295877695083618, 0.0, -21.93262481689453, 2.861215591430664, 0.0, 1000, 1000, 1000, 1000, 4.244802474975586, -3.0244507789611816, 0.0, 2.655437469482422, -0.47686925530433655, -6.465365886688232, -2.958747386932373, 0.03201301023364067, -9.39210033416748, 0.5194883346557617, 0.5269901156425476, 0.14506085216999054, 1.1915392875671387)
(2.6570844650268555, -0.48263654112815857, 0.0, -1.0, 0.0, 0.0, -0.27453434467315674, 1.2364580631256104, 0.0, -21.942506790161133, 2.8958191871643066, 0.0, 1000, 1000, 1000, 1000, 3.831899642944336, -3.4066696166992188, 0.0, 2.6570844650268555, -0.48263654112815857, -6.500391960144043, -2.981149911880493, -0.2006148397922516, -9.682156562805176, 0.4978083372116089, 0.5287707448005676, -0.13095343112945557, 0.895625650882721)
(2.6591007709503174, -0.48350584506988525, 0.0, -1.0, 0.0, 0.0, -0.48827481269836426, 1.5112671852111816, 0.0, -21.954605102539062, 2.9010350704193115, 0.0, 1000, 1000, 1000, 1000, 3.677689552307129, -3.2851033210754395, 0.0, 2.6591007709503174, -0.48350584506988525, -6.43989896774292, -3.003530979156494, 0.17435269057750702, -9.26907730102539, 0.4169303774833679, 0.5295979976654053, -0.4224189817905426, 0.524109423160553)
(2.654311180114746, -0.49320104718208313, 0.0, -1.0, 0.0, 0.0, -0.5340763330459595, 1.2669923305511475, 0.0, -21.925867080688477, 2.9592063426971436, 0.0, 1000, 1000, 1000, 1000, 3.7339532375335693, -3.424438953399658, 0.0, 2.654311180114746, -0.49320104718208313, -6.417537212371826, -3.025932788848877, 0.0897548645734787, -9.353714942932129, 0.5076642036437988, 0.531403660774231, 0.08162608742713928, 1.1206939220428467)
(2.654562473297119, -0.49730363488197327, 0.0, -1.0, 0.0, 0.0, -0.7020152807235718, 1.1448549032211304, 0.0, -21.92737579345703, 2.9838218688964844, 0.0, 1000, 1000, 1000, 1000, 3.6401758193969727, -3.2436575889587402, 0.0, 2.654562473297119, -0.49730363488197327, -6.367608070373535, -3.0464141368865967, 0.397625595331192, -9.016396522521973, 0.5516901016235352, 0.5331985354423523, -0.02322658710181713, 1.0616620779037476)
(2.6549861431121826, -0.4984053075313568, 0.0, -1.0, 0.0, 0.0, -0.7630839943885803, 1.2822595834732056, 0.0, -21.929916381835938, 2.990431785583496, 0.0, 1000, 1000, 1000, 1000, 3.540496826171875, -3.0864129066467285, 0.0, 2.6549861431121826, -0.4984053075313568, -6.3500494956970215, -3.068787097930908, 0.20950932800769806, -9.209327697753906, 0.5124516487121582, 0.5350126624107361, -0.1385335773229599, 0.9089307188987732)
(2.655532121658325, -0.4929704964160919, 0.0, -1.0, 0.0, 0.0, -0.41193893551826477, 1.2211908102035522, 0.0, -21.93319320678711, 2.9578230381011963, 0.0, 1000, 1000, 1000, 1000, 3.923819065093994, -3.3062100410461426, 0.0, 2.655532121658325, -0.4929704964160919, -6.456376075744629, -3.091155767440796, -0.2819095849990845, -9.82944107055664, 0.5209896564483643, 0.5367857217788696, 0.14568577706813812, 1.2034611701965332)
(2.6510746479034424, -0.49604904651641846, 0.0, -1.0, 0.0, 0.0, -0.5646106600761414, 1.1906565427780151, 0.0, -21.906448364257812, 2.9762942790985107, 0.0, 1000, 1000, 1000, 1000, 3.523014783859253, -3.4996652603149414, 0.0, 2.6510746479034424, -0.49604904651641846, -6.402551174163818, -3.113497018814087, 0.11590711772441864, -9.400140762329102, 0.5356913208961487, 0.5386277437210083, 0.15017268061637878, 1.2244917154312134)
(2.64963960647583, -0.4954064190387726, 0.0, -1.0, 0.0, 0.0, -0.44247329235076904, 1.1601221561431885, 0.0, -21.897838592529297, 2.9724385738372803, 0.0, 1000, 1000, 1000, 1000, 3.457080841064453, -3.5926923751831055, 0.0, 2.64963960647583, -0.4954064190387726, -6.436609745025635, -3.13389253616333, 0.19735176861286163, -9.373150825500488, 0.5436949133872986, 0.5404334664344788, 0.2812761068344116, 1.365404486656189)
(2.6478312015533447, -0.49585118889808655, 0.0, -1.0, 0.0, 0.0, -0.595145046710968, 1.2211908102035522, 0.0, -21.886987686157227, 2.975107192993164, 0.0, 1000, 1000, 1000, 1000, 3.847792387008667, -3.2993741035461426, 0.0, 2.6478312015533447, -0.49585118889808655, -6.3875532150268555, -3.1562182903289795, 0.19716033339500427, -9.346611022949219, 0.5261749029159546, 0.5422426462173462, -0.11096677929162979, 0.957450807094574)
(2.6593360900878906, -0.4885653257369995, 0.0, -1.0, 0.0, 0.0, -0.48827481269836426, 1.3280611038208008, 0.0, -21.956016540527344, 2.931391954421997, 0.0, 1000, 1000, 1000, 1000, 4.201093673706055, -3.3294825553894043, 0.0, 2.6593360900878906, -0.4885653257369995, -6.440322399139404, -3.1786069869995117, 0.05868082121014595, -9.560248374938965, 0.48099926114082336, 0.5440232157707214, -0.22169598937034607, 0.8033264875411987)
(2.662337064743042, -0.4877113103866577, 0.0, -1.0, 0.0, 0.0, -0.5340763330459595, 1.3433282375335693, 0.0, -21.974021911621094, 2.9262678623199463, 0.0, 1000, 1000, 1000, 1000, 3.5257503986358643, -4.109772682189941, 0.0, 2.662337064743042, -0.4877113103866577, -6.431983470916748, -3.2010111808776855, 0.05064732953906059, -9.582347869873047, 0.4748818874359131, 0.5457778573036194, 0.0900489017367363, 1.1107085943222046)
(2.659705400466919, -0.4885309040546417, 0.0, -1.0, 0.0, 0.0, -0.595145046710968, 1.373862624168396, 0.0, -21.958232879638672, 2.931185483932495, 0.0, 1000, 1000, 1000, 1000, 3.066810131072998, -5.177896022796631, 0.0, 2.659705400466919, -0.4885309040546417, -6.408926486968994, -3.2214596271514893, 0.2746276259422302, -9.355758666992188, 0.46719685196876526, 0.5475528240203857, -0.6413583159446716, 0.373391330242157)
(2.654825210571289, -0.4886991083621979, 0.0, -1.0, 0.0, 0.0, -0.5798778533935547, 1.3127938508987427, 0.0, -21.928951263427734, 2.932194709777832, 0.0, 1000, 1000, 1000, 1000, 3.589468002319336, -4.708165168762207, 0.0, 2.654825210571289, -0.4886991083621979, -6.404722213745117, -3.243762493133545, 0.2864854037761688, -9.36199951171875, 0.4858202636241913, 0.5493248701095581, -0.13372637331485748, 0.9014187455177307)
(2.6487014293670654, -0.4889858067035675, 0.0, -1.0, 0.0, 0.0, -0.4272060990333557, 1.2975267171859741, 0.0, -21.892208099365234, 2.93391489982605, 0.0, 1000, 1000, 1000, 1000, 3.4949800968170166, -3.926384449005127, 0.0, 2.6487014293670654, -0.4889858067035675, -6.43950080871582, -3.266045093536377, -0.08179941028356552, -9.787344932556152, 0.4909164607524872, 0.5511355400085449, -0.3386169672012329, 0.7034350633621216)
(2.6480562686920166, -0.48587846755981445, 0.0, -1.0, 0.0, 0.0, -0.41193893551826477, 1.2975267171859741, 0.0, -21.888338088989258, 2.9152708053588867, 0.0, 1000, 1000, 1000, 1000, 3.3980870246887207, -3.758991241455078, 0.0, 2.6480562686920166, -0.48587846755981445, -6.442919731140137, -3.288358211517334, 0.026050424203276634, -9.70522689819336, 0.4853232204914093, 0.5529300570487976, -0.06352003663778305, 0.9747332334518433)
(2.6534478664398193, -0.47858405113220215, 0.0, 0.0, 0.0, 0.0, -0.5035420060157776, 1.1295877695083618, 0.0, -15.920686721801758, 2.871504306793213, 0.0, 1000, 1000, 1000, 1000, 3.251490354537964, -3.712280750274658, 0.0, 2.6534478664398193, -0.47858405113220215, -4.625143527984619, -3.308788299560547, 0.4599377512931824, -7.47399377822876, 0.5225749611854553, 0.5546509623527527, 0.22073304653167725, 1.2979589700698853)
(2.6507182121276855, -0.4779052436351776, 0.0, -1.0, 0.0, 0.0, -0.45774045586586, 1.2364580631256104, 0.0, -21.904308319091797, 2.867431402206421, 0.0, 1000, 1000, 1000, 1000, 3.7494640350341797, -3.926013946533203, 0.0, 2.6507182121276855, -0.4779052436351776, -6.4339704513549805, -3.330132484436035, 0.17172250151634216, -9.59238052368164, 0.4892919957637787, 0.5553740859031677, -0.3144979476928711, 0.7301681637763977)
(2.651714324951172, -0.48170006275177, 0.0, -1.0, 0.0, 0.0, -0.27453434467315674, 1.1601221561431885, 0.0, -21.91028594970703, 2.89020037651062, 0.0, 1000, 1000, 1000, 1000, 3.8793880939483643, -3.6050777435302734, 0.0, 2.651714324951172, -0.48170006275177, -6.490725517272949, -3.352475166320801, -0.308376669883728, -10.15157699584961, 0.5190234780311584, 0.5571261644363403, 0.13209719955921173, 1.2082468271255493)
(2.6528146266937256, -0.4809677004814148, 0.0, -1.0, 0.0, 0.0, -0.2592671811580658, 0.7021068930625916, 0.0, -21.916887283325195, 2.885806083679199, 0.0, 1000, 1000, 1000, 1000, 3.9883947372436523, -3.319650650024414, 0.0, 2.6528146266937256, -0.4809677004814148, -6.497285842895508, -3.3748059272766113, -0.3108283281326294, -10.182920455932617, 0.6551097631454468, 0.5588763356208801, 0.9160065054893494, 2.1299924850463867)
(2.643958330154419, -0.47926777601242065, 0.0, -1.0, 0.0, 0.0, -0.19819846749305725, 1.358595371246338, 0.0, -21.863750457763672, 2.8756065368652344, 0.0, 1000, 1000, 1000, 1000, 4.283099174499512, -2.5717577934265137, 0.0, 2.643958330154419, -0.47926777601242065, -6.4996657371521, -3.397054433822632, -0.6177429556846619, -10.514463424682617, 0.45510333776474, 0.5606661438941956, -0.2142033874988556, 0.8015661239624023)
(2.642055034637451, -0.47879481315612793, 0.0, -1.0, 0.0, 0.0, -0.3814045786857605, 1.1295877695083618, 0.0, -21.85232925415039, 2.8727688789367676, 0.0, 1000, 1000, 1000, 1000, 4.026167869567871, -2.4938318729400635, 0.0, 2.642055034637451, -0.47879481315612793, -6.441277503967285, -3.4174156188964844, -0.19964399933815002, -10.058337211608887, 0.5229543447494507, 0.5624828934669495, 0.3925849199295044, 1.4780222177505493)
(2.6462244987487793, -0.48000580072402954, 0.0, -1.0, 0.0, 0.0, -0.3814045786857605, 1.2975267171859741, 0.0, -21.87734603881836, 2.880034923553467, 0.0, 1000, 1000, 1000, 1000, 3.8502092361450195, -2.9150538444519043, 0.0, 2.6462244987487793, -0.48000580072402954, -6.448782444000244, -3.4397404193878174, -0.046993326395750046, -9.935516357421875, 0.4747524559497833, 0.5642514824867249, -0.22724555432796478, 0.8117583990097046)
(2.6510839462280273, -0.49204450845718384, 0.0, -1.0, 0.0, 0.0, -0.305068701505661, 1.175389289855957, 0.0, -21.906503677368164, 2.9522671699523926, 0.0, 1000, 1000, 1000, 1000, 4.128169536590576, -3.227294921875, 0.0, 2.6510839462280273, -0.49204450845718384, -6.480430603027344, -3.4620659351348877, -0.0761723741889, -10.018669128417969, 0.5330633521080017, 0.5660837888717651, -0.02469612844288349, 1.0744510889053345)
(2.648585796356201, -0.4940347671508789, 0.0, -1.0, 0.0, 0.0, -0.41193893551826477, 1.496000051498413, 0.0, -21.89151382446289, 2.9642086029052734, 0.0, 1000, 1000, 1000, 1000, 3.917874813079834, -3.104356288909912, 0.0, 2.648585796356201, -0.4940347671508789, -6.443872451782227, -3.484393358230591, -0.11093547195196152, -10.039200782775879, 0.44046255946159363, 0.5678929686546326, -0.4891197085380554, 0.5192357897758484)
(2.6455037593841553, -0.4892383813858032, 0.0, -1.0, 0.0, 0.0, -0.3508702218532562, 1.0379847288131714, 0.0, -21.873022079467773, 2.9354302883148193, 0.0, 1000, 1000, 1000, 1000, 3.7203102111816406, -2.8910298347473145, 0.0, 2.6455037593841553, -0.4892383813858032, -6.456645488739014, -3.50475811958313, -0.19572429358959198, -10.15712833404541, 0.5692336559295654, 0.5696956515312195, 0.25332412123680115, 1.3922535181045532)
(2.6422693729400635, -0.48637935519218445, 0.0, -1.0, 0.0, 0.0, -0.44247329235076904, 1.0837862491607666, 0.0, -21.85361671447754, 2.918276071548462, 0.0, 1000, 1000, 1000, 1000, 3.9082162380218506, -2.993983745574951, 0.0, 2.6422693729400635, -0.48637935519218445, -6.423343181610107, -3.527066707611084, 0.01864440366625786, -9.93176555633545, 0.5503469705581665, 0.5705284476280212, 0.2745557725429535, 1.3954311609268188)
(2.642855644226074, -0.48995187878608704, 0.0, -1.0, 0.0, 0.0, -0.5340763330459595, 1.175389289855957, 0.0, -21.857133865356445, 2.939711332321167, 0.0, 1000, 1000, 1000, 1000, 3.840315580368042, -3.394059658050537, 0.0, 2.642855644226074, -0.48995187878608704, -6.396917343139648, -3.5493502616882324, 0.493875116109848, -9.452392578125, 0.5292966365814209, 0.5723401308059692, 0.042268555611371994, 1.1439052820205688)
(2.636850357055664, -0.4968240261077881, 0.0, -1.0, 0.0, 0.0, -0.4272060990333557, 1.0227175951004028, 0.0, -21.821102142333984, 2.9809441566467285, 0.0, 1000, 1000, 1000, 1000, 3.038538932800293, -3.527528762817383, 0.0, 2.636850357055664, -0.4968240261077881, -6.418169021606445, -3.5716376304626465, -0.2666814625263214, -10.256487846374512, 0.5874679684638977, 0.5741344094276428, 0.777529239654541, 1.9391316175460815)
(2.6379497051239014, -0.5029051899909973, 0.0, -1.0, 0.0, 0.0, -0.48827481269836426, 1.068519115447998, 0.0, -21.82769775390625, 3.0174312591552734, 0.0, 1000, 1000, 1000, 1000, 3.2655134201049805, -3.544612407684326, 0.0, 2.6379497051239014, -0.5029051899909973, -6.401826858520508, -3.592017650604248, 0.15956255793571472, -9.834281921386719, 0.5846736431121826, 0.575971245765686, -0.015048988163471222, 1.145595908164978)
(2.6437196731567383, -0.5043321251869202, 0.0, -1.0, 0.0, 0.0, -0.5646106600761414, 1.2211908102035522, 0.0, -21.86231803894043, 3.0259928703308105, 0.0, 1000, 1000, 1000, 1000, 4.095882892608643, -3.4054112434387207, 0.0, 2.6437196731567383, -0.5043321251869202, -6.389311790466309, -3.614326000213623, 0.10613717883825302, -9.897500991821289, 0.5414406061172485, 0.5778111219406128, -0.25894248485565186, 0.8603092432022095)
(2.6464078426361084, -0.5005903244018555, 0.0, -1.0, 0.0, 0.0, -0.6409465670585632, 1.2364580631256104, 0.0, -21.878446578979492, 3.003541946411133, 0.0, 1000, 1000, 1000, 1000, 3.7275338172912598, -3.895320415496826, 0.0, 2.6464078426361084, -0.5005903244018555, -6.371249675750732, -3.6366257667541504, -0.0340227372944355, -10.041897773742676, 0.5301251411437988, 0.5786808133125305, 0.04796294495463371, 1.1567689180374146)
(2.643653154373169, -0.5001040101051331, 0.0, -1.0, 0.0, 0.0, -0.6562137603759766, 1.2822595834732056, 0.0, -21.861919403076172, 3.000624179840088, 0.0, 1000, 1000, 1000, 1000, 3.7376577854156494, -3.682234764099121, 0.0, 2.643653154373169, -0.5001040101051331, -6.361711502075195, -3.659794569015503, 0.18013504147529602, -9.841371536254883, 0.5155093669891357, 0.5805990099906921, 0.14933060109615326, 1.2454389333724976)
(2.639143943786621, -0.49541497230529785, 0.0, -1.0, 0.0, 0.0, -0.3508702218532562, 0.9616488814353943, 0.0, -21.834863662719727, 2.972489833831787, 0.0, 1000, 1000, 1000, 1000, 3.893348217010498, -3.819796085357666, 0.0, 2.639143943786621, -0.49541497230529785, -6.445198059082031, -3.680133104324341, 0.014997124671936035, -10.110334396362305, 0.6032522916793823, 0.5823767185211182, 0.5285495519638062, 1.7141785621643066)
(2.640307903289795, -0.49176815152168274, 0.0, -1.0, 0.0, 0.0, -0.48827481269836426, 1.358595371246338, 0.0, -21.841846466064453, 2.950608968734741, 0.0, 1000, 1000, 1000, 1000, 3.344172477722168, -3.3443756103515625, 0.0, 2.640307903289795, -0.49176815152168274, -6.406071186065674, -3.7024033069610596, 0.15828247368335724, -9.95019245147705, 0.47760409116744995, 0.5841887593269348, -0.3723997473716736, 0.6893931031227112)
(2.639116048812866, -0.489577978849411, 0.0, -1.0, 0.0, 0.0, -0.45774045586586, 1.3127938508987427, 0.0, -21.83469581604004, 2.9374678134918213, 0.0, 1000, 1000, 1000, 1000, 3.656157970428467, -3.5769224166870117, 0.0, 2.639116048812866, -0.489577978849411, -6.413086414337158, -3.724656343460083, 0.023483704775571823, -10.114258766174316, 0.48740220069885254, 0.5859809517860413, -0.13141022622585297, 0.9419729113578796)
(2.6427576541900635, -0.4848243296146393, 0.0, -1.0, 0.0, 0.0, -0.6104122400283813, 1.373862624168396, 0.0, -21.85654640197754, 2.9089460372924805, 0.0, 1000, 1000, 1000, 1000, 3.7572214603424072, -4.263429164886475, 0.0, 2.6427576541900635, -0.4848243296146393, -6.37384033203125, -3.7477617263793945, 0.3061135709285736, -9.8154878616333, 0.4605250358581543, 0.5878060460090637, -0.22920875251293182, 0.819122314453125)
(2.647331714630127, -0.4846511483192444, 0.0, 0.0, 0.0, 0.0, -0.5493435263633728, 1.1601221561431885, 0.0, -15.883990287780762, 2.907907009124756, 0.0, 1000, 1000, 1000, 1000, 3.5019681453704834, -4.774416446685791, 0.0, 2.647331714630127, -0.4846511483192444, -4.600394248962402, -3.7690625190734863, 0.1369289606809616, -8.232527732849121, 0.5243354439735413, 0.5895606279373169, 0.15173178911209106, 1.2656278610229492)
(2.64121675491333, -0.4838391840457916, 0.0, -1.0, 0.0, 0.0, -0.36613741517066956, 1.3891297578811646, 0.0, -21.847301483154297, 2.9030351638793945, 0.0, 1000, 1000, 1000, 1000, 3.616565704345703, -4.720223426818848, 0.0, 2.64121675491333, -0.4838391840457916, -6.44434928894043, -3.790332317352295, 0.2981930077075958, -9.93648910522461, 0.45417162775993347, 0.5913136601448059, -0.4145102798938751, 0.6309750080108643)