
(-3.060882568359375, -5.220020771026611, 0.0, 1000, 1000, 1000, 1000)
(-3.0612642765045166, -5.205162048339844, 0.0, 1000, 1000, 1000, 1000)
(-3.09441876411438, -5.178641319274902, 0.0, 1000, 1000, 1000, 1000)
(-3.0338330268859863, -5.189813137054443, 0.0, 1000, 1000, 1000, 1000)
(-3.0732884407043457, -5.350790023803711, 0.0, 1000, 1000, 1000, 1000)
(-3.0666658878326416, -5.263726711273193, 0.0, 1000, 1000, 1000, 1000)
(-3.083735942840576, -5.271304607391357, 0.0, 1000, 1000, 1000, 1000)
(-3.0800907611846924, -5.27034854888916, 0.0, 1000, 1000, 1000, 1000)
(-3.070922374725342, -5.233173370361328, 0.0, 1000, 1000, 1000, 1000)
(-3.068904161453247, -5.202212810516357, 0.0, 1000, 1000, 1000, 1000)
(-3.0388011932373047, -5.194377899169922, 0.0, 1000, 1000, 1000, 1000)
(-3.073801040649414, -5.244485378265381, 0.0, 1000, 1000, 1000, 1000)
(-3.05759334564209, -5.22981071472168, 0.0, 1000, 1000, 1000, 1000)
(-3.048809766769409, -5.17287015914917, 0.0, 1000, 1000, 1000, 1000)
(-3.041707992553711, -5.171477317810059, 0.0, 1000, 1000, 1000, 1000)
(-3.0597891807556152, -5.220244407653809, 0.0, 1000, 1000, 1000, 1000)
(-3.0564112663269043, -5.238955020904541, 0.0, 1000, 1000, 1000, 1000)
(-3.058220148086548, -5.229996204376221, 0.0, 1000, 1000, 1000, 1000)
(-3.0821940898895264, -5.2652082443237305, 0.0, 1000, 1000, 1000, 1000)
(-3.0676255226135254, -5.194371700286865, 0.0, 1000, 1000, 1000, 1000)
(-3.0785861015319824, -5.115638732910156, 0.0, 1000, 1000, 1000, 1000)
(-3.075819969177246, -5.3055033683776855, 0.0, 1000, 1000, 1000, 1000)
(-3.0819993019104004, -5.2243757247924805, 0.0, 1000, 1000, 1000, 1000)
(-3.1008353233337402, -5.282163619995117, 0.0, 1000, 1000, 1000, 1000)
(-3.0995571613311768, -5.267663478851318, 0.0, 1000, 1000, 1000, 1000)
(-3.094799757003784, -5.202245712280273, 0.0, 1000, 1000, 1000, 1000)
(-3.0695619583129883, -5.249313831329346, 0.0, 1000, 1000, 1000, 1000)
(-3.0399835109710693, -5.2190632820129395, 0.0, 1000, 1000, 1000, 1000)
(-3.043632984161377, -5.2365641593933105, 0.0, 1000, 1000, 1000, 1000)
(-3.0196101665496826, -5.446442604064941, 0.0, 1000, 1000, 1000, 1000)
(-3.074403762817383, -5.171416759490967, 0.0, 1000, 1000, 1000, 1000)
(-3.0870187282562256, -5.227721691131592, 0.0, 1000, 1000, 1000, 1000)
(-3.071881055831909, -5.213870048522949, 0.0, 1000, 1000, 1000, 1000)
(-3.0399811267852783, -5.228738307952881, 0.0, 1000, 1000, 1000, 1000)
(-3.047466516494751, -5.2370123863220215, 0.0, 1000, 1000, 1000, 1000)
(-3.037525177001953, -5.207213401794434, 0.0, 1000, 1000, 1000, 1000)
(-3.0525479316711426, -5.185190677642822, 0.0, 1000, 1000, 1000, 1000)
(-3.0268380641937256, -5.134999752044678, 0.0, 1000, 1000, 1000, 1000)
(-3.072408437728882, -5.136123180389404, 0.0, 1000, 1000, 1000, 1000)
(-3.0725717544555664, -5.13339900970459, 0.0, 1000, 1000, 1000, 1000)
(-3.044369697570801, -5.181209564208984, 0.0, 1000, 1000, 1000, 1000)
(-3.0729246139526367, -5.1749444007873535, 0.0, 1000, 1000, 1000, 1000)
(-3.0640275478363037, -5.217835426330566, 0.0, 1000, 1000, 1000, 1000)
(-3.0395379066467285, -5.201184272766113, 0.0, 1000, 1000, 1000, 1000)
(-3.0370233058929443, -5.261575222015381, 0.0, 1000, 1000, 1000, 1000)
(-3.0243468284606934, -5.242107391357422, 0.0, 1000, 1000, 1000, 1000)
(-3.0546579360961914, -5.278168201446533, 0.0, 1000, 1000, 1000, 1000)
(-3.0970451831817627, -5.31488037109375, 0.0, 1000, 1000, 1000, 1000)
(-3.0960936546325684, -5.305289268493652, 0.0, 1000, 1000, 1000, 1000)
(-3.0813686847686768, -5.25681209564209, 0.0, 1000, 1000, 1000, 1000)
(-3.0617082118988037, -5.239404201507568, 0.0, 1000, 1000, 1000, 1000)
(-3.071242570877075, -5.246259689331055, 0.0, 1000, 1000, 1000, 1000)
(-3.079555034637451, -5.253434181213379, 0.0, 1000, 1000, 1000, 1000)
(-3.083923578262329, -5.219809055328369, 0.0, 1000, 1000, 1000, 1000)
(-3.0732061862945557, -5.199917793273926, 0.0, 1000, 1000, 1000, 1000)
(-3.071655511856079, -5.053128719329834, 0.0, 1000, 1000, 1000, 1000)
(-3.0536584854125977, -5.355469226837158, 0.0, 1000, 1000, 1000, 1000)
(-3.062652111053467, -5.273199081420898, 0.0, 1000, 1000, 1000, 1000)
(-3.0411012172698975, -5.248043060302734, 0.0, 1000, 1000, 1000, 1000)
(-3.0360045433044434, -5.242534160614014, 0.0, 1000, 1000, 1000, 1000)
(-3.0277538299560547, -5.231506824493408, 0.0, 1000, 1000, 1000, 1000)
(-3.0315866470336914, -5.23067569732666, 0.0, 1000, 1000, 1000, 1000)
(-3.0252673625946045, -5.190554618835449, 0.0, 1000, 1000, 1000, 1000)
(-3.0566112995147705, -5.16504430770874, 0.0, 1000, 1000, 1000, 1000)
(-3.017195224761963, -5.328130722045898, 0.0, 1000, 1000, 1000, 1000)
(-3.018793821334839, -5.211967468261719, 0.0, 1000, 1000, 1000, 1000)
(-3.0421133041381836, -5.204051971435547, 0.0, 1000, 1000, 1000, 1000)
(-3.045759677886963, -5.198343276977539, 0.0, 1000, 1000, 1000, 1000)
(-3.048215389251709, -5.213576793670654, 0.0, 1000, 1000, 1000, 1000)
(-3.046909809112549, -5.203674793243408, 0.0, 1000, 1000, 1000, 1000)
(-3.0535130500793457, -5.282725811004639, 0.0, 1000, 1000, 1000, 1000)
(-3.068674325942993, -5.267149448394775, 0.0, 1000, 1000, 1000, 1000)
(-3.043271064758301, -5.226414203643799, 0.0, 1000, 1000, 1000, 1000)
(-3.052393913269043, -5.147817611694336, 0.0, 1000, 1000, 1000, 1000)
(-3.0643553733825684, -5.341190814971924, 0.0, 1000, 1000, 1000, 1000)
(-3.056400775909424, -5.263483047485352, 0.0, 1000, 1000, 1000, 1000)
(-3.0406575202941895, -5.212596416473389, 0.0, 1000, 1000, 1000, 1000)
(-3.0400946140289307, -5.210621356964111, 0.0, 1000, 1000, 1000, 1000)
(-3.0287601947784424, -5.175357818603516, 0.0, 1000, 1000, 1000, 1000)
(-3.081350564956665, -5.234743595123291, 0.0, 1000, 1000, 1000, 1000)
(-3.0770833492279053, -5.193721771240234, 0.0, 1000, 1000, 1000, 1000)
(-3.0318655967712402, -5.148094654083252, 0.0, 1000, 1000, 1000, 1000)
(-3.03837513923645, -5.195222854614258, 0.0, 1000, 1000, 1000, 1000)
(-3.0500447750091553, -5.1394853591918945, 0.0, 1000, 1000, 1000, 1000)
(-3.070913791656494, -5.224564075469971, 0.0, 1000, 1000, 1000, 1000)
(-3.0840795040130615, -5.2554545402526855, 0.0, 1000, 1000, 1000, 1000)
(-3.0784494876861572, -5.243878364562988, 0.0, 1000, 1000, 1000, 1000)
(-3.0838913917541504, -5.250050067901611, 0.0, 1000, 1000, 1000, 1000)
(-3.0607070922851562, -5.268005847930908, 0.0, 1000, 1000, 1000, 1000)
(-3.067413568496704, -5.248291969299316, 0.0, 1000, 1000, 1000, 1000)
(-3.06913423538208, -5.457867622375488, 0.0, 1000, 1000, 1000, 1000)
(-3.0679478645324707, -5.177898406982422, 0.0, 1000, 1000, 1000, 1000)
(-3.051647186279297, -5.230129718780518, 0.0, 1000, 1000, 1000, 1000)
(-3.0505263805389404, -5.230170249938965, 0.0, 1000, 1000, 1000, 1000)
(-3.0663537979125977, -5.225617408752441, 0.0, 1000, 1000, 1000, 1000)
(-3.0505785942077637, -5.191747188568115, 0.0, 1000, 1000, 1000, 1000)
(-3.078718662261963, -5.248728275299072, 0.0, 1000, 1000, 1000, 1000)
(-3.0686163902282715, -5.229918003082275, 0.0, 1000, 1000, 1000, 1000)
(-3.0723230838775635, -5.211217403411865, 0.0, 1000, 1000, 1000, 1000)
(-3.044832229614258, -5.169344902038574, 0.0, 1000, 1000, 1000, 1000)
(-3.051957368850708, -5.308051109313965, 0.0, 1000, 1000, 1000, 1000)
(-3.0600717067718506, -5.279999256134033, 0.0, 1000, 1000, 1000, 1000)
(-3.067108154296875, -5.271621227264404, 0.0, 1000, 1000, 1000, 1000)
(-3.085749626159668, -5.180908679962158, 0.0, 1000, 1000, 1000, 1000)
(-3.0270848274230957, -5.155282497406006, 0.0, 1000, 1000, 1000, 1000)
(-3.0196549892425537, -5.195829391479492, 0.0, 1000, 1000, 1000, 1000)
(-3.024427890777588, -5.240591049194336, 0.0, 1000, 1000, 1000, 1000)
(-3.0331099033355713, -5.150607109069824, 0.0, 1000, 1000, 1000, 1000)
(-3.00923228263855, -5.016709804534912, 0.0, 1000, 1000, 1000, 1000)
(-3.021669864654541, -5.160419464111328, 0.0, 1000, 1000, 1000, 1000)
(-3.0520496368408203, -5.217703342437744, 0.0, 1000, 1000, 1000, 1000)
(-3.050673723220825, -5.19163179397583, 0.0, 1000, 1000, 1000, 1000)
(-3.0759224891662598, -5.24159574508667, 0.0, 1000, 1000, 1000, 1000)
(-3.067490816116333, -5.243793964385986, 0.0, 1000, 1000, 1000, 1000)
(-3.1004340648651123, -5.2201080322265625, 0.0, 1000, 1000, 1000, 1000)
(-3.0948925018310547, -5.232841968536377, 0.0, 1000, 1000, 1000, 1000)
(-3.085071325302124, -5.331190586090088, 0.0, 1000, 1000, 1000, 1000)
(-3.0861570835113525, -5.316335678100586, 0.0, 1000, 1000, 1000, 1000)
(-3.0713577270507812, -5.2784624099731445, 0.0, 1000, 1000, 1000, 1000)
(-3.0672414302825928, -5.249297142028809, 0.0, 1000, 1000, 1000, 1000)
(-3.0719172954559326, -5.258747100830078, 0.0, 1000, 1000, 1000, 1000)
(-3.074113130569458, -5.214282512664795, 0.0, 1000, 1000, 1000, 1000)
(-3.054900646209717, -5.192076683044434, 0.0, 1000, 1000, 1000, 1000)
(-3.026812791824341, -5.183705806732178, 0.0, 1000, 1000, 1000, 1000)
(-3.011183500289917, -5.2464280128479, 0.0, 1000, 1000, 1000, 1000)
(-2.97027587890625, -5.002689361572266, 0.0, 1000, 1000, 1000, 1000)
(-3.0289433002471924, -5.1902594566345215, 0.0, 1000, 1000, 1000, 1000)
(-3.0026426315307617, -5.176447868347168, 0.0, 1000, 1000, 1000, 1000)
(-3.0305585861206055, -5.199858665466309, 0.0, 1000, 1000, 1000, 1000)
(-3.028066873550415, -5.209139347076416, 0.0, 1154, 1100, 1289, 1100)
(-3.046032667160034, -5.197309970855713, 0.0, 1266, 1168, 1402, 1100)
(-3.031315326690674, -5.2123122215271, 0.0, 1114, 1100, 1263, 1100)
(-3.026061534881592, -5.253495693206787, 0.0, 1100, 1100, 1231, 1100)
(-2.9852118492126465, -5.249772548675537, 0.0, 1000, 1000, 1000, 1000)
(-3.070657730102539, -5.314151763916016, 0.0, 1000, 1000, 1000, 1000)
(-3.059169292449951, -5.198623180389404, 0.0, 1000, 1000, 1000, 1000)
(-3.0840773582458496, -5.247766494750977, 0.0, 1000, 1000, 1000, 1000)
(-3.0865285396575928, -5.244335174560547, 0.0, 1000, 1000, 1000, 1000)
(-3.0952889919281006, -5.269003391265869, 0.0, 1000, 1000, 1000, 1000)
(-3.0909347534179688, -5.21734619140625, 0.0, 1000, 1000, 1000, 1000)
(-3.0932445526123047, -5.282012462615967, 0.0, 1000, 1000, 1000, 1000)
(-3.0849015712738037, -5.216820240020752, 0.0, 1000, 1000, 1000, 1000)
(-3.0908472537994385, -5.386814594268799, 0.0, 1000, 1000, 1000, 1000)
(-3.052457332611084, -5.07938289642334, 0.0, 1000, 1000, 1000, 1000)
(-3.072483777999878, -5.017028331756592, 0.0, 1000, 1000, 1000, 1000)
(-3.3908214569091797, -5.601778030395508, 0.0, 1000, 1000, 1000, 1000)
(-3.2875289916992188, -5.607414722442627, 0.0, 1000, 1000, 1000, 1000)
(-3.4336326122283936, -5.941773414611816, 0.0, 1000, 1000, 1000, 1000)
(-3.2602970600128174, -6.276388645172119, 0.0, 1000, 1000, 1000, 1000)
(-3.121236562728882, -5.725492000579834, 0.0, 1000, 1000, 1000, 1000)
(-2.873439311981201, -4.901880741119385, 0.0, 1000, 1000, 1000, 1000)
(-3.048029899597168, -5.218747615814209, 0.0, 1000, 1000, 1000, 1000)
(-2.9437482357025146, -5.388655185699463, 0.0, 1000, 1000, 1000, 1000)
(-3.005460023880005, -5.324186325073242, 0.0, 1000, 1000, 1000, 1000)
(-3.0141186714172363, -5.249277114868164, 0.0, 1000, 1000, 1000, 1000)
(-3.0148489475250244, -5.282063007354736, 0.0, 1000, 1000, 1000, 1000)
(-3.2006070613861084, -5.607540130615234, 0.0, 1000, 1000, 1000, 1000)
(-3.1377789974212646, -5.639957904815674, 0.0, 1000, 1000, 1000, 1000)
(-3.1410608291625977, -5.492817401885986, 0.0, 1000, 1000, 1000, 1000)
(-3.1058239936828613, -5.231714725494385, 0.0, 1000, 1000, 1000, 1000)
(-3.188265800476074, -5.515822410583496, 0.0, 1000, 1000, 1000, 1000)
(-3.363494873046875, -6.9945387840271, 0.0, 1000, 1000, 1000, 1000)
(-4.229506969451904, -7.319525241851807, 0.0, 1000, 1000, 1000, 1000)
(-5.01806116104126, -5.205918788909912, 0.0, 1000, 1000, 1000, 1000)
(-2.0957071781158447, -0.4789964556694031, 0.0, 1000, 1000, 1000, 1000)
(1.835395097732544, 4.664573669433594, 0.0, 1000, 1000, 1000, 1000)
(1.9346710443496704, 5.551346778869629, 0.0, 1000, 1000, 1000, 1000)
(2.131579875946045, 12.54149341583252, 0.0, 1000, 1000, 1000, 1000)
(1.6287566423416138, 15.48461627960205, 0.0, 1000, 1000, 1000, 1000)
(-0.46144503355026245, 14.374266624450684, 0.0, 1000, 1000, 1000, 1000)
(-1.9307379722595215, 14.591776847839355, 0.0, 1000, 1000, 1000, 1000)
(-1.5623762607574463, 13.460164070129395, 0.0, 1000, 1000, 1000, 1000)
(0.04638515040278435, 10.793663024902344, 0.0, 1000, 1000, 1000, 1000)
(2.1065456867218018, 12.055827140808105, 0.0, 1000, 1000, 1000, 1000)
(2.6224231719970703, 16.61702537536621, 0.0, 1000, 1000, 1000, 1000)
(2.9072203636169434, 22.031421661376953, 0.0, 1000, 1000, 1000, 1000)
(3.3203766345977783, 22.081117630004883, 0.0, 1000, 1000, 1000, 1000)
(4.236719608306885, 14.93683910369873, 0.0, 1000, 1000, 1000, 1000)
(4.5718674659729, 13.944670677185059, 0.0, 1000, 1000, 1000, 1000)
(3.8939177989959717, 13.173846244812012, 0.0, 1000, 1000, 1000, 1000)
(4.348730087280273, 11.977952003479004, 0.0, 1000, 1000, 1000, 1000)
(5.566617012023926, 11.19998836517334, 0.0, 1000, 1000, 1000, 1000)
(6.179588794708252, 10.70978832244873, 0.0, 1000, 1000, 1000, 1000)
(6.183605194091797, 10.136594772338867, 0.0, 1000, 1000, 1000, 1000)
(5.97750186920166, 11.29409122467041, 0.0, 1000, 1000, 1000, 1000)
(5.628661632537842, 12.200705528259277, 0.0, 1000, 1000, 1000, 1000)
(5.089816093444824, 13.031317710876465, 0.0, 1000, 1000, 1000, 1000)
(4.601655960083008, 12.705702781677246, 0.0, 1000, 1000, 1000, 1000)
(3.893244981765747, 11.738886833190918, 0.0, 1000, 1000, 1000, 1000)
(3.6717560291290283, 10.681392669677734, 0.0, 1000, 1000, 1000, 1000)
(3.085819959640503, 10.560797691345215, 0.0, 1000, 1000, 1000, 1000)
(2.6260087490081787, 12.639920234680176, 0.0, 1000, 1000, 1000, 1000)
(3.0401618480682373, 13.058062553405762, 0.0, 1000, 1000, 1000, 1000)
(3.4190070629119873, 12.7029390335083, 0.0, 1000, 1000, 1000, 1000)
(3.2621867656707764, 11.319058418273926, 0.0, 1000, 1000, 1000, 1000)
(2.5999722480773926, 11.718478202819824, 0.0, 1000, 1000, 1000, 1000)
(1.8991856575012207, 12.32329273223877, 0.0, 1000, 1000, 1000, 1000)
(1.9514334201812744, 12.03937816619873, 0.0, 1000, 1000, 1000, 1000)
(2.1242687702178955, 12.052420616149902, 0.0, 1000, 1000, 1000, 1000)
(2.009526014328003, 12.276198387145996, 0.0, 1000, 1000, 1000, 1000)
(1.6176848411560059, 12.192280769348145, 0.0, 1000, 1000, 1000, 1000)
(1.7739137411117554, 12.192715644836426, 0.0, 1000, 1000, 1000, 1000)
(2.2880752086639404, 12.462054252624512, 0.0, 1000, 1000, 1000, 1000)
(3.2936103343963623, 12.539519309997559, 0.0, 1000, 1000, 1000, 1000)
(4.295034885406494, 12.94173526763916, 0.0, 1000, 1000, 1000, 1000)
(4.850585460662842, 11.280264854431152, 0.0, 1000, 1000, 1000, 1000)
(4.537978172302246, 9.611748695373535, 0.0, 1000, 1000, 1000, 1000)
(3.4892120361328125, 9.402885437011719, 0.0, 1000, 1000, 1000, 1000)
(3.399965524673462, 9.060846328735352, 0.0, 1000, 1000, 1000, 1000)
(3.9694061279296875, 8.180423736572266, 0.0, 1000, 1000, 1000, 1000)
(4.505358695983887, 8.289863586425781, 0.0, 1000, 1000, 1000, 1000)
(4.337224006652832, 8.51015853881836, 0.0, 1000, 1000, 1000, 1000)
(3.4537484645843506, 7.780887603759766, 0.0, 1000, 1000, 1000, 1000)
(3.3859708309173584, 6.203157424926758, 0.0, 1000, 1000, 1000, 1000)
(3.437671661376953, 6.296084403991699, 0.0, 1000, 1000, 1000, 1000)
(3.056225538253784, 5.1030731201171875, 0.0, 1000, 1000, 1000, 1000)
(2.1025545597076416, 4.388479232788086, 0.0, 1000, 1000, 1000, 1000)
(1.8664588928222656, 3.3379714488983154, 0.0, 1000, 1000, 1000, 1000)
(1.6991599798202515, 3.0109899044036865, 0.0, 1000, 1000, 1000, 1000)
(1.5589635372161865, 3.3964927196502686, 0.0, 1000, 1000, 1000, 1000)
(1.701313853263855, 4.915043830871582, 0.0, 1000, 1000, 1000, 1000)
(1.0644235610961914, 3.597524404525757, 0.0, 1000, 1000, 1000, 1000)
(2.0487172603607178, 2.96423602104187, 0.0, 1000, 1000, 1000, 1000)
(2.537038803100586, 4.187676429748535, 0.0, 1000, 1000, 1000, 1000)
(2.0390326976776123, 1.378016710281372, 0.0, 1000, 1000, 1000, 1000)
(1.7333450317382812, 2.0540425777435303, 0.0, 1000, 1000, 1000, 1000)
(0.6070645451545715, 3.0115087032318115, 0.0, 1000, 1000, 1000, 1000)
(-0.15882126986980438, 2.8800323009490967, 0.0, 1000, 1000, 1000, 1000)
(-1.0495325326919556, 2.9076688289642334, 0.0, 1000, 1000, 1000, 1000)
(-1.4964910745620728, 2.7092044353485107, 0.0, 1000, 1000, 1000, 1000)
(-2.611365795135498, 3.27060866355896, 0.0, 1000, 1000, 1000, 1000)
(-3.225257158279419, 2.7917678356170654, 0.0, 1000, 1000, 1000, 1000)
(-1.7894823551177979, 2.0202906131744385, 0.0, 1000, 1000, 1000, 1000)
(0.031097453087568283, 3.31379771232605, 0.0, 1000, 1000, 1000, 1000)
(0.34991511702537537, 4.500629425048828, 0.0, 1000, 1000, 1000, 1000)
(0.020568471401929855, 3.30365252494812, 0.0, 1000, 1000, 1000, 1000)
(0.18197892606258392, 1.9327952861785889, 0.0, 1000, 1000, 1000, 1000)
(1.2611956596374512, 2.1905291080474854, 0.0, 1000, 1000, 1000, 1000)
(1.5862964391708374, 2.8889729976654053, 0.0, 1000, 1000, 1000, 1000)
(1.605573296546936, 5.203056335449219, 0.0, 1000, 1000, 1000, 1000)
(2.4034218788146973, 7.205842971801758, 0.0, 1000, 1000, 1000, 1000)
(3.7868032455444336, 6.547462463378906, 0.0, 1000, 1000, 1000, 1000)
(4.549412250518799, 5.187688827514648, 0.0, 1000, 1000, 1000, 1000)
(3.3657474517822266, 2.750314950942993, 0.0, 1000, 1000, 1000, 1000)
(1.0112035274505615, 1.7909414768218994, 0.0, 1000, 1000, 1000, 1000)
(0.20398156344890594, 3.6856696605682373, 0.0, 1000, 1000, 1000, 1000)
(0.4464419484138489, 2.4482643604278564, 0.0, 1000, 1000, 1000, 1000)
(-0.10423468053340912, 0.294145405292511, 0.0, 1000, 1000, 1000, 1000)
(-0.3739051818847656, 0.598349392414093, 0.0, 1000, 1000, 1000, 1000)
(-0.5928024649620056, 0.15228872001171112, 0.0, 1000, 1000, 1000, 1000)
(0.24041993916034698, -0.13323135673999786, 0.0, 1000, 1000, 1000, 1000)
(1.6916944980621338, 0.5410659909248352, 0.0, 1000, 1000, 1000, 1000)
(2.3828535079956055, 1.4772169589996338, 0.0, 1000, 1000, 1000, 1000)
(2.492138624191284, 1.4826557636260986, 0.0, 1000, 1000, 1000, 1000)
(2.708217144012451, 0.3804047703742981, 0.0, 1000, 1000, 1000, 1000)
(2.1751623153686523, -0.3797289729118347, 0.0, 1000, 1000, 1000, 1000)
(0.9739199876785278, -0.4238507151603699, 0.0, 1000, 1000, 1000, 1000)
(1.081322193145752, 0.4208086133003235, 0.0, 1000, 1000, 1000, 1000)
(1.358356237411499, -0.05824680253863335, 0.0, 1000, 1000, 1000, 1000)
(1.2356345653533936, 0.7319071888923645, 0.0, 1000, 1000, 1000, 1000)
(0.9078345894813538, 0.7772167325019836, 0.0, 1000, 1000, 1000, 1000)
(0.43920478224754333, 1.732494592666626, 0.0, 1000, 1000, 1000, 1000)
(1.6044292449951172, 1.283294916152954, 0.0, 1000, 1000, 1000, 1000)
(1.4735016822814941, 1.4429466724395752, 0.0, 1000, 1000, 1000, 1000)
(1.1945713758468628, 1.352510690689087, 0.0, 1000, 1000, 1000, 1000)
(0.8798671364784241, 1.0088589191436768, 0.0, 1000, 1000, 1000, 1000)
(0.6663959622383118, 0.8950431942939758, 0.0, 1000, 1000, 1000, 1000)
(0.4670969545841217, 0.8964961171150208, 0.0, 1000, 1000, 1000, 1000)
(0.264238178730011, 0.6617863774299622, 0.0, 1000, 1000, 1000, 1000)
(0.47261789441108704, 0.10274152457714081, 0.0, 1000, 1000, 1000, 1000)
(0.3596879541873932, 0.1069362610578537, 0.0, 1000, 1000, 1000, 1000)
(0.340783953666687, 0.4124615788459778, 0.0, 1000, 1000, 1000, 1000)
(0.39575064182281494, 0.22024421393871307, 0.0, 1000, 1000, 1000, 1000)
(0.19339998066425323, -0.06909103691577911, 0.0, 1000, 1000, 1000, 1000)
(-0.02004699781537056, 0.024981308728456497, 0.0, 1000, 1000, 1000, 1000)
(0.23074765503406525, -0.0960971862077713, 0.0, 1000, 1000, 1000, 1000)
(0.8903677463531494, -0.6343614459037781, 0.0, 1000, 1000, 1000, 1000)
(1.0111445188522339, -0.9404332041740417, 0.0, 1000, 1000, 1000, 1000)
(0.8207356929779053, -0.42631691694259644, 0.0, 1000, 1000, 1000, 1000)
(0.8468676209449768, -0.42993754148483276, 0.0, 1000, 1000, 1000, 1000)
(0.6817387938499451, -0.17867298424243927, 0.0, 1000, 1000, 1000, 1000)
(0.37538182735443115, -0.19282551109790802, 0.0, 1000, 1000, 1000, 1000)
(-0.05680553987622261, -0.5902172923088074, 0.0, 1000, 1000, 1000, 1000)
(-0.17044125497341156, -1.1346056461334229, 0.0, 1000, 1000, 1000, 1000)
(-0.09120182693004608, -1.1681134700775146, 0.0, 1000, 1000, 1000, 1000)
(-0.8039979338645935, -0.8169099688529968, 0.0, 1000, 1000, 1000, 1000)
(-2.115736246109009, -1.4235057830810547, 0.0, 1000, 1000, 1000, 1000)
(-2.316758155822754, -1.4809467792510986, 0.0, 1100, 1100, 1110, 1100)
(-1.3033053874969482, -2.317765951156616, 0.0, 1100, 1100, 1162, 1100)
(-1.443184733390808, -3.5546257495880127, 0.0, 1100, 1100, 1116, 1100)
(-0.8325020670890808, -1.843125581741333, 0.0, 1100, 1100, 1119, 1100)
(-0.30375033617019653, -1.4928452968597412, 0.0, 1100, 1100, 1116, 1100)
(-0.8789780735969543, -1.2203125953674316, 0.0, 1100, 1100, 1126, 1100)
(-1.061568260192871, -1.8098998069763184, 0.0, 1100, 1100, 1150, 1100)
(-1.4029293060302734, -1.8009326457977295, 0.0, 1100, 1100, 1163, 1100)
(-1.1513453722000122, -1.3344690799713135, 0.0, 1100, 1100, 1159, 1100)
(-1.286803960800171, -1.5383658409118652, 0.0, 1100, 1125, 1171, 1100)
(-1.1578361988067627, -3.0571815967559814, 0.0, 1100, 1102, 1186, 1100)
(-0.665136992931366, -2.3390514850616455, 0.0, 1100, 1138, 1196, 1100)
(-0.6457456946372986, -1.777087688446045, 0.0, 1100, 1138, 1189, 1100)
(-0.8786870837211609, 0.04188566282391548, 0.0, 1100, 1149, 1170, 1100)
(-0.5406127572059631, -0.4844195246696472, 0.0, 1155, 1100, 1247, 1100)
(-0.3303797245025635, -1.8289146423339844, 0.0, 1139, 1100, 1259, 1100)
(-0.32225513458251953, -1.7420473098754883, 0.0, 1100, 1120, 1208, 1100)
(-0.7943971753120422, -0.9889547228813171, 0.0, 1100, 1137, 1191, 1100)
(-1.6600451469421387, -2.7806384563446045, 0.0, 1111, 1114, 1217, 1100)
(-1.2629547119140625, -1.3160450458526611, 0.0, 1100, 1142, 1186, 1100)
(-1.4995481967926025, 0.33190423250198364, 0.0, 1129, 1150, 1205, 1100)
(-3.7045905590057373, -0.9047691226005554, 0.0, 1100, 1202, 1194, 1100)
(-6.190801620483398, -3.7982723712921143, 0.0, 1100, 1175, 1223, 1100)
(-7.840418815612793, -0.5223566889762878, 0.0, 1100, 1228, 1188, 1100)
(-10.054413795471191, -2.2814366817474365, 0.0, 1100, 1216, 1231, 1100)
(-10.796277046203613, -0.771622359752655, 0.0, 1100, 1144, 1287, 1100)
(-10.744908332824707, -0.6738120913505554, 0.0, 1100, 1185, 1248, 1100)
(-11.106608390808105, -2.812250852584839, 0.0, 1100, 1169, 1285, 1100)
(-12.71355152130127, -3.2822020053863525, 0.0, 1100, 1192, 1245, 1100)
(-12.9556884765625, -3.6145267486572266, 0.0, 1100, 1200, 1283, 1100)
(-15.155616760253906, -6.077767848968506, 0.0, 1100, 1203, 1309, 1100)
(-14.12290096282959, -3.8281004428863525, 0.0, 1100, 1194, 1261, 1100)
(-14.323040962219238, -4.48487663269043, 0.0, 1100, 1167, 1310, 1100)
(-14.182849884033203, -3.3808038234710693, 0.0, 1100, 1161, 1343, 1100)
(-13.364591598510742, -3.5455915927886963, 0.0, 1100, 1155, 1358, 1100)
(-13.637222290039062, -3.5478594303131104, 0.0, 1100, 1132, 1327, 1100)
(-13.467830657958984, -3.026686191558838, 0.0, 1100, 1176, 1342, 1100)
(-13.803095817565918, -3.3721659183502197, 0.0, 1100, 1209, 1252, 1100)
(-14.176609992980957, -5.413808345794678, 0.0, 1100, 1164, 1354, 1100)
(-14.900741577148438, -4.94741678237915, 0.0, 1100, 1199, 1290, 1100)
(-15.445856094360352, -1.8487858772277832, 0.0, 1100, 1219, 1339, 1100)
(-15.477458953857422, -2.7016208171844482, 0.0, 1100, 1139, 1363, 1100)
(-15.092926979064941, -2.1536502838134766, 0.0, 1100, 1245, 1233, 1100)
(-14.484244346618652, -2.4958417415618896, 0.0, 1100, 1181, 1369, 1100)
(-14.193342208862305, -1.7422335147857666, 0.0, 1100, 1250, 1224, 1100)
(-13.846477508544922, -3.823172092437744, 0.0, 1100, 1181, 1380, 1100)
(-14.757757186889648, -4.387650966644287, 0.0, 1100, 1190, 1356, 1100)
(-15.21564769744873, -2.9680418968200684, 0.0, 1100, 1206, 1337, 1100)
(-15.528078079223633, -0.8279239535331726, 0.0, 1100, 1215, 1362, 1100)
(-15.659533500671387, -4.7658610343933105, 0.0, 1100, 1190, 1373, 1100)
(-14.694376945495605, -0.2485343962907791, 0.0, 1100, 1191, 1359, 1100)
(-14.784673690795898, -1.4778568744659424, 0.0, 1100, 1182, 1275, 1100)
(-11.923541069030762, -1.112252950668335, 0.0, 1100, 1142, 1325, 1100)
(-9.106447219848633, -2.4902191162109375, 0.0, 1100, 1154, 1382, 1100)
(-6.920599937438965, 0.5185354351997375, 0.0, 1100, 1203, 1261, 1100)
(-5.255230903625488, -0.20032759010791779, 0.0, 1100, 1183, 1272, 1100)
(-4.257361888885498, -1.3974359035491943, 0.0, 1100, 1168, 1318, 1100)
(-3.9661409854888916, -2.317234754562378, 0.0, 1100, 1164, 1323, 1100)
(-3.5491576194763184, -0.5830647349357605, 0.0, 1100, 1179, 1295, 1100)
(-4.0761518478393555, 2.373422861099243, 0.0, 1100, 1217, 1283, 1100)
(-6.774995803833008, 2.46549916267395, 0.0, 1100, 1265, 1245, 1100)
(-9.861067771911621, -0.28737181425094604, 0.0, 1100, 1158, 1418, 1100)
(-11.900636672973633, -0.7580296397209167, 0.0, 1100, 1222, 1293, 1100)
(-12.636056900024414, 1.2230026721954346, 0.0, 1100, 1311, 1209, 1100)
(-15.54726791381836, -0.0016786574851721525, 0.0, 1100, 1241, 1342, 1100)
(-14.501914024353027, -1.3630754947662354, 0.0, 1100, 1210, 1405, 1100)
(-13.653502464294434, -1.1855967044830322, 0.0, 1100, 1222, 1330, 1100)
(-14.262908935546875, -1.1861464977264404, 0.0, 1100, 1260, 1400, 1100)
(-15.615553855895996, -0.19018526375293732, 0.0, 1100, 1199, 1415, 1100)
(-14.80864143371582, -4.417239665985107, 0.0, 1100, 1214, 1424, 1100)
(-13.520342826843262, -0.9528366923332214, 0.0, 1100, 1257, 1276, 1100)
(-14.323312759399414, 2.3085391521453857, 0.0, 1100, 1305, 1352, 1100)
(-14.180846214294434, -0.3473173975944519, 0.0, 1100, 1231, 1272, 1100)
(-14.65916633605957, -2.655366897583008, 0.0, 1100, 1187, 1410, 1100)
(-14.843851089477539, -0.20161600410938263, 0.0, 1100, 1255, 1345, 1100)
(-14.459729194641113, 1.6092641353607178, 0.0, 1100, 1265, 1272, 1100)
(-14.473713874816895, 2.7791860103607178, 0.0, 1100, 1223, 1342, 1100)
(-14.256823539733887, -1.4850373268127441, 0.0, 1100, 1239, 1325, 1100)
(-13.572500228881836, -3.8493244647979736, 0.0, 1100, 1296, 1302, 1100)
(-13.39116096496582, 0.3225577473640442, 0.0, 1100, 1300, 1278, 1100)
(-13.88660717010498, -0.2971932291984558, 0.0, 1100, 1235, 1304, 1100)
(-13.388972282409668, -1.0537054538726807, 0.0, 1100, 1214, 1423, 1100)
(-13.953716278076172, 0.6412599682807922, 0.0, 1100, 1319, 1348, 1100)
(-12.830384254455566, 5.100346565246582, 0.0, 1100, 1282, 1381, 1100)
(-11.78935432434082, 5.4873199462890625, 0.0, 1100, 1263, 1313, 1100)
(-12.321316719055176, 1.582728624343872, 0.0, 1100, 1306, 1319, 1100)
(-13.383671760559082, -2.5643415451049805, 0.0, 1100, 1262, 1343, 1100)
(-12.175752639770508, -7.150235176086426, 0.0, 1100, 1130, 1370, 1100)
(-7.819771766662598, -3.8338489532470703, 0.0, 1100, 1120, 1291, 1100)
(-4.2414870262146, -2.8841712474823, 0.0, 1100, 1146, 1342, 1100)
(-1.6437158584594727, 4.016932487487793, 0.0, 1100, 1248, 1230, 1100)
(-1.1659895181655884, 2.004781484603882, 0.0, 1100, 1254, 1247, 1100)
(-1.2337087392807007, 0.7977598309516907, 0.0, 1100, 1234, 1236, 1100)
(0.8613625764846802, 1.4052059650421143, 0.0, 1100, 1195, 1276, 1100)
(3.4755451679229736, 0.2290842980146408, 0.0, 1100, 1113, 1270, 1100)
(8.024728775024414, 0.9045966267585754, 0.0, 1100, 1145, 1208, 1100)
(11.889290809631348, 0.19434957206249237, 0.0, 1100, 1115, 1215, 1100)
(15.67604923248291, 1.1309764385223389, 0.0, 1136, 1121, 1184, 1100)
(18.56370735168457, 1.1441900730133057, 0.0, 1144, 1100, 1188, 1100)
(18.336669921875, -1.3698241710662842, 0.0, 1119, 1162, 1159, 1100)
(18.538955688476562, -1.6493861675262451, 0.0, 1117, 1100, 1210, 1100)
(19.096248626708984, -2.237065553665161, 0.0, 1152, 1100, 1241, 1100)
(19.928192138671875, -3.257847547531128, 0.0, 1150, 1100, 1226, 1100)
(19.758769989013672, -2.2181384563446045, 0.0, 1152, 1100, 1196, 1100)
(19.635759353637695, -1.2385902404785156, 0.0, 1123, 1105, 1162, 1100)
(20.08580780029297, 1.0843679904937744, 0.0, 1131, 1100, 1174, 1100)
(20.442899703979492, 0.90801602602005, 0.0, 1136, 1100, 1140, 1100)
(19.597097396850586, -0.4660126566886902, 0.0, 1132, 1128, 1141, 1100)
(19.082353591918945, -2.091123580932617, 0.0, 1138, 1100, 1177, 1100)
(18.699752807617188, -2.410334825515747, 0.0, 1150, 1100, 1181, 1100)
(18.857192993164062, -2.7040107250213623, 0.0, 1114, 1100, 1161, 1100)
(19.1794490814209, -1.4106626510620117, 0.0, 1133, 1120, 1114, 1100)
(19.794700622558594, -0.9048153758049011, 0.0, 1157, 1100, 1134, 1100)
(21.188453674316406, -1.0050270557403564, 0.0, 1153, 1100, 1141, 1100)
(22.534807205200195, -0.7327963709831238, 0.0, 1171, 1100, 1141, 1100)
(22.665834426879883, -2.4343316555023193, 0.0, 1152, 1100, 1128, 1100)
(22.593090057373047, -2.5209743976593018, 0.0, 1213, 1100, 1172, 1100)
(21.873212814331055, -2.1304891109466553, 0.0, 1146, 1100, 1148, 1100)
(22.30448341369629, -0.7055665850639343, 0.0, 1139, 1100, 1106, 1112)
(22.833942413330078, -0.04281730577349663, 0.0, 1149, 1100, 1118, 1100)
(22.060731887817383, -0.8063866496086121, 0.0, 1161, 1100, 1100, 1100)
(21.404682159423828, -1.1769983768463135, 0.0, 1185, 1100, 1152, 1100)
(21.8803768157959, -0.5953442454338074, 0.0, 1181, 1100, 1118, 1100)
(22.61966896057129, 0.891872227191925, 0.0, 1170, 1100, 1108, 1100)
(22.87619400024414, -0.10104389488697052, 0.0, 1175, 1100, 1100, 1100)
(22.409286499023438, -0.4541112780570984, 0.0, 1216, 1100, 1127, 1100)
(21.878019332885742, -0.6339651942253113, 0.0, 1166, 1100, 1114, 1100)
(22.265499114990234, 0.6293357014656067, 0.0, 1153, 1100, 1100, 1131)
(22.876861572265625, 0.7953155636787415, 0.0, 1187, 1100, 1100, 1103)
(23.09412956237793, -0.07117815315723419, 0.0, 1207, 1100, 1100, 1100)
(22.673480987548828, -1.037156343460083, 0.0, 1193, 1100, 1100, 1100)
(21.860170364379883, -0.08114595711231232, 0.0, 1204, 1100, 1124, 1100)
(21.894203186035156, -0.7647921442985535, 0.0, 1199, 1100, 1100, 1100)
(21.095205307006836, -1.488706350326538, 0.0, 1253, 1100, 1135, 1100)
(19.899349212646484, -2.0057790279388428, 0.0, 1283, 1100, 1108, 1100)
(18.929067611694336, -0.634133517742157, 0.0, 1216, 1100, 1100, 1100)
(18.14659309387207, -1.245828628540039, 0.0, 1203, 1100, 1125, 1100)
(18.241188049316406, -1.3510639667510986, 0.0, 1166, 1100, 1104, 1131)
(18.789655685424805, -0.6350266337394714, 0.0, 1220, 1100, 1127, 1100)
(19.235855102539062, -0.8819295763969421, 0.0, 1206, 1100, 1100, 1100)
(19.039230346679688, -0.39670485258102417, 0.0, 1182, 1100, 1100, 1117)
(19.548694610595703, -0.06039400026202202, 0.0, 1225, 1100, 1120, 1100)
(19.426490783691406, -0.403176486492157, 0.0, 1237, 1100, 1123, 1100)
(18.88938331604004, -0.2783138155937195, 0.0, 1165, 1100, 1100, 1137)
(18.46440315246582, -0.32469481229782104, 0.0, 1232, 1100, 1100, 1100)
(17.53188133239746, 0.3206031918525696, 0.0, 1172, 1100, 1100, 1100)
(13.952138900756836, -1.3878846168518066, 0.0, 1249, 1100, 1184, 1100)
(7.69416618347168, -1.4074368476867676, 0.0, 1199, 1100, 1207, 1100)
(2.4112117290496826, 1.8440301418304443, 0.0, 1100, 1100, 1221, 1100)
(1.0135345458984375, 3.9142444133758545, 0.0, 1100, 1100, 1166, 1100)
(1.5726141929626465, 4.230051040649414, 0.0, 1108, 1100, 1197, 1100)
(2.635103464126587, 6.309576988220215, 0.0, 1100, 1168, 1100, 1100)
(2.552929162979126, 6.138679504394531, 0.0, 1100, 1179, 1100, 1100)
(1.7393786907196045, 3.12628436088562, 0.0, 1100, 1101, 1162, 1100)
(1.9198529720306396, -0.057553958147764206, 0.0, 1135, 1110, 1109, 1100)
(3.1415457725524902, -3.535571813583374, 0.0, 1152, 1105, 1137, 1100)
(1.7641510963439941, -10.12297534942627, 0.0, 1185, 1105, 1174, 1100)
(0.29704606533050537, -13.18921184539795, 0.0, 1224, 1100, 1289, 1100)
(-0.9394444823265076, -15.542527198791504, 0.0, 1188, 1100, 1286, 1100)
(-0.1203293651342392, -15.440521240234375, 0.0, 1236, 1100, 1301, 1100)
(-0.6345294117927551, -14.828402519226074, 0.0, 1198, 1100, 1261, 1100)
(-0.374117910861969, -13.55672550201416, 0.0, 1176, 1100, 1223, 1100)
(-1.8671560287475586, -13.657697677612305, 0.0, 1243, 1100, 1282, 1100)
(-0.09820674359798431, -12.397042274475098, 0.0, 1142, 1100, 1236, 1100)
(-0.8711804747581482, -12.191994667053223, 0.0, 1199, 1100, 1240, 1100)
(-0.09973768889904022, -14.112235069274902, 0.0, 1238, 1100, 1263, 1100)
(-0.6099595427513123, -17.19445037841797, 0.0, 1271, 1100, 1307, 1100)
(-2.868058681488037, -16.825105667114258, 0.0, 1166, 1100, 1297, 1100)
(-2.6372714042663574, -16.166675567626953, 0.0, 1179, 1100, 1305, 1100)
(-1.8831071853637695, -14.718461990356445, 0.0, 1196, 1100, 1250, 1100)
(-0.43756741285324097, -12.429219245910645, 0.0, 1204, 1100, 1239, 1100)
(-2.277630090713501, -13.331999778747559, 0.0, 1182, 1100, 1221, 1100)
(-1.4472349882125854, -14.059374809265137, 0.0, 1187, 1100, 1282, 1100)
(-2.427276134490967, -14.957120895385742, 0.0, 1171, 1100, 1230, 1100)
(-0.43133318424224854, -15.644659996032715, 0.0, 1228, 1100, 1274, 1100)
(-2.131476879119873, -17.646045684814453, 0.0, 1232, 1100, 1291, 1100)
(-2.1091980934143066, -15.945658683776855, 0.0, 1209, 1100, 1327, 1100)
(-1.8405027389526367, -14.969582557678223, 0.0, 1221, 1100, 1299, 1100)
(-1.4401051998138428, -12.191500663757324, 0.0, 1201, 1100, 1260, 1100)
(-0.28371715545654297, -9.166693687438965, 0.0, 1184, 1100, 1212, 1100)
(-2.296520709991455, -9.551238059997559, 0.0, 1206, 1100, 1249, 1100)
(-1.98470139503479, -11.675808906555176, 0.0, 1146, 1100, 1202, 1100)
(-2.6120288372039795, -11.976419448852539, 0.0, 1207, 1100, 1309, 1100)
(-2.423025131225586, -11.46469497680664, 0.0, 1176, 1100, 1241, 1100)
(-1.6142301559448242, -8.903905868530273, 0.0, 1180, 1100, 1256, 1100)
(-1.2288601398468018, -9.243902206420898, 0.0, 1148, 1101, 1188, 1100)
(0.441041499376297, -8.89273452758789, 0.0, 1193, 1100, 1241, 1100)
(0.9699666500091553, -7.09658145904541, 0.0, 1225, 1100, 1299, 1100)
(0.29475095868110657, -7.581823348999023, 0.0, 1216, 1100, 1259, 1100)
(-1.3868956565856934, -9.070364952087402, 0.0, 1226, 1100, 1325, 1100)
(-1.6681156158447266, -10.438765525817871, 0.0, 1215, 1100, 1326, 1100)
(-2.0002856254577637, -9.99141788482666, 0.0, 1194, 1107, 1237, 1100)
(-2.8943464756011963, -11.043397903442383, 0.0, 1239, 1100, 1313, 1100)
(-3.038998603820801, -10.902795791625977, 0.0, 1262, 1100, 1349, 1100)
(-3.6374752521514893, -12.976813316345215, 0.0, 1236, 1100, 1332, 1100)
(-2.3285272121429443, -10.001760482788086, 0.0, 1213, 1100, 1330, 1100)
(-1.2879449129104614, -11.48282527923584, 0.0, 1309, 1100, 1417, 1100)
(-1.0619935989379883, -9.44653034210205, 0.0, 1298, 1100, 1344, 1100)
(-2.052419662475586, -5.905183792114258, 0.0, 1179, 1105, 1257, 1100)
(-2.6783292293548584, -1.5736885070800781, 0.0, 1186, 1103, 1258, 1100)
(-0.7318835854530334, 1.9379808902740479, 0.0, 1166, 1111, 1250, 1100)
(-0.33570605516433716, 2.5780327320098877, 0.0, 1172, 1113, 1223, 1100)
(3.015756607055664, 0.35341721773147583, 0.0, 1181, 1100, 1273, 1100)
(7.306210994720459, 1.6618659496307373, 0.0, 1219, 1100, 1163, 1105)
(10.363052368164062, 2.412393808364868, 0.0, 1231, 1100, 1154, 1115)
(11.814888000488281, 1.5953409671783447, 0.0, 1232, 1100, 1164, 1100)
(13.314871788024902, 3.2727973461151123, 0.0, 1283, 1100, 1211, 1100)
(15.809122085571289, 3.119765043258667, 0.0, 1201, 1100, 1111, 1182)
(16.069049835205078, 1.4321939945220947, 0.0, 1228, 1100, 1146, 1143)
(16.807992935180664, 1.5241611003875732, 0.0, 1279, 1100, 1143, 1110)
(17.063587188720703, 1.075279951095581, 0.0, 1297, 1100, 1188, 1100)
(17.572235107421875, 1.3002431392669678, 0.0, 1322, 1100, 1200, 1100)
(17.42218017578125, 1.7219951152801514, 0.0, 1292, 1100, 1205, 1100)
(18.005128860473633, 0.9579756855964661, 0.0, 1320, 1100, 1176, 1100)
(17.544231414794922, 1.1755268573760986, 0.0, 1360, 1100, 1192, 1100)
(14.882086753845215, 0.145952507853508, 0.0, 1266, 1100, 1171, 1100)
(9.870193481445312, 1.0158307552337646, 0.0, 1185, 1159, 1114, 1104)
(4.814116954803467, 5.383953094482422, 0.0, 1190, 1141, 1148, 1100)
(1.5318506956100464, 5.074549674987793, 0.0, 1161, 1100, 1231, 1100)
(0.5065213441848755, 4.39045524597168, 0.0, 1135, 1100, 1204, 1135)
(0.015344065614044666, 2.9449965953826904, 0.0, 1147, 1100, 1208, 1127)
(-0.628716766834259, 2.150703191757202, 0.0, 1225, 1120, 1251, 1100)
(-3.9725396633148193, 1.9013559818267822, 0.0, 1145, 1221, 1207, 1100)
(-8.62743091583252, 1.304539442062378, 0.0, 1160, 1178, 1246, 1100)
(-12.609814643859863, -0.23748750984668732, 0.0, 1187, 1112, 1343, 1100)
(-13.097908973693848, -0.7385661005973816, 0.0, 1129, 1148, 1299, 1100)
(-15.997624397277832, -1.3706707954406738, 0.0, 1135, 1184, 1327, 1100)
(-18.488967895507812, -4.292922019958496, 0.0, 1138, 1167, 1386, 1100)
(-18.919174194335938, -4.90013313293457, 0.0, 1178, 1117, 1450, 1100)
(-18.93290138244629, -1.0646841526031494, 0.0, 1100, 1194, 1268, 1100)
(-18.421226501464844, -0.8933822512626648, 0.0, 1100, 1126, 1304, 1100)
(-12.467010498046875, 0.5113795399665833, 0.0, 1100, 1130, 1186, 1270)
(-4.924440860748291, 0.2272823303937912, 0.0, 1122, 1100, 1311, 1100)
(-0.4604426622390747, 1.9812138080596924, 0.0, 1188, 1100, 1256, 1100)
(-0.5260463356971741, 1.586301565170288, 0.0, 1186, 1173, 1219, 1100)
(-1.0551873445510864, 2.861043691635132, 0.0, 1135, 1165, 1196, 1100)
(-0.33090537786483765, 6.570802688598633, 0.0, 1135, 1141, 1212, 1100)
(1.3506678342819214, 7.861757278442383, 0.0, 1227, 1112, 1222, 1100)
(1.8815929889678955, 12.410679817199707, 0.0, 1143, 1148, 1221, 1100)
(0.3724067807197571, 16.92349624633789, 0.0, 1137, 1152, 1203, 1100)
(1.3986965417861938, 19.259126663208008, 0.0, 1100, 1233, 1100, 1223)
(2.5125515460968018, 17.2736873626709, 0.0, 1126, 1177, 1135, 1124)
(2.564589738845825, 15.152424812316895, 0.0, 1103, 1187, 1150, 1122)
(2.365070343017578, 13.265446662902832, 0.0, 1141, 1146, 1185, 1100)
(2.0306529998779297, 13.056740760803223, 0.0, 1100, 1157, 1158, 1153)
(1.8182449340820312, 17.964689254760742, 0.0, 1111, 1189, 1151, 1111)
(1.3777728080749512, 16.15572166442871, 0.0, 1139, 1165, 1159, 1100)
(1.820275068283081, 16.66767692565918, 0.0, 1129, 1151, 1189, 1100)
(2.376556634902954, 16.153057098388672, 0.0, 1142, 1167, 1153, 1100)
(2.3831896781921387, 15.273898124694824, 0.0, 1100, 1192, 1155, 1117)
(1.838307499885559, 14.545886039733887, 0.0, 1100, 1200, 1128, 1153)
(1.773309350013733, 14.674895286560059, 0.0, 1106, 1194, 1133, 1129)
(1.3173989057540894, 13.840548515319824, 0.0, 1107, 1170, 1160, 1125)
(0.95127934217453, 16.152902603149414, 0.0, 1158, 1127, 1224, 1100)
(1.6698262691497803, 19.383071899414062, 0.0, 1100, 1219, 1100, 1183)
(1.3074965476989746, 18.687286376953125, 0.0, 1126, 1189, 1127, 1120)
(2.161806344985962, 17.671350479125977, 0.0, 1105, 1228, 1104, 1125)
(2.7404870986938477, 15.470749855041504, 0.0, 1100, 1224, 1100, 1193)
(3.128699779510498, 14.669560432434082, 0.0, 1135, 1167, 1171, 1100)
(2.555083990097046, 15.073098182678223, 0.0, 1100, 1190, 1143, 1159)
(1.805542230606079, 14.48507022857666, 0.0, 1100, 1200, 1135, 1149)
(0.7646555304527283, 15.408135414123535, 0.0, 1100, 1212, 1138, 1124)
(0.8069874048233032, 15.737177848815918, 0.0, 1106, 1198, 1132, 1125)
(1.4340734481811523, 15.167189598083496, 0.0, 1134, 1171, 1160, 1100)
(1.094215989112854, 13.644261360168457, 0.0, 1100, 1219, 1132, 1117)
(1.0805490016937256, 16.580093383789062, 0.0, 1100, 1261, 1100, 1230)
(1.4233042001724243, 15.651110649108887, 0.0, 1100, 1183, 1131, 1161)
(1.3723556995391846, 14.422356605529785, 0.0, 1100, 1227, 1101, 1147)
(0.40721961855888367, 15.11909008026123, 0.0, 1100, 1208, 1138, 1143)
(1.1832636594772339, 15.501931190490723, 0.0, 1127, 1176, 1147, 1111)
(1.0314527750015259, 14.824786186218262, 0.0, 1100, 1209, 1123, 1132)
(0.7743651270866394, 15.135979652404785, 0.0, 1100, 1227, 1100, 1175)
(0.732036292552948, 14.038811683654785, 0.0, 1100, 1223, 1100, 1217)
(1.5485509634017944, 14.254714012145996, 0.0, 1100, 1210, 1123, 1154)
(1.431044340133667, 15.551213264465332, 0.0, 1100, 1224, 1125, 1126)
(0.8283648490905762, 16.031970977783203, 0.0, 1100, 1266, 1100, 1233)
(0.6964253783226013, 14.278138160705566, 0.0, 1100, 1229, 1100, 1174)
(0.7181397080421448, 15.129508018493652, 0.0, 1100, 1246, 1100, 1208)
(0.8028613924980164, 13.971879005432129, 0.0, 1100, 1246, 1100, 1215)
(0.7868427634239197, 12.5982027053833, 0.0, 1100, 1217, 1110, 1172)
(0.7661303877830505, 12.690093040466309, 0.0, 1100, 1209, 1145, 1120)
(0.5036064982414246, 13.33512020111084, 0.0, 1100, 1249, 1100, 1175)
(0.3613985776901245, 13.707982063293457, 0.0, 1100, 1252, 1100, 1243)
(0.5864092111587524, 14.215468406677246, 0.0, 1100, 1208, 1137, 1138)
(0.5444263219833374, 13.521096229553223, 0.0, 1112, 1188, 1174, 1100)
(0.5039832592010498, 13.667475700378418, 0.0, 1100, 1224, 1117, 1159)
(0.315629243850708, 13.470274925231934, 0.0, 1100, 1235, 1100, 1186)
(0.22464147210121155, 13.5566987991333, 0.0, 1100, 1258, 1100, 1222)
(0.5406931042671204, 12.010119438171387, 0.0, 1100, 1209, 1124, 1151)
(0.6825321316719055, 11.701447486877441, 0.0, 1100, 1222, 1130, 1142)
(0.21284881234169006, 13.747082710266113, 0.0, 1101, 1228, 1119, 1114)
(0.6803289651870728, 13.431303977966309, 0.0, 1100, 1197, 1153, 1132)
(1.231755256652832, 11.990859031677246, 0.0, 1100, 1223, 1139, 1102)
(1.0827205181121826, 12.963204383850098, 0.0, 1100, 1233, 1108, 1164)
(0.9876695275306702, 12.788817405700684, 0.0, 1100, 1222, 1108, 1166)
(0.6140616536140442, 12.51046085357666, 0.0, 1100, 1241, 1100, 1187)
(-0.3386317491531372, 10.673737525939941, 0.0, 1100, 1201, 1183, 1100)
(-1.289347767829895, 11.375317573547363, 0.0, 1100, 1206, 1160, 1110)
(-1.2731282711029053, 10.30625057220459, 0.0, 1100, 1212, 1116, 1159)
(-1.008805513381958, 8.961212158203125, 0.0, 1100, 1192, 1161, 1123)
(-0.8646611571311951, 8.909109115600586, 0.0, 1100, 1200, 1124, 1160)
(-0.6323638558387756, 8.987839698791504, 0.0, 1100, 1189, 1155, 1123)
(-0.32385528087615967, 9.626117706298828, 0.0, 1100, 1187, 1161, 1115)
(-0.07969532907009125, 8.39842414855957, 0.0, 1100, 1241, 1119, 1147)
(-0.34184688329696655, 8.059626579284668, 0.0, 1100, 1286, 1100, 1198)
(-0.18288485705852509, 9.086615562438965, 0.0, 1100, 1262, 1100, 1223)
(-0.35129445791244507, 9.369586944580078, 0.0, 1100, 1297, 1100, 1190)
(-0.5945531725883484, 9.59229850769043, 0.0, 1100, 1268, 1100, 1171)
(0.028961461037397385, 7.606680870056152, 0.0, 1100, 1235, 1100, 1192)
(0.006297660060226917, 7.044681549072266, 0.0, 1100, 1218, 1148, 1118)
(-0.6357470154762268, 8.105305671691895, 0.0, 1100, 1229, 1142, 1126)
(-0.6242565512657166, 8.71884822845459, 0.0, 1100, 1201, 1161, 1145)
(-0.6945368647575378, 7.7601518630981445, 0.0, 1100, 1221, 1136, 1119)
(-0.8865887522697449, 7.601528167724609, 0.0, 1100, 1240, 1100, 1162)
(-0.6323160529136658, 8.1933012008667, 0.0, 1100, 1234, 1100, 1175)
(-0.2694202661514282, 6.823174476623535, 0.0, 1100, 1207, 1100, 1186)
(0.039556246250867844, 7.428432464599609, 0.0, 1100, 1226, 1114, 1169)
(-0.09811590611934662, 6.515499114990234, 0.0, 1100, 1193, 1176, 1114)
(-0.5645825266838074, 6.048923492431641, 0.0, 1100, 1239, 1127, 1138)
(-1.0266746282577515, 7.242457389831543, 0.0, 1100, 1288, 1100, 1243)
(-0.4617941975593567, 7.663543701171875, 0.0, 1100, 1307, 1100, 1236)
(0.3069602847099304, 5.652399063110352, 0.0, 1100, 1267, 1100, 1170)
(0.33108705282211304, 4.190000534057617, 0.0, 1101, 1172, 1166, 1122)
(0.27579981088638306, 5.19303035736084, 0.0, 1100, 1220, 1120, 1161)
(-0.3333330750465393, 5.104890823364258, 0.0, 1118, 1169, 1184, 1100)
(-0.362549364566803, 5.508181571960449, 0.0, 1100, 1208, 1131, 1172)
(-0.6585171818733215, 6.601262092590332, 0.0, 1100, 1221, 1160, 1110)
(-1.0884010791778564, 5.501672744750977, 0.0, 1100, 1265, 1100, 1190)
(-0.5528973937034607, 7.7840681076049805, 0.0, 1100, 1271, 1110, 1158)
(-0.7916651368141174, 6.27094841003418, 0.0, 1100, 1233, 1129, 1129)
(-0.24447797238826752, 8.890417098999023, 0.0, 1100, 1332, 1100, 1260)
(-0.32656872272491455, 6.726495742797852, 0.0, 1100, 1206, 1180, 1100)
(-0.3863767385482788, 7.676187515258789, 0.0, 1100, 1307, 1100, 1236)
(-0.3708130717277527, 7.898022651672363, 0.0, 1100, 1241, 1100, 1182)
(-0.0742325633764267, 3.335160970687866, 0.0, 1100, 1217, 1173, 1100)
(-0.9161975979804993, 5.859560012817383, 0.0, 1100, 1190, 1129, 1158)
(-1.0108333826065063, 4.78116512298584, 0.0, 1100, 1257, 1100, 1182)
(-0.897909939289093, 6.446407318115234, 0.0, 1100, 1289, 1100, 1172)
(-1.3892297744750977, 6.263164520263672, 0.0, 1100, 1228, 1100, 1204)
(-0.41790318489074707, 7.56961727142334, 0.0, 1100, 1327, 1100, 1196)
(-0.9263316988945007, 5.928338050842285, 0.0, 1100, 1251, 1107, 1161)
(-0.47936731576919556, 5.714771270751953, 0.0, 1100, 1324, 1100, 1253)
(-0.292408287525177, 7.062085151672363, 0.0, 1100, 1260, 1100, 1222)
(0.16514955461025238, 3.4675261974334717, 0.0, 1112, 1196, 1193, 1100)
(-0.38577383756637573, 2.5463478565216064, 0.0, 1100, 1218, 1163, 1111)
(-1.1892337799072266, 0.7326987385749817, 0.0, 1100, 1174, 1186, 1107)
(-1.498215913772583, 4.455472946166992, 0.0, 1100, 1247, 1113, 1167)
(-1.8284657001495361, 4.075821876525879, 0.0, 1100, 1218, 1148, 1126)
(-1.1692585945129395, 3.6452062129974365, 0.0, 1100, 1233, 1100, 1177)
(-1.1343028545379639, 4.606357574462891, 0.0, 1100, 1250, 1100, 1177)
(-1.74704909324646, 4.312865257263184, 0.0, 1100, 1270, 1100, 1204)
(-0.9461092352867126, 4.453725814819336, 0.0, 1100, 1285, 1100, 1224)
(-0.27688878774642944, 3.2162864208221436, 0.0, 1100, 1304, 1100, 1183)
(-0.6845656037330627, 4.167510986328125, 0.0, 1100, 1257, 1100, 1225)
(-0.6999806761741638, 4.030670166015625, 0.0, 1100, 1247, 1154, 1141)
(-2.298915386199951, 5.533356666564941, 0.0, 1100, 1257, 1119, 1165)
(-2.4432578086853027, 5.835747718811035, 0.0, 1100, 1263, 1100, 1149)
(-0.9524407982826233, 6.073945045471191, 0.0, 1100, 1301, 1100, 1250)
(-0.8806946873664856, 2.019453763961792, 0.0, 1112, 1218, 1167, 1100)
(-0.2868863344192505, 5.430482864379883, 0.0, 1100, 1283, 1100, 1250)
(-0.28326982259750366, 5.882845878601074, 0.0, 1100, 1212, 1151, 1159)
(-1.3156359195709229, 7.161195755004883, 0.0, 1100, 1196, 1152, 1169)
(-1.7270231246948242, 6.480714797973633, 0.0, 1100, 1311, 1100, 1239)
(-2.0674853324890137, 4.728029251098633, 0.0, 1100, 1286, 1100, 1279)
(-1.80934739112854, 2.3378517627716064, 0.0, 1100, 1180, 1214, 1100)
(-1.4502025842666626, 3.560065984725952, 0.0, 1100, 1300, 1100, 1136)
(-0.6964256167411804, 5.250864028930664, 0.0, 1100, 1266, 1100, 1228)
(-0.9547311663627625, 4.929766654968262, 0.0, 1115, 1175, 1214, 1100)
(-1.1671608686447144, 3.6671197414398193, 0.0, 1100, 1297, 1100, 1192)
(-2.58540415763855, 2.2611243724823, 0.0, 1100, 1223, 1157, 1160)
(-2.11047101020813, -2.401585102081299, 0.0, 1100, 1195, 1121, 1168)
(-1.8547313213348389, -0.67560213804245, 0.0, 1100, 1258, 1140, 1100)
(-2.691965103149414, -1.7722022533416748, 0.0, 1104, 1176, 1212, 1100)
(-1.8174004554748535, -0.718493640422821, 0.0, 1100, 1190, 1184, 1111)
(-0.7784964442253113, 0.3402765393257141, 0.0, 1100, 1273, 1115, 1123)
(-2.1750478744506836, 1.1932289600372314, 0.0, 1100, 1206, 1185, 1134)
(-1.827789068222046, 0.5072959065437317, 0.0, 1100, 1238, 1105, 1160)
(-1.3543323278427124, -0.2675296664237976, 0.0, 1100, 1276, 1100, 1180)
(-1.058881402015686, 1.145174264907837, 0.0, 1100, 1269, 1124, 1140)
(-0.7951512932777405, 1.049536943435669, 0.0, 1100, 1310, 1100, 1208)
(-0.8260172009468079, 0.9524272084236145, 0.0, 1100, 1241, 1116, 1165)
(-0.9126885533332825, -0.09467668831348419, 0.0, 1100, 1279, 1100, 1180)
(-2.252748966217041, -0.7092220187187195, 0.0, 1100, 1257, 1128, 1136)
(-1.116304874420166, -1.6798138618469238, 0.0, 1100, 1231, 1100, 1220)
(-0.02975635603070259, -1.854949951171875, 0.0, 1100, 1179, 1100, 1100)
(-0.4203186631202698, -0.6741864085197449, 0.0, 1000, 1000, 1000, 1000)
(-1.3459489345550537, 0.30718642473220825, 0.0, 1000, 1000, 1000, 1000)
(-1.9678590297698975, 0.5037410855293274, 0.0, 1000, 1000, 1000, 1000)
(-1.6590886116027832, -0.6084915995597839, 0.0, 1000, 1000, 1000, 1000)
(-2.1589088439941406, -1.832521915435791, 0.0, 1000, 1000, 1000, 1000)
(-2.5031306743621826, -3.582779884338379, 0.0, 1000, 1000, 1000, 1000)
(-2.287766218185425, -2.1123151779174805, 0.0, 1000, 1000, 1000, 1000)
(-1.295962929725647, -1.4227778911590576, 0.0, 1000, 1000, 1000, 1000)
(-1.3847742080688477, -2.207462787628174, 0.0, 1000, 1000, 1000, 1000)
(-2.41141676902771, -2.580806255340576, 0.0, 1000, 1000, 1000, 1000)
(-2.8174009323120117, -2.528005599975586, 0.0, 1000, 1000, 1000, 1000)
(-2.4471054077148438, -2.5188233852386475, 0.0, 1000, 1000, 1000, 1000)
(-1.9074742794036865, -3.650730609893799, 0.0, 1000, 1000, 1000, 1000)
(-2.0311696529388428, -4.358203887939453, 0.0, 1000, 1000, 1000, 1000)
(-3.1582322120666504, -4.438427925109863, 0.0, 1000, 1000, 1000, 1000)
(-3.4812638759613037, -4.687475204467773, 0.0, 1000, 1000, 1000, 1000)
(-2.537414312362671, -4.063855171203613, 0.0, 1000, 1000, 1000, 1000)
(-1.858705759048462, -5.490105152130127, 0.0, 1000, 1000, 1000, 1000)
(-1.9509527683258057, -5.434867858886719, 0.0, 1000, 1000, 1000, 1000)
(-2.5301990509033203, -5.294450759887695, 0.0, 1000, 1000, 1000, 1000)
(-2.6624674797058105, -5.043354511260986, 0.0, 1000, 1000, 1000, 1000)
(-2.392540454864502, -5.15390157699585, 0.0, 1000, 1000, 1000, 1000)
(-1.901700496673584, -4.767289638519287, 0.0, 1000, 1000, 1000, 1000)
(-1.8707196712493896, -4.883439540863037, 0.0, 1000, 1000, 1000, 1000)
(-2.0086746215820312, -4.7819318771362305, 0.0, 1000, 1000, 1000, 1000)
(-1.8763303756713867, -3.467658281326294, 0.0, 1000, 1000, 1000, 1000)
(-1.8356554508209229, -3.684757709503174, 0.0, 1000, 1000, 1000, 1000)
(-1.293348789215088, -3.410313367843628, 0.0, 1000, 1000, 1000, 1000)
(-0.9809796214103699, -4.150749206542969, 0.0, 1000, 1000, 1000, 1000)
(-1.1060540676116943, -3.7460381984710693, 0.0, 1000, 1000, 1000, 1000)
(-1.4156651496887207, -4.104582786560059, 0.0, 1000, 1000, 1000, 1000)
(-1.748344898223877, -4.2266106605529785, 0.0, 1000, 1000, 1000, 1000)
(-1.8861312866210938, -4.593976020812988, 0.0, 1000, 1000, 1000, 1000)
(-2.0021424293518066, -4.820427894592285, 0.0, 1000, 1000, 1000, 1000)
(-2.5809812545776367, -5.086256504058838, 0.0, 1000, 1000, 1000, 1000)
(-3.3102340698242188, -6.174619197845459, 0.0, 1000, 1000, 1000, 1000)
(-3.437246799468994, -8.258866310119629, 0.0, 1000, 1000, 1000, 1000)
(-3.554476022720337, -8.412283897399902, 0.0, 1000, 1000, 1000, 1000)
(-3.7153995037078857, -9.767621994018555, 0.0, 1000, 1000, 1000, 1000)
(-3.9812777042388916, -10.768143653869629, 0.0, 1000, 1000, 1000, 1000)
(-3.851118803024292, -12.175013542175293, 0.0, 1000, 1000, 1000, 1000)
(-2.726405620574951, -10.49969482421875, 0.0, 1000, 1000, 1000, 1000)
(-1.6530749797821045, -7.161895275115967, 0.0, 1000, 1000, 1000, 1000)
(-0.995454728603363, -4.741143226623535, 0.0, 1000, 1000, 1000, 1000)
(-0.2903813123703003, -2.9215967655181885, 0.0, 1000, 1000, 1000, 1000)
(0.8347011208534241, 1.3088138103485107, 0.0, 1000, 1000, 1000, 1000)
(0.9749221205711365, 1.9270532131195068, 0.0, 1000, 1000, 1000, 1000)
(0.5313414335250854, 1.6455943584442139, 0.0, 1000, 1000, 1000, 1000)
(0.19249533116817474, 1.162079095840454, 0.0, 1000, 1000, 1000, 1000)
(0.5569095015525818, 0.5561650395393372, 0.0, 1000, 1000, 1000, 1000)
(0.9870918393135071, -0.04721994325518608, 0.0, 1000, 1000, 1000, 1000)
(0.7970547080039978, -0.3369714617729187, 0.0, 1000, 1000, 1000, 1000)
(0.36789706349372864, -0.33502501249313354, 0.0, 1000, 1000, 1000, 1000)
(0.5588850378990173, -0.3778688311576843, 0.0, 1000, 1000, 1000, 1000)
(0.8391225337982178, -1.0080149173736572, 0.0, 1000, 1000, 1000, 1000)
(0.7752588987350464, -1.1859586238861084, 0.0, 1000, 1000, 1000, 1000)
(0.7375572919845581, -0.9128643870353699, 0.0, 1000, 1000, 1000, 1000)
(0.5443334579467773, -1.2872247695922852, 0.0, 1000, 1000, 1000, 1000)
(0.23748384416103363, -1.8848774433135986, 0.0, 1000, 1000, 1000, 1000)
(0.23966000974178314, -2.290302038192749, 0.0, 1000, 1000, 1000, 1000)
(0.27278080582618713, -2.668189525604248, 0.0, 1100, 1229, 1146, 1129)
(0.4485054314136505, -2.7140355110168457, 0.0, 1100, 1248, 1172, 1161)
(0.3772590756416321, -2.979914665222168, 0.0, 1000, 1000, 1000, 1000)
(0.3156801760196686, -2.8618569374084473, 0.0, 1100, 1231, 1145, 1127)
(0.34797361493110657, -2.929966688156128, 0.0, 1126, 1270, 1202, 1188)
(0.7099641561508179, -2.7046048641204834, 0.0, 1000, 1000, 1000, 1000)
(1.9892181158065796, -1.4064834117889404, 0.0, 1000, 1000, 1000, 1000)
(3.5696418285369873, -1.017554521560669, 0.0, 1000, 1000, 1000, 1000)
(4.9115729331970215, -0.775152862071991, 0.0, 1000, 1000, 1000, 1000)
(5.959166526794434, -0.5264260172843933, 0.0, 1000, 1000, 1000, 1000)
(6.972163200378418, 1.3122217655181885, 0.0, 1000, 1000, 1000, 1000)
(5.966558456420898, -2.9545516967773438, 0.0, 1000, 1000, 1000, 1000)
(3.4373011589050293, -4.01364278793335, 0.0, 1000, 1000, 1000, 1000)
(2.1961026191711426, -3.9989559650421143, 0.0, 1000, 1000, 1000, 1000)
(3.2644050121307373, -4.283938884735107, 0.0, 1000, 1000, 1000, 1000)
(2.9878602027893066, -5.504141330718994, 0.0, 1000, 1000, 1000, 1000)
(1.518436312675476, -4.197160243988037, 0.0, 1000, 1000, 1000, 1000)
(-3.670823335647583, -4.984443664550781, 0.0, 1000, 1000, 1000, 1000)
(-3.1204326152801514, -5.33207893371582, 0.0, 1000, 1000, 1000, 1000)
(-3.1636290550231934, -5.1655426025390625, 0.0, 1000, 1000, 1000, 1000)
(-3.460132360458374, -4.683173179626465, 0.0, 1000, 1000, 1000, 1000)
(-3.7029330730438232, -5.032564640045166, 0.0, 1000, 1000, 1000, 1000)
(-3.6632931232452393, -4.709691047668457, 0.0, 1000, 1000, 1000, 1000)
(-3.6315715312957764, -4.737207412719727, 0.0, 1000, 1000, 1000, 1000)
(-3.6636130809783936, -4.890937805175781, 0.0, 1000, 1000, 1000, 1000)
(-3.7010385990142822, -4.8691911697387695, 0.0, 1000, 1000, 1000, 1000)
(-3.7097795009613037, -4.9290008544921875, 0.0, 1000, 1000, 1000, 1000)
(-3.7246310710906982, -4.9921135902404785, 0.0, 1000, 1000, 1000, 1000)
(-3.722184896469116, -4.973660469055176, 0.0, 1000, 1000, 1000, 1000)
(-3.7160656452178955, -5.01237154006958, 0.0, 1000, 1000, 1000, 1000)
(-3.725972890853882, -4.967616558074951, 0.0, 1000, 1000, 1000, 1000)
(-3.720924139022827, -4.971458435058594, 0.0, 1000, 1000, 1000, 1000)
(-3.717453718185425, -4.987545967102051, 0.0, 1000, 1000, 1000, 1000)
(-3.7354013919830322, -5.005836486816406, 0.0, 1000, 1000, 1000, 1000)
(-3.7005274295806885, -4.966256141662598, 0.0, 1000, 1000, 1000, 1000)
(-3.7299511432647705, -4.9580464363098145, 0.0, 1000, 1000, 1000, 1000)
(-3.714561700820923, -4.9444427490234375, 0.0, 1000, 1000, 1000, 1000)
(-3.716151475906372, -4.9581522941589355, 0.0, 1000, 1000, 1000, 1000)
(-3.71235728263855, -4.95328950881958, 0.0, 1000, 1000, 1000, 1000)
(-3.7022478580474854, -4.915763854980469, 0.0, 1000, 1000, 1000, 1000)
(-3.7351081371307373, -4.952744960784912, 0.0, 1000, 1000, 1000, 1000)
(-3.735748052597046, -4.9559502601623535, 0.0, 1000, 1000, 1000, 1000)
(-3.753554105758667, -4.963083744049072, 0.0, 1000, 1000, 1000, 1000)
(-3.750627279281616, -4.959109783172607, 0.0, 1000, 1000, 1000, 1000)
(-3.7505943775177, -4.968786716461182, 0.0, 1000, 1000, 1000, 1000)
(-3.7446978092193604, -5.005378723144531, 0.0, 1000, 1000, 1000, 1000)
(-3.756584882736206, -5.017498970031738, 0.0, 1000, 1000, 1000, 1000)
(-3.781470537185669, -5.0309014320373535, 0.0, 1000, 1000, 1000, 1000)
(-3.788609743118286, -5.009933948516846, 0.0, 1000, 1000, 1000, 1000)
(-3.766094446182251, -4.992494106292725, 0.0, 1000, 1000, 1000, 1000)
(-3.7898643016815186, -4.9996795654296875, 0.0, 1000, 1000, 1000, 1000)
(-3.7712109088897705, -5.005475044250488, 0.0, 1000, 1000, 1000, 1000)
(-3.7564504146575928, -5.0118327140808105, 0.0, 1000, 1000, 1000, 1000)
(-3.7909767627716064, -5.00394868850708, 0.0, 1000, 1000, 1000, 1000)
(-3.7723023891448975, -4.988882541656494, 0.0, 1000, 1000, 1000, 1000)
(-3.739715337753296, -4.966507434844971, 0.0, 1000, 1000, 1000, 1000)
(-3.7549073696136475, -4.964217662811279, 0.0, 1000, 1000, 1000, 1000)
(-3.7512691020965576, -4.963278770446777, 0.0, 1000, 1000, 1000, 1000)
(-3.7657811641693115, -5.000493049621582, 0.0, 1000, 1000, 1000, 1000)
(-3.7458698749542236, -4.990243911743164, 0.0, 1000, 1000, 1000, 1000)
(-3.756718873977661, -5.003663539886475, 0.0, 1000, 1000, 1000, 1000)
(-3.747135877609253, -4.982874393463135, 0.0, 1000, 1000, 1000, 1000)
(-3.7737462520599365, -5.018850803375244, 0.0, 1000, 1000, 1000, 1000)
(-3.7584736347198486, -4.993598461151123, 0.0, 1000, 1000, 1000, 1000)