
(1.7581419944763184, -5.000833511352539, 0.0, 1000, 1000, 1000, 1000)
(2.496141195297241, -4.901183128356934, 0.0, 1000, 1000, 1000, 1000)
(3.200838804244995, -4.9183573722839355, 0.0, 1000, 1000, 1000, 1000)
(3.630462646484375, -4.655509948730469, 0.0, 1000, 1000, 1000, 1000)
(3.4336183071136475, -4.427310943603516, 0.0, 1000, 1000, 1000, 1000)
(3.1882197856903076, -4.38441801071167, 0.0, 1000, 1000, 1000, 1000)
(3.0710723400115967, -4.540996074676514, 0.0, 1000, 1000, 1000, 1000)
(3.2249181270599365, -4.404835224151611, 0.0, 1000, 1000, 1000, 1000)
(3.1060585975646973, -3.962536334991455, 0.0, 1000, 1000, 1000, 1000)
(3.0642101764678955, -3.4062676429748535, 0.0, 1000, 1000, 1000, 1000)
(2.960139751434326, -3.109370231628418, 0.0, 1000, 1000, 1000, 1000)
(2.635744571685791, -2.9853553771972656, 0.0, 1000, 1000, 1000, 1000)
(2.0475924015045166, -3.5375797748565674, 0.0, 1000, 1000, 1000, 1000)
(1.774741768836975, -3.3764772415161133, 0.0, 1000, 1000, 1000, 1000)
(0.9651727080345154, -3.0697450637817383, 0.0, 1000, 1000, 1000, 1000)
(0.2716972231864929, -2.982414722442627, 0.0, 1000, 1000, 1000, 1000)
(-0.2804579734802246, -3.145747661590576, 0.0, 1000, 1000, 1000, 1000)
(-0.6452222466468811, -4.012524127960205, 0.0, 1000, 1000, 1000, 1000)
(-0.9881406426429749, -4.29547119140625, 0.0, 1000, 1000, 1000, 1000)
(-1.3733587265014648, -4.747603416442871, 0.0, 1000, 1000, 1000, 1000)
(-1.6783010959625244, -4.871244430541992, 0.0, 1000, 1000, 1000, 1000)
(-1.6673572063446045, -4.989521503448486, 0.0, 1000, 1000, 1000, 1000)
(-1.899933099746704, -5.005860328674316, 0.0, 1000, 1000, 1000, 1000)
(-2.207580327987671, -5.014606475830078, 0.0, 1000, 1000, 1000, 1000)
(-2.464601993560791, -5.188232898712158, 0.0, 1000, 1000, 1000, 1000)
(-2.5052454471588135, -5.771555423736572, 0.0, 1000, 1000, 1000, 1000)
(-2.3054184913635254, -5.473897933959961, 0.0, 1000, 1000, 1000, 1000)
(-2.1671977043151855, -5.448044300079346, 0.0, 1000, 1000, 1000, 1000)
(-2.352452039718628, -5.724095821380615, 0.0, 1000, 1000, 1000, 1000)
(-2.5114409923553467, -5.670286178588867, 0.0, 1000, 1000, 1000, 1000)
(-2.573014497756958, -5.793247222900391, 0.0, 1000, 1000, 1000, 1000)
(-2.2636871337890625, -6.043751239776611, 0.0, 1000, 1000, 1000, 1000)
(-2.214205265045166, -6.244691848754883, 0.0, 1000, 1000, 1000, 1000)
(-2.5010249614715576, -6.185306549072266, 0.0, 1000, 1000, 1000, 1000)
(-2.727848529815674, -6.1105055809021, 0.0, 1000, 1000, 1000, 1000)
(-2.946450710296631, -6.166948318481445, 0.0, 1000, 1000, 1000, 1000)
(-3.13299298286438, -6.237879753112793, 0.0, 1000, 1000, 1000, 1000)
(-2.713236093521118, -6.548704147338867, 0.0, 1000, 1000, 1000, 1000)
(-2.9139328002929688, -6.803272247314453, 0.0, 1000, 1000, 1000, 1000)
(-2.96232271194458, -6.786531925201416, 0.0, 1000, 1000, 1000, 1000)
(-2.9323713779449463, -6.454437255859375, 0.0, 1000, 1000, 1000, 1000)
(-2.9406161308288574, -6.3678154945373535, 0.0, 1000, 1000, 1000, 1000)
(-3.1265063285827637, -6.858463287353516, 0.0, 1000, 1000, 1000, 1000)
(-3.4200329780578613, -6.5612263679504395, 0.0, 1000, 1000, 1000, 1000)
(-3.4797756671905518, -5.827517509460449, 0.0, 1000, 1000, 1000, 1000)
(-3.2982819080352783, -5.896132469177246, 0.0, 1000, 1000, 1000, 1000)
(-3.1587793827056885, -5.857487678527832, 0.0, 1000, 1000, 1000, 1000)
(-3.135118007659912, -5.7512102127075195, 0.0, 1000, 1000, 1000, 1000)
(-3.221912145614624, -5.767564296722412, 0.0, 1000, 1000, 1000, 1000)
(-3.5384936332702637, -5.984438419342041, 0.0, 1000, 1000, 1000, 1000)
(-3.594071626663208, -5.914861679077148, 0.0, 1000, 1000, 1000, 1000)
(-3.6733953952789307, -6.386648654937744, 0.0, 1000, 1000, 1000, 1000)
(-3.4941704273223877, -5.968492031097412, 0.0, 1000, 1000, 1000, 1000)
(-3.1795058250427246, -5.348313331604004, 0.0, 1000, 1000, 1000, 1000)
(-3.51875638961792, -5.20911979675293, 0.0, 1000, 1000, 1000, 1000)
(-4.010806083679199, -5.489356994628906, 0.0, 1000, 1000, 1000, 1000)
(-4.595108985900879, -5.1197028160095215, 0.0, 1100, 1100, 1100, 1103)
(-4.33528470993042, -4.873217582702637, 0.0, 1100, 1150, 1100, 1125)
(-3.693147897720337, -5.464164733886719, 0.0, 1100, 1161, 1131, 1161)
(-3.674628496170044, -6.1409077644348145, 0.0, 1128, 1213, 1143, 1162)
(-4.234018802642822, -6.267664909362793, 0.0, 1118, 1198, 1166, 1188)
(-4.506132125854492, -5.702151775360107, 0.0, 1139, 1218, 1160, 1185)
(-4.962109565734863, -7.456188678741455, 0.0, 1142, 1201, 1171, 1203)
(-3.5378308296203613, -7.28621768951416, 0.0, 1171, 1216, 1170, 1214)
(-1.8613860607147217, -6.65882682800293, 0.0, 1144, 1226, 1200, 1216)
(-2.6919217109680176, -4.7735395431518555, 0.0, 1122, 1209, 1224, 1247)
(-3.725492238998413, -5.213101863861084, 0.0, 1189, 1269, 1226, 1259)
(-4.161651134490967, -6.342788219451904, 0.0, 1256, 1322, 1271, 1309)
(-3.4469051361083984, -5.512523651123047, 0.0, 1249, 1353, 1314, 1363)
(-2.6248605251312256, -2.981616735458374, 0.0, 1333, 1432, 1340, 1397)
(-1.7450590133666992, -2.0165255069732666, 0.0, 1381, 1453, 1384, 1416)
(-2.1272034645080566, -4.376414775848389, 0.0, 1418, 1501, 1429, 1474)
(-2.662355899810791, -6.246535301208496, 0.0, 1471, 1513, 1430, 1445)
(-2.7789032459259033, -1.9905893802642822, 0.0, 1391, 1543, 1418, 1497)
(-2.1253650188446045, -2.264726400375366, 0.0, 1447, 1520, 1396, 1487)
(0.379192054271698, 0.5500090718269348, 0.0, 1422, 1488, 1441, 1499)
(0.5527775883674622, 2.189094305038452, 0.0, 1372, 1475, 1461, 1541)
(-0.10765068233013153, -0.3197576403617859, 0.0, 1422, 1527, 1406, 1495)
(-0.8165273070335388, 0.8643882870674133, 0.0, 1372, 1485, 1445, 1549)
(-0.6714882254600525, 1.993506669998169, 0.0, 1432, 1496, 1423, 1499)
(-1.3456705808639526, 0.24469499289989471, 0.0, 1376, 1467, 1459, 1548)
(0.20080681145191193, 3.6727426052093506, 0.0, 1399, 1483, 1433, 1535)
(-0.7027799487113953, -6.084949493408203, 0.0, 1396, 1457, 1470, 1527)
(-1.61094069480896, -5.631366729736328, 0.0, 1396, 1497, 1440, 1521)
(-0.4737430810928345, 1.2524120807647705, 0.0, 1392, 1475, 1447, 1536)
(0.3476879298686981, 4.1974945068359375, 0.0, 1433, 1518, 1406, 1497)
(0.5904127359390259, 8.249171257019043, 0.0, 1388, 1529, 1422, 1566)
(1.719628095626831, 3.566453695297241, 0.0, 1439, 1503, 1466, 1598)
(0.5737512111663818, 4.536801338195801, 0.0, 1458, 1554, 1443, 1535)
(-0.5505507588386536, -10.409133911132812, 0.0, 1410, 1504, 1510, 1570)
(-2.3318397998809814, -4.509649276733398, 0.0, 1400, 1527, 1486, 1577)
(-2.8345420360565186, -4.614549160003662, 0.0, 1457, 1522, 1473, 1537)
(-2.2510039806365967, -11.364338874816895, 0.0, 1485, 1512, 1501, 1491)
(-1.0629428625106812, -5.323294162750244, 0.0, 1437, 1527, 1484, 1542)
(-1.304358959197998, -12.664225578308105, 0.0, 1420, 1497, 1505, 1568)
(-1.7598717212677002, -1.6482343673706055, 0.0, 1427, 1537, 1495, 1531)
(0.8737720847129822, 6.717761039733887, 0.0, 1425, 1536, 1445, 1583)
(0.4051983654499054, 6.821412086486816, 0.0, 1422, 1531, 1466, 1571)
(1.2547996044158936, 0.8468783497810364, 0.0, 1382, 1475, 1507, 1626)
(2.2730391025543213, -1.8732774257659912, 0.0, 1404, 1518, 1483, 1585)
(3.893007516860962, 2.336076498031616, 0.0, 1444, 1530, 1453, 1563)
(0.9683747887611389, -6.41351842880249, 0.0, 1400, 1498, 1490, 1602)
(-2.128615140914917, -7.56018590927124, 0.0, 1407, 1510, 1494, 1580)
(-2.992421865463257, -4.0427680015563965, 0.0, 1415, 1500, 1504, 1571)
(-3.915849447250366, -8.227666854858398, 0.0, 1440, 1523, 1497, 1531)
(-4.051385402679443, -5.747661113739014, 0.0, 1428, 1492, 1521, 1549)
(0.3700876832008362, 3.244868040084839, 0.0, 1403, 1492, 1501, 1593)
(1.887593388557434, 0.7831147313117981, 0.0, 1441, 1520, 1458, 1572)
(3.4386091232299805, -0.48980921506881714, 0.0, 1405, 1497, 1483, 1606)
(4.036532402038574, 5.112404823303223, 0.0, 1423, 1529, 1467, 1575)
(2.6864817142486572, -1.6648082733154297, 0.0, 1485, 1562, 1416, 1528)
(2.973233938217163, 0.415086567401886, 0.0, 1498, 1513, 1445, 1534)
(1.4455418586730957, -1.7683327198028564, 0.0, 1457, 1540, 1476, 1525)
(0.9748722910881042, -7.267366886138916, 0.0, 1473, 1518, 1472, 1535)
(0.7321799397468567, -1.9957530498504639, 0.0, 1451, 1535, 1477, 1539)
(-0.7101268172264099, -5.900831699371338, 0.0, 1438, 1510, 1500, 1554)
(-3.13311767578125, -7.781152248382568, 0.0, 1463, 1549, 1502, 1568)
(-1.5436193943023682, 2.0292270183563232, 0.0, 1525, 1564, 1460, 1533)
(0.46556058526039124, -14.313307762145996, 0.0, 1512, 1515, 1513, 1538)
(1.8143268823623657, -11.457257270812988, 0.0, 1469, 1507, 1556, 1547)
(-1.8760735988616943, -13.519886016845703, 0.0, 1466, 1522, 1525, 1569)
(-2.492945432662964, -3.7210729122161865, 0.0, 1509, 1555, 1508, 1509)
(-0.14092694222927094, 2.054044485092163, 0.0, 1486, 1560, 1465, 1567)
(1.3184216022491455, 8.330156326293945, 0.0, 1481, 1570, 1460, 1567)
(1.7378555536270142, 4.181706428527832, 0.0, 1456, 1549, 1487, 1582)
(0.3297836482524872, -2.145489454269409, 0.0, 1463, 1531, 1522, 1562)
(-2.663583278656006, -5.067487716674805, 0.0, 1463, 1554, 1495, 1566)
(-2.257537364959717, -11.410707473754883, 0.0, 1500, 1562, 1489, 1526)
(-4.091687202453613, -13.0086088180542, 0.0, 1416, 1513, 1557, 1592)
(-2.3542332649230957, -0.2819444537162781, 0.0, 1404, 1501, 1554, 1619)
(1.1028727293014526, -0.4297420382499695, 0.0, 1492, 1540, 1489, 1557)
(1.5056569576263428, 3.024278402328491, 0.0, 1420, 1564, 1497, 1598)
(-0.9294645190238953, -6.3374104499816895, 0.0, 1438, 1519, 1519, 1602)
(-0.6601088643074036, -5.292400360107422, 0.0, 1463, 1539, 1506, 1571)
(-3.2228660583496094, -14.724822998046875, 0.0, 1447, 1495, 1557, 1578)
(-2.4777281284332275, -0.7957975268363953, 0.0, 1477, 1546, 1494, 1560)
(-3.1708314418792725, -7.523496627807617, 0.0, 1462, 1551, 1518, 1547)
(-5.214750289916992, -8.223196029663086, 0.0, 1433, 1543, 1533, 1569)
(-1.2326101064682007, -5.911532878875732, 0.0, 1485, 1542, 1500, 1551)
(1.670421838760376, -7.340318202972412, 0.0, 1502, 1538, 1507, 1531)
(0.941809892654419, -4.294625282287598, 0.0, 1481, 1508, 1520, 1573)
(-2.0678181648254395, -3.435189962387085, 0.0, 1449, 1547, 1510, 1573)
(-0.27660924196243286, 1.9679977893829346, 0.0, 1496, 1569, 1471, 1543)
(-2.9258151054382324, -11.893327713012695, 0.0, 1470, 1513, 1537, 1558)
(-1.9399967193603516, -8.390886306762695, 0.0, 1522, 1513, 1535, 1508)
(0.8499018549919128, 7.274786949157715, 0.0, 1414, 1542, 1494, 1632)
(1.9029160737991333, 7.540322303771973, 0.0, 1458, 1540, 1486, 1599)
(3.0048680305480957, 4.277748107910156, 0.0, 1476, 1550, 1475, 1578)
(1.7468154430389404, -3.503002405166626, 0.0, 1455, 1544, 1512, 1571)
(1.1577271223068237, -8.096320152282715, 0.0, 1421, 1503, 1548, 1606)
(0.1442423015832901, -2.3122715950012207, 0.0, 1511, 1555, 1474, 1542)
(-1.2799850702285767, -0.49551934003829956, 0.0, 1505, 1570, 1464, 1539)
(-0.11183784902095795, -2.98201847076416, 0.0, 1462, 1533, 1512, 1575)
(-0.6720886826515198, -3.1631224155426025, 0.0, 1497, 1534, 1509, 1538)
(-0.8310981392860413, -4.2321038246154785, 0.0, 1463, 1537, 1520, 1558)
(1.1315149068832397, -2.8219141960144043, 0.0, 1484, 1535, 1502, 1561)
(-1.5260392427444458, -8.41871452331543, 0.0, 1464, 1561, 1505, 1552)
(-4.580255508422852, -17.556612014770508, 0.0, 1486, 1491, 1558, 1546)
(-4.9272780418396, -14.693717002868652, 0.0, 1562, 1541, 1504, 1470)
(-3.298440456390381, -7.572409629821777, 0.0, 1421, 1514, 1553, 1594)
(-3.3965160846710205, -3.7047250270843506, 0.0, 1474, 1540, 1512, 1556)
(-2.5807275772094727, -11.402233123779297, 0.0, 1478, 1514, 1539, 1551)
(-5.568758964538574, -17.182674407958984, 0.0, 1505, 1510, 1570, 1498)
(-3.035590171813965, -5.100525856018066, 0.0, 1478, 1540, 1527, 1537)
(-3.2234578132629395, -2.3371520042419434, 0.0, 1502, 1556, 1498, 1526)
(-2.487616539001465, -2.1678977012634277, 0.0, 1440, 1541, 1535, 1566)
(-5.055894374847412, -10.756891250610352, 0.0, 1535, 1539, 1537, 1470)
(-0.5103251934051514, 2.646822690963745, 0.0, 1460, 1551, 1480, 1591)
(2.7424726486206055, 4.685345649719238, 0.0, 1483, 1534, 1480, 1585)
(4.241427421569824, -1.772909164428711, 0.0, 1451, 1526, 1518, 1587)
(3.2505338191986084, -6.0061140060424805, 0.0, 1544, 1539, 1492, 1507)
(1.3332748413085938, 5.375853538513184, 0.0, 1495, 1603, 1453, 1531)
(-1.025963306427002, 1.2898123264312744, 0.0, 1540, 1609, 1420, 1513)
(-0.798673689365387, -1.4776113033294678, 0.0, 1527, 1566, 1469, 1520)
(1.4968887567520142, 3.416339635848999, 0.0, 1405, 1524, 1509, 1644)
(1.5823196172714233, 1.1409351825714111, 0.0, 1445, 1547, 1513, 1577)
(0.8612538576126099, -3.7510898113250732, 0.0, 1468, 1511, 1524, 1575)
(-0.04793109372258186, -6.221610069274902, 0.0, 1472, 1527, 1498, 1585)
(0.2752546966075897, 3.066253423690796, 0.0, 1444, 1562, 1482, 1594)
(1.6893222332000732, -2.852876901626587, 0.0, 1466, 1555, 1483, 1578)
(2.3120574951171875, -1.4393031597137451, 0.0, 1480, 1535, 1496, 1567)
(1.9474366903305054, 0.3135908246040344, 0.0, 1500, 1578, 1472, 1528)
(-2.069078207015991, -5.836688995361328, 0.0, 1449, 1535, 1517, 1576)
(-1.2831168174743652, -10.837442398071289, 0.0, 1541, 1591, 1440, 1506)
(-0.42448192834854126, -5.057502746582031, 0.0, 1458, 1528, 1505, 1586)
(0.9763014912605286, 0.5931470990180969, 0.0, 1435, 1518, 1507, 1619)
(1.6776893138885498, 2.0212371349334717, 0.0, 1506, 1543, 1476, 1552)
(0.308775931596756, -0.849104106426239, 0.0, 1487, 1562, 1495, 1535)
(-1.0746642351150513, -10.12441635131836, 0.0, 1521, 1567, 1468, 1522)
(3.4271433353424072, 5.053875923156738, 0.0, 1473, 1561, 1457, 1587)
(1.41157865524292, 3.2632062435150146, 0.0, 1418, 1540, 1484, 1636)
(0.7269334197044373, -3.5009570121765137, 0.0, 1432, 1520, 1534, 1592)
(-1.0628103017807007, 2.7493607997894287, 0.0, 1471, 1543, 1492, 1568)
(-0.7685429453849792, 3.364187002182007, 0.0, 1462, 1571, 1473, 1572)
(-1.5332837104797363, -19.3762264251709, 0.0, 1546, 1554, 1491, 1487)
(-0.24538390338420868, -3.206279754638672, 0.0, 1428, 1524, 1515, 1611)
(1.4376164674758911, 4.872859954833984, 0.0, 1462, 1540, 1480, 1596)
(2.2037501335144043, 0.715379536151886, 0.0, 1474, 1563, 1483, 1557)
(0.2277156412601471, -3.7853918075561523, 0.0, 1481, 1504, 1526, 1567)
(-0.1554573029279709, 2.1011741161346436, 0.0, 1475, 1566, 1487, 1550)
(1.1057709455490112, 15.21044635772705, 0.0, 1442, 1603, 1417, 1617)
(1.508300542831421, 2.4196135997772217, 0.0, 1483, 1547, 1468, 1580)
(0.8023925423622131, -5.725185871124268, 0.0, 1458, 1534, 1518, 1568)
(0.9620307087898254, -0.7724716067314148, 0.0, 1484, 1541, 1482, 1571)
(1.829956293106079, -3.57177734375, 0.0, 1520, 1563, 1457, 1538)
(0.0954061895608902, -10.296364784240723, 0.0, 1471, 1526, 1515, 1566)
(-1.9502696990966797, -19.160844802856445, 0.0, 1495, 1494, 1563, 1526)
(0.6691447496414185, -12.348628997802734, 0.0, 1515, 1525, 1525, 1513)
(2.6127631664276123, 0.08592872321605682, 0.0, 1446, 1545, 1471, 1616)
(1.719690203666687, 0.966330349445343, 0.0, 1526, 1573, 1455, 1524)
(3.8957953453063965, 2.165480375289917, 0.0, 1516, 1536, 1465, 1561)
(5.203670978546143, 2.801023244857788, 0.0, 1472, 1536, 1469, 1601)
(2.808685064315796, 2.649492025375366, 0.0, 1459, 1577, 1483, 1560)
(-0.3882032632827759, -5.417065143585205, 0.0, 1425, 1505, 1512, 1631)
(-1.772310733795166, -4.368413925170898, 0.0, 1484, 1530, 1520, 1544)
(-3.9133026599884033, -1.001936674118042, 0.0, 1447, 1546, 1496, 1589)
(-1.6549131870269775, -11.5979585647583, 0.0, 1480, 1482, 1544, 1572)
(-1.8568968772888184, -23.019901275634766, 0.0, 1494, 1471, 1590, 1523)
(-0.08508794009685516, -10.12945556640625, 0.0, 1446, 1520, 1529, 1583)
(1.5159276723861694, 8.632818222045898, 0.0, 1467, 1568, 1477, 1566)
(-0.7412098050117493, 6.916241645812988, 0.0, 1477, 1608, 1433, 1560)
(-0.14037279784679413, -3.127091646194458, 0.0, 1508, 1571, 1456, 1543)
(0.6947075128555298, -10.077752113342285, 0.0, 1477, 1554, 1505, 1543)
(0.2178049236536026, -6.450520992279053, 0.0, 1451, 1527, 1528, 1572)
(-0.4879029393196106, 0.9026225209236145, 0.0, 1433, 1554, 1476, 1615)
(-0.8553069233894348, 1.1999843120574951, 0.0, 1525, 1576, 1464, 1522)
(1.959492802619934, 11.999442100524902, 0.0, 1454, 1586, 1429, 1609)
(1.9776556491851807, 5.867620468139648, 0.0, 1481, 1594, 1434, 1569)
(-1.5844874382019043, -9.322394371032715, 0.0, 1443, 1515, 1543, 1577)
(-1.0121575593948364, -19.01801872253418, 0.0, 1510, 1526, 1534, 1504)
(-2.6806936264038086, -8.992234230041504, 0.0, 1448, 1554, 1513, 1555)
(-0.9816481471061707, 2.6638152599334717, 0.0, 1468, 1546, 1455, 1553)
(-3.730433225631714, -6.470409870147705, 0.0, 1282, 1298, 1280, 1275)
(-2.8203306198120117, -2.674774408340454, 0.0, 1000, 1000, 1000, 1000)
(-1.4484905004501343, -0.6078373789787292, 0.0, 1000, 1000, 1000, 1000)
(-0.30314016342163086, -2.191505193710327, 0.0, 1000, 1000, 1000, 1000)
(0.6214942932128906, -4.2827582359313965, 0.0, 1000, 1000, 1000, 1000)
(1.6633282899856567, -5.907057285308838, 0.0, 1000, 1000, 1000, 1000)
(1.6994127035140991, -8.15676498413086, 0.0, 1000, 1000, 1000, 1000)
(0.47866785526275635, -9.799777030944824, 0.0, 1000, 1000, 1000, 1000)
(-1.5164109468460083, -7.645190238952637, 0.0, 1000, 1000, 1000, 1000)
(-4.494566440582275, -6.201290607452393, 0.0, 1000, 1000, 1000, 1000)
(-6.6170878410339355, -8.62193489074707, 0.0, 1000, 1000, 1000, 1000)
(-6.047809600830078, -8.304694175720215, 0.0, 1000, 1000, 1000, 1000)
(-4.2498698234558105, -12.917379379272461, 0.0, 1000, 1000, 1000, 1000)
(-3.545081615447998, -13.62394905090332, 0.0, 1000, 1000, 1000, 1000)
(-7.665757179260254, -15.502880096435547, 0.0, 1000, 1000, 1000, 1000)
(-9.031429290771484, -16.543094635009766, 0.0, 1000, 1000, 1000, 1000)
(-11.593575477600098, -17.032100677490234, 0.0, 1000, 1000, 1000, 1000)
(-11.383567810058594, -14.19188404083252, 0.0, 1000, 1000, 1000, 1000)
(-10.490758895874023, -12.26820182800293, 0.0, 1000, 1000, 1000, 1000)
(-10.729046821594238, -12.695440292358398, 0.0, 1000, 1000, 1000, 1000)
(-10.051520347595215, -11.441061973571777, 0.0, 1000, 1000, 1000, 1000)
(-10.321521759033203, -11.332182884216309, 0.0, 1000, 1000, 1000, 1000)
(-10.31571102142334, -11.172161102294922, 0.0, 1000, 1000, 1000, 1000)
(-10.06683349609375, -10.36391544342041, 0.0, 1000, 1000, 1000, 1000)
(-10.246990203857422, -11.09564208984375, 0.0, 1000, 1000, 1000, 1000)
(-10.088847160339355, -10.911255836486816, 0.0, 1000, 1000, 1000, 1000)
(-9.974483489990234, -10.714781761169434, 0.0, 1000, 1000, 1000, 1000)
(-9.920344352722168, -10.662101745605469, 0.0, 1000, 1000, 1000, 1000)
(-9.918190002441406, -10.665404319763184, 0.0, 1000, 1000, 1000, 1000)
(-9.87145709991455, -10.67688274383545, 0.0, 1000, 1000, 1000, 1000)
(-9.892763137817383, -10.685680389404297, 0.0, 1000, 1000, 1000, 1000)
(-9.8877534866333, -10.715319633483887, 0.0, 1000, 1000, 1000, 1000)
(-9.856977462768555, -10.64677906036377, 0.0, 1000, 1000, 1000, 1000)
(-9.857048988342285, -10.683785438537598, 0.0, 1000, 1000, 1000, 1000)
(-9.861988067626953, -10.65833568572998, 0.0, 1000, 1000, 1000, 1000)
(-9.876523971557617, -10.711936950683594, 0.0, 1000, 1000, 1000, 1000)
(-9.86336612701416, -10.708365440368652, 0.0, 1000, 1000, 1000, 1000)
(-9.885600090026855, -10.686380386352539, 0.0, 1000, 1000, 1000, 1000)
(-9.869349479675293, -10.69099235534668, 0.0, 1000, 1000, 1000, 1000)
(-9.852180480957031, -10.601482391357422, 0.0, 1000, 1000, 1000, 1000)
(-9.84251594543457, -10.620912551879883, 0.0, 1000, 1000, 1000, 1000)
(-9.844422340393066, -10.632980346679688, 0.0, 1000, 1000, 1000, 1000)
(-9.844695091247559, -10.625035285949707, 0.0, 1000, 1000, 1000, 1000)
(-9.827805519104004, -10.604928016662598, 0.0, 1000, 1000, 1000, 1000)
(-9.826433181762695, -10.633652687072754, 0.0, 1000, 1000, 1000, 1000)