
(-2.155120372772217, -1.145118236541748, 0.0, 0.0, 0.0, 0.0, 1000, 1000, 1000, 1000, -2.155120372772217, -1.145118236541748, 0.0, -0.0009146341471932828, 0.002439024392515421)
(-3.5326626300811768, -2.6960418224334717, 0.0, 0.0, 0.0, 0.0, 1000, 1000, 1000, 1000, -6.270001411437988, -6.04952335357666, 0.0, -0.036890238523483276, 0.10624996572732925)
(-4.531952857971191, -3.8319287300109863, 0.0, 0.0, 0.0, 0.0, 1000, 1000, 1000, 1000, -6.54317045211792, -6.506961822509766, 0.0, -0.0696646124124527, 0.2094510942697525)
(-5.184467315673828, -4.564995288848877, 0.0, 0.0, 0.0, 0.0, 1000, 1000, 1000, 1000, -6.383323669433594, -6.289927005767822, 0.0, -0.1080792099237442, 0.31935954093933105)
(-5.6218342781066895, -5.046977519989014, 0.0, 0.0, 0.0, 0.0, 1000, 1000, 1000, 1000, -6.361018657684326, -6.199678897857666, 0.0, -0.1528962403535843, 0.4277435839176178)
(-5.943894863128662, -5.403717041015625, 0.0, 0.0, 0.0, 0.0, 1000, 1000, 1000, 1000, -6.229681968688965, -6.1370344161987305, 0.0, -0.2106705754995346, 0.5187497138977051)
(-6.130413055419922, -5.614610195159912, 0.0, 0.0, -1.0, 0.0, 1000, 1000, 1000, 1000, -6.350515365600586, -6.196188449859619, 0.0, -0.25640225410461426, 0.620121955871582)
(-6.3541178703308105, -5.892463684082031, 0.0, 0.0, 0.0, 0.0, 1000, 1000, 1000, 1000, -6.409376621246338, -6.273244857788086, 0.0, -0.40731674432754517, 0.5652437210083008)
(-6.534949779510498, -6.716649532318115, 0.0, 0.0, 0.0, 0.0, 1000, 1000, 1000, 1000, -6.615475177764893, -6.41660213470459, 0.0, -0.5083838105201721, -0.15503063797950745)
(-7.329886436462402, -9.183626174926758, 0.0, 0.0, 0.0, 0.0, 1000, 1000, 1000, 1000, -8.689706802368164, -10.719441413879395, 0.0, -0.4542679786682129, -2.067835807800293)
(-7.780426025390625, -7.92452335357666, 0.0, 0.0, 0.0, 0.0, 1000, 1000, 1000, 1000, -4.338467121124268, -4.451988697052002, 0.0, -0.4606703817844391, -0.5711897015571594)
(-8.005965232849121, -8.967779159545898, 0.0, 0.0, 0.0, 0.0, 1000, 1000, 1000, 1000, -9.17808723449707, -9.829858779907227, 0.0, -0.46204230189323425, -1.5099093914031982)
(-8.283167839050293, -9.414056777954102, 0.0, 0.0, 0.0, 0.0, 1000, 1000, 1000, 1000, -9.28738021850586, -8.847857475280762, 0.0, -0.4530484080314636, -1.976068139076233)
(-8.60684871673584, -9.403986930847168, 0.0, 0.0, 0.0, 0.0, 1000, 1000, 1000, 1000, -9.537811279296875, -9.590445518493652, 0.0, -0.3917679488658905, -1.5791170597076416)
(-9.215168952941895, -11.751269340515137, 0.0, -1.0, 0.0, 0.0, 1000, 1000, 1000, 1000, -12.930720329284668, -14.770133018493652, 0.0, -0.2981704771518707, -3.6867384910583496)
(-13.433892250061035, -11.417252540588379, 0.0, 0.0, 0.0, 0.0, 1000, 1000, 1000, 1000, -13.936144828796387, -14.29936408996582, 0.0, -3.4484753608703613, -2.2737810611724854)
(-13.793204307556152, -8.502738952636719, 0.0, -1.0, 0.0, 0.0, 1000, 1000, 1000, 1000, -8.511649131774902, -7.522252082824707, 0.0, -4.186737060546875, 1.9532008171081543)
(-8.403583526611328, -3.8058977127075195, 0.0, 0.0, 0.0, 0.0, 1000, 1000, 1000, 1000, -4.612048149108887, -3.9347167015075684, 0.0, -1.3108227252960205, 6.001218318939209)
(-5.572307586669922, -0.7278187274932861, 0.0, 0.0, 0.0, 0.0, 1000, 1000, 1000, 1000, 1.6828421354293823, 3.45100736618042, 0.0, -0.9265238642692566, 8.237956047058105)
(-3.290975332260132, -0.9327876567840576, 0.0, 0.0, 0.0, 0.0, 1000, 1000, 1000, 1000, -2.6543593406677246, -1.4888511896133423, 0.0, -0.727286159992218, 6.757620334625244)
(-2.2532424926757812, -2.1987600326538086, 0.0, 0.0, 0.0, 0.0, 1000, 1000, 1000, 1000, -5.156156539916992, -5.571923732757568, 0.0, 0.7495430707931519, 6.168596267700195)
(-1.2268785238265991, -1.0165627002716064, 0.0, 0.0, 0.0, 0.0, 1000, 1000, 1000, 1000, 0.6748660802841187, 1.4305267333984375, 0.0, 1.5233235359191895, 6.849693775177002)
(-3.3178646564483643, -1.1336485147476196, 0.0, 0.0, 0.0, 0.0, 1000, 1000, 1000, 1000, -2.063009262084961, -1.1790621280670166, 0.0, -0.8617374897003174, 6.617528915405273)
(-4.323766708374023, -0.7682005167007446, 0.0, 0.0, 0.0, 0.0, 1000, 1000, 1000, 1000, -3.6529030799865723, -2.6203603744506836, 0.0, -2.227895975112915, 7.497711181640625)
(-3.352111577987671, 0.08848041296005249, 0.0, 0.0, 0.0, 0.0, 1000, 1000, 1000, 1000, -1.3983564376831055, 0.19489312171936035, 0.0, -1.8818590641021729, 8.68749713897705)
(-2.028892993927002, 0.5522815585136414, 0.0, 0.0, 0.0, 0.0, 1000, 1000, 1000, 1000, -0.47873520851135254, 0.9889343976974487, 0.0, -1.3077739477157593, 9.076671600341797)
(-1.5954761505126953, 0.4289957284927368, 0.0, 0.0, 0.0, 0.0, 1000, 1000, 1000, 1000, -0.9761067628860474, 0.20272159576416016, 0.0, -1.287499189376831, 8.939932823181152)
(-1.7347487211227417, -0.06215204671025276, 0.0, 0.0, 0.0, 0.0, 1000, 1000, 1000, 1000, -1.4878915548324585, -0.2316265106201172, 0.0, -1.5166149139404297, 8.601058959960938)
(-1.4619189500808716, -0.7871211171150208, 0.0, -1.0, 0.0, 0.0, 1000, 1000, 1000, 1000, -2.167355537414551, -1.1084225177764893, 0.0, -1.2432913780212402, 7.896333694458008)
(-1.4373817443847656, -1.8487011194229126, 0.0, 0.0, 0.0, 0.0, 1000, 1000, 1000, 1000, -3.192058563232422, -2.6864590644836426, 0.0, -0.7097548246383667, 6.994351863861084)
(-1.9821081161499023, -1.6744072437286377, 0.0, 0.0, 0.0, 0.0, 1000, 1000, 1000, 1000, -2.2886316776275635, -1.618349313735962, 0.0, -0.879571795463562, 7.218742847442627)
(-2.4931349754333496, -1.5715138912200928, 0.0, 0.0, 0.0, 0.0, 1000, 1000, 1000, 1000, -2.804910182952881, -1.9135258197784424, 0.0, -1.2839925289154053, 7.3792619705200195)
(-2.491266965866089, -1.743529200553894, 0.0, 0.0, 0.0, 0.0, 1000, 1000, 1000, 1000, -2.5909032821655273, -1.7371094226837158, 0.0, -1.0623462200164795, 7.441000461578369)
(-2.602475643157959, -1.5988749265670776, 0.0, 0.0, 0.0, 0.0, 1000, 1000, 1000, 1000, -2.759744882583618, -1.9456806182861328, 0.0, -1.0528945922851562, 7.725757122039795)
(-6.23345947265625, -1.6001330614089966, 0.0, 0.0, 0.0, 0.0, 1000, 1000, 1000, 1000, -4.752152442932129, -3.1458754539489746, 0.0, -4.9564008712768555, 8.010970115661621)
(-16.18366050720215, -3.503443717956543, 0.0, -1.0, 0.0, 0.0, 1000, 1000, 1000, 1000, -16.83770751953125, -12.355491638183594, 0.0, -15.225912094116211, 8.35700798034668)
(-19.721214294433594, -8.577994346618652, 0.0, 0.0, 0.0, 0.0, 1000, 1000, 1000, 1000, -22.305809020996094, -17.677263259887695, 0.0, -17.735977172851562, 7.9628005027771)
(-11.37741470336914, -10.771096229553223, 0.0, 0.0, 0.0, 0.0, 1000, 1000, 1000, 1000, -11.30061149597168, -9.033439636230469, 0.0, -8.722256660461426, 7.467220783233643)
(-1.4617596864700317, -8.397290229797363, 0.0, 0.0, 0.0, 0.0, 1000, 1000, 1000, 1000, 0.5735039710998535, 0.5360112190246582, 0.0, 0.5410054326057434, 7.128500938415527)
(5.316835880279541, -3.5408620834350586, 0.0, 0.0, -1.0, 0.0, 1000, 1000, 1000, 1000, 8.257638931274414, 7.23518180847168, 0.0, 6.275914192199707, 7.580634593963623)
(6.728303909301758, 0.6651721000671387, 0.0, 0.0, 0.0, 0.0, 1000, 1000, 1000, 1000, 8.262702941894531, 7.389941215515137, 0.0, 6.769359111785889, 7.807007789611816)
(-3.144505739212036, 1.8090980052947998, 0.0, 0.0, 0.0, 0.0, 1000, 1000, 1000, 1000, -2.8002231121063232, -0.9572973251342773, 0.0, -3.6800315380096436, 7.867831230163574)
(-14.785398483276367, -1.818015456199646, 0.0, 0.0, 0.0, 0.0, 1000, 1000, 1000, 1000, -16.456798553466797, -12.222143173217773, 0.0, -14.820277214050293, 7.708379745483398)
(-19.03143310546875, -7.357283592224121, 0.0, 0.0, 0.0, 0.0, 1000, 1000, 1000, 1000, -21.933422088623047, -17.575796127319336, 0.0, -18.104881286621094, 6.885819911956787)
(-13.404890060424805, -10.135065078735352, 0.0, 0.0, 0.0, 0.0, 1000, 1000, 1000, 1000, -14.982933044433594, -12.187081336975098, 0.0, -11.523935317993164, 6.876977443695068)
(-3.089162588119507, -8.506112098693848, 0.0, 0.0, 0.0, 0.0, 1000, 1000, 1000, 1000, -2.0056278705596924, -1.5826984643936157, 0.0, -1.1943633556365967, 7.1352105140686035)
(4.807485580444336, -3.7624473571777344, 0.0, 0.0, 0.0, 0.0, 1000, 1000, 1000, 1000, 7.617210865020752, 6.59694242477417, 0.0, 5.7260637283325195, 7.727130889892578)
(4.1796464920043945, 0.6606647372245789, 0.0, 0.0, 0.0, 0.0, 1000, 1000, 1000, 1000, 6.689749240875244, 6.3804521560668945, 0.0, 3.791307210922241, 8.229721069335938)
(-6.051114559173584, 0.9725632667541504, 0.0, 0.0, 0.0, 0.0, 1000, 1000, 1000, 1000, -6.730100154876709, -4.2897467613220215, 0.0, -7.0173821449279785, 8.294963836669922)
(-16.138309478759766, -3.0571131706237793, 0.0, 0.0, 0.0, 0.0, 1000, 1000, 1000, 1000, -17.97681427001953, -13.789022445678711, 0.0, -16.584152221679688, 7.995725154876709)
(-17.185007095336914, -7.539449691772461, 0.0, 0.0, 0.0, 0.0, 1000, 1000, 1000, 1000, -19.317543029785156, -15.107749938964844, 0.0, -16.775766372680664, 7.826821804046631)
(-7.739276885986328, -9.268523216247559, 0.0, 0.0, 0.0, 0.0, 1000, 1000, 1000, 1000, -8.451589584350586, -6.946514129638672, 0.0, -6.729121685028076, 7.168437957763672)
(1.7185895442962646, -6.540234088897705, 0.0, 0.0, 0.0, 0.0, 1000, 1000, 1000, 1000, 3.2425684928894043, 2.5808939933776855, 0.0, 2.398622512817383, 6.983835697174072)
(5.8971943855285645, -2.357990026473999, 0.0, 0.0, 0.0, 0.0, 1000, 1000, 1000, 1000, 7.407660484313965, 6.2387542724609375, 0.0, 5.869811058044434, 7.033531188964844)
(1.1918448209762573, 0.4177056849002838, 0.0, -1.0, 0.0, 0.0, 1000, 1000, 1000, 1000, 2.219866991043091, 2.439143419265747, 0.0, 0.658683180809021, 7.354720592498779)
(-10.884511947631836, -0.8393850326538086, 0.0, -1.0, 0.0, 0.0, 1000, 1000, 1000, 1000, -12.06755256652832, -8.832208633422852, 0.0, -11.419821739196777, 7.526214122772217)
(-18.30047035217285, -5.5691022872924805, 0.0, 0.0, 0.0, 0.0, 1000, 1000, 1000, 1000, -20.291990280151367, -16.084545135498047, 0.0, -18.034908294677734, 7.298621654510498)
(-15.762959480285645, -9.4370698928833, 0.0, 0.0, 0.0, 0.0, 1000, 1000, 1000, 1000, -18.024919509887695, -14.702807426452637, 0.0, -14.539176940917969, 7.07590913772583)
(-5.438067436218262, -9.518028259277344, 0.0, 0.0, 0.0, 0.0, 1000, 1000, 1000, 1000, -5.091822624206543, -4.457415580749512, 0.0, -3.8045740127563477, 6.928500175476074)
(3.383139133453369, -5.6133503913879395, 0.0, 0.0, 0.0, 0.0, 1000, 1000, 1000, 1000, 5.449956893920898, 4.330831527709961, 0.0, 4.507315635681152, 7.2586822509765625)
(4.464799404144287, -0.8274750113487244, 0.0, -1.0, 0.0, 0.0, 1000, 1000, 1000, 1000, 7.89130163192749, 6.9811811447143555, 0.0, 4.254115104675293, 7.7516703605651855)
(-5.306629180908203, -0.014235442504286766, 0.0, 0.0, 0.0, 0.0, 1000, 1000, 1000, 1000, -5.75981330871582, -3.940131187438965, 0.0, -6.297255992889404, 7.644048690795898)
(-15.608831405639648, -3.2244133949279785, 0.0, 0.0, 0.0, 0.0, 1000, 1000, 1000, 1000, -17.315109252929688, -13.538362503051758, 0.0, -15.860822677612305, 8.063103675842285)
(-17.921855926513672, -7.2000274658203125, 0.0, 0.0, 0.0, 0.0, 1000, 1000, 1000, 1000, -19.910114288330078, -15.628875732421875, 0.0, -17.39877700805664, 8.460514068603516)
(-8.945234298706055, -9.587274551391602, 0.0, 0.0, 0.0, 0.0, 1000, 1000, 1000, 1000, -9.239241600036621, -7.643301963806152, 0.0, -7.908836364746094, 7.5120368003845215)
(2.5689690113067627, -6.856061935424805, 0.0, 0.0, 0.0, 0.0, 1000, 1000, 1000, 1000, 4.140371322631836, 3.1637613773345947, 0.0, 3.097412586212158, 7.15639591217041)
(8.009965896606445, -1.4154787063598633, 0.0, 0.0, 0.0, 0.0, 1000, 1000, 1000, 1000, 10.269458770751953, 8.688690185546875, 0.0, 7.773022174835205, 8.031091690063477)
(2.38735294342041, 2.3407278060913086, 0.0, 0.0, 0.0, 0.0, 1000, 1000, 1000, 1000, 5.223919868469238, 5.329546928405762, 0.0, 0.9861325025558472, 8.713104248046875)
(-10.01125717163086, 1.1457587480545044, 0.0, 0.0, 0.0, 0.0, 1000, 1000, 1000, 1000, -11.586374282836914, -8.425073623657227, 0.0, -11.91081714630127, 8.915695190429688)
(-16.716197967529297, -3.3600149154663086, 0.0, 0.0, 0.0, 0.0, 1000, 1000, 1000, 1000, -18.85838508605957, -14.638704299926758, 0.0, -17.850141525268555, 9.351978302001953)
(-10.90044116973877, -7.253019332885742, 0.0, 0.0, 0.0, 0.0, 1000, 1000, 1000, 1000, -12.890064239501953, -10.128007888793945, 0.0, -11.190388679504395, 8.665392875671387)
(3.2593131065368652, -6.962226867675781, 0.0, 0.0, 0.0, 0.0, 1000, 1000, 1000, 1000, 2.9098048210144043, 1.4764595031738281, 0.0, 3.3705875873565674, 7.433226108551025)
(11.097429275512695, -0.9229704141616821, 0.0, 0.0, 0.0, 0.0, 1000, 1000, 1000, 1000, 14.158407211303711, 11.583057403564453, 0.0, 10.655802726745605, 8.455789566040039)
(6.182281970977783, 4.549465656280518, 0.0, 0.0, 0.0, 0.0, 1000, 1000, 1000, 1000, 10.17840576171875, 9.858600616455078, 0.0, 3.9128170013427734, 9.673320770263672)
(-5.650689601898193, 3.758031129837036, 0.0, 0.0, 0.0, 0.0, 1000, 1000, 1000, 1000, -6.100549221038818, -3.708935260772705, 0.0, -8.634286880493164, 9.649235725402832)
(-15.132413864135742, -1.4802004098892212, 0.0, 0.0, 0.0, 0.0, 1000, 1000, 1000, 1000, -18.585634231567383, -14.671616554260254, 0.0, -17.065080642700195, 9.471339225769043)
(-13.186949729919434, -6.734208583831787, 0.0, 0.0, 0.0, 0.0, 1000, 1000, 1000, 1000, -16.319561004638672, -13.163762092590332, 0.0, -13.576361656188965, 8.977892875671387)
(-1.585954189300537, -7.521368026733398, 0.0, 0.0, 0.0, 0.0, 1000, 1000, 1000, 1000, -1.050065040588379, -1.318070888519287, 0.0, -1.128342628479004, 8.456247329711914)
(11.102299690246582, -2.2497386932373047, 0.0, 0.0, 0.0, 0.0, 1000, 1000, 1000, 1000, 15.065116882324219, 12.132015228271484, 0.0, 10.523030281066895, 8.840547561645508)
(9.181276321411133, 4.498708724975586, 0.0, 0.0, 0.0, 0.0, 1000, 1000, 1000, 1000, 14.877269744873047, 13.523862838745117, 0.0, 6.453977108001709, 10.046189308166504)
(-6.165200233459473, 4.332494735717773, 0.0, -1.0, 0.0, 0.0, 1000, 1000, 1000, 1000, -7.708896160125732, -4.926003932952881, 0.0, -9.783827781677246, 10.079116821289062)
(-16.379262924194336, -2.726968288421631, 0.0, 0.0, 0.0, 0.0, 1000, 1000, 1000, 1000, -23.5289249420166, -19.526212692260742, 0.0, -18.057153701782227, 9.372260093688965)
(2.765385389328003, -5.153904438018799, 0.0, 0.0, 0.0, 0.0, 1000, 1000, 1000, 1000, 6.085082530975342, 4.447070121765137, 0.0, 2.042234420776367, 8.751376152038574)
(8.953739166259766, 1.6087549924850464, 0.0, 0.0, 0.0, 0.0, 1000, 1000, 1000, 1000, 16.38626480102539, 14.288121223449707, 0.0, 6.337966442108154, 9.646347045898438)
(-14.734668731689453, 1.747959017753601, 0.0, 0.0, 0.0, 0.0, 1000, 1000, 1000, 1000, -20.439128875732422, -14.750640869140625, 0.0, -19.1397762298584, 9.56677532196045)
(-12.74018669128418, -6.2178874015808105, 0.0, 0.0, 0.0, 0.0, 1000, 1000, 1000, 1000, -16.79044532775879, -13.852688789367676, 0.0, -14.462035179138184, 8.609151840209961)
(7.766529560089111, -5.241199970245361, 0.0, 0.0, 0.0, 0.0, 1000, 1000, 1000, 1000, 11.606552124023438, 8.961114883422852, 0.0, 6.28887939453125, 7.789182186126709)
(8.17246150970459, 2.456350088119507, 0.0, 0.0, 0.0, 0.0, 1000, 1000, 1000, 1000, 16.340513229370117, 14.823836326599121, 0.0, 4.569061756134033, 9.159914016723633)
(-11.663080215454102, 2.082125186920166, 0.0, 0.0, 0.0, 0.0, 1000, 1000, 1000, 1000, -16.32533836364746, -12.097146987915039, 0.0, -16.129566192626953, 9.583235740661621)
(-7.491832733154297, -3.782984972000122, 0.0, 0.0, 0.0, 0.0, 1000, 1000, 1000, 1000, -11.887691497802734, -10.037328720092773, 0.0, -9.785969734191895, 9.183843612670898)
(9.579565048217773, -0.5042876601219177, 0.0, 0.0, 0.0, 0.0, 1000, 1000, 1000, 1000, 14.140649795532227, 11.9434175491333, 0.0, 6.977900981903076, 10.25899600982666)
(1.9251751899719238, 5.47499418258667, 0.0, 0.0, 0.0, 0.0, 1000, 1000, 1000, 1000, 7.397735118865967, 8.692734718322754, 0.0, -3.400604724884033, 11.941003799438477)
(-13.788898468017578, 0.7337734699249268, 0.0, 0.0, 0.0, 0.0, 1000, 1000, 1000, 1000, -19.323135375976562, -15.1380615234375, 0.0, -18.794504165649414, 10.692525863647461)
(-7.370243072509766, -3.651081085205078, 0.0, 0.0, 0.0, 0.0, 1000, 1000, 1000, 1000, -8.398237228393555, -6.39389705657959, 0.0, -10.587189674377441, 11.12179183959961)
(5.1590399742126465, -2.021125078201294, 0.0, 0.0, 0.0, 0.0, 1000, 1000, 1000, 1000, 6.349822044372559, 5.525674343109131, 0.0, 1.4147921800613403, 10.640238761901855)
(4.827244758605957, 1.7993866205215454, 0.0, 0.0, 0.0, 0.0, 1000, 1000, 1000, 1000, 7.1510701179504395, 7.148171901702881, 0.0, 0.20503628253936768, 11.350759506225586)
(-0.9192858934402466, 2.218242645263672, 0.0, 0.0, 0.0, 0.0, 1000, 1000, 1000, 1000, -0.8476057052612305, 0.4532656669616699, 0.0, -6.126060485839844, 10.985211372375488)
(-8.384115219116211, -0.6527702212333679, 0.0, 0.0, 0.0, 0.0, 1000, 1000, 1000, 1000, -11.160591125488281, -8.50859546661377, 0.0, -12.728802680969238, 10.651522636413574)
(-8.83083724975586, -4.0524115562438965, 0.0, 0.0, 0.0, 0.0, 1000, 1000, 1000, 1000, -11.887495994567871, -9.382768630981445, 0.0, -12.013862609863281, 10.29344367980957)
(-1.5613290071487427, -4.939178943634033, 0.0, 0.0, 0.0, 0.0, 1000, 1000, 1000, 1000, -0.9060842990875244, -0.5551026463508606, 0.0, -4.016149997711182, 9.825151443481445)
(2.9205870628356934, -2.5046942234039307, 0.0, 0.0, 0.0, 0.0, 1000, 1000, 1000, 1000, 3.359969139099121, 2.6661298274993896, 0.0, 0.4385753870010376, 10.189634323120117)
(6.8191447257995605, 0.9280223846435547, 0.0, 0.0, 0.0, 0.0, 1000, 1000, 1000, 1000, 9.171229362487793, 7.880581378936768, 0.0, 3.7090020179748535, 10.998931884765625)
(9.801974296569824, 4.819413661956787, 0.0, 0.0, 0.0, 0.0, 1000, 1000, 1000, 1000, 12.742947578430176, 11.182758331298828, 0.0, 5.52485466003418, 11.785517692565918)
(3.727630853652954, 6.995293617248535, 0.0, 0.0, 0.0, 0.0, 1000, 1000, 1000, 1000, 5.37669038772583, 5.776660919189453, 0.0, -1.861730933189392, 12.512651443481445)
(-4.269199848175049, 4.6368818283081055, 0.0, 0.0, 0.0, 0.0, 1000, 1000, 1000, 1000, -5.549256324768066, -3.3631680011749268, 0.0, -9.859139442443848, 12.468899726867676)
(-9.499334335327148, 0.33699217438697815, 0.0, 0.0, 0.0, 0.0, 1000, 1000, 1000, 1000, -11.762235641479492, -8.714868545532227, 0.0, -14.204717636108398, 12.193290710449219)
(-10.264111518859863, -3.1648757457733154, 0.0, 0.0, 0.0, 0.0, 1000, 1000, 1000, 1000, -12.381118774414062, -9.603089332580566, 0.0, -13.989625930786133, 12.233991622924805)
(-4.748928070068359, -4.3788299560546875, 0.0, 0.0, 0.0, 0.0, 1000, 1000, 1000, 1000, -5.137140274047852, -3.7425084114074707, 0.0, -7.974842071533203, 12.245270729064941)
(1.3890278339385986, -2.9381890296936035, 0.0, 0.0, 0.0, 0.0, 1000, 1000, 1000, 1000, 2.2965354919433594, 2.235168933868408, 0.0, -2.08261775970459, 12.110361099243164)
(3.6519625186920166, 0.0592007040977478, 0.0, -1.0, 0.0, 0.0, 1000, 1000, 1000, 1000, 5.618211269378662, 5.421430587768555, 0.0, -0.6060932874679565, 12.54511833190918)
(3.1423139572143555, 1.305440902709961, 0.0, 0.0, 0.0, 0.0, 1000, 1000, 1000, 1000, 3.406431198120117, 3.449052095413208, 0.0, -1.6274350881576538, 12.205331802368164)
(3.8652567863464355, 0.7136307954788208, 0.0, 0.0, 0.0, 0.0, 1000, 1000, 1000, 1000, 3.7307136058807373, 3.1380858421325684, 0.0, -0.7868859171867371, 10.827741622924805)
(3.1393778324127197, -1.4835591316223145, 0.0, 0.0, 0.0, 0.0, 1000, 1000, 1000, 1000, -1.4585685729980469, -2.57309627532959, 0.0, -0.8777396082878113, 7.830945014953613)
(-0.7409461736679077, -4.486771583557129, 0.0, 0.0, 0.0, 0.0, 1000, 1000, 1000, 1000, -5.003620624542236, -6.178548336029053, 0.0, -2.930635929107666, 5.395427227020264)
(-5.041675090789795, -6.424468994140625, 0.0, 0.0, 0.0, 0.0, 1000, 1000, 1000, 1000, -9.349767684936523, -10.138568878173828, 0.0, -5.085971355438232, 4.9397873878479)
(-6.740413188934326, -7.658398151397705, 0.0, 0.0, 0.0, 0.0, 1000, 1000, 1000, 1000, -10.653826713562012, -11.409101486206055, 0.0, -5.000606060028076, 5.421647071838379)
(-4.969499588012695, -5.026512622833252, 0.0, 0.0, 0.0, 0.0, 1000, 1000, 1000, 1000, -4.701077938079834, -5.730857849121094, 0.0, -2.650606393814087, 8.742073059082031)
(-2.281580924987793, 1.0787454843521118, 0.0, 0.0, 0.0, 0.0, 1000, 1000, 1000, 1000, 3.74625563621521, 3.7418484687805176, 0.0, -1.5618867874145508, 14.242682456970215)
(1.5667238235473633, 6.220671653747559, 0.0, 0.0, 0.0, 0.0, 1000, 1000, 1000, 1000, 11.021613121032715, 11.85680866241455, 0.0, -1.2570087909698486, 17.530641555786133)
(4.422582149505615, 7.148782253265381, 0.0, 0.0, 0.0, 0.0, 1000, 1000, 1000, 1000, 9.131484985351562, 9.890671730041504, 0.0, -1.7658501863479614, 16.353052139282227)
(3.5119004249572754, 3.338514804840088, 0.0, 0.0, 0.0, 0.0, 1000, 1000, 1000, 1000, 0.6513988971710205, 0.6851287484169006, 0.0, -2.9974050521850586, 12.65427303314209)
(1.3736193180084229, -3.1009788513183594, 0.0, 0.0, 0.0, 0.0, 1000, 1000, 1000, 1000, -7.003809928894043, -8.249500274658203, 0.0, -3.0172221660614014, 7.510980606079102)
(-1.333022117614746, -6.630519866943359, 0.0, 0.0, 0.0, 0.0, 1000, 1000, 1000, 1000, -6.082247734069824, -7.490767478942871, 0.0, -3.027588129043579, 4.966926574707031)
(-4.660730838775635, -6.435164928436279, 0.0, 0.0, 0.0, 0.0, 1000, 1000, 1000, 1000, -7.937744140625, -8.737983703613281, 0.0, -4.427130699157715, 5.977444171905518)
(-6.784984588623047, -4.937638759613037, 0.0, 0.0, 0.0, 0.0, 1000, 1000, 1000, 1000, -7.395355224609375, -7.923173904418945, 0.0, -5.508990287780762, 8.974245071411133)
(-5.76129150390625, -1.6311379671096802, 0.0, 0.0, 0.0, 0.0, 1000, 1000, 1000, 1000, -2.764439582824707, -2.6177866458892822, 0.0, -5.086887836456299, 13.11585807800293)
(-2.140734910964966, 2.9775140285491943, 0.0, 0.0, 0.0, 0.0, 1000, 1000, 1000, 1000, 5.355749130249023, 6.546788215637207, 0.0, -4.028960704803467, 16.936132431030273)
(1.6374845504760742, 4.882302761077881, 0.0, 0.0, 0.0, 0.0, 1000, 1000, 1000, 1000, 6.618090629577637, 8.052751541137695, 0.0, -3.2696621417999268, 17.145429611206055)
(2.606719493865967, 1.2087860107421875, 0.0, 0.0, 0.0, 0.0, 1000, 1000, 1000, 1000, 0.030378758907318115, 0.2964746952056885, 0.0, -3.007009506225586, 12.77698802947998)
(0.7611168622970581, -3.347841501235962, 0.0, 0.0, 0.0, 0.0, 1000, 1000, 1000, 1000, -4.569392204284668, -5.765534400939941, 0.0, -3.210820198059082, 8.659309387207031)
(-5.168774604797363, -7.39539909362793, 0.0, 0.0, 0.0, 0.0, 1000, 1000, 1000, 1000, -11.923973083496094, -12.894247055053711, 0.0, -6.581551551818848, 6.12882137298584)
(-10.139762878417969, -8.71439266204834, 0.0, 0.0, 0.0, 0.0, 1000, 1000, 1000, 1000, -14.013590812683105, -14.018647193908691, 0.0, -9.149995803833008, 7.316017150878906)
(-9.900426864624023, -6.394536972045898, 0.0, 0.0, 0.0, 0.0, 1000, 1000, 1000, 1000, -9.663793563842773, -8.923062324523926, 0.0, -8.05731201171875, 11.582632064819336)
(-5.000510215759277, -0.7756533026695251, 0.0, 0.0, 0.0, 0.0, 1000, 1000, 1000, 1000, 1.2239103317260742, 2.124351739883423, 0.0, -4.5739264488220215, 17.1102237701416)
(0.4172315001487732, 5.665063381195068, 0.0, 0.0, 0.0, 0.0, 1000, 1000, 1000, 1000, 9.212496757507324, 10.703751564025879, 0.0, -2.8960297107696533, 21.353361129760742)
(4.905343055725098, 10.050867080688477, 0.0, -1.0, 0.0, 0.0, 1000, 1000, 1000, 1000, 15.131208419799805, 17.694278717041016, 0.0, -2.6602060794830322, 23.067232131958008)
(7.107847213745117, 5.486863613128662, 0.0, 0.0, 0.0, 0.0, 1000, 1000, 1000, 1000, 8.637198448181152, 9.57005500793457, 0.0, -3.004566192626953, 16.065555572509766)
(2.731365442276001, -2.5869925022125244, 0.0, 0.0, 0.0, 0.0, 1000, 1000, 1000, 1000, -7.168906211853027, -7.902198791503906, 0.0, -4.169658184051514, 9.482324600219727)
(-3.477053642272949, -6.72236442565918, 0.0, 0.0, 0.0, 0.0, 1000, 1000, 1000, 1000, -11.551070213317871, -12.26955795288086, 0.0, -6.298468589782715, 7.788268566131592)
(-8.201793670654297, -5.06647253036499, 0.0, 0.0, 0.0, 0.0, 1000, 1000, 1000, 1000, -10.626411437988281, -9.946206092834473, 0.0, -8.36508560180664, 12.210981369018555)
(-7.30354118347168, -2.0714774131774902, 0.0, 0.0, 0.0, 0.0, 1000, 1000, 1000, 1000, -4.921148300170898, -3.4235758781433105, 0.0, -7.904569149017334, 16.203054428100586)
(-3.497389316558838, 3.841221332550049, 0.0, 0.0, 0.0, 0.0, 1000, 1000, 1000, 1000, 3.1041228771209717, 5.080430030822754, 0.0, -5.8553314208984375, 22.422569274902344)
(3.1654882431030273, 11.965629577636719, 0.0, 0.0, 0.0, 0.0, 1000, 1000, 1000, 1000, 15.530279159545898, 18.35024070739746, 0.0, -3.4557886123657227, 28.825624465942383)
(8.598379135131836, 19.030784606933594, 0.0, 0.0, 0.0, 0.0, 1000, 1000, 1000, 1000, 21.52509307861328, 25.566932678222656, 0.0, -3.655331611633301, 33.02363967895508)
(12.636483192443848, 22.714828491210938, 0.0, 0.0, 0.0, 0.0, 1000, 1000, 1000, 1000, 21.10342788696289, 25.695133209228516, 0.0, -4.220270156860352, 34.814945220947266)
(15.740121841430664, 23.457672119140625, 0.0, 0.0, 0.0, 0.0, 1000, 1000, 1000, 1000, 19.607362747192383, 23.79107093811035, 0.0, -3.6007585525512695, 35.062496185302734)
(17.456214904785156, 24.352148056030273, 0.0, 0.0, 0.0, 0.0, 1000, 1000, 1000, 1000, 20.998863220214844, 25.339672088623047, 0.0, -3.360971689224243, 35.779579162597656)
(19.472890853881836, 25.154464721679688, 0.0, 0.0, 0.0, 0.0, 1000, 1000, 1000, 1000, 22.660694122314453, 26.79000473022461, 0.0, -2.948166847229004, 35.884464263916016)
(20.842914581298828, 25.331104278564453, 0.0, 0.0, 0.0, 0.0, 1000, 1000, 1000, 1000, 21.995615005493164, 25.89038848876953, 0.0, -2.6510627269744873, 35.447265625)
(21.049657821655273, 25.216785430908203, 0.0, 0.0, 0.0, 0.0, 1000, 1000, 1000, 1000, 21.243221282958984, 25.140491485595703, 0.0, -2.7035024166107178, 35.27348327636719)
(21.22705078125, 25.444252014160156, 0.0, 0.0, 0.0, 0.0, 1000, 1000, 1000, 1000, 21.16645050048828, 25.15896224975586, 0.0, -2.659904718399048, 35.48155212402344)
(21.317039489746094, 25.67106819152832, 0.0, 0.0, 0.0, 0.0, 1000, 1000, 1000, 1000, 22.17633628845215, 26.142440795898438, 0.0, -2.652130126953125, 35.760826110839844)
(20.865793228149414, 25.72159194946289, 0.0, 0.0, 0.0, 0.0, 1000, 1000, 1000, 1000, 20.772449493408203, 24.97956657409668, 0.0, -3.325148344039917, 35.789024353027344)
(20.209951400756836, 25.150306701660156, 0.0, -1.0, 0.0, 0.0, 1000, 1000, 1000, 1000, 19.943103790283203, 24.121355056762695, 0.0, -3.6797211170196533, 35.85533905029297)
(20.257505416870117, 24.9345645904541, 0.0, 0.0, 0.0, 0.0, 1000, 1000, 1000, 1000, 19.54351806640625, 23.847328186035156, 0.0, -3.530635118484497, 35.95899200439453)
(19.956628799438477, 24.787689208984375, 0.0, 0.0, 0.0, 0.0, 1000, 1000, 1000, 1000, 20.10875701904297, 24.45148277282715, 0.0, -3.6986236572265625, 36.156105041503906)
(19.924116134643555, 24.56661033630371, 0.0, 0.0, 0.0, 0.0, 1000, 1000, 1000, 1000, 19.714767456054688, 23.959854125976562, 0.0, -3.716459035873413, 36.14542770385742)
(20.191160202026367, 24.550979614257812, 0.0, 0.0, 0.0, 0.0, 1000, 1000, 1000, 1000, 20.269508361816406, 24.49011993408203, 0.0, -3.515087366104126, 36.210208892822266)
(20.397092819213867, 24.722274780273438, 0.0, -1.0, 0.0, 0.0, 1000, 1000, 1000, 1000, 20.717060089111328, 24.94589614868164, 0.0, -3.434751272201538, 36.33963394165039)
(20.47481346130371, 24.537275314331055, 0.0, 0.0, 0.0, 0.0, 1000, 1000, 1000, 1000, 20.115110397338867, 24.254249572753906, 0.0, -3.3231656551361084, 36.2035026550293)
(20.347667694091797, 24.43830680847168, 0.0, 0.0, 0.0, 0.0, 1000, 1000, 1000, 1000, 20.152021408081055, 24.260683059692383, 0.0, -3.389781951904297, 36.161739349365234)
(20.201108932495117, 24.17510414123535, 0.0, 0.0, 0.0, 0.0, 1000, 1000, 1000, 1000, 20.02560043334961, 24.246686935424805, 0.0, -3.4731664657592773, 35.94816207885742)
(19.965757369995117, 23.27260398864746, 0.0, 0.0, 0.0, 0.0, 1000, 1000, 1000, 1000, 19.181238174438477, 23.05254554748535, 0.0, -3.5131051540374756, 35.077430725097656)
(19.270606994628906, 21.575340270996094, 0.0, 0.0, 0.0, 0.0, 1000, 1000, 1000, 1000, 17.10468292236328, 20.814254760742188, 0.0, -3.5567023754119873, 33.59510803222656)
(18.461078643798828, 18.86072540283203, 0.0, 0.0, 0.0, 0.0, 1000, 1000, 1000, 1000, 15.49598503112793, 18.559511184692383, 0.0, -3.3544161319732666, 30.979413986206055)
(16.358821868896484, 14.48536491394043, 0.0, 0.0, 0.0, 0.0, 1000, 1000, 1000, 1000, 11.496173858642578, 13.796575546264648, 0.0, -3.8324646949768066, 26.73505210876465)
(12.408111572265625, 8.095901489257812, 0.0, 0.0, 0.0, 0.0, 1000, 1000, 1000, 1000, 3.549724578857422, 4.657275199890137, 0.0, -4.370727062225342, 21.58901023864746)
(8.695838928222656, 3.6423628330230713, 0.0, 0.0, 0.0, 0.0, 1000, 1000, 1000, 1000, 1.6185083389282227, 2.1498262882232666, 0.0, -4.448472023010254, 18.325902938842773)
(4.998717308044434, -0.5081416964530945, 0.0, 0.0, 0.0, 0.0, 1000, 1000, 1000, 1000, -3.4115068912506104, -3.5848374366760254, 0.0, -4.700911521911621, 15.21325397491455)
(2.392979145050049, -3.5940072536468506, 0.0, 0.0, 0.0, 0.0, 1000, 1000, 1000, 1000, -4.4332275390625, -5.305736064910889, 0.0, -3.9399361610412598, 13.2062406539917)
(0.5968722105026245, -3.713240623474121, 0.0, 0.0, 0.0, 0.0, 1000, 1000, 1000, 1000, -2.7743923664093018, -3.720345973968506, 0.0, -3.4435949325561523, 13.49862003326416)
(-0.8196347951889038, -3.3409125804901123, 0.0, 0.0, 0.0, 0.0, 1000, 1000, 1000, 1000, -3.0695858001708984, -3.6881961822509766, 0.0, -3.776521682739258, 13.84922981262207)
(-1.637007713317871, -3.299938917160034, 0.0, 0.0, 0.0, 0.0, 1000, 1000, 1000, 1000, -2.6456730365753174, -3.3008785247802734, 0.0, -3.8231680393218994, 14.081544876098633)
(-2.035440444946289, -3.09592604637146, 0.0, 0.0, 0.0, 0.0, 1000, 1000, 1000, 1000, -2.778904914855957, -3.4012320041656494, 0.0, -3.823625326156616, 14.407917976379395)
(-2.1107418537139893, -2.9808576107025146, 0.0, 0.0, 0.0, 0.0, 1000, 1000, 1000, 1000, -2.318039894104004, -2.926821231842041, 0.0, -3.683990716934204, 14.61355972290039)
(-2.1870131492614746, -2.725857734680176, 0.0, 0.0, 0.0, 0.0, 1000, 1000, 1000, 1000, -2.3222289085388184, -2.8974685668945312, 0.0, -3.730179786682129, 14.872251510620117)
(-2.217240810394287, -2.633072853088379, 0.0, 0.0, 0.0, 0.0, 1000, 1000, 1000, 1000, -2.2798373699188232, -2.861511707305908, 0.0, -3.754417657852173, 15.047099113464355)
(-2.1094775199890137, -1.1759058237075806, 0.0, 0.0, 0.0, 0.0, 1000, 1000, 1000, 1000, -1.8705693483352661, -2.461756706237793, 0.0, -3.377589225769043, 17.10106086730957)
(-0.06921111047267914, 3.8420283794403076, 0.0, 0.0, 0.0, 0.0, 1000, 1000, 1000, 1000, 5.416972637176514, 5.87576961517334, 0.0, -2.6044187545776367, 21.978193283081055)
(3.381317615509033, 9.51683521270752, 0.0, 0.0, 0.0, 0.0, 1000, 1000, 1000, 1000, 11.104068756103516, 12.634053230285645, 0.0, -2.3434431552886963, 26.356395721435547)
(6.387133598327637, 13.727215766906738, 0.0, 0.0, 0.0, 0.0, 1000, 1000, 1000, 1000, 12.889266967773438, 14.874861717224121, 0.0, -2.3955774307250977, 29.711273193359375)
(9.11840534210205, 18.74390411376953, 0.0, 0.0, -1.0, 0.0, 1000, 1000, 1000, 1000, 17.312715530395508, 20.481040954589844, 0.0, -2.793290853500366, 34.27682876586914)
(13.3258056640625, 22.700340270996094, 0.0, 0.0, 0.0, 0.0, 1000, 1000, 1000, 1000, 22.068634033203125, 26.040557861328125, 0.0, -2.5693583488464355, 37.03643798828125)
(17.101770401000977, 23.436670303344727, 0.0, 0.0, 0.0, 0.0, 1000, 1000, 1000, 1000, 20.895967483520508, 24.351991653442383, 0.0, -1.4262183904647827, 36.90656280517578)
(20.034631729125977, 23.31182289123535, 0.0, 0.0, 0.0, 0.0, 1000, 1000, 1000, 1000, 25.20667266845703, 28.8813533782959, 0.0, 0.08811111003160477, 36.021507263183594)
(22.388019561767578, 12.36974048614502, 0.0, 0.0, 0.0, 0.0, 1000, 1000, 1000, 1000, 9.637587547302246, 9.806089401245117, 0.0, 0.3326232135295868, 20.680652618408203)
(10.904623985290527, -0.3585677444934845, 0.0, 0.0, 0.0, 0.0, 1000, 1000, 1000, 1000, -8.943609237670898, -10.939472198486328, 0.0, -2.0070109367370605, 12.495739936828613)
(4.1125102043151855, -1.53091561794281, 0.0, 0.0, 0.0, 0.0, 1000, 1000, 1000, 1000, -3.7444281578063965, -4.848750114440918, 0.0, -2.698321580886841, 14.542084693908691)
(2.80102801322937, -1.5111724138259888, 0.0, 0.0, 0.0, 0.0, 1000, 1000, 1000, 1000, -0.9919688701629639, -2.0177245140075684, 0.0, -1.7824681997299194, 15.097420692443848)
(1.189479947090149, -1.6681537628173828, 0.0, 0.0, 0.0, 0.0, 1000, 1000, 1000, 1000, -1.618962049484253, -2.762712001800537, 0.0, -1.9182913303375244, 15.366933822631836)
(0.24427086114883423, -1.9896882772445679, 0.0, 0.0, 0.0, 0.0, 1000, 1000, 1000, 1000, -1.6045494079589844, -2.797122001647949, 0.0, -1.898626446723938, 15.439799308776855)
(-0.2778894007205963, -2.071964740753174, 0.0, -1.0, 0.0, 0.0, 1000, 1000, 1000, 1000, -1.2272447347640991, -2.4787673950195312, 0.0, -1.750760555267334, 15.639948844909668)
(-0.3255913555622101, -1.8221265077590942, 0.0, 0.0, 0.0, 0.0, 1000, 1000, 1000, 1000, -0.8702443838119507, -1.9692246913909912, 0.0, -1.5417661666870117, 15.949856758117676)
(-0.5254281759262085, -1.6097524166107178, 0.0, 0.0, 0.0, 0.0, 1000, 1000, 1000, 1000, -0.642155110836029, -1.6104512214660645, 0.0, -1.5216443538665771, 16.285987854003906)
(-0.4678570032119751, -1.3092230558395386, 0.0, 0.0, 0.0, 0.0, 1000, 1000, 1000, 1000, -0.37081217765808105, -1.4291021823883057, 0.0, -1.4789612293243408, 16.62989616394043)
(-0.2848563492298126, -1.062574863433838, 0.0, 0.0, 0.0, 0.0, 1000, 1000, 1000, 1000, 0.1895497441291809, -0.8136553168296814, 0.0, -1.471644401550293, 16.818157196044922)
(-0.18445637822151184, -0.9886125922203064, 0.0, 0.0, 0.0, 0.0, 1000, 1000, 1000, 1000, -0.4592301845550537, -1.4889986515045166, 0.0, -1.4769799709320068, 16.911602020263672)
(-0.006482116878032684, -0.8794729709625244, 0.0, 0.0, 0.0, 0.0, 1000, 1000, 1000, 1000, 0.41956865787506104, -0.5341736674308777, 0.0, -1.3115835189819336, 17.10672378540039)
(-0.032216694205999374, -0.8003438115119934, 0.0, -1.0, 0.0, 0.0, 1000, 1000, 1000, 1000, 0.35853075981140137, -0.5625614523887634, 0.0, -1.4475589990615845, 17.21785545349121)
(0.2449331134557724, -0.4089677929878235, 0.0, 0.0, 0.0, 0.0, 1000, 1000, 1000, 1000, 0.9891425371170044, 0.041149258613586426, 0.0, -1.414632797241211, 17.535995483398438)
(0.11815336346626282, -0.4715002179145813, 0.0, 0.0, 0.0, 0.0, 1000, 1000, 1000, 1000, 0.09541797637939453, -0.9845521450042725, 0.0, -1.6701209545135498, 17.53172492980957)
(-0.11346468329429626, -0.5410766005516052, 0.0, -1.0, 0.0, 0.0, 1000, 1000, 1000, 1000, -0.06912899017333984, -0.9842002987861633, 0.0, -1.9050297737121582, 17.69574546813965)
(-0.10317693650722504, -0.5178831815719604, 0.0, 0.0, 0.0, 0.0, 1000, 1000, 1000, 1000, -0.07024514675140381, -1.0050677061080933, 0.0, -1.983993649482727, 17.868915557861328)
(-0.24664682149887085, -0.7833567261695862, 0.0, 0.0, 0.0, 0.0, 1000, 1000, 1000, 1000, -0.30946844816207886, -1.1501797437667847, 0.0, -2.093292713165283, 17.829893112182617)
(-0.5254022479057312, -0.8743782043457031, 0.0, -1.0, 0.0, 0.0, 1000, 1000, 1000, 1000, -0.3981208801269531, -1.146196961402893, 0.0, -2.325305700302124, 17.985843658447266)
(-0.5684089660644531, -1.0774234533309937, 0.0, 0.0, 0.0, 0.0, 1000, 1000, 1000, 1000, -0.8146834373474121, -1.6989057064056396, 0.0, -2.3890256881713867, 17.957950592041016)
(-0.779343843460083, -1.3428034782409668, 0.0, 0.0, 0.0, 0.0, 1000, 1000, 1000, 1000, -0.5158392190933228, -1.448098063468933, 0.0, -2.503812789916992, 17.9613037109375)
(-0.697442352771759, -1.348642349243164, 0.0, 0.0, 0.0, 0.0, 1000, 1000, 1000, 1000, -0.8146589398384094, -1.7605249881744385, 0.0, -2.4865870475769043, 18.046218872070312)
(-0.8186883330345154, -1.2723227739334106, 0.0, 0.0, 0.0, 0.0, 1000, 1000, 1000, 1000, -0.6951924562454224, -1.5614311695098877, 0.0, -2.724393367767334, 18.17793083190918)
(-1.1940497159957886, -1.4365516901016235, 0.0, 0.0, 0.0, 0.0, 1000, 1000, 1000, 1000, -1.586106300354004, -2.3816866874694824, 0.0, -3.0666186809539795, 18.284034729003906)
(-1.301134705543518, -1.6470749378204346, 0.0, 0.0, 0.0, 0.0, 1000, 1000, 1000, 1000, -1.1727540493011475, -2.080507755279541, 0.0, -3.0942108631134033, 18.38449478149414)
(-1.5034734010696411, -1.743504285812378, 0.0, 0.0, 0.0, 0.0, 1000, 1000, 1000, 1000, -1.530795693397522, -2.2477612495422363, 0.0, -3.3371987342834473, 18.465593338012695)
(-1.618467926979065, -1.9273823499679565, 0.0, 0.0, 0.0, 0.0, 1000, 1000, 1000, 1000, -1.3555071353912354, -2.1106045246124268, 0.0, -3.490401029586792, 18.4790096282959)
(-1.7430357933044434, -2.135355234146118, 0.0, 0.0, 0.0, 0.0, 1000, 1000, 1000, 1000, -1.6301602125167847, -2.59883451461792, 0.0, -3.6032063961029053, 18.49760627746582)
(-2.242025852203369, -2.139425754547119, 0.0, 0.0, -1.0, 0.0, 1000, 1000, 1000, 1000, -1.8816566467285156, -2.5022213459014893, 0.0, -4.080187797546387, 18.78205680847168)
(-2.8416802883148193, -2.0362117290496826, 0.0, 0.0, 0.0, 0.0, 1000, 1000, 1000, 1000, -3.094585418701172, -3.4432015419006348, 0.0, -4.755034446716309, 19.243492126464844)
(-2.915856122970581, -2.4113404750823975, 0.0, 0.0, 0.0, 0.0, 1000, 1000, 1000, 1000, -3.062500476837158, -3.4662013053894043, 0.0, -4.770583629608154, 19.404016494750977)
(-2.906497001647949, -2.329153299331665, 0.0, 0.0, 0.0, 0.0, 1000, 1000, 1000, 1000, -2.4242844581604004, -2.705211639404297, 0.0, -4.844973564147949, 19.799589157104492)
(-2.4751670360565186, -1.9774141311645508, 0.0, 0.0, 0.0, 0.0, 1000, 1000, 1000, 1000, -1.850687026977539, -2.2850358486175537, 0.0, -4.816924095153809, 20.192121505737305)
(-2.366763114929199, -1.682862401008606, 0.0, 0.0, 0.0, 0.0, 1000, 1000, 1000, 1000, -2.0738155841827393, -2.270606279373169, 0.0, -4.99786901473999, 20.562395095825195)
(-2.4014241695404053, -1.5871329307556152, 0.0, 0.0, 0.0, 0.0, 1000, 1000, 1000, 1000, -1.8837251663208008, -1.9241658449172974, 0.0, -5.321343898773193, 20.797149658203125)
(-1.7125405073165894, -1.572780728340149, 0.0, 0.0, 0.0, 0.0, 1000, 1000, 1000, 1000, -0.5938660502433777, -0.647757887840271, 0.0, -4.9410080909729, 20.723976135253906)
(-0.7504302263259888, -1.686078429222107, 0.0, 0.0, 0.0, 0.0, 1000, 1000, 1000, 1000, -1.0830639600753784, -1.2044743299484253, 0.0, -4.307472229003906, 20.31497573852539)
(-1.3713736534118652, -2.283872127532959, 0.0, 0.0, 0.0, 0.0, 1000, 1000, 1000, 1000, -3.8652584552764893, -4.221838474273682, 0.0, -4.248172760009766, 20.012535095214844)
(-4.506445407867432, -3.9883105754852295, 0.0, 0.0, 0.0, 0.0, 1000, 1000, 1000, 1000, -6.838521957397461, -7.209736347198486, 0.0, -6.382777214050293, 19.592409133911133)
(-6.568831443786621, -4.79989767074585, 0.0, 0.0, 0.0, 0.0, 1000, 1000, 1000, 1000, -4.089936256408691, -3.571253776550293, 0.0, -8.507927894592285, 19.353078842163086)
(-5.84422492980957, -6.169317245483398, 0.0, 0.0, 0.0, 0.0, 1000, 1000, 1000, 1000, -6.25918436050415, -6.565955638885498, 0.0, -8.030336380004883, 18.173664093017578)
(-6.278603553771973, -8.759033203125, 0.0, 0.0, 0.0, 0.0, 1000, 1000, 1000, 1000, -11.291690826416016, -12.134064674377441, 0.0, -7.128659725189209, 16.40171241760254)
(-9.117585182189941, -8.682699203491211, 0.0, 0.0, 0.0, 0.0, 1000, 1000, 1000, 1000, -12.8793306350708, -12.239975929260254, 0.0, -8.316618919372559, 17.9349422454834)
(-8.498078346252441, -7.352034568786621, 0.0, 0.0, 0.0, 0.0, 1000, 1000, 1000, 1000, -6.208451747894287, -6.670001029968262, 0.0, -8.326983451843262, 19.120464324951172)
(-8.655284881591797, -7.103292465209961, 0.0, 0.0, 0.0, 0.0, 1000, 1000, 1000, 1000, -0.7214875221252441, -0.76993727684021, 0.0, -8.260824203491211, 20.459793090820312)
(-5.890942573547363, -4.901939392089844, 0.0, 0.0, 0.0, 0.0, 1000, 1000, 1000, 1000, 4.814516067504883, 2.8633782863616943, 0.0, -6.519207000732422, 22.1873779296875)
(-5.710762977600098, -4.87315559387207, 0.0, 0.0, 0.0, 0.0, 1000, 1000, 1000, 1000, 0.9140530228614807, 0.25162655115127563, 0.0, -7.051981449127197, 21.937992095947266)
(-5.0840253829956055, -4.38868522644043, 0.0, 0.0, 0.0, 0.0, 1000, 1000, 1000, 1000, -2.2227978706359863, -2.002436399459839, 0.0, -7.309145450592041, 21.85079574584961)
(-4.87443733215332, -4.268648624420166, 0.0, 0.0, 0.0, 0.0, 1000, 1000, 1000, 1000, -5.117743492126465, -4.9074506759643555, 0.0, -7.433535099029541, 21.88204574584961)
(-4.718939781188965, -4.216797351837158, 0.0, 0.0, 0.0, 0.0, 1000, 1000, 1000, 1000, -4.420834064483643, -4.477336406707764, 0.0, -7.429572105407715, 22.010705947875977)
(-4.596957683563232, -4.15097713470459, 0.0, 0.0, 0.0, 0.0, 1000, 1000, 1000, 1000, -4.636073589324951, -4.7048797607421875, 0.0, -7.474693775177002, 22.10506820678711)
(-4.530703067779541, -4.12973690032959, 0.0, 0.0, -1.0, 0.0, 1000, 1000, 1000, 1000, -3.993300676345825, -4.002167701721191, 0.0, -7.495273590087891, 22.221073150634766)
(-4.453088283538818, -4.066093444824219, 0.0, 0.0, 0.0, 0.0, 1000, 1000, 1000, 1000, -4.270445346832275, -4.158405780792236, 0.0, -7.539786338806152, 22.3154354095459)
(-4.426022052764893, -4.050547122955322, 0.0, 0.0, 0.0, 0.0, 1000, 1000, 1000, 1000, -4.417738914489746, -4.3205366134643555, 0.0, -7.571645736694336, 22.418485641479492)