
(-3.6397390365600586, -5.09753942489624, 0.0, -1.0, -1.0, 0.0, 1000, 1000, 1000, 1000, -3.3381237983703613, -5.439157485961914, 0.0, -2.738438129425049, 8.207629203796387, 10.680907249450684, 8.19392204284668, -0.08057129383087158, 18.79425811767578)
(-3.617729902267456, -5.108737945556641, 0.0, -1.0, -1.0, 0.0, 1000, 1000, 1000, 1000, -3.176301956176758, -5.2592267990112305, 0.0, -2.7780723571777344, 8.325011253356934, 10.61726188659668, 8.322661399841309, -0.16646809875965118, 18.773454666137695)
(-3.5882973670959473, -5.078359127044678, 0.0, -1.0, -1.0, 0.0, 1000, 1000, 1000, 1000, -3.6548056602478027, -5.690706729888916, 0.0, -2.8187739849090576, 8.449247360229492, 10.401969909667969, 8.445027351379395, -0.1761452555656433, 18.670852661132812)
(-3.5090999603271484, -5.010576248168945, 0.0, -1.0, -1.0, 0.0, 1000, 1000, 1000, 1000, -2.448638439178467, -3.2600207328796387, 0.0, -2.844383716583252, 8.586901664733887, 10.646156311035156, 8.569316864013672, -0.03526146709918976, 19.180212020874023)
(-3.6058852672576904, -5.108307361602783, 0.0, -1.0, -1.0, 0.0, 1000, 1000, 1000, 1000, -4.648071765899658, -4.475508689880371, 0.0, -2.9180116653442383, 8.680193901062012, 11.374760627746582, 8.691329002380371, 0.35340064764022827, 20.419490814208984)
(-3.66162371635437, -5.095464706420898, 0.0, -1.0, -1.0, 0.0, 1000, 1000, 1000, 1000, -2.46331787109375, -4.909618854522705, 0.0, -2.9151155948638916, 8.823488235473633, 10.280641555786133, 8.818260192871094, -0.2574358582496643, 18.84146499633789)
(-3.6192984580993652, -5.2799482345581055, 0.0, -1.0, -1.0, 0.0, 1000, 1000, 1000, 1000, -4.2150750160217285, -4.937185764312744, 0.0, -3.0190789699554443, 8.898946762084961, 10.623536109924316, 8.942648887634277, -0.09393680095672607, 19.472248077392578)
(-3.5450375080108643, -5.0252180099487305, 0.0, -1.0, -1.0, 0.0, 1000, 1000, 1000, 1000, -3.9839186668395996, -5.386320114135742, 0.0, -3.0039875507354736, 9.059008598327637, 11.253320693969727, 9.073416709899902, 0.09675891697406769, 20.42349624633789)
(-3.785048723220825, -5.079562664031982, 0.0, -1.0, -1.0, 0.0, 1000, 1000, 1000, 1000, -4.116302490234375, -5.884775161743164, 0.0, -3.1227378845214844, 9.12836742401123, 10.16458511352539, 9.202705383300781, -0.4731887876987457, 18.894102096557617)
(-3.653770685195923, -5.381890773773193, 0.0, -1.0, -1.0, 0.0, 1000, 1000, 1000, 1000, -5.231514930725098, -4.066216945648193, 0.0, -3.3253300189971924, 9.04498291015625, 12.176057815551758, 9.34360122680664, 0.2296973615884781, 21.749357223510742)
(-3.853861093521118, -6.3088059425354, 0.0, -1.0, -1.0, 0.0, 1000, 1000, 1000, 1000, -4.271084785461426, -5.637199401855469, 0.0, -3.6263973712921143, 8.54970932006836, 12.70812702178955, 9.488947868347168, 0.2795484960079193, 22.47662353515625)
(-5.18914270401001, -7.67457914352417, 0.0, -1.0, -1.0, 0.0, 1000, 1000, 1000, 1000, -8.765829086303711, -6.689306259155273, 0.0, -3.7704532146453857, 6.646355628967285, 15.48827838897705, 9.669462203979492, 0.7248347997665405, 25.8825740814209)
(-5.609911918640137, -10.404698371887207, 0.0, -1.0, -1.0, 0.0, 1000, 1000, 1000, 1000, -12.535604476928711, -19.3971004486084, 0.0, -3.519538640975952, 5.384466171264648, 20.00062370300293, 9.843450546264648, 2.6572160720825195, 32.50128936767578)
(-4.540658950805664, -11.933727264404297, 0.0, -1.0, -1.0, 0.0, 1000, 1000, 1000, 1000, 0.29975879192352295, -15.605881690979004, 0.0, -3.4628312587738037, 5.394678592681885, 13.406538009643555, 10.040822982788086, -1.177901268005371, 22.269460678100586)
(-4.828185081481934, -16.770709991455078, 0.0, -1.0, -1.0, 0.0, 1000, 1000, 1000, 1000, -3.0137228965759277, -28.556425094604492, 0.0, -3.4318859577178955, 3.7103793621063232, 14.239570617675781, 10.220662117004395, -0.7485121488571167, 23.711721420288086)
(-5.403971195220947, -18.584165573120117, 0.0, -1.0, -1.0, 0.0, 1000, 1000, 1000, 1000, -8.189362525939941, -27.50247573852539, 0.0, -3.993014097213745, 2.636598825454712, 15.298810958862305, 10.430889129638672, -0.9463189840316772, 24.78338050842285)
(-2.501258134841919, -22.29934310913086, 0.0, -1.0, -1.0, 0.0, 1000, 1000, 1000, 1000, 2.7723100185394287, -23.802465438842773, 0.0, -0.7643555402755737, 1.9724222421646118, -4.873016357421875, 10.429403305053711, -6.235576152801514, -0.6791892051696777)
(-0.975315511226654, -15.360876083374023, 0.0, -1.0, -1.0, 0.0, 1000, 1000, 1000, 1000, 5.353132247924805, -5.22720193862915, 0.0, -1.8085627555847168, 6.109006881713867, 18.706140518188477, 10.497305870056152, 5.653942584991455, 34.85738754272461)
(-5.368294715881348, -12.796551704406738, 0.0, -1.0, -1.0, 0.0, 1000, 1000, 1000, 1000, -7.486790657043457, -11.079051971435547, 0.0, -7.2049055099487305, 8.940713882446289, 34.985374450683594, 10.851409912109375, 7.427752494812012, 53.26453399658203)
(-6.621484279632568, -3.772761344909668, 0.0, -1.0, -1.0, 0.0, 1000, 1000, 1000, 1000, -10.457500457763672, 3.8558263778686523, 0.0, -6.468625068664551, 13.432482719421387, 8.876180648803711, 11.073678970336914, -4.955022811889648, 14.994836807250977)
(-4.034712314605713, -0.33036935329437256, 0.0, -1.0, -1.0, 0.0, 1000, 1000, 1000, 1000, -2.067230224609375, 4.960622787475586, 0.0, -3.663289785385132, 14.161444664001465, 2.9437270164489746, 11.138792991638184, -4.379411220550537, 9.703108787536621)
(-2.577378273010254, 1.4330511093139648, 0.0, -1.0, -1.0, 0.0, 1000, 1000, 1000, 1000, -0.39911723136901855, 0.011774063110351562, 0.0, -3.021064519882202, 15.28370189666748, 9.724146842956543, 11.211837768554688, 0.2615441679954529, 21.197528839111328)
(-3.6290438175201416, 4.687521934509277, 0.0, -1.0, -1.0, 0.0, 1000, 1000, 1000, 1000, -5.653913974761963, 9.225418090820312, 0.0, -3.6710643768310547, 17.39848518371582, 9.321053504943848, 11.338223457336426, -0.37949374318122864, 20.279783248901367)
(-3.052138566970825, 6.047123432159424, 0.0, -1.0, -1.0, 0.0, 1000, 1000, 1000, 1000, -2.9768381118774414, 9.042122840881348, 0.0, -3.1504855155944824, 16.88994789123535, 9.574407577514648, 11.43349838256836, 0.1606803983449936, 21.16858673095703)
(-1.8697999715805054, 6.163900852203369, 0.0, -1.0, -1.0, 0.0, 1000, 1000, 1000, 1000, -0.19105935096740723, 6.698369026184082, 0.0, -2.668473720550537, 16.440711975097656, 0.6255415081977844, 11.48348617553711, -2.871452569961548, 9.23757553100586)
(-0.2389543205499649, 4.577708721160889, 0.0, -1.0, -1.0, 0.0, 1000, 1000, 1000, 1000, 1.8982926607131958, 3.1054458618164062, 0.0, -2.0501811504364014, 15.974555015563965, -0.7514999508857727, 11.461563110351562, -1.4336752891540527, 9.276388168334961)
(-0.9005836844444275, 4.839576721191406, 0.0, -1.0, -1.0, 0.0, 1000, 1000, 1000, 1000, -1.5688824653625488, 6.567269325256348, 0.0, -3.1270103454589844, 16.671049118041992, 3.2120907306671143, 11.491287231445312, 0.38830551505088806, 15.091683387756348)
(-1.976011037826538, 4.9665751457214355, 0.0, -1.0, -1.0, 0.0, 1000, 1000, 1000, 1000, -3.7260217666625977, 5.228952407836914, 0.0, -3.543626546859741, 16.45427703857422, 4.586971282958984, 11.543750762939453, 0.45416831970214844, 16.584890365600586)
(-2.3493716716766357, 3.640706777572632, 0.0, -1.0, -1.0, 0.0, 1000, 1000, 1000, 1000, -3.1729135513305664, 0.9656853675842285, 0.0, -3.315730333328247, 15.713419914245605, 3.1291942596435547, 11.590269088745117, -0.33180519938468933, 14.38765811920166)
(-2.2102134227752686, 2.8322277069091797, 0.0, -1.0, -1.0, 0.0, 1000, 1000, 1000, 1000, -0.9241533279418945, 1.8109688758850098, 0.0, -3.1753344535827637, 15.66143798828125, 6.548171043395996, 11.651418685913086, 0.874793529510498, 19.074382781982422)
(-3.2044999599456787, 1.657602071762085, 0.0, -1.0, -1.0, 0.0, 1000, 1000, 1000, 1000, -3.8809499740600586, 0.0271759033203125, 0.0, -4.446979999542236, 14.728208541870117, 12.378975868225098, 11.790071487426758, 1.8412055969238281, 26.010251998901367)
(-3.046370506286621, -0.1200217679142952, 0.0, -1.0, -1.0, 0.0, 1000, 1000, 1000, 1000, -4.323283672332764, -1.2844598293304443, 0.0, -4.205973148345947, 13.873788833618164, 7.502554893493652, 11.888856887817383, -0.5501641035079956, 18.84124755859375)
(-3.3701934814453125, -1.8050029277801514, 0.0, -1.0, -1.0, 0.0, 1000, 1000, 1000, 1000, -3.802887439727783, -2.6301634311676025, 0.0, -4.203381061553955, 13.048483848571777, 10.6027250289917, 11.990312576293945, 0.900621235370636, 23.4936580657959)
(-3.740586519241333, -3.5779690742492676, 0.0, 0.0, -1.0, 0.0, 1000, 1000, 1000, 1000, -3.9157304763793945, -5.284050464630127, 0.0, -4.492557048797607, 12.298636436462402, 16.5233211517334, 12.134716987609863, 2.820641279220581, 31.478679656982422)
(-4.305434703826904, -4.544875621795654, 0.0, -1.0, -1.0, 0.0, 1000, 1000, 1000, 1000, -4.362936496734619, -6.33226203918457, 0.0, -4.902007579803467, 12.28034496307373, 11.85588550567627, 12.298721313476562, -0.3372677266597748, 23.817338943481445)
(-3.5872600078582764, -4.377229690551758, 0.0, 0.0, -1.0, 0.0, 1000, 1000, 1000, 1000, -3.6455535888671875, -4.5973944664001465, 0.0, -4.485544681549072, 12.96815299987793, 13.739283561706543, 12.417346954345703, 1.148601770401001, 27.305233001708984)
(-3.1930501461029053, -3.6303703784942627, 0.0, -1.0, -1.0, 0.0, 1000, 1000, 1000, 1000, -3.1688599586486816, -2.977725028991699, 0.0, -4.275788307189941, 13.416019439697266, 8.406347274780273, 12.519986152648926, -0.7985013723373413, 20.127832412719727)
(-3.185516595840454, -3.494659185409546, 0.0, 0.0, -1.0, 0.0, 1000, 1000, 1000, 1000, -2.302773952484131, -4.488955020904541, 0.0, -4.247891426086426, 13.380498886108398, 12.86401653289795, 12.623152732849121, 1.6722427606582642, 27.159412384033203)
(-3.047048568725586, -3.746624708175659, 0.0, -1.0, -1.0, 0.0, 1000, 1000, 1000, 1000, -3.113602638244629, -3.3991456031799316, 0.0, -4.062831401824951, 13.400924682617188, 7.651608943939209, 12.721844673156738, -0.5953943133354187, 19.778059005737305)
(-2.7359836101531982, -3.5257906913757324, 0.0, 0.0, -1.0, 0.0, 1000, 1000, 1000, 1000, -2.2906413078308105, -3.1668853759765625, 0.0, -4.043166637420654, 13.840404510498047, 10.382959365844727, 12.808967590332031, 1.1163737773895264, 24.308300018310547)
(-2.5460140705108643, -2.6991827487945557, 0.0, -1.0, -1.0, 0.0, 1000, 1000, 1000, 1000, -1.5528450012207031, -2.2511134147644043, 0.0, -3.9388976097106934, 14.407630920410156, 6.525519371032715, 12.888984680175781, -0.4329755902290344, 18.981529235839844)
(-3.2693777084350586, -2.0793206691741943, 0.0, -1.0, 0.0, 0.0, 1000, 1000, 1000, 1000, -3.6304397583007812, -1.2903316020965576, 0.0, -4.744536876678467, 14.773331642150879, 13.175071716308594, 13.01038932800293, 1.9640533924102783, 28.14951515197754)
(-3.4682300090789795, -2.62431263923645, 0.0, -1.0, -1.0, 0.0, 1000, 1000, 1000, 1000, -4.183248996734619, -4.35361909866333, 0.0, -4.525635242462158, 14.13949203491211, 1.8485298156738281, 13.130632400512695, -3.745554208755493, 11.23360824584961)
(-1.3001424074172974, -3.4125022888183594, 0.0, -1.0, 0.0, 0.0, 1000, 1000, 1000, 1000, 0.7419626712799072, -4.546553134918213, 0.0, -2.944995641708374, 14.04696273803711, 1.6883745193481445, 13.10839557647705, -0.9521464705467224, 13.844623565673828)
(-2.1444923877716064, -2.3532257080078125, 0.0, -1.0, -1.0, 0.0, 1000, 1000, 1000, 1000, -2.6842823028564453, -2.2851240634918213, 0.0, -4.208409786224365, 15.028669357299805, 10.821871757507324, 13.205724716186523, 2.269864082336426, 26.297460556030273)
(-3.7758290767669678, -1.9741188287734985, 0.0, -1.0, -1.0, 0.0, 1000, 1000, 1000, 1000, -5.817996025085449, -2.702592372894287, 0.0, -5.246520042419434, 15.126230239868164, 12.908193588256836, 13.349189758300781, 1.68744695186615, 27.9448299407959)
(-3.999397039413452, -2.055850028991699, 0.0, -1.0, -1.0, 0.0, 1000, 1000, 1000, 1000, -3.2961525917053223, -2.7835450172424316, 0.0, -5.2160325050354, 15.223941802978516, 10.72929573059082, 13.497593879699707, -0.17298060655593872, 24.053909301757812)
(-3.9006712436676025, -1.4407567977905273, 0.0, -1.0, -1.0, 0.0, 1000, 1000, 1000, 1000, -3.628814697265625, -1.425663948059082, 0.0, -5.245148181915283, 15.812051773071289, 11.70024585723877, 13.633167266845703, 0.13128429651260376, 25.464696884155273)
(-3.1662750244140625, -1.3173298835754395, 0.0, -1.0, -1.0, 0.0, 1000, 1000, 1000, 1000, -2.3802452087402344, -0.8428812026977539, 0.0, -4.353379726409912, 15.70229434967041, 3.0309536457061768, 13.724213600158691, -3.0668370723724365, 13.68833065032959)
(-3.3755834102630615, -1.6104099750518799, 0.0, -1.0, -1.0, 0.0, 1000, 1000, 1000, 1000, -3.2063989639282227, -1.7144684791564941, 0.0, -4.8263983726501465, 15.684762954711914, 16.477943420410156, 13.838654518127441, 3.2166974544525146, 33.533294677734375)
(-4.117006301879883, -1.2778818607330322, 0.0, -1.0, -1.0, 0.0, 1000, 1000, 1000, 1000, -4.358700275421143, -1.0613670349121094, 0.0, -5.090269565582275, 15.943757057189941, 8.272903442382812, 14.001974105834961, -1.7559548616409302, 20.518922805786133)
(-3.028212547302246, -1.7877697944641113, 0.0, -1.0, -1.0, 0.0, 1000, 1000, 1000, 1000, -1.4590094089508057, -2.3987762928009033, 0.0, -4.611001968383789, 15.661138534545898, 9.454313278198242, 14.092576026916504, -0.18339060246944427, 23.36349868774414)
(-3.2429494857788086, -1.9139074087142944, 0.0, -1.0, -1.0, 0.0, 1000, 1000, 1000, 1000, -3.960784435272217, -3.3469796180725098, 0.0, -5.0373735427856445, 15.748486518859863, 9.532773971557617, 14.221007347106934, -0.4485151469707489, 23.305265426635742)
(-3.2459933757781982, -1.8430273532867432, 0.0, -1.0, -1.0, 0.0, 1000, 1000, 1000, 1000, -3.0490880012512207, -1.6923158168792725, 0.0, -4.9744157791137695, 16.07958221435547, 8.862022399902344, 14.322885513305664, -0.3552686274051666, 22.829639434814453)
(-3.6291110515594482, -1.5377479791641235, 0.0, -1.0, -1.0, 0.0, 1000, 1000, 1000, 1000, -4.454969882965088, -1.4703707695007324, 0.0, -5.173805236816406, 16.291166305541992, 11.296932220458984, 14.453883171081543, 0.37672510743141174, 26.127540588378906)
(-3.0316884517669678, -2.9340364933013916, 0.0, -1.0, -1.0, 0.0, 1000, 1000, 1000, 1000, -2.5458760261535645, -4.2624101638793945, 0.0, -5.205513000488281, 16.020130157470703, 9.590168952941895, 15.119155883789062, 0.33636903762817383, 25.04569435119629)
(-3.3109233379364014, -3.0345399379730225, 0.0, -1.0, -1.0, 0.0, 1000, 1000, 1000, 1000, -3.798618793487549, -3.905999183654785, 0.0, -5.358867645263672, 16.378515243530273, 9.51198673248291, 15.229963302612305, 0.14170953631401062, 24.88365936279297)
(-3.2765321731567383, -2.79253888130188, 0.0, -1.0, -1.0, 0.0, 1000, 1000, 1000, 1000, -2.556708812713623, -3.6556880474090576, 0.0, -5.256580829620361, 16.552135467529297, 7.61832332611084, 15.342714309692383, -0.8697900772094727, 22.09124755859375)
(-2.146348714828491, -2.980198383331299, 0.0, -1.0, -1.0, 0.0, 1000, 1000, 1000, 1000, -0.9081764221191406, -2.3481762409210205, 0.0, -4.511306285858154, 16.679424285888672, 1.7561267614364624, 15.388738632202148, -2.2996890544891357, 14.845175743103027)
(-2.0241177082061768, -2.466810703277588, 0.0, -1.0, -1.0, 0.0, 1000, 1000, 1000, 1000, -2.129131317138672, 0.5201478004455566, 0.0, -4.734935283660889, 17.009305953979492, 9.072080612182617, 15.443018913269043, 1.6622340679168701, 26.177331924438477)
(-1.3481802940368652, -2.7191779613494873, 0.0, -1.0, -1.0, 0.0, 1000, 1000, 1000, 1000, -0.5970425605773926, -5.2551140785217285, 0.0, -3.794539213180542, 16.765857696533203, -8.485326766967773, 15.448668479919434, -5.385359764099121, 1.5779820680618286)
(-1.4121102094650269, -2.4237849712371826, 0.0, -1.0, -1.0, 0.0, 1000, 1000, 1000, 1000, -0.37120795249938965, -2.250941276550293, 0.0, -4.573655128479004, 17.476221084594727, 12.380147933959961, 15.486876487731934, 4.382112503051758, 32.24913787841797)
(-2.1801846027374268, -1.9233732223510742, 0.0, -1.0, -1.0, 0.0, 1000, 1000, 1000, 1000, -2.409212589263916, -0.9951391220092773, 0.0, -5.180820465087891, 17.641315460205078, 0.3061038851737976, 15.56886100769043, -2.317056179046631, 13.55790901184082)
(-1.5661993026733398, -2.354339599609375, 0.0, -1.0, -1.0, 0.0, 1000, 1000, 1000, 1000, -1.0935347080230713, -2.699028730392456, 0.0, -4.870759963989258, 17.453510284423828, 4.703821659088135, 15.596749305725098, 0.44178506731987, 20.742355346679688)
(-2.185704469680786, -2.4368836879730225, 0.0, -1.0, -1.0, 0.0, 1000, 1000, 1000, 1000, -3.0931172370910645, -2.817383289337158, 0.0, -5.250485420227051, 17.559001922607422, 4.645256996154785, 15.657184600830078, 0.06272334605455399, 20.365163803100586)
(-2.006833076477051, -2.65791392326355, 0.0, -1.0, -1.0, 0.0, 1000, 1000, 1000, 1000, -0.2987515926361084, -2.8247323036193848, 0.0, -5.093624114990234, 17.64314842224121, 4.149283409118652, 15.7149019241333, -0.3002873659133911, 19.56389808654785)
(-2.524564266204834, -2.7398972511291504, 0.0, -1.0, -1.0, 0.0, 1000, 1000, 1000, 1000, -3.7445459365844727, -3.0277562141418457, 0.0, -5.634782314300537, 17.583545684814453, 7.220208168029785, 15.793920516967773, 0.6363031268119812, 23.650432586669922)
(-2.840672731399536, -3.195056200027466, 0.0, -1.0, -1.0, 0.0, 1100, 1100, 1114, 1100, -3.6633267402648926, -5.666988849639893, 0.0, -5.577465534210205, 17.50443458557129, 7.9968366622924805, 15.874446868896484, 0.7209434509277344, 24.592227935791016)
(-3.4265811443328857, -2.9044182300567627, 0.0, -1.0, -1.0, 0.0, 1100, 1100, 1115, 1100, -3.094658851623535, 1.2660865783691406, 0.0, -6.054597854614258, 17.921205520629883, 12.438032150268555, 15.994908332824707, 1.8769973516464233, 30.309938430786133)
(-4.20144510269165, -2.8038229942321777, 0.0, -1.0, -1.0, 0.0, 1100, 1100, 1133, 1100, -6.512226104736328, -5.153945446014404, 0.0, -6.5379815101623535, 18.023344039916992, 11.659438133239746, 16.15831184387207, 0.028881117701530457, 27.846630096435547)
(-3.8464183807373047, -2.9967041015625, 0.0, -1.0, -1.0, 0.0, 1100, 1100, 1159, 1100, -6.388199806213379, -7.8465471267700195, 0.0, -5.830056190490723, 18.113283157348633, 12.897868156433105, 16.258325576782227, 1.3368024826049805, 30.492996215820312)
(-3.870223045349121, -3.663888454437256, 0.0, -1.0, -1.0, 0.0, 1132, 1129, 1188, 1100, -6.374642372131348, -6.413757801055908, 0.0, -6.053225517272949, 17.91465187072754, 6.7735748291015625, 16.415098190307617, -2.4801111221313477, 20.708560943603516)
(-2.978271245956421, -3.5572476387023926, 0.0, -1.0, -1.0, 0.0, 1151, 1163, 1209, 1100, -8.011432647705078, -7.57094669342041, 0.0, -5.848346710205078, 17.955503463745117, 9.498451232910156, 16.50739288330078, -0.2344515025615692, 25.771392822265625)
(-3.2146248817443848, -3.852187156677246, 0.0, 0.0, -1.0, 0.0, 1172, 1186, 1237, 1100, -3.6883602142333984, 6.970706939697266, 0.0, -5.841181755065918, 18.039798736572266, 12.004840850830078, 16.61193084716797, 1.2335357666015625, 29.85030746459961)
(-3.3837814331054688, -3.0605010986328125, 0.0, -1.0, -1.0, 0.0, 1199, 1223, 1259, 1149, 3.9576807022094727, -0.11481904983520508, 0.0, -5.905510902404785, 18.359155654907227, 7.97415018081665, 16.73367691040039, -0.9836145639419556, 23.724212646484375)
(-3.1091623306274414, -2.2678565979003906, 0.0, -1.0, 0.0, 0.0, 1214, 1227, 1298, 1167, 5.380123138427734, -11.719736099243164, 0.0, -5.740419387817383, 18.434616088867188, 9.534210205078125, 16.8442325592041, -0.15605902671813965, 26.222383499145508)
(-3.7513046264648438, -1.9491297006607056, 0.0, -1.0, -1.0, 0.0, 1198, 1255, 1307, 1194, -19.525522232055664, 6.079344749450684, 0.0, -6.0702972412109375, 18.50107765197754, 13.9076566696167, 16.96817970275879, 1.8251938819885254, 32.70103073120117)
(-3.8763129711151123, -2.2981395721435547, 0.0, -1.0, 0.0, 0.0, 1255, 1283, 1348, 1217, -12.593721389770508, 6.328908920288086, 0.0, -5.927615165710449, 18.60488510131836, 11.871106147766113, 17.085494995117188, 0.8056148886680603, 29.76221466064453)
(-3.371351480484009, -1.0991657972335815, 0.0, -1.0, -1.0, 0.0, 1262, 1294, 1330, 1220, 7.894811630249023, 35.16851043701172, 0.0, -5.624718189239502, 19.213115692138672, 8.729308128356934, 17.210840225219727, -0.7840573787689209, 25.156091690063477)
(-5.279149055480957, 0.9160433411598206, 0.0, -1.0, -1.0, 0.0, 1211, 1317, 1376, 1203, -39.65196990966797, 10.867130279541016, 0.0, -7.007493019104004, 19.124242782592773, 33.14098358154297, 17.416461944580078, 9.159774780273438, 59.71722412109375)
(-13.984496116638184, 2.477321147918701, 0.0, -1.0, -1.0, 0.0, 1100, 1371, 1430, 1228, -45.954490661621094, -21.526321411132812, 0.0, -13.041029930114746, 20.70930290222168, 78.35261535644531, 18.10703468322754, 19.282623291015625, 115.74227142333984)
(-9.897749900817871, 1.8246283531188965, 0.0, -1.0, -1.0, 0.0, 1387, 1234, 1255, 1221, -47.35646438598633, -44.78319549560547, 0.0, -7.530514240264893, 20.148935317993164, -28.848026275634766, 18.43342399597168, -29.33359146118164, -39.748191833496094)
(-1.2054920196533203, 1.4351329803466797, 0.0, -1.0, -1.0, 0.0, 1190, 1319, 1374, 1215, -49.948402404785156, 2.5213990211486816, 0.0, -3.4026169776916504, 19.28673553466797, 33.602455139160156, 18.34577751159668, 10.391671180725098, 62.339900970458984)
(-3.9731037616729736, 2.148784637451172, 0.0, -1.0, -1.0, 0.0, 1270, 1268, 1314, 1247, -6.258056640625, 29.487998962402344, 0.0, -6.638898849487305, 20.10914421081543, -2.692950487136841, 18.61994171142578, -9.870205879211426, 6.0567851066589355)
(-1.431399941444397, 1.5402746200561523, 0.0, -1.0, -1.0, 0.0, 1255, 1291, 1316, 1236, 5.5371832847595215, 22.10375213623047, 0.0, -4.472131729125977, 19.444665908813477, 2.55486798286438, 18.594240188598633, -2.4229369163513184, 18.726171493530273)
(-2.6851134300231934, 1.8783191442489624, 0.0, -1.0, -1.0, 0.0, 1225, 1304, 1345, 1248, -18.36858367919922, 16.400989532470703, 0.0, -5.713442325592041, 19.749544143676758, 12.78923511505127, 18.68708610534668, 2.4208574295043945, 33.897178649902344)
(-1.1403027772903442, 3.502711772918701, 0.0, -1.0, -1.0, 0.0, 1289, 1324, 1339, 1297, 24.18501091003418, 59.33760070800781, 0.0, -4.930820941925049, 19.56584930419922, -5.072935581207275, 18.696319580078125, -4.459101676940918, 9.16428279876709)
(-2.1903581619262695, 0.2655753493309021, 0.0, -1.0, -1.0, 0.0, 1332, 1345, 1375, 1274, -6.758477210998535, 4.625178337097168, 0.0, -5.094692230224609, 19.60502052307129, 1.2492374181747437, 18.73438262939453, -1.2931098937988281, 18.690509796142578)
(-2.3129196166992188, 0.5241150856018066, 0.0, -1.0, -1.0, 0.0, 1324, 1348, 1375, 1279, 7.093426704406738, -29.5650577545166, 0.0, -4.875636100769043, 20.54374122619629, 2.446800470352173, 18.791847229003906, -0.9988467693328857, 20.23980140686035)
(-5.279376029968262, 2.658311367034912, 0.0, -1.0, -1.0, 0.0, 1177, 1408, 1439, 1301, -14.406232833862305, -57.942543029785156, 0.0, -7.966794967651367, 21.544198989868164, 47.093116760253906, 19.03531837463379, 16.342073440551758, 82.47050476074219)
(-14.448528289794922, 2.7819013595581055, 0.0, -1.0, -1.0, 0.0, 1251, 1390, 1412, 1272, 0.5134931802749634, 7.728825569152832, 0.0, -12.697896003723145, 22.714628219604492, 39.18436050415039, 19.737628936767578, 0.591543972492218, 59.51353073120117)
(-0.41542181372642517, 2.5816915035247803, 0.0, -1.0, -1.0, 0.0, 1396, 1325, 1272, 1333, -43.84438705444336, -48.28353500366211, 0.0, -0.5799083113670349, 21.25395393371582, -40.728553771972656, 19.458688735961914, -21.84259033203125, -43.112457275390625)
(-3.5771729946136475, 2.2695910930633545, 0.0, -1.0, -1.0, 0.0, 1213, 1392, 1472, 1249, -18.10668182373047, 4.983251571655273, 0.0, -6.909482479095459, 23.139320373535156, 52.96722412109375, 19.731945037841797, 17.863758087158203, 90.56292724609375)
(-2.9224002361297607, 4.549454689025879, 0.0, -1.0, -1.0, 0.0, 1375, 1339, 1302, 1310, 0.2269735336303711, -7.517667770385742, 0.0, -5.344695091247559, 24.011428833007812, -23.60308074951172, 19.862491607666016, -17.315980911254883, -21.056570053100586)
(-0.737579345703125, 3.044790744781494, 0.0, 0.0, -1.0, 0.0, 1212, 1427, 1388, 1300, -6.393398284912109, 1.6986823081970215, 0.0, -5.610700607299805, 23.578962326049805, 33.24300003051758, 19.877395629882812, 12.54395866394043, 65.66435241699219)
(-1.041839361190796, 2.866102933883667, 0.0, -1.0, -1.0, 0.0, 1331, 1336, 1321, 1338, -24.33433723449707, -26.045934677124023, 0.0, -4.244390487670898, 22.556549072265625, -21.149715423583984, 19.880016326904297, -11.40815544128418, -12.6778564453125)
(-1.5494585037231445, 2.913464069366455, 0.0, -1.0, 0.0, 0.0, 1204, 1360, 1437, 1326, 13.635130882263184, 17.462913513183594, 0.0, -4.473506927490234, 22.30959701538086, 25.271005630493164, 19.865795135498047, 11.507665634155273, 56.644466400146484)
(-3.0161030292510986, 4.055858135223389, 0.0, -1.0, -1.0, 0.0, 1285, 1352, 1368, 1321, -24.23951530456543, 58.154273986816406, 0.0, -5.305061340332031, 22.92209815979004, 0.9180701971054077, 20.005434036254883, -2.5254197120666504, 18.39808464050293)
(-2.7796406745910645, 4.948371887207031, 0.0, -1.0, -1.0, 0.0, 1271, 1389, 1367, 1303, 9.403491973876953, 60.778831481933594, 0.0, -4.395763874053955, 22.59542465209961, 11.947830200195312, 20.036457061767578, 3.458138942718506, 35.44242477416992)
(-1.473595142364502, 3.1305344104766846, 0.0, -1.0, -1.0, 0.0, 1307, 1352, 1360, 1306, 25.909561157226562, -22.237348556518555, 0.0, -4.02609920501709, 22.273469924926758, -1.9592781066894531, 20.104219436645508, -3.4720444679260254, 14.672896385192871)
(-2.734041213989258, 2.8838419914245605, 0.0, -1.0, -1.0, 0.0, 1255, 1388, 1425, 1258, -1.0278520584106445, 5.167102813720703, 0.0, -5.573659420013428, 22.399383544921875, 32.667869567871094, 20.21750259399414, 12.003274917602539, 64.8886489868164)
(-12.050859451293945, 3.4002699851989746, 0.0, -1.0, -1.0, 0.0, 1206, 1462, 1426, 1233, -31.810115814208984, -0.0040130615234375, 0.0, -14.054909706115723, 23.412948608398438, 66.3010025024414, 20.90468406677246, 14.832727432250977, 102.03841400146484)
(-3.654423475265503, 0.7633171677589417, 0.0, -1.0, -1.0, 0.0, 1409, 1311, 1235, 1371, 18.517398834228516, -65.51271057128906, 0.0, -4.970154762268066, 22.720266342163086, -55.577430725097656, 20.889881134033203, -33.89874267578125, -68.58628845214844)
(-1.2987853288650513, 1.13502836227417, 0.0, -1.0, -1.0, 0.0, 1120, 1420, 1504, 1281, -9.228242874145508, 71.89202117919922, 0.0, -5.43326473236084, 23.76828384399414, 69.21952819824219, 20.835222244262695, 30.568115234375, 120.62287139892578)
(-5.266780376434326, 3.7513651847839355, 0.0, -1.0, -1.0, 0.0, 1358, 1342, 1308, 1319, -34.719364166259766, 44.35773849487305, 0.0, -7.2998809814453125, 26.425899505615234, -20.615802764892578, 21.122314453125, -17.112394332885742, -16.60588264465332)
(-1.6060117483139038, 5.41189432144165, 0.0, -1.0, -1.0, 0.0, 1228, 1407, 1371, 1320, -28.45803451538086, -2.056541681289673, 0.0, -3.696678876876831, 24.985044479370117, 18.86307144165039, 21.011028289794922, 7.655840873718262, 47.529937744140625)
(-3.038682222366333, 7.470463752746582, 0.0, -1.0, -1.0, 0.0, 1295, 1349, 1349, 1333, -17.27244758605957, -5.641078948974609, 0.0, -5.772897243499756, 24.31599235534668, -5.674539089202881, 21.235088348388672, -8.083390235900879, 7.477158546447754)
(0.12742367386817932, 3.654907703399658, 0.0, -1.0, -1.0, 0.0, 1286, 1342, 1383, 1316, -3.1424851417541504, -6.98907470703125, 0.0, -3.82381272315979, 22.726511001586914, 0.1732322722673416, 21.146406173706055, -0.6165077090263367, 20.7031307220459)
(-3.76118540763855, 4.571078777313232, 0.0, -1.0, -1.0, 0.0, 1234, 1370, 1401, 1321, -2.6262307167053223, 33.40544891357422, 0.0, -6.498202800750732, 23.996326446533203, 18.044742584228516, 21.313297271728516, 4.79813289642334, 44.15616989135742)
(-2.0997514724731445, 3.8894028663635254, 0.0, -1.0, -1.0, 0.0, 1331, 1355, 1340, 1300, 2.898918390274048, -11.888177871704102, 0.0, -4.448506832122803, 23.722393035888672, -8.86928653717041, 21.329303741455078, -6.560320854187012, 5.899697303771973)
(-2.044318675994873, 3.980286121368408, 0.0, -1.0, -1.0, 0.0, 1259, 1366, 1392, 1309, -11.034300804138184, 9.138534545898438, 0.0, -5.955975532531738, 24.376354217529297, 13.3967866897583, 21.438720703125, 2.8769783973693848, 37.712486267089844)
(-2.9081926345825195, 2.3403093814849854, 0.0, 0.0, -1.0, 0.0, 1298, 1382, 1354, 1293, -5.489773273468018, -6.3334197998046875, 0.0, -5.587835788726807, 24.696170806884766, 5.510819435119629, 21.520092010498047, -0.7368170022964478, 26.29409408569336)
(-2.1415886878967285, 1.867253303527832, 0.0, -1.0, -1.0, 0.0, 1255, 1374, 1390, 1308, 27.942825317382812, 5.607851028442383, 0.0, -5.696523666381836, 24.509735107421875, 14.859037399291992, 21.60212516784668, 3.800931930541992, 40.2620964050293)
(-1.918396234512329, 4.413532257080078, 0.0, -1.0, 0.0, 0.0, 1299, 1367, 1355, 1310, 2.1776123046875, -8.052190780639648, 0.0, -5.781737804412842, 24.748756408691406, -0.39958611130714417, 21.662450790405273, -3.146801233291626, 18.116064071655273)
(-5.618777751922607, 3.855011224746704, 0.0, -1.0, -1.0, 0.0, 1203, 1463, 1413, 1251, 0.5579142570495605, 7.845600128173828, 0.0, -8.747133255004883, 24.978483200073242, 54.27998733520508, 21.913026809692383, 19.22336769104004, 95.4163818359375)
(-13.891810417175293, 4.2210516929626465, 0.0, -1.0, 0.0, 0.0, 1268, 1393, 1406, 1264, -1.8908641338348389, -12.245035171508789, 0.0, -14.169543266296387, 26.092958450317383, 35.8111457824707, 22.618831634521484, -1.5543770790100098, 56.8755989074707)
(0.8305240273475647, 3.670541763305664, 0.0, -1.0, -1.0, 0.0, 1440, 1318, 1241, 1332, 68.52676391601562, 4.6025800704956055, 0.0, 0.14509043097496033, 24.375276565551758, -57.6391716003418, 22.24531364440918, -28.053735733032227, -63.447593688964844)
(-4.042363166809082, 4.3468337059021, 0.0, -1.0, -1.0, 0.0, 1101, 1456, 1492, 1285, 40.17894744873047, -17.98685073852539, 0.0, -8.280672073364258, 27.851036071777344, 78.80360412597656, 22.61009979248047, 29.02790641784668, 130.4416046142578)
(-2.504835844039917, 8.59756088256836, 0.0, -1.0, -1.0, 0.0, 1416, 1360, 1196, 1358, 15.420090675354004, -5.736317157745361, 0.0, -6.673048973083496, 29.347219467163086, -53.8099250793457, 22.79156494140625, -33.328125, -64.34648132324219)
(2.426297426223755, 6.404296398162842, 0.0, -1.0, -1.0, 0.0, 1204, 1406, 1416, 1303, 24.930526733398438, 21.846878051757812, 0.0, -4.774420261383057, 27.836246490478516, 30.660663604736328, 22.566539764404297, 15.590614318847656, 68.81781768798828)
(-3.7678778171539307, 8.215073585510254, 0.0, -1.0, -1.0, 0.0, 1297, 1387, 1304, 1342, -21.982023239135742, -25.082170486450195, 0.0, -8.73295783996582, 28.375579833984375, -10.099221229553223, 22.82953453063965, -9.826310157775879, 2.904003858566284)
(2.1815145015716553, -0.6510047912597656, 0.0, -1.0, -1.0, 0.0, 1303, 1270, 1422, 1335, 0.4018871784210205, 4.150679588317871, 0.0, -3.1225922107696533, 24.542957305908203, -15.750448226928711, 22.514894485473633, -3.1381473541259766, 3.626298666000366)
(-0.5273112654685974, 1.5129681825637817, 0.0, -1.0, -1.0, 0.0, 1234, 1341, 1416, 1339, -5.94223165512085, -25.451047897338867, 0.0, -7.056281566619873, 26.778167724609375, 9.328757286071777, 22.615983963012695, 4.211762428283691, 36.1565055847168)
(-0.12121150642633438, 4.4711809158325195, 0.0, -1.0, -1.0, 0.0, 1324, 1373, 1322, 1310, 11.896578788757324, 74.55032348632812, 0.0, -6.504299640655518, 26.87755584716797, -12.320032119750977, 22.56964683532715, -4.901461601257324, 5.348153114318848)
(-0.9773005247116089, 4.578850746154785, 0.0, -1.0, -1.0, 0.0, 1306, 1404, 1346, 1279, 25.743074417114258, 38.66103744506836, 0.0, -7.2933244705200195, 26.697675704956055, 5.689690113067627, 22.582080841064453, 2.850569486618042, 31.122339248657227)
(0.3474575877189636, 2.118712902069092, 0.0, -1.0, -1.0, 0.0, 1346, 1359, 1356, 1313, -20.54103660583496, -21.765321731567383, 0.0, -5.287379264831543, 25.867494583129883, -13.975196838378906, 22.471942901611328, -4.177177429199219, 4.319569110870361)
(-1.2616569995880127, 1.9043301343917847, 0.0, -1.0, -1.0, 0.0, 1288, 1385, 1386, 1322, -11.223058700561523, 36.78606033325195, 0.0, -7.019695281982422, 26.583654403686523, 5.14418888092041, 22.510223388671875, 2.578346014022827, 30.232757568359375)
(-1.0500373840332031, 1.8755699396133423, 0.0, -1.0, -1.0, 0.0, 1354, 1360, 1383, 1317, 15.918553352355957, -22.656457901000977, 0.0, -5.760242462158203, 26.595539093017578, -10.092533111572266, 22.489290237426758, -4.2933526039123535, 8.103404998779297)
(-1.786392331123352, 4.787680149078369, 0.0, 0.0, -1.0, 0.0, 1303, 1446, 1414, 1348, 13.694997787475586, 7.24519157409668, 0.0, -6.807192325592041, 27.819168090820312, 14.243130683898926, 22.557117462158203, 5.619511127471924, 42.41975784301758)
(0.49408456683158875, 4.637277126312256, 0.0, -1.0, -1.0, 0.0, 1362, 1408, 1359, 1377, -5.414827346801758, -5.66036319732666, 0.0, -3.2701494693756104, 27.099651336669922, -19.244630813598633, 22.386476516723633, -5.972470760345459, -2.830624580383301)
(-3.8224143981933594, 5.185540199279785, 0.0, 0.0, 0.0, 0.0, 1239, 1479, 1474, 1314, -4.1323628425598145, 0.007601261138916016, 0.0, -9.167405128479004, 27.574804306030273, 48.70429229736328, 22.661605834960938, 18.65448570251465, 90.0203857421875)
(-7.840240478515625, 5.243949890136719, 0.0, -1.0, -1.0, 0.0, 1346, 1414, 1349, 1397, -50.52187728881836, 15.021074295043945, 0.0, -10.12868595123291, 27.616573333740234, -12.102453231811523, 23.053436279296875, -15.955517768859863, -5.004535675048828)
(2.1757144927978516, 1.8779845237731934, 0.0, -1.0, 0.0, 0.0, 1360, 1405, 1411, 1330, 15.484321594238281, -15.359588623046875, 0.0, -2.564051628112793, 26.037002563476562, -2.5321266651153564, 22.71415901184082, 1.1443201303482056, 21.326351165771484)
(-4.158124923706055, 5.520908355712891, 0.0, -1.0, -1.0, 0.0, 1251, 1437, 1446, 1373, 10.003503799438477, 41.37604522705078, 0.0, -8.796063423156738, 28.8708438873291, 25.169086456298828, 23.019990921020508, 6.5956339836120605, 54.78470993041992)
(-1.5692135095596313, 3.675147294998169, 0.0, -1.0, -1.0, 0.0, 1402, 1394, 1330, 1383, -9.399402618408203, -26.38259506225586, 0.0, -3.0396602153778076, 27.8395938873291, -33.04022216796875, 22.873079299926758, -15.118430137634277, -25.285572052001953)
(-3.1203575134277344, 2.5873687267303467, 0.0, -1.0, -1.0, 0.0, 1197, 1451, 1492, 1365, 14.044800758361816, -24.846729278564453, 0.0, -6.13295316696167, 29.054227828979492, 44.871673583984375, 23.075082778930664, 17.417102813720703, 85.36386108398438)
(1.1565288305282593, 5.267122268676758, 0.0, -1.0, -1.0, 0.0, 1406, 1368, 1348, 1384, -27.991573333740234, -0.7113523483276367, 0.0, -3.5579543113708496, 29.45285415649414, -35.5285530090332, 22.96160888671875, -16.014122009277344, -28.581064224243164)
(2.7672688961029053, 5.914634704589844, 0.0, -1.0, -1.0, 0.0, 1211, 1475, 1417, 1403, 4.5200419425964355, -4.438353538513184, 0.0, -7.458563327789307, 30.353763580322266, 24.199216842651367, 22.914798736572266, 12.583292961120605, 59.69730758666992)
(-1.0876351594924927, 7.496300220489502, 0.0, -1.0, -1.0, 0.0, 1394, 1443, 1287, 1382, -21.357219696044922, 24.407302856445312, 0.0, -7.503381252288818, 29.793100357055664, -30.234827041625977, 22.927860260009766, -14.119824409484863, -21.42679214477539)
(1.4199590682983398, 5.042142868041992, 0.0, -1.0, -1.0, 0.0, 1283, 1405, 1442, 1376, 45.752079010009766, 34.76837921142578, 0.0, -5.181888103485107, 28.246143341064453, 6.588456153869629, 22.731048583984375, 7.358243942260742, 36.67774963378906)
(-2.1204748153686523, 4.028914928436279, 0.0, -1.0, -1.0, 0.0, 1332, 1402, 1403, 1370, -6.3062849044799805, -7.053108215332031, 0.0, -7.199875831604004, 29.50940704345703, -4.518100738525391, 22.83786964416504, -2.50532603263855, 15.81444263458252)
(-0.5039321780204773, 3.4668266773223877, 0.0, -1.0, -1.0, 0.0, 1319, 1415, 1403, 1369, 14.259050369262695, -5.1912407875061035, 0.0, -5.897740364074707, 28.87205696105957, -0.9111005067825317, 22.780601501464844, 0.5263671875, 22.3958683013916)
(-2.284806728363037, 4.002274990081787, 0.0, -1.0, -1.0, 0.0, 1332, 1411, 1408, 1356, -18.29036521911621, 39.859031677246094, 0.0, -6.804752826690674, 29.03440284729004, 0.5050804018974304, 22.845003128051758, -0.6755682229995728, 22.674516677856445)
(-2.5417673587799072, 3.7527403831481934, 0.0, -1.0, -1.0, 0.0, 1302, 1436, 1411, 1357, -64.42424774169922, 12.574745178222656, 0.0, -6.559478282928467, 29.623878479003906, 9.923166275024414, 22.863924026489258, 3.892965793609619, 36.680057525634766)
(0.8020986914634705, 3.329820394515991, 0.0, -1.0, -1.0, 0.0, 1355, 1409, 1376, 1363, 11.15126895904541, 44.452152252197266, 0.0, -5.565271854400635, 29.973121643066406, -11.354736328125, 22.810138702392578, -4.606692790985107, 6.848709583282471)
(-0.6175912618637085, 3.686643362045288, 0.0, -1.0, -1.0, 0.0, 1308, 1394, 1428, 1376, 14.56086540222168, 26.909273147583008, 0.0, -7.947741508483887, 27.52891731262207, 2.153292179107666, 22.871416091918945, -0.19768500328063965, 24.827022552490234)
(1.16095769405365, -2.639087677001953, 0.0, -1.0, -1.0, 0.0, 1396, 1426, 1350, 1333, 24.748706817626953, 37.78462219238281, 0.0, -6.169386386871338, 25.519168853759766, -15.86334228515625, 22.73882293701172, -5.233275413513184, 1.6422045230865479)
(0.039877377450466156, 0.26089945435523987, 0.0, 0.0, -1.0, 0.0, 1326, 1433, 1429, 1314, 4.827286720275879, 18.896663665771484, 0.0, -8.402313232421875, 31.816274642944336, 14.913661003112793, 22.758527755737305, 7.7982072830200195, 45.470394134521484)
(0.14330832660198212, 3.6016502380371094, 0.0, -1.0, -1.0, 0.0, 1380, 1387, 1364, 1371, 54.114810943603516, 22.795928955078125, 0.0, -7.132040023803711, 31.986392974853516, -23.207378387451172, 22.709529876708984, -9.641793251037598, -10.139642715454102)
(0.6461669206619263, 3.0759482383728027, 0.0, -1.0, 0.0, 0.0, 1312, 1414, 1405, 1371, 42.379947662353516, 12.53770637512207, 0.0, -6.035089015960693, 30.54203224182129, -1.048082709312439, 22.60173988342285, 2.4554312229156494, 24.00908851623535)
(1.4141322374343872, 5.542323112487793, 0.0, -1.0, -1.0, 0.0, 1330, 1396, 1377, 1395, -37.68961715698242, 25.200593948364258, 0.0, -4.832039833068848, 30.925418853759766, -16.802871704101562, 22.484434127807617, -3.9510021209716797, 1.7305598258972168)
(0.3863981366157532, -0.30669912695884705, 0.0, -1.0, -1.0, 0.0, 1257, 1356, 1513, 1380, 30.283191680908203, -45.70211410522461, 0.0, -6.971522331237793, 25.98670768737793, 15.795870780944824, 22.476970672607422, 9.458057403564453, 47.730899810791016)
(-2.4325664043426514, -2.4295737743377686, 0.0, -1.0, -1.0, 0.0, 1366, 1414, 1390, 1333, -28.205705642700195, 47.3011360168457, 0.0, -7.435088157653809, 26.72603416442871, -4.440465450286865, 22.509357452392578, -1.8572983741760254, 16.211593627929688)
(-0.6840980648994446, 1.643558144569397, 0.0, -1.0, -1.0, 0.0, 1358, 1473, 1325, 1351, 7.905402183532715, 7.565535545349121, 0.0, -6.01435661315918, 31.245080947875977, -7.7758026123046875, 22.445079803466797, -2.313053607940674, 12.356224060058594)
(-1.0696097612380981, 3.8933393955230713, 0.0, -1.0, -1.0, 0.0, 1334, 1415, 1394, 1359, -15.808952331542969, 26.730331420898438, 0.0, -5.498044967651367, 31.645835876464844, -3.1849758625030518, 22.413522720336914, -0.1650596261024475, 19.063488006591797)
(0.9317629933357239, 3.1536760330200195, 0.0, -1.0, -1.0, 0.0, 1305, 1410, 1384, 1403, -28.409635543823242, -1.911618947982788, 0.0, -4.048350811004639, 32.00543212890625, -9.336809158325195, 22.30219841003418, -1.3327629566192627, 11.632627487182617)
(1.0433464050292969, 10.444977760314941, 0.0, -1.0, -1.0, 0.0, 1253, 1467, 1349, 1432, -1.898289680480957, 38.121185302734375, 0.0, -6.470454216003418, 38.25101089477539, -0.2465560883283615, 22.327293395996094, 0.6990714073181152, 22.779808044433594)
(0.23938262462615967, 12.136613845825195, 0.0, -1.0, -1.0, 0.0, 1388, 1405, 1364, 1344, 4.099928855895996, 61.99884033203125, 0.0, -6.874571323394775, 35.727230072021484, -16.37216567993164, 22.291231155395508, -6.688357353210449, -0.7692918181419373)
(2.6454381942749023, 6.719440937042236, 0.0, -1.0, -1.0, 0.0, 1331, 1423, 1374, 1374, 6.15044641494751, 8.679327964782715, 0.0, -6.248503684997559, 32.20177459716797, -9.020777702331543, 22.12868309020996, -0.2851982116699219, 12.822707176208496)
(0.31950533390045166, 4.022217750549316, 0.0, -1.0, -1.0, 0.0, 1334, 1420, 1383, 1365, -53.061119079589844, 0.9421839714050293, 0.0, -7.02350378036499, 31.650711059570312, -6.9853386878967285, 22.043725967407227, 0.49820685386657715, 15.556594848632812)
(2.0886855125427246, 3.658095359802246, 0.0, -1.0, -1.0, 0.0, 1366, 1371, 1387, 1378, 27.64423179626465, -1.3364207744598389, 0.0, -4.993931293487549, 30.806047439575195, -23.184011459350586, 21.8602237701416, -5.370631694793701, -6.694418907165527)
(2.282116651535034, 5.1240315437316895, 0.0, -1.0, -1.0, 0.0, 1208, 1501, 1349, 1445, 12.578021049499512, 1.8810710906982422, 0.0, -6.644845962524414, 34.08745574951172, 8.822751998901367, 21.788028717041016, 8.58779525756836, 39.198577880859375)
(2.1535816192626953, 10.92453384399414, 0.0, -1.0, -1.0, 0.0, 1421, 1416, 1309, 1356, 42.14741516113281, 33.301021575927734, 0.0, -6.014052867889404, 38.363826751708984, -33.51676559448242, 21.651559829711914, -11.118135452270508, -22.983341217041016)
(1.9260516166687012, 10.658997535705566, 0.0, -1.0, -1.0, 0.0, 1291, 1431, 1386, 1393, -32.419090270996094, -37.9306526184082, 0.0, -4.435240745544434, 36.1007194519043, -4.11884069442749, 21.396970748901367, 5.913631439208984, 23.191761016845703)
(1.23406982421875, 9.821369171142578, 0.0, -1.0, -1.0, 0.0, 1324, 1434, 1361, 1383, 15.230608940124512, 12.847993850708008, 0.0, -6.093777179718018, 33.835018157958984, -8.98505973815918, 21.381248474121094, -0.2752957344055176, 12.120892524719238)
(1.2067617177963257, 4.7777299880981445, 0.0, -1.0, -1.0, 0.0, 1343, 1390, 1417, 1352, -33.11182403564453, 16.344682693481445, 0.0, -6.044997215270996, 29.63410758972168, -5.339241981506348, 21.265291213989258, 1.956824779510498, 17.88287353515625)
(0.25965937972068787, 1.2353160381317139, 0.0, 0.0, -1.0, 0.0, 1287, 1396, 1490, 1329, 56.261878967285156, 9.595187187194824, 0.0, -7.3517045974731445, 29.391271591186523, 22.595508575439453, 21.244447708129883, 13.593274116516113, 57.4332275390625)
(-1.6160540580749512, -8.113117218017578, 0.0, -1.0, -1.0, 0.0, 1391, 1332, 1452, 1327, 13.880752563476562, -5.144557476043701, 0.0, -7.572282314300537, 24.708498001098633, -10.657734870910645, 21.26980209350586, -4.164284706115723, 6.447783470153809)
(-2.2699086666107178, -0.02468903362751007, 0.0, 0.0, -1.0, 0.0, 1281, 1477, 1365, 1380, -17.387813568115234, -31.8946590423584, 0.0, -7.765880584716797, 32.79020690917969, 9.860122680664062, 21.299036026000977, 4.262823104858398, 35.42198181152344)
(-2.5958139896392822, 2.3542940616607666, 0.0, -1.0, -1.0, 0.0, 1371, 1412, 1354, 1365, 5.630925178527832, -23.08265495300293, 0.0, -6.891948699951172, 32.258811950683594, -14.933816909790039, 21.37771987915039, -8.879638671875, -2.435734510421753)
(-0.0015916338888928294, 1.5134955644607544, 0.0, -1.0, 0.0, 0.0, 1273, 1399, 1421, 1408, 12.240246772766113, -21.953113555908203, 0.0, -4.422590732574463, 32.44661331176758, 1.494171142578125, 21.279247283935547, 2.03302001953125, 24.806438446044922)
(-0.6531034111976624, 3.043672561645508, 0.0, 0.0, -1.0, 0.0, 1282, 1410, 1412, 1398, 26.9434871673584, 6.451260566711426, 0.0, -5.714205265045166, 33.777259826660156, 3.1246087551116943, 21.333118438720703, 0.9610310792922974, 25.418758392333984)
(1.7753820419311523, 2.852769136428833, 0.0, -1.0, -1.0, 0.0, 1317, 1392, 1405, 1393, -12.97636890411377, -29.108959197998047, 0.0, -5.112682819366455, 34.220706939697266, -7.955186367034912, 21.22571563720703, -1.6869138479232788, 11.583614349365234)
(-1.915353536605835, -5.530010223388672, 0.0, -1.0, -1.0, 0.0, 1353, 1348, 1505, 1293, -49.93292999267578, -42.54962158203125, 0.0, -8.826552391052246, 28.25927734375, 14.63702392578125, 21.338228225708008, 5.624056339263916, 41.599308013916016)
(-0.9038569927215576, -0.8003067374229431, 0.0, -1.0, -1.0, 0.0, 1285, 1483, 1303, 1431, 18.116270065307617, -20.135583877563477, 0.0, -6.871063232421875, 33.37589645385742, -9.872377395629883, 21.279308319091797, -3.797834634780884, 7.609097003936768)
(0.9371923804283142, 3.1177055835723877, 0.0, -1.0, -1.0, 0.0, 1377, 1386, 1403, 1336, 43.384403228759766, 42.881744384765625, 0.0, -4.846062183380127, 34.271018981933594, -10.334135055541992, 21.149110794067383, -1.8579013347625732, 8.957074165344238)
(0.20670321583747864, 1.7792940139770508, 0.0, -1.0, -1.0, 0.0, 1264, 1377, 1452, 1410, -34.91425323486328, -18.905929565429688, 0.0, -5.106581687927246, 33.816139221191406, 3.3195290565490723, 21.082725524902344, 4.5270185470581055, 28.929271697998047)
(-0.015363111160695553, -0.8526345491409302, 0.0, -1.0, -1.0, 0.0, 1343, 1390, 1409, 1360, 2.1479945182800293, 33.11824417114258, 0.0, -6.031734466552734, 34.178794860839844, -5.523913383483887, 21.099658966064453, -1.5740517377853394, 14.001692771911621)
(1.3897122144699097, 0.6134424805641174, 0.0, -1.0, -1.0, 0.0, 1345, 1403, 1395, 1359, 13.62122631072998, 7.021137237548828, 0.0, -5.855515003204346, 34.069488525390625, -6.363726615905762, 21.03632354736328, -1.209846019744873, 13.462751388549805)
(-8.179323196411133, -0.8110140562057495, 0.0, -1.0, -1.0, 0.0, 1157, 1508, 1562, 1275, 6.373097896575928, 23.131898880004883, 0.0, -13.030363082885742, 33.844337463378906, 91.86363220214844, 21.434324264526367, 36.19083786010742, 149.48880004882812)
(-9.907029151916504, 5.633996963500977, 0.0, -1.0, -1.0, 0.0, 1445, 1457, 1264, 1336, -48.058876037597656, 26.25484275817871, 0.0, -12.23676586151123, 36.42634201049805, -23.59139633178711, 21.83261489868164, -23.160951614379883, -24.91973304748535)
(3.478889226913452, 2.816406488418579, 0.0, -1.0, -1.0, 0.0, 1345, 1413, 1374, 1370, -3.8592047691345215, -0.9699769020080566, 0.0, -1.8968262672424316, 35.226654052734375, -12.208239555358887, 21.352745056152344, -1.1714725494384766, 7.973031997680664)
(-4.05864953994751, 5.695037841796875, 0.0, -1.0, -1.0, 0.0, 1203, 1467, 1443, 1389, -15.695487976074219, -10.52292251586914, 0.0, -9.466795921325684, 37.8034782409668, 35.47850036621094, 21.66378402709961, 12.219762802124023, 69.36204528808594)
(0.13712970912456512, 8.545379638671875, 0.0, -1.0, -1.0, 0.0, 1408, 1403, 1279, 1412, 20.986351013183594, 5.720819473266602, 0.0, -5.6388983726501465, 36.867496490478516, -44.548519134521484, 21.57123565673828, -21.47395133972168, -44.451236724853516)
(2.2884185314178467, 6.360534191131592, 0.0, -1.0, -1.0, 0.0, 1258, 1416, 1459, 1369, 10.514432907104492, 76.52217864990234, 0.0, -5.651855945587158, 34.3556022644043, 18.724374771118164, 21.415733337402344, 12.090667724609375, 52.23077392578125)
(-0.8618021607398987, 6.563750267028809, 0.0, -1.0, -1.0, 0.0, 1305, 1436, 1359, 1403, -26.020111083984375, 2.4594955444335938, 0.0, -8.76587963104248, 35.82587432861328, -5.601571559906006, 21.558778762817383, -4.261343955993652, 11.695863723754883)
(-1.5384278297424316, 1.416075348854065, 0.0, -1.0, -1.0, 0.0, 1363, 1375, 1418, 1347, -76.08268737792969, -16.192058563232422, 0.0, -6.334020614624023, 33.19203567504883, -8.017019271850586, 21.467802047729492, -2.633335828781128, 10.817447662353516)
(-0.30592864751815796, 2.4507734775543213, 0.0, 0.0, -1.0, 0.0, 1242, 1456, 1414, 1390, 13.336018562316895, 11.62974739074707, 0.0, -7.591793537139893, 35.522979736328125, 19.22371482849121, 21.512775421142578, 8.684257507324219, 49.42074966430664)
(-0.6263065934181213, 6.587162017822266, 0.0, -1.0, -1.0, 0.0, 1350, 1437, 1333, 1383, 35.20622634887695, 25.308691024780273, 0.0, -7.219689846038818, 35.80650329589844, -15.12891960144043, 21.504779815673828, -7.248202323913574, -0.8723430037498474)
(1.0610820055007935, 5.286465644836426, 0.0, -1.0, 0.0, 0.0, 1302, 1440, 1392, 1368, -55.214935302734375, -11.89314079284668, 0.0, -6.782189846038818, 35.601165771484375, 4.194695949554443, 21.351049423217773, 5.302643775939941, 30.848388671875)
(-0.03462525084614754, 5.32110595703125, 0.0, -1.0, -1.0, 0.0, 1353, 1446, 1332, 1372, 15.593996047973633, -14.389044761657715, 0.0, -8.287372589111328, 36.06396484375, -12.934669494628906, 21.38062858581543, -5.230348587036133, 3.2156107425689697)
(-6.117850303649902, 1.88718843460083, 0.0, -1.0, 0.0, 0.0, 1203, 1487, 1512, 1300, -45.99557876586914, -40.63656997680664, 0.0, -11.577461242675781, 34.876014709472656, 64.9592056274414, 21.581026077270508, 27.195100784301758, 113.7353286743164)
(-18.354421615600586, 5.943014144897461, 0.0, -1.0, -1.0, 0.0, 1250, 1506, 1433, 1313, -14.899194717407227, 31.815616607666016, 0.0, -20.601696014404297, 37.70878601074219, 57.856712341308594, 22.610950469970703, 3.440603256225586, 83.90827178955078)
(-2.6100668907165527, 0.9505974650382996, 0.0, -1.0, -1.0, 0.0, 1418, 1406, 1258, 1423, 0.569526195526123, -13.206376075744629, 0.0, -4.896358013153076, 33.90635299682617, -47.559730529785156, 22.39307975769043, -28.898326873779297, -54.064979553222656)
(-1.19701087474823, 1.7817983627319336, 0.0, -1.0, -1.0, 0.0, 1116, 1461, 1541, 1384, 53.20536422729492, -28.762813568115234, 0.0, -10.075167655944824, 36.8097038269043, 68.25145721435547, 22.58739471435547, 24.9962100982666, 115.8350601196289)
(-0.8161656260490417, 6.499551773071289, 0.0, -1.0, -1.0, 0.0, 1412, 1397, 1270, 1428, -12.035481452941895, -48.23531723022461, 0.0, -10.64498519897461, 40.00223159790039, -46.784114837646484, 22.73843002319336, -29.044408798217773, -53.09009552001953)
(3.425347089767456, 4.647547245025635, 0.0, -1.0, -1.0, 0.0, 1282, 1477, 1377, 1366, 5.029487609863281, 3.493344306945801, 0.0, -5.92699670791626, 37.82783126831055, 9.298611640930176, 22.336223602294922, 9.78284740447998, 41.41768264770508)
(-2.181469440460205, 5.693330764770508, 0.0, -1.0, -1.0, 0.0, 1291, 1412, 1395, 1404, -6.077938079833984, 16.30855941772461, 0.0, -11.08461856842041, 38.63483810424805, -1.7375370264053345, 22.53925895690918, -2.6256937980651855, 18.176029205322266)
(2.1257379055023193, 5.286731719970703, 0.0, -1.0, -1.0, 0.0, 1331, 1412, 1337, 1422, 2.3250274658203125, 37.4989128112793, 0.0, -6.005199432373047, 37.08375930786133, -25.820026397705078, 22.287511825561523, -7.526876449584961, -11.0593900680542)
(-0.9463076591491699, 6.411689281463623, 0.0, -1.0, -1.0, 0.0, 1233, 1437, 1430, 1402, 6.789509296417236, 17.8481388092041, 0.0, -8.743918418884277, 36.24291229248047, 16.9803524017334, 22.3483829498291, 8.795634269714355, 48.12437057495117)
(-0.14517824351787567, 6.610673427581787, 0.0, -1.0, -1.0, 0.0, 1369, 1396, 1319, 1417, -24.477493286132812, -11.406525611877441, 0.0, -6.524864196777344, 36.48375701904297, -35.516849517822266, 22.242013931274414, -14.399504661560059, -27.674339294433594)
(1.6082279682159424, 4.6495490074157715, 0.0, -1.0, -1.0, 0.0, 1204, 1484, 1410, 1404, 35.433231353759766, -8.276719093322754, 0.0, -7.224864482879639, 36.46394729614258, 24.54269790649414, 22.14494514465332, 15.013805389404297, 61.70145034790039)
(-1.3057975769042969, 6.287328243255615, 0.0, -1.0, -1.0, 0.0, 1317, 1393, 1365, 1427, 32.46259689331055, -8.203811645507812, 0.0, -9.171969413757324, 37.637725830078125, -18.679248809814453, 22.266191482543945, -9.92164421081543, -6.334701061248779)
(4.060300350189209, 3.9327073097229004, 0.0, -1.0, -1.0, 0.0, 1306, 1429, 1374, 1393, 6.590115070343018, -33.164642333984375, 0.0, -5.8495635986328125, 36.42918395996094, -8.265592575073242, 21.93715476989746, 2.4691479206085205, 16.140710830688477)
(0.9030353426933289, 5.67542839050293, 0.0, -1.0, -1.0, 0.0, 1308, 1426, 1393, 1375, 35.729896545410156, 24.22481918334961, 0.0, -9.953374862670898, 37.87903594970703, 0.16834640502929688, 22.009313583374023, 1.6266323328018188, 23.804292678833008)
(-0.892195999622345, 4.41621208190918, 0.0, -1.0, -1.0, 0.0, 1404, 1471, 1294, 1333, -3.4468302726745605, 10.190740585327148, 0.0, -8.499563217163086, 37.34229278564453, -18.943410873413086, 21.902372360229492, -5.868789196014404, -2.909827470779419)
(1.6411681175231934, 5.542333126068115, 0.0, -1.0, -1.0, 0.0, 1306, 1431, 1350, 1414, -2.9183497428894043, 4.123495101928711, 0.0, -4.985843658447266, 37.69214630126953, -15.540283203125, 21.668479919433594, -0.9896160364151001, 5.138581275939941)
(1.071803331375122, 5.182070255279541, 0.0, -1.0, -1.0, 0.0, 1309, 1426, 1366, 1401, -20.020402908325195, 42.41975784301758, 0.0, -5.583251953125, 37.46211242675781, -10.945749282836914, 21.580337524414062, -0.31364011764526367, 10.320947647094727)
(2.192992925643921, 6.420926094055176, 0.0, -1.0, -1.0, 0.0, 1312, 1427, 1357, 1406, -32.768531799316406, -3.8208460807800293, 0.0, -5.760995864868164, 37.76103210449219, -13.72319221496582, 21.44247055053711, -1.2450785636901855, 6.474200248718262)
(-3.6701853275299072, 5.475494384765625, 0.0, -1.0, -1.0, 0.0, 1116, 1485, 1545, 1356, -61.860408782958984, -29.366323471069336, 0.0, -12.400323867797852, 37.26225280761719, 74.99781799316406, 21.701101303100586, 32.88020324707031, 129.57911682128906)
(-12.358036041259766, 8.9854097366333, 0.0, -1.0, -1.0, 0.0, 1325, 1510, 1402, 1264, 5.875916481018066, 38.844200134277344, 0.0, -19.18965721130371, 39.25387954711914, 44.18824005126953, 22.437244415283203, 3.9214987754821777, 70.54698181152344)
(-17.076879501342773, 4.445343494415283, 0.0, -1.0, -1.0, 0.0, 1247, 1502, 1473, 1280, -17.861825942993164, -32.536720275878906, 0.0, -19.10063362121582, 37.46012878417969, 68.3075180053711, 23.086902618408203, 10.437198638916016, 101.83161926269531)
(-20.67267608642578, 1.1500844955444336, 0.0, 0.0, -1.0, 0.0, 1248, 1498, 1484, 1272, -30.386249542236328, 5.900798797607422, 0.0, -19.134170532226562, 37.07965087890625, 74.5687484741211, 23.91596221923828, 7.048720836639404, 105.53343200683594)
(-18.718761444091797, 3.852786064147949, 0.0, -1.0, -1.0, 0.0, 1261, 1496, 1451, 1293, -2.283759593963623, 4.347275733947754, 0.0, -16.767555236816406, 37.34413528442383, 63.4116325378418, 24.671489715576172, 0.3836855888366699, 88.46681213378906)
(-18.558929443359375, 6.308418273925781, 0.0, 0.0, -1.0, 0.0, 1204, 1524, 1445, 1328, -29.00609016418457, 1.514275074005127, 0.0, -17.257951736450195, 38.34717559814453, 72.08937072753906, 25.558063507080078, 1.6184191703796387, 99.26585388183594)
(-12.583367347717285, 3.5047192573547363, 0.0, -1.0, -1.0, 0.0, 1298, 1454, 1386, 1364, 16.363176345825195, -8.786401748657227, 0.0, -11.9946870803833, 36.70265579223633, 22.772493362426758, 25.99190902709961, -14.044807434082031, 34.7195930480957)
(-8.712834358215332, 3.1360867023468018, 0.0, -1.0, 0.0, 0.0, 1276, 1427, 1410, 1389, 1.6051287651062012, 13.177457809448242, 0.0, -9.841943740844727, 37.29686737060547, 17.583044052124023, 26.32744026184082, -10.936456680297852, 32.97402572631836)
(-2.095187187194824, 1.6597495079040527, 0.0, -1.0, -1.0, 0.0, 1335, 1384, 1407, 1376, 4.578799724578857, -7.717195987701416, 0.0, -6.821671485900879, 37.17094802856445, -4.13144588470459, 26.382183074951172, -12.44291877746582, 9.807818412780762)
(-0.6617942452430725, 2.3241453170776367, 0.0, -1.0, 0.0, 0.0, 1296, 1416, 1403, 1386, 3.9159183502197266, -15.460824012756348, 0.0, -7.5084075927734375, 38.413021087646484, 2.8666892051696777, 26.441373825073242, -4.992947101593018, 24.315114974975586)
(1.2869595289230347, 3.3312528133392334, 0.0, -1.0, -1.0, 0.0, 1354, 1411, 1342, 1395, -49.277549743652344, -29.70320701599121, 0.0, -6.426548957824707, 38.730709075927734, -22.855154037475586, 26.368627548217773, -12.431241989135742, -8.917769432067871)
(2.819185733795166, 2.700672149658203, 0.0, -1.0, -1.0, 0.0, 1325, 1446, 1381, 1354, 0.8151910305023193, -16.881725311279297, 0.0, -6.823806285858154, 38.601585388183594, -1.227961778640747, 26.207317352294922, 2.1859819889068604, 27.16533660888672)
(1.4841663837432861, 2.0262935161590576, 0.0, -1.0, -1.0, 0.0, 1366, 1421, 1343, 1371, 13.155484199523926, 4.383313179016113, 0.0, -7.180513381958008, 38.59367370605469, -21.98544692993164, 26.125072479248047, -7.415637969970703, -3.2760119438171387)
(1.3258548974990845, 1.9324917793273926, 0.0, -1.0, -1.0, 0.0, 1291, 1436, 1408, 1371, -2.270620822906494, 30.773971557617188, 0.0, -7.385849475860596, 38.89839553833008, 3.4526779651641846, 25.987321853637695, 6.073598861694336, 35.51359939575195)
(1.2247964143753052, 3.2207469940185547, 0.0, -1.0, -1.0, 0.0, 1334, 1418, 1351, 1399, 15.628360748291016, 1.5217580795288086, 0.0, -7.639052867889404, 39.480411529541016, -20.606502532958984, 25.93433380126953, -6.5673980712890625, -1.2395673990249634)
(4.0639967918396, 4.363645553588867, 0.0, -1.0, -1.0, 0.0, 1315, 1426, 1352, 1408, 16.112564086914062, -11.973898887634277, 0.0, -6.639052867889404, 38.70159912109375, -19.2559871673584, 25.69923210144043, -2.631527900695801, 3.8117170333862305)
(1.5217450857162476, 2.5472657680511475, 0.0, -1.0, -1.0, 0.0, 1325, 1438, 1376, 1364, -11.09333610534668, 20.40789222717285, 0.0, -8.539968490600586, 39.05815887451172, -6.0381999015808105, 25.627941131591797, 1.6620216369628906, 21.25176239013672)
(5.343581199645996, 2.044477939605713, 0.0, -1.0, -1.0, 0.0, 1474, 1361, 1281, 1386, -8.061453819274902, 5.383657455444336, 0.0, -4.512227535247803, 38.931175231933594, -67.32554626464844, 25.286088943481445, -22.71153450012207, -64.75099182128906)
(13.561270713806152, 6.326033115386963, 0.0, -1.0, -1.0, 0.0, 1367, 1442, 1253, 1440, -5.728078842163086, 50.69416427612305, 0.0, 0.46490657329559326, 42.81867218017578, -56.53776168823242, 24.514482498168945, -5.916069030761719, -37.93935012817383)
(12.909284591674805, 10.884618759155273, 0.0, -1.0, -1.0, 0.0, 1297, 1440, 1328, 1437, 36.0764045715332, 49.46211242675781, 0.0, -2.707044839859009, 42.82948303222656, -31.5639705657959, 23.998620986938477, 6.165420055389404, -1.3999297618865967)
(6.872082710266113, 6.384729385375977, 0.0, -1.0, -1.0, 0.0, 1284, 1433, 1388, 1397, 19.222169876098633, 25.716991424560547, 0.0, -9.14134407043457, 41.098838806152344, -8.366378784179688, 23.84145164489746, 9.58361530303955, 25.058687210083008)
(2.0162007808685303, 9.420132637023926, 0.0, -1.0, -1.0, 0.0, 1328, 1479, 1300, 1394, -60.01306915283203, -5.654736518859863, 0.0, -9.746527671813965, 42.24320602416992, -19.918460845947266, 23.674528121948242, 0.735832691192627, 4.491898536682129)
(6.17751932144165, 5.851062297821045, 0.0, -1.0, -1.0, 0.0, 1408, 1391, 1327, 1377, 41.10957717895508, 27.596351623535156, 0.0, -5.552778244018555, 38.31452941894531, -43.27104949951172, 23.248403549194336, -6.6457839012146, -26.66843032836914)
(6.124201774597168, 2.7788991928100586, 0.0, -1.0, -1.0, 0.0, 1232, 1430, 1387, 1453, 2.2961840629577637, -14.58983039855957, 0.0, -6.2439351081848145, 39.75126647949219, -8.765100479125977, 22.94622230529785, 8.971589088439941, 23.152711868286133)
(7.304649829864502, 4.329977512359619, 0.0, -1.0, -1.0, 0.0, 1399, 1408, 1285, 1409, 17.367280960083008, 5.3144636154174805, 0.0, -5.465885162353516, 40.39944076538086, -50.999088287353516, 22.594688415527344, -10.50082015991211, -38.90522003173828)
(8.02983283996582, 2.2928061485290527, 0.0, -1.0, -1.0, 0.0, 1272, 1391, 1413, 1426, 27.889097213745117, -31.853906631469727, 0.0, -5.208871841430664, 39.571842193603516, -14.655916213989258, 22.16421127319336, 8.851243019104004, 16.359539031982422)
(1.8361396789550781, 2.7775063514709473, 0.0, -1.0, -1.0, 0.0, 1271, 1442, 1393, 1395, 55.37569808959961, 25.136981964111328, 0.0, -11.274421691894531, 41.61863708496094, 2.313978672027588, 22.211050033569336, 7.583122253417969, 32.108150482177734)
(2.797410249710083, 8.11215877532959, 0.0, -1.0, -1.0, 0.0, 1391, 1485, 1245, 1381, 24.818389892578125, -12.110185623168945, 0.0, -9.987992286682129, 41.61133575439453, -33.531105041503906, 22.029155731201172, -9.025825500488281, -20.527772903442383)
(2.5235016345977783, 2.3306643962860107, 0.0, -1.0, -1.0, 0.0, 1324, 1433, 1385, 1360, 10.95394515991211, 10.44516372680664, 0.0, -8.96284008026123, 39.00584411621094, -4.63059139251709, 21.77642250061035, 6.387872695922852, 23.533702850341797)
(-0.11445263773202896, 4.899897575378418, 0.0, -1.0, -1.0, 0.0, 1296, 1442, 1352, 1411, -3.114258289337158, 9.855573654174805, 0.0, -10.062841415405273, 41.889225006103516, -9.908042907714844, 21.73918342590332, 0.14283783733844757, 11.973978996276855)
(-0.050391070544719696, 1.3809642791748047, 0.0, 0.0, -1.0, 0.0, 1326, 1420, 1403, 1353, 38.72918701171875, 47.9419059753418, 0.0, -8.298357963562012, 39.77306365966797, -0.4081917703151703, 21.616329193115234, 5.021546840667725, 26.229684829711914)
(1.8878369331359863, 0.022308338433504105, 0.0, -1.0, -1.0, 0.0, 1296, 1428, 1365, 1413, 1.2847518920898438, 33.5953254699707, 0.0, -7.716192245483398, 42.17520523071289, -10.526956558227539, 21.49288558959961, 0.05249980092048645, 11.018427848815918)
(-0.06750769913196564, 2.718923330307007, 0.0, 0.0, -1.0, 0.0, 1312, 1411, 1414, 1365, -23.586986541748047, 57.54648971557617, 0.0, -8.481892585754395, 42.526275634765625, 1.0749088525772095, 21.425039291381836, 4.488592147827148, 26.988540649414062)
(2.5544273853302, 5.016041278839111, 0.0, -1.0, -1.0, 0.0, 1284, 1441, 1335, 1442, 12.167662620544434, -21.3553409576416, 0.0, -7.442868709564209, 42.35508728027344, -16.120147705078125, 21.275978088378906, -2.557729959487915, 2.5981009006500244)
(2.453810691833496, 4.225062847137451, 0.0, -1.0, 0.0, 0.0, 1341, 1375, 1413, 1373, 6.126021862030029, -12.530038833618164, 0.0, -8.657504081726074, 41.04944610595703, -11.790853500366211, 21.159706115722656, -0.8487876653671265, 8.520066261291504)
(0.6144216656684875, 3.6177818775177, 0.0, -1.0, -1.0, 0.0, 1255, 1438, 1384, 1424, 5.481244087219238, 14.721109390258789, 0.0, -9.874119758605957, 42.68617248535156, 0.5423133969306946, 21.099077224731445, 3.9171347618103027, 25.55852699279785)
(-0.934348464012146, 4.82279634475708, 0.0, -1.0, 0.0, 0.0, 1391, 1435, 1363, 1313, -17.214872360229492, 39.35888671875, 0.0, -9.879910469055176, 42.022308349609375, -6.8723626136779785, 21.06576156616211, -0.7624796628952026, 13.430919647216797)
(1.091072678565979, 3.8540873527526855, 0.0, -1.0, -1.0, 0.0, 1298, 1435, 1370, 1399, 18.365150451660156, 20.474498748779297, 0.0, -8.850335121154785, 42.20980453491211, -5.217948913574219, 20.942611694335938, 1.3297926187515259, 17.054454803466797)
(0.2985226511955261, 3.0673415660858154, 0.0, -1.0, 0.0, 0.0, 1296, 1421, 1410, 1378, -8.914446830749512, -3.926909923553467, 0.0, -10.270151138305664, 42.235862731933594, 4.147372722625732, 20.939998626708984, 4.022758483886719, 29.11012840270996)
(1.1560660600662231, 0.6469067931175232, 0.0, -1.0, -1.0, 0.0, 1351, 1388, 1360, 1403, 8.065607070922852, -0.6196517944335938, 0.0, -8.710241317749023, 42.368629455566406, -24.038898468017578, 20.83198356628418, -8.200822830200195, -11.407737731933594)
(1.9367510080337524, 0.43081340193748474, 0.0, -1.0, -1.0, 0.0, 1307, 1418, 1408, 1372, 9.451412200927734, -20.61587142944336, 0.0, -9.460089683532715, 42.56602478027344, 1.2773857116699219, 20.701753616333008, 4.889712810516357, 26.868852615356445)
(0.9303525686264038, 4.027268409729004, 0.0, -1.0, -1.0, 0.0, 1323, 1454, 1327, 1399, 5.054069519042969, 3.0693836212158203, 0.0, -10.45963191986084, 43.57196807861328, -12.672630310058594, 20.66815185546875, -3.191112518310547, 4.804409503936768)
(2.767990827560425, 2.053784132003784, 0.0, -1.0, -1.0, 0.0, 1379, 1378, 1383, 1361, 2.9682226181030273, 11.882101058959961, 0.0, -8.950637817382812, 41.0955924987793, -21.023181915283203, 20.457672119140625, -4.225696563720703, -4.791207313537598)
(0.9312801361083984, 0.9508320093154907, 0.0, -1.0, -1.0, 0.0, 1255, 1459, 1396, 1392, -9.834901809692383, -50.29436111450195, 0.0, -10.956889152526855, 43.2457389831543, 12.152928352355957, 20.417404174804688, 9.415124893188477, 41.98545837402344)
(-2.802762985229492, 3.156000852584839, 0.0, -1.0, -1.0, 0.0, 1345, 1458, 1350, 1350, -44.71027374267578, -24.1248779296875, 0.0, -12.099267959594727, 43.79558563232422, -1.5694358348846436, 20.49525260925293, -0.555809736251831, 18.370006561279297)
(0.06373217701911926, 1.3001981973648071, 0.0, -1.0, -1.0, 0.0, 1341, 1414, 1368, 1379, -22.91615867614746, -7.229305744171143, 0.0, -8.619696617126465, 41.99253463745117, -12.645172119140625, 20.328777313232422, -2.3915839195251465, 5.29202127456665)
(-0.4756285846233368, 3.8094663619995117, 0.0, -1.0, -1.0, 0.0, 1241, 1441, 1411, 1409, 4.621678352355957, 26.528789520263672, 0.0, -10.020305633544922, 43.45701599121094, 12.5122709274292, 20.333812713623047, 7.626992702484131, 40.47307586669922)
(1.7781178951263428, 3.8194732666015625, 0.0, -1.0, -1.0, 0.0, 1373, 1396, 1347, 1385, 16.509723663330078, -14.199810028076172, 0.0, -9.422439575195312, 42.536895751953125, -25.063690185546875, 20.233234405517578, -8.978374481201172, -13.808830261230469)
(1.687605381011963, 1.6974698305130005, 0.0, -1.0, -1.0, 0.0, 1227, 1444, 1415, 1416, 4.780532360076904, -2.109036922454834, 0.0, -10.603231430053711, 42.671348571777344, 13.737383842468262, 20.137048721313477, 9.966503143310547, 43.84093475341797)
(-1.3438552618026733, 4.010619640350342, 0.0, -1.0, -1.0, 0.0, 1342, 1461, 1333, 1366, 0.012666821479797363, 79.81996154785156, 0.0, -12.442405700683594, 43.959468841552734, -5.6733598709106445, 20.228256225585938, -2.968041181564331, 11.586854934692383)
(0.598880410194397, 1.4862228631973267, 0.0, -1.0, -1.0, 0.0, 1359, 1411, 1371, 1361, 16.22028923034668, -20.903688430786133, 0.0, -9.537679672241211, 42.167396545410156, -12.29796028137207, 20.06222915649414, -2.461590528488159, 5.302677154541016)
(-2.2179148197174072, 2.510364532470703, 0.0, -1.0, -1.0, 0.0, 1256, 1438, 1415, 1390, 53.378170013427734, -43.319053649902344, 0.0, -11.171977043151855, 44.64865493774414, 14.700927734375, 20.135818481445312, 7.013671398162842, 41.85041809082031)
(-2.0633842945098877, 4.831841468811035, 0.0, -1.0, -1.0, 0.0, 1358, 1451, 1333, 1360, -16.43484878540039, 10.980573654174805, 0.0, -9.653532981872559, 44.25033187866211, -9.453779220581055, 20.126327514648438, -4.1478705406188965, 6.524677753448486)
(1.8716423511505127, 2.3172683715820312, 0.0, -1.0, -1.0, 0.0, 1312, 1393, 1379, 1418, 30.89630126953125, 11.184337615966797, 0.0, -7.571369647979736, 42.20795440673828, -15.267056465148926, 19.974079132080078, -4.141385555267334, 0.5656382441520691)
(0.36747676134109497, 0.295941561460495, 0.0, -1.0, -1.0, 0.0, 1267, 1402, 1428, 1405, -4.944206237792969, -37.94745635986328, 0.0, -9.082498550415039, 42.7908821105957, 5.139849662780762, 19.943851470947266, 4.6446051597595215, 29.72830581665039)
(-0.5449168086051941, 0.381442666053772, 0.0, -1.0, -1.0, 0.0, 1314, 1404, 1398, 1386, 6.911423206329346, -0.4728846549987793, 0.0, -9.454142570495605, 43.48249053955078, -3.576430559158325, 19.952070236206055, -0.822350263595581, 15.553289413452148)
(1.0884922742843628, 1.2399640083312988, 0.0, -1.0, -1.0, 0.0, 1332, 1420, 1366, 1384, -2.9786758422851562, -9.790590286254883, 0.0, -8.77640151977539, 43.34575653076172, -9.914944648742676, 19.870609283447266, -2.690615177154541, 7.265049934387207)
(1.8682783842086792, 1.213666558265686, 0.0, 0.0, -1.0, 0.0, 1313, 1439, 1373, 1377, 17.069469451904297, 19.264719009399414, 0.0, -9.848047256469727, 43.47259521484375, -1.107259750366211, 19.802770614624023, 1.8851995468139648, 20.580711364746094)
(3.872793197631836, 1.1299521923065186, 0.0, -1.0, -1.0, 0.0, 1363, 1402, 1359, 1378, 31.360519409179688, 26.792049407958984, 0.0, -10.308719635009766, 43.96986389160156, -19.296051025390625, 19.671342849731445, -5.271356582641602, -4.896063804626465)
(1.8609601259231567, 1.8248463869094849, 0.0, 0.0, -1.0, 0.0, 1301, 1484, 1357, 1360, 0.47833192348480225, -15.69871997833252, 0.0, -13.005670547485352, 45.082969665527344, 8.141524314880371, 19.615144729614258, 7.006680011749268, 34.76334762573242)
(-0.9242541193962097, 4.027253150939941, 0.0, -1.0, -1.0, 0.0, 1372, 1429, 1324, 1377, 0.03253352642059326, -3.374157190322876, 0.0, -12.168779373168945, 44.355533599853516, -21.254201889038086, 19.558895111083984, -7.418887615203857, -9.114195823669434)
(-0.767562985420227, 3.112295150756836, 0.0, 0.0, -1.0, 0.0, 1272, 1450, 1400, 1380, -9.653168678283691, -4.900231838226318, 0.0, -11.498199462890625, 44.3288688659668, 11.753178596496582, 19.50136947631836, 8.182997703552246, 39.43754577636719)
(-1.5947691202163696, 4.046417713165283, 0.0, -1.0, -1.0, 0.0, 1323, 1446, 1337, 1395, -14.774574279785156, -26.78333282470703, 0.0, -11.081279754638672, 44.554317474365234, -8.913606643676758, 19.567718505859375, -4.4040398597717285, 6.250072479248047)
(0.13603146374225616, 1.7817457914352417, 0.0, -1.0, 0.0, 0.0, 1287, 1427, 1396, 1392, 37.2124137878418, 13.360551834106445, 0.0, -10.363747596740723, 44.09852981567383, 3.5778255462646484, 19.515220642089844, 2.7426705360412598, 25.835716247558594)
(-0.23186826705932617, 2.64874267578125, 0.0, -1.0, -1.0, 0.0, 1172, 1328, 1277, 1317, 5.333028793334961, 12.958768844604492, 0.0, -11.16329288482666, 45.59456253051758, -0.438380628824234, 19.537431716918945, -0.057149648666381836, 19.041900634765625)
(-0.1921539306640625, 6.240109443664551, 0.0, -1.0, 0.0, 0.0, 1000, 1000, 1000, 1000, -1.9379589557647705, 1.9940457344055176, 0.0, -11.44682788848877, 46.09517288208008, 2.3295912742614746, 19.493249893188477, 2.1299009323120117, 23.952741622924805)
(-1.1510783433914185, 5.924922466278076, 0.0, -1.0, -1.0, 0.0, 1000, 1000, 1000, 1000, -5.213500499725342, -1.590078592300415, 0.0, -13.014510154724121, 46.70736312866211, 8.092119216918945, 19.55608367919922, 2.994753360748291, 30.642955780029297)
(-2.794185161590576, 3.339057207107544, 0.0, -1.0, -1.0, 0.0, 1000, 1000, 1000, 1000, -6.3148193359375, 4.211454391479492, 0.0, -13.891796112060547, 45.516822814941406, 6.59137487411499, 19.652185440063477, 0.6714648604393005, 26.91502571105957)
(-2.499910593032837, 2.437609910964966, 0.0, -1.0, -1.0, 0.0, 1000, 1000, 1000, 1000, -1.2872717380523682, 3.0984277725219727, 0.0, -13.407496452331543, 45.170475006103516, 3.414276123046875, 19.721111297607422, -1.0331319570541382, 22.10225486755371)
(-2.5268383026123047, 1.558373212814331, 0.0, -1.0, -1.0, 0.0, 1000, 1000, 1000, 1000, -4.151473045349121, 1.0794634819030762, 0.0, -13.357041358947754, 44.748531341552734, 8.302474975585938, 19.78525733947754, 1.3353215456008911, 29.423053741455078)
(-2.307980537414551, -1.5373767614364624, 0.0, -1.0, -1.0, 0.0, 1000, 1000, 1000, 1000, -1.090386152267456, -4.742591857910156, 0.0, -13.304758071899414, 42.95586395263672, 2.6465563774108887, 19.859970092773438, -1.596513032913208, 20.91001319885254)
(-2.258854866027832, -4.557595252990723, 0.0, -1.0, -1.0, 0.0, 1000, 1000, 1000, 1000, -1.510162353515625, -10.172292709350586, 0.0, -12.836313247680664, 41.24809265136719, 5.3281025886535645, 19.895095825195312, 0.4210190176963806, 25.644216537475586)
(-3.6547207832336426, -7.177698612213135, 0.0, -1.0, -1.0, 0.0, 1000, 1000, 1000, 1000, -6.936130523681641, -8.547041893005371, 0.0, -13.471833229064941, 40.08634948730469, 16.61888313293457, 20.018217086791992, 4.298086166381836, 40.935184478759766)
(-6.315263748168945, -9.881946563720703, 0.0, -1.0, -1.0, 0.0, 1000, 1000, 1000, 1000, -9.579390525817871, -12.16121768951416, 0.0, -14.63890552520752, 38.79366683959961, 22.017152786254883, 20.270265579223633, 3.3817412853240967, 45.669158935546875)
(-6.332273006439209, -11.563430786132812, 0.0, -1.0, -1.0, 0.0, 1000, 1000, 1000, 1000, -4.778533935546875, -13.538134574890137, 0.0, -14.56253433227539, 38.601749420166016, 20.719335556030273, 20.52099609375, 1.0938431024551392, 42.33417510986328)
(-5.850983142852783, -12.093192100524902, 0.0, -1.0, -1.0, 0.0, 1000, 1000, 1000, 1000, -4.8491411209106445, -15.006301879882812, 0.0, -14.167563438415527, 39.14276123046875, 19.08685874938965, 20.73923683166504, 0.21426379680633545, 40.04035949707031)
(-5.973005294799805, -12.200507164001465, 0.0, -1.0, -1.0, 0.0, 1000, 1000, 1000, 1000, -4.910949230194092, -10.679590225219727, 0.0, -14.227317810058594, 40.44900894165039, 21.9408016204834, 20.98244285583496, 0.9456943869590759, 43.86893844604492)
(-5.4988532066345215, -14.382333755493164, 0.0, -1.0, -1.0, 0.0, 1000, 1000, 1000, 1000, -3.041518211364746, -28.552724838256836, 0.0, -14.16679859161377, 39.90936279296875, 15.507608413696289, 21.200767517089844, -1.9351043701171875, 34.77326965332031)
(-5.257143497467041, -12.263375282287598, 0.0, -1.0, -1.0, 0.0, 1000, 1000, 1000, 1000, -13.628928184509277, -12.718085289001465, 0.0, -15.05826187133789, 39.73999786376953, 40.516380310058594, 21.411144256591797, 10.154170036315918, 72.08169555664062)
(-6.448568820953369, -10.734021186828613, 0.0, -1.0, -1.0, 0.0, 1000, 1000, 1000, 1000, -18.59284782409668, -13.600791931152344, 0.0, -14.864204406738281, 40.95859146118164, 19.111347198486328, 21.635953903198242, -0.42610087990760803, 40.32120132446289)
(-7.085238456726074, -11.026260375976562, 0.0, -1.0, -1.0, 0.0, 1000, 1000, 1000, 1000, -3.138979434967041, -4.527902603149414, 0.0, -14.991188049316406, 42.22628402709961, 22.43851661682129, 21.93943977355957, -0.47120171785354614, 43.90675354003906)
(-5.867249965667725, -10.526453018188477, 0.0, -1.0, -1.0, 0.0, 1000, 1000, 1000, 1000, -11.219523429870605, -8.614738464355469, 0.0, -15.186310768127441, 41.87947463989258, 20.12753677368164, 22.181493759155273, -0.9493448138237, 41.35968780517578)
(-6.446817874908447, -9.758156776428223, 0.0, 0.0, -1.0, 0.0, 1000, 1000, 1000, 1000, -7.212429046630859, -1.4228973388671875, 0.0, -15.014665603637695, 43.23115539550781, 29.079952239990234, 22.423931121826172, 3.5932300090789795, 55.09711456298828)
(-6.908047676086426, -7.937673091888428, 0.0, -1.0, -1.0, 0.0, 1000, 1000, 1000, 1000, -12.614026069641113, -10.999678611755371, 0.0, -14.850948333740234, 43.66896438598633, 19.705360412597656, 22.676443099975586, -1.0726406574249268, 41.30916213989258)
(-6.376069068908691, -6.832983493804932, 0.0, 0.0, 0.0, 0.0, 1000, 1000, 1000, 1000, -3.9929332733154297, -1.7139525413513184, 0.0, -14.645916938781738, 44.02461624145508, 18.967689514160156, 22.91459846496582, -1.1719883680343628, 40.71030044555664)
(-6.207285404205322, -6.367944717407227, 0.0, -1.0, -1.0, 0.0, 1000, 1000, 1000, 1000, -7.389777183532715, -6.543179988861084, 0.0, -14.736160278320312, 44.0909309387207, 20.658409118652344, 23.16481590270996, -0.37452393770217896, 43.448699951171875)
(-6.122139930725098, -5.994656562805176, 0.0, -1.0, 0.0, 0.0, 1000, 1000, 1000, 1000, -5.512389183044434, -5.595011234283447, 0.0, -14.761465072631836, 44.22642517089844, 20.53734016418457, 23.410459518432617, -0.2438560277223587, 43.703941345214844)
(-6.069430351257324, -5.809258937835693, 0.0, -1.0, -1.0, 0.0, 1000, 1000, 1000, 1000, -5.786402225494385, -5.686286926269531, 0.0, -14.801403045654297, 44.34377670288086, 20.497234344482422, 23.65814971923828, -0.3071153461933136, 43.848270416259766)
(-6.052891254425049, -5.676828861236572, 0.0, -1.0, 0.0, 0.0, 1000, 1000, 1000, 1000, -5.790674209594727, -5.595102787017822, 0.0, -14.839056015014648, 44.46051788330078, 20.406686782836914, 23.894262313842773, -0.1717015504837036, 44.12924575805664)
(-6.012818336486816, -5.620545864105225, 0.0, -1.0, -1.0, 0.0, 1000, 1000, 1000, 1000, -6.026303291320801, -5.683136940002441, 0.0, -14.873964309692383, 44.58061599731445, 20.222003936767578, 24.133888244628906, -0.23255246877670288, 44.12334060668945)
(-6.002572536468506, -5.597398281097412, 0.0, -1.0, -1.0, 0.0, 1000, 1000, 1000, 1000, -5.694021701812744, -5.4270148277282715, 0.0, -14.914361953735352, 44.698577880859375, 20.254192352294922, 24.36733627319336, -0.08779841661453247, 44.533729553222656)
(-5.984447002410889, -5.560906887054443, 0.0, -1.0, -1.0, 0.0, 1000, 1000, 1000, 1000, -6.015686988830566, -5.562014579772949, 0.0, -14.954607009887695, 44.81913375854492, 20.1085205078125, 24.610397338867188, -0.28466442227363586, 44.43425369262695)
(-6.014138221740723, -5.554101943969727, 0.0, -1.0, -1.0, 0.0, 1000, 1000, 1000, 1000, -6.2437744140625, -5.380344867706299, 0.0, -14.995923042297363, 44.937705993652344, 20.276065826416016, 24.84396743774414, -0.07888799160718918, 45.04114532470703)
(-6.020601272583008, -5.560915470123291, 0.0, -1.0, -1.0, 0.0, 1000, 1000, 1000, 1000, -6.307126998901367, -5.829372882843018, 0.0, -15.035407066345215, 45.057804107666016, 20.17996597290039, 25.08800506591797, -0.28070154786109924, 44.98727035522461)
(-6.026773929595947, -5.527735710144043, 0.0, -1.0, -1.0, 0.0, 1000, 1000, 1000, 1000, -6.025055885314941, -5.647756576538086, 0.0, -15.073212623596191, 45.17729187011719, 20.277828216552734, 25.322378158569336, -0.11131495237350464, 45.4888916015625)