
(-5.5409836769104, -5.578314781188965, 0.0, -1.0, -1.0, 0.0, 1000, 1000, 1000, 1000, -5.565777778625488, -5.709435939788818, 0.0)
(-5.507798671722412, -5.563897132873535, 0.0, 0.0, -1.0, 0.0, 1000, 1000, 1000, 1000, -5.831405162811279, -5.837680339813232, 0.0)
(-5.498019218444824, -5.589114189147949, 0.0, -1.0, -1.0, 0.0, 1000, 1000, 1000, 1000, -5.404229164123535, -5.938094139099121, 0.0)
(-5.539645671844482, -5.588293075561523, 0.0, 0.0, -1.0, 0.0, 1000, 1000, 1000, 1000, -5.7612762451171875, -5.785099983215332, 0.0)
(-5.524612903594971, -5.439511775970459, 0.0, -1.0, -1.0, 0.0, 1000, 1000, 1000, 1000, -5.537807464599609, -5.497392654418945, 0.0)
(-5.521874904632568, -5.521213531494141, 0.0, -1.0, 0.0, 0.0, 1000, 1000, 1000, 1000, -5.466649055480957, -5.657148838043213, 0.0)
(-5.52260160446167, -5.527513027191162, 0.0, -1.0, -1.0, 0.0, 1000, 1000, 1000, 1000, -5.590156555175781, -5.902752876281738, 0.0)
(-5.534045696258545, -5.549407005310059, 0.0, -1.0, 0.0, 0.0, 1000, 1000, 1000, 1000, -5.604982376098633, -5.826029300689697, 0.0)
(-5.541894912719727, -5.589851379394531, 0.0, -1.0, -1.0, 0.0, 1000, 1000, 1000, 1000, -5.610590934753418, -5.977657794952393, 0.0)
(-5.539135932922363, -5.571774959564209, 0.0, -1.0, 0.0, 0.0, 1000, 1000, 1000, 1000, -5.4126691818237305, -5.865562438964844, 0.0)
(-5.527255058288574, -5.581606388092041, 0.0, -1.0, -1.0, 0.0, 1000, 1000, 1000, 1000, -5.676906108856201, -6.091159343719482, 0.0)
(-5.562652587890625, -5.586889266967773, 0.0, -1.0, 0.0, 0.0, 1000, 1000, 1000, 1000, -5.923741817474365, -4.487391948699951, 0.0)
(-5.550150394439697, -5.57826566696167, 0.0, -1.0, -1.0, 0.0, 1000, 1000, 1000, 1000, -5.37312126159668, -5.589516639709473, 0.0)
(-4.996376991271973, -5.561426639556885, 0.0, -1.0, -1.0, 0.0, 1000, 1000, 1000, 1000, -4.766336917877197, -8.002126693725586, 0.0)
(-5.548321723937988, -5.644200801849365, 0.0, -1.0, -1.0, 0.0, 1000, 1000, 1000, 1000, -5.519961833953857, -4.761667251586914, 0.0)
(-5.43804931640625, -5.664379596710205, 0.0, -1.0, -1.0, 0.0, 1000, 1000, 1000, 1000, -4.892704963684082, -5.815347671508789, 0.0)
(-5.363171100616455, -5.540957927703857, 0.0, -1.0, -1.0, 0.0, 1000, 1000, 1000, 1000, -3.806692600250244, -5.932890892028809, 0.0)
(-5.399086952209473, -5.612793445587158, 0.0, -1.0, -1.0, 0.0, 1000, 1000, 1000, 1000, -5.001938819885254, -6.79030704498291, 0.0)
(-5.442048072814941, -5.6853790283203125, 0.0, -1.0, -1.0, 0.0, 1000, 1000, 1000, 1000, -3.846924304962158, -5.666631698608398, 0.0)
(-5.780765533447266, -5.985584259033203, 0.0, -1.0, -1.0, 0.0, 1000, 1000, 1000, 1000, -7.250607013702393, -7.340439796447754, 0.0)
(-5.03877592086792, -5.166641712188721, 0.0, -1.0, -1.0, 0.0, 1000, 1000, 1000, 1000, -5.992018222808838, -4.115808010101318, 0.0)
(-7.022682189941406, -8.845782279968262, 0.0, -1.0, -1.0, 0.0, 1000, 1000, 1000, 1000, -7.755410194396973, -10.23356819152832, 0.0)
(-7.090686798095703, -12.476235389709473, 0.0, -1.0, -1.0, 0.0, 1000, 1000, 1000, 1000, -14.088569641113281, -16.73160743713379, 0.0)
(-8.02140998840332, -9.93474292755127, 0.0, -1.0, -1.0, 0.0, 1000, 1000, 1000, 1000, -7.528293132781982, -13.104476928710938, 0.0)
(-7.116752624511719, -10.170326232910156, 0.0, -1.0, -1.0, 0.0, 1000, 1000, 1000, 1000, -4.796630859375, -9.52741527557373, 0.0)
(-7.6584649085998535, -13.791260719299316, 0.0, -1.0, -1.0, 0.0, 1000, 1000, 1000, 1000, -2.9786338806152344, -11.334138870239258, 0.0)
(-6.497178077697754, -15.658483505249023, 0.0, -1.0, -1.0, 0.0, 1000, 1000, 1000, 1000, -9.995336532592773, -35.83240509033203, 0.0)
(-9.53069019317627, -16.921974182128906, 0.0, -1.0, -1.0, 0.0, 1000, 1000, 1000, 1000, -0.11285781860351562, -9.265125274658203, 0.0)
(-6.97450590133667, -12.513113021850586, 0.0, -1.0, -1.0, 0.0, 1000, 1000, 1000, 1000, 1.1151576042175293, -1.5780870914459229, 0.0)
(-9.068065643310547, -18.225826263427734, 0.0, -1.0, -1.0, 0.0, 1000, 1000, 1000, 1000, -9.649881362915039, -28.696386337280273, 0.0)
(-9.037713050842285, -15.358436584472656, 0.0, -1.0, -1.0, 0.0, 1000, 1000, 1000, 1000, -8.238576889038086, -12.79273796081543, 0.0)
(-7.553398132324219, -10.348308563232422, 0.0, -1.0, -1.0, 0.0, 1000, 1000, 1000, 1000, -5.5608720779418945, -8.751205444335938, 0.0)
(-4.009530544281006, -7.807504653930664, 0.0, -1.0, -1.0, 0.0, 1000, 1000, 1000, 1000, -0.6342391967773438, -7.5673298835754395, 0.0)
(-0.3908688724040985, -1.8704888820648193, 0.0, -1.0, -1.0, 0.0, 1000, 1000, 1000, 1000, 3.631701707839966, 1.0389349460601807, 0.0)
(-0.59675532579422, 1.2342933416366577, 0.0, -1.0, -1.0, 0.0, 1000, 1000, 1000, 1000, -0.6647920608520508, 3.579470634460449, 0.0)
(-1.3946630954742432, 3.1718785762786865, 0.0, -1.0, -1.0, 0.0, 1000, 1000, 1000, 1000, -1.6203827857971191, 4.232332229614258, 0.0)
(0.833064615726471, 5.577202320098877, 0.0, -1.0, -1.0, 0.0, 1000, 1000, 1000, 1000, 2.91615629196167, 6.994814395904541, 0.0)
(2.5014493465423584, 5.497216701507568, 0.0, -1.0, -1.0, 0.0, 1000, 1000, 1000, 1000, 4.030494213104248, 3.8408162593841553, 0.0)
(3.0218160152435303, 3.1140246391296387, 0.0, -1.0, -1.0, 0.0, 1000, 1000, 1000, 1000, 3.4033145904541016, 1.1684058904647827, 0.0)
(0.968414843082428, 2.6140623092651367, 0.0, -1.0, -1.0, 0.0, 1000, 1000, 1000, 1000, 0.7263076305389404, 3.053396224975586, 0.0)
(-0.2919456660747528, 1.9715359210968018, 0.0, -1.0, -1.0, 0.0, 1000, 1000, 1000, 1000, -0.2773549556732178, 2.1450982093811035, 0.0)
(0.07601522654294968, 1.246702790260315, 0.0, -1.0, -1.0, 0.0, 1000, 1000, 1000, 1000, -0.35203731060028076, 0.5109180808067322, 0.0)
(1.3372498750686646, 0.08910385519266129, 0.0, -1.0, -1.0, 0.0, 1000, 1000, 1000, 1000, 2.2682981491088867, -0.6718018054962158, 0.0)
(2.3915183544158936, -0.6024271845817566, 0.0, -1.0, -1.0, 0.0, 1000, 1000, 1000, 1000, 3.4661080837249756, -1.1739270687103271, 0.0)
(2.1146793365478516, -0.21600165963172913, 0.0, -1.0, -1.0, 0.0, 1000, 1000, 1000, 1000, 2.472186803817749, -0.20322084426879883, 0.0)
(0.24975480139255524, 0.6613756418228149, 0.0, -1.0, -1.0, 0.0, 1000, 1000, 1000, 1000, -1.5884281396865845, 0.9592775106430054, 0.0)
(-0.4698570668697357, 0.6840259432792664, 0.0, 0.0, -1.0, 0.0, 1000, 1000, 1000, 1000, -1.1689893007278442, 1.0112217664718628, 0.0)
(-0.525135338306427, 0.454254150390625, 0.0, -1.0, -1.0, 0.0, 1000, 1000, 1000, 1000, -0.1720711588859558, -0.34114035964012146, 0.0)
(-0.7490023970603943, -0.08914589881896973, 0.0, 0.0, -1.0, 0.0, 1000, 1000, 1000, 1000, -0.8063117861747742, -0.6971476674079895, 0.0)
(-1.0942736864089966, -0.3499663174152374, 0.0, -1.0, -1.0, 0.0, 1000, 1000, 1000, 1000, -1.4300153255462646, -0.21389663219451904, 0.0)
(-1.1200871467590332, -0.27422115206718445, 0.0, 0.0, -1.0, 0.0, 1000, 1000, 1000, 1000, -1.1214492321014404, 0.5526611804962158, 0.0)
(-0.8208065629005432, -0.35493746399879456, 0.0, -1.0, -1.0, 0.0, 1000, 1000, 1000, 1000, -0.5961188077926636, -0.9457703232765198, 0.0)
(-0.5252789258956909, -1.6139940023422241, 0.0, 0.0, -1.0, 0.0, 1000, 1000, 1000, 1000, -0.0896143913269043, -2.0823898315429688, 0.0)
(-0.8705670237541199, -1.8675121068954468, 0.0, -1.0, -1.0, 0.0, 1000, 1000, 1000, 1000, -1.856619119644165, -2.2571070194244385, 0.0)
(-1.5344816446304321, -1.9741699695587158, 0.0, -1.0, 0.0, 0.0, 1000, 1000, 1000, 1000, -2.015629291534424, -2.3163678646087646, 0.0)
(-1.291609525680542, -1.9982812404632568, 0.0, -1.0, -1.0, 0.0, 1000, 1000, 1000, 1000, -1.2385118007659912, -2.047407865524292, 0.0)
(-0.3403604030609131, -1.7836695909500122, 0.0, -1.0, 0.0, 0.0, 1000, 1000, 1000, 1000, 0.7092784643173218, -1.3865207433700562, 0.0)
(0.35619714856147766, -1.5158965587615967, 0.0, -1.0, -1.0, 0.0, 1000, 1000, 1000, 1000, 0.520887017250061, -1.3761743307113647, 0.0)
(0.16768380999565125, -1.715170979499817, 0.0, -1.0, 0.0, 0.0, 1000, 1000, 1000, 1000, -0.36444711685180664, -2.409698486328125, 0.0)
(-0.014264972880482674, -1.7232791185379028, 0.0, -1.0, -1.0, 0.0, 1000, 1000, 1000, 1000, 0.21587622165679932, -1.6261165142059326, 0.0)
(0.16081106662750244, -1.6001793146133423, 0.0, -1.0, 0.0, 0.0, 1000, 1000, 1000, 1000, 0.057433485984802246, -1.673877477645874, 0.0)
(0.20619061589241028, -1.8224213123321533, 0.0, -1.0, -1.0, 0.0, 1000, 1000, 1000, 1000, -0.26960110664367676, -2.7276530265808105, 0.0)
(0.2516222596168518, -1.7686278820037842, 0.0, -1.0, 0.0, 0.0, 1000, 1000, 1000, 1000, 0.37486815452575684, -1.4844248294830322, 0.0)
(0.2637012302875519, -1.6881438493728638, 0.0, -1.0, -1.0, 0.0, 1000, 1000, 1000, 1000, 0.18036282062530518, -1.8044766187667847, 0.0)
(-0.14138087630271912, -1.7121047973632812, 0.0, -1.0, 0.0, 0.0, 1000, 1000, 1000, 1000, -0.20972812175750732, -2.0469610691070557, 0.0)
(-0.19722019135951996, -1.8050873279571533, 0.0, -1.0, -1.0, 0.0, 1000, 1000, 1000, 1000, -0.06206536293029785, -2.063532829284668, 0.0)
(-0.5494170784950256, -1.561645746231079, 0.0, -1.0, -1.0, 0.0, 1000, 1000, 1000, 1000, -0.656657338142395, -1.8360155820846558, 0.0)
(-0.7879598736763, -1.920469880104065, 0.0, -1.0, -1.0, 0.0, 1000, 1000, 1000, 1000, -1.233400583267212, -2.1358017921447754, 0.0)
(-0.9224712252616882, -1.4061096906661987, 0.0, -1.0, -1.0, 0.0, 1000, 1000, 1000, 1000, -0.9860474467277527, -0.9043717384338379, 0.0)
(-0.5866678357124329, -1.264047622680664, 0.0, -1.0, -1.0, 0.0, 1000, 1000, 1000, 1000, 1.7262599468231201, -0.33759617805480957, 0.0)
(-0.49369966983795166, -1.6233640909194946, 0.0, -1.0, -1.0, 0.0, 1000, 1000, 1000, 1000, -2.615600109100342, -3.517648458480835, 0.0)
(-0.48831236362457275, -1.7155369520187378, 0.0, -1.0, -1.0, 0.0, 1000, 1000, 1000, 1000, 1.900882363319397, 0.49890923500061035, 0.0)
(-0.5324705243110657, -1.8312615156173706, 0.0, -1.0, -1.0, 0.0, 1000, 1000, 1000, 1000, -4.030417442321777, -5.003535747528076, 0.0)
(-0.43531182408332825, -1.7517011165618896, 0.0, -1.0, -1.0, 0.0, 1000, 1000, 1000, 1000, -0.24251210689544678, -1.676192283630371, 0.0)
(-0.4077852964401245, -1.846460223197937, 0.0, -1.0, -1.0, 0.0, 1000, 1000, 1000, 1000, -0.6010903120040894, -1.9547090530395508, 0.0)
(-0.07002730667591095, -1.5745183229446411, 0.0, -1.0, -1.0, 0.0, 1000, 1000, 1000, 1000, 0.2806680202484131, -1.533105492591858, 0.0)
(0.1549411118030548, -1.700171947479248, 0.0, -1.0, -1.0, 0.0, 1000, 1000, 1000, 1000, 0.19192957878112793, -1.6800010204315186, 0.0)
(-0.33979254961013794, -1.7831679582595825, 0.0, -1.0, -1.0, 0.0, 1000, 1000, 1000, 1000, -0.7211788892745972, -1.973527193069458, 0.0)
(-0.5829707384109497, -1.831843376159668, 0.0, -1.0, -1.0, 0.0, 1000, 1000, 1000, 1000, -0.894621729850769, -2.0655524730682373, 0.0)
(-0.39524728059768677, -1.844992995262146, 0.0, -1.0, -1.0, 0.0, 1000, 1000, 1000, 1000, -0.6138226985931396, -2.3788788318634033, 0.0)
(-0.4569900929927826, -1.8061240911483765, 0.0, -1.0, -1.0, 0.0, 1000, 1000, 1000, 1000, -0.5859544277191162, -2.0111136436462402, 0.0)
(-0.4471879005432129, -1.7799437046051025, 0.0, -1.0, -1.0, 0.0, 1100, 1100, 1100, 1100, -0.8098129034042358, -2.0349130630493164, 0.0)
(-1.2139421701431274, -3.038074254989624, 0.0, -1.0, -1.0, 0.0, 1100, 1100, 1100, 1100, -4.443881988525391, -6.904541015625, 0.0)
(-0.4232889711856842, -2.9866533279418945, 0.0, -1.0, -1.0, 0.0, 1100, 1105, 1107, 1100, -0.8406591415405273, -9.05778694152832, 0.0)
(0.04002181068062782, -2.6925573348999023, 0.0, -1.0, -1.0, 0.0, 1114, 1128, 1150, 1127, -1.544262170791626, -1.9390301704406738, 0.0)
(-0.09263258427381516, -3.284358024597168, 0.0, -1.0, -1.0, 0.0, 1175, 1186, 1199, 1174, 6.654728889465332, -6.836332321166992, 0.0)
(-0.1231839507818222, -1.6125060319900513, 0.0, -1.0, -1.0, 0.0, 1201, 1220, 1233, 1216, 0.3629720211029053, -3.799431562423706, 0.0)
(-0.13956841826438904, -0.9169771075248718, 0.0, -1.0, -1.0, 0.0, 1244, 1262, 1261, 1247, 4.447976112365723, -7.36383056640625, 0.0)
(-0.25201573967933655, -0.7370945811271667, 0.0, -1.0, -1.0, 0.0, 1288, 1296, 1313, 1289, 5.363500595092773, 25.804893493652344, 0.0)
(-0.7583120465278625, -3.1485531330108643, 0.0, 0.0, -1.0, 0.0, 1329, 1350, 1376, 1352, 13.916725158691406, -19.996517181396484, 0.0)
(-0.6542628407478333, -1.8645964860916138, 0.0, -1.0, -1.0, 0.0, 1411, 1424, 1426, 1417, 11.417766571044922, 4.142696380615234, 0.0)
(-1.2927241325378418, -2.2957046031951904, 0.0, 0.0, -1.0, 0.0, 1423, 1413, 1438, 1408, 11.887279510498047, -6.919778823852539, 0.0)
(-1.3654803037643433, -3.0698888301849365, 0.0, -1.0, -1.0, 0.0, 1396, 1402, 1456, 1428, -3.18743896484375, -43.481685638427734, 0.0)
(1.6441152095794678, -6.107482433319092, 0.0, 0.0, -1.0, 0.0, 1396, 1430, 1441, 1415, 2.1569631099700928, 3.1288223266601562, 0.0)
(1.530510663986206, -3.3869235515594482, 0.0, -1.0, -1.0, 0.0, 1412, 1419, 1427, 1416, -15.973148345947266, 26.509681701660156, 0.0)
(0.17650656402111053, -0.9789618849754333, 0.0, -1.0, 0.0, 0.0, 1373, 1404, 1447, 1437, 20.515708923339844, -4.346109390258789, 0.0)
(-2.67488694190979, -2.8736555576324463, 0.0, -1.0, -1.0, 0.0, 1377, 1430, 1434, 1425, -47.54650115966797, -25.81954574584961, 0.0)
(-0.7160012125968933, -3.0294647216796875, 0.0, -1.0, 0.0, 0.0, 1372, 1401, 1454, 1447, -7.153968811035156, -80.00009155273438, 0.0)
(-1.2796322107315063, -2.097705125808716, 0.0, -1.0, -1.0, 0.0, 1394, 1421, 1441, 1422, -20.536067962646484, -2.343907356262207, 0.0)
(-2.295841932296753, -0.5596714019775391, 0.0, -1.0, -1.0, 0.0, 1395, 1409, 1450, 1428, -17.442798614501953, 20.090045928955078, 0.0)
(-2.715519905090332, -1.8805643320083618, 0.0, -1.0, -1.0, 0.0, 1430, 1444, 1427, 1374, -9.503507614135742, -14.95639419555664, 0.0)
(0.09391171485185623, -2.095536947250366, 0.0, -1.0, -1.0, 0.0, 1409, 1430, 1425, 1414, -31.850120544433594, 32.65324401855469, 0.0)
(-0.9204332828521729, -3.8273112773895264, 0.0, -1.0, -1.0, 0.0, 1405, 1411, 1435, 1427, 8.169681549072266, -34.939971923828125, 0.0)
(-3.2275702953338623, -2.4498026371002197, 0.0, -1.0, -1.0, 0.0, 1367, 1422, 1451, 1438, 10.500970840454102, -21.957956314086914, 0.0)
(-3.647832155227661, 1.8899366855621338, 0.0, -1.0, -1.0, 0.0, 1397, 1435, 1420, 1425, -2.6083641052246094, 52.167999267578125, 0.0)
(-1.3562968969345093, -0.12482928484678268, 0.0, -1.0, -1.0, 0.0, 1381, 1423, 1443, 1431, 0.08903121948242188, -33.69852828979492, 0.0)
(-0.7593013048171997, 0.8527863621711731, 0.0, -1.0, -1.0, 0.0, 1390, 1419, 1440, 1429, -29.657474517822266, -0.9067173004150391, 0.0)
(-0.7904347777366638, 0.9383871555328369, 0.0, -1.0, -1.0, 0.0, 1378, 1428, 1447, 1425, 1.5121040344238281, -18.551132202148438, 0.0)
(-2.6343190670013428, -0.6007659435272217, 0.0, -1.0, -1.0, 0.0, 1431, 1419, 1435, 1393, -54.777164459228516, -19.161510467529297, 0.0)
(-0.7208038568496704, -3.1439969539642334, 0.0, -1.0, -1.0, 0.0, 1400, 1403, 1452, 1423, 46.73572540283203, -13.243162155151367, 0.0)
(-1.0635050535202026, -0.8714662194252014, 0.0, -1.0, -1.0, 0.0, 1430, 1457, 1407, 1385, -32.07526779174805, 5.583797454833984, 0.0)
(-1.5746291875839233, 0.21099571883678436, 0.0, -1.0, -1.0, 0.0, 1409, 1433, 1420, 1416, -10.08563232421875, 21.361347198486328, 0.0)
(-1.6808339357376099, 1.242407202720642, 0.0, -1.0, -1.0, 0.0, 1396, 1413, 1435, 1433, 52.6068115234375, -17.20082664489746, 0.0)
(-1.6232492923736572, -1.123923897743225, 0.0, -1.0, -1.0, 0.0, 1365, 1432, 1442, 1440, 12.190982818603516, -21.448593139648438, 0.0)
(-1.0282604694366455, -0.3988247811794281, 0.0, -1.0, -1.0, 0.0, 1435, 1415, 1434, 1394, 7.842046737670898, -6.613759994506836, 0.0)
(2.20668625831604, -0.18278563022613525, 0.0, -1.0, -1.0, 0.0, 1401, 1412, 1439, 1426, 57.382232666015625, -14.165021896362305, 0.0)
(0.8112970590591431, 2.866197347640991, 0.0, -1.0, -1.0, 0.0, 1406, 1421, 1414, 1438, 39.31334686279297, -27.513097763061523, 0.0)
(-1.7854115962982178, 0.3131037652492523, 0.0, -1.0, -1.0, 0.0, 1383, 1443, 1424, 1428, 15.161901473999023, -29.16325569152832, 0.0)
(-3.2006852626800537, -0.38013702630996704, 0.0, -1.0, -1.0, 0.0, 1386, 1407, 1452, 1433, -54.59872817993164, 7.275946617126465, 0.0)
(-2.728853464126587, -1.0221102237701416, 0.0, -1.0, -1.0, 0.0, 1382, 1420, 1456, 1421, -5.749512672424316, -8.783479690551758, 0.0)
(-2.3747541904449463, -2.4714982509613037, 0.0, -1.0, -1.0, 0.0, 1395, 1440, 1427, 1413, -33.73278045654297, -6.78765869140625, 0.0)
(-0.21585920453071594, -0.6193684935569763, 0.0, -1.0, -1.0, 0.0, 1399, 1434, 1436, 1409, 8.093412399291992, -24.547109603881836, 0.0)
(-1.9318255186080933, -2.3067309856414795, 0.0, -1.0, -1.0, 0.0, 1424, 1467, 1478, 1449, -60.13787841796875, 12.243949890136719, 0.0)
(1.5857303142547607, -1.7377432584762573, 0.0, -1.0, -1.0, 0.0, 1445, 1455, 1465, 1466, 50.60429763793945, -31.451168060302734, 0.0)
(-1.203652262687683, -4.133827209472656, 0.0, -1.0, -1.0, 0.0, 1463, 1443, 1481, 1443, 17.997356414794922, -2.3578739166259766, 0.0)
(-1.191116452217102, -1.7577732801437378, 0.0, -1.0, -1.0, 0.0, 1433, 1451, 1484, 1462, 9.783790588378906, -2.725465774536133, 0.0)
(-1.4520031213760376, 0.39075228571891785, 0.0, 0.0, -1.0, 0.0, 1413, 1444, 1495, 1477, -47.53366470336914, 11.27023696899414, 0.0)
(-1.35450279712677, 0.2984093725681305, 0.0, -1.0, -1.0, 0.0, 1418, 1433, 1495, 1483, 23.140361785888672, -11.520057678222656, 0.0)
(-1.1263927221298218, -2.6725385189056396, 0.0, 0.0, 0.0, 0.0, 1448, 1437, 1490, 1456, 2.226705551147461, -24.203516006469727, 0.0)
(-0.7360756993293762, -5.391012191772461, 0.0, -1.0, -1.0, 0.0, 1447, 1445, 1489, 1449, -26.48072052001953, 38.83491516113281, 0.0)
(-1.9308685064315796, -3.2946617603302, 0.0, 0.0, -1.0, 0.0, 1439, 1478, 1484, 1429, -62.908226013183594, 12.863349914550781, 0.0)
(-1.734062910079956, 0.1867762804031372, 0.0, -1.0, -1.0, 0.0, 1423, 1461, 1483, 1463, -5.080821990966797, 56.96591567993164, 0.0)
(-1.611093282699585, -0.8777180910110474, 0.0, 0.0, 0.0, 0.0, 1417, 1470, 1484, 1459, -0.8186655044555664, -16.609413146972656, 0.0)
(-1.3104002475738525, -1.169885277748108, 0.0, -1.0, -1.0, 0.0, 1435, 1466, 1481, 1447, 22.459491729736328, -46.93246078491211, 0.0)
(-2.559926748275757, -2.8289992809295654, 0.0, -1.0, 0.0, 0.0, 1445, 1461, 1480, 1444, 44.44076156616211, -13.990653991699219, 0.0)
(-2.9762020111083984, -1.0874898433685303, 0.0, -1.0, -1.0, 0.0, 1410, 1452, 1490, 1478, 4.172794342041016, -34.066078186035156, 0.0)
(-1.212798833847046, -0.7751829028129578, 0.0, -1.0, -1.0, 0.0, 1449, 1427, 1488, 1470, 41.98697280883789, -15.15700912475586, 0.0)
(-3.07808780670166, -2.937314033508301, 0.0, -1.0, -1.0, 0.0, 1427, 1418, 1507, 1478, 38.476707458496094, -21.77019500732422, 0.0)
(-1.8713127374649048, -2.0730440616607666, 0.0, -1.0, -1.0, 0.0, 1427, 1464, 1476, 1467, 29.434385299682617, -17.048288345336914, 0.0)
(-2.553368330001831, -1.9434407949447632, 0.0, -1.0, -1.0, 0.0, 1420, 1456, 1481, 1473, 11.315622329711914, -26.674291610717773, 0.0)
(-3.4213099479675293, 0.20805957913398743, 0.0, -1.0, -1.0, 0.0, 1452, 1461, 1463, 1458, 22.370159149169922, -22.78110122680664, 0.0)
(-1.755689263343811, 0.027210166677832603, 0.0, -1.0, -1.0, 0.0, 1440, 1446, 1479, 1464, 27.160558700561523, 27.462417602539062, 0.0)
(-3.921652317047119, -1.4981905221939087, 0.0, -1.0, -1.0, 0.0, 1419, 1462, 1501, 1452, -38.66725158691406, -36.31080627441406, 0.0)
(-1.1659642457962036, -1.3182529211044312, 0.0, -1.0, -1.0, 0.0, 1457, 1466, 1464, 1444, 28.233898162841797, -33.52128982543945, 0.0)
(-0.9818979501724243, -1.6426361799240112, 0.0, -1.0, -1.0, 0.0, 1425, 1436, 1500, 1469, 25.668033599853516, 29.21310043334961, 0.0)
(-1.5440162420272827, 1.3214726448059082, 0.0, -1.0, -1.0, 0.0, 1480, 1511, 1431, 1408, -3.5362396240234375, 42.99790954589844, 0.0)
(-0.2473958134651184, -1.88613760471344, 0.0, -1.0, -1.0, 0.0, 1437, 1465, 1469, 1459, 7.3763885498046875, -20.06688690185547, 0.0)
(-1.4908475875854492, -3.2591607570648193, 0.0, -1.0, -1.0, 0.0, 1420, 1449, 1503, 1459, -41.337310791015625, -29.366424560546875, 0.0)
(-0.741044819355011, -3.726504325866699, 0.0, -1.0, -1.0, 0.0, 1458, 1486, 1464, 1422, -19.01678466796875, 3.3414535522460938, 0.0)
(-2.325589418411255, -1.5418974161148071, 0.0, -1.0, -1.0, 0.0, 1412, 1455, 1498, 1465, -15.737992286682129, -4.564889907836914, 0.0)
(-1.2241367101669312, -2.9698593616485596, 0.0, -1.0, -1.0, 0.0, 1459, 1465, 1476, 1430, 3.875579833984375, 57.02710723876953, 0.0)
(-0.806091845035553, -4.421476364135742, 0.0, -1.0, -1.0, 0.0, 1428, 1465, 1480, 1457, -0.24004745483398438, -37.98688888549805, 0.0)
(-2.6820261478424072, -2.51360821723938, 0.0, -1.0, -1.0, 0.0, 1422, 1478, 1477, 1453, -12.61090087890625, -32.61151123046875, 0.0)
(-2.6499440670013428, -0.9809703826904297, 0.0, -1.0, -1.0, 0.0, 1424, 1464, 1475, 1467, 25.046249389648438, -24.66869354248047, 0.0)
(-4.125010967254639, -1.9644665718078613, 0.0, -1.0, -1.0, 0.0, 1420, 1444, 1496, 1471, 25.04753875732422, -49.61681365966797, 0.0)
(-0.9770774841308594, 0.1392410695552826, 0.0, -1.0, -1.0, 0.0, 1463, 1456, 1466, 1445, 45.7286376953125, -12.133868217468262, 0.0)
(-2.33461856842041, -0.7346874475479126, 0.0, -1.0, -1.0, 0.0, 1436, 1447, 1491, 1457, -31.285085678100586, 20.976125717163086, 0.0)
(-2.208974838256836, -3.3209762573242188, 0.0, -1.0, -1.0, 0.0, 1438, 1448, 1487, 1457, -23.78958511352539, 9.234105110168457, 0.0)
(-2.087411880493164, -5.102056980133057, 0.0, -1.0, -1.0, 0.0, 1463, 1479, 1462, 1425, 2.342449188232422, -10.965021133422852, 0.0)
(-2.1802978515625, -4.25417947769165, 0.0, -1.0, -1.0, 0.0, 1439, 1444, 1478, 1469, 56.053619384765625, -27.21735382080078, 0.0)
(-2.4052066802978516, -3.7662904262542725, 0.0, -1.0, -1.0, 0.0, 1457, 1436, 1489, 1448, 4.603549957275391, 46.26117706298828, 0.0)
(-3.8447110652923584, -3.3794946670532227, 0.0, -1.0, -1.0, 0.0, 1475, 1472, 1470, 1414, -9.948921203613281, 16.808609008789062, 0.0)
(-2.124154567718506, -2.6716039180755615, 0.0, -1.0, -1.0, 0.0, 1440, 1446, 1483, 1461, 48.72034454345703, -14.459449768066406, 0.0)
(-3.159193754196167, -0.03481743112206459, 0.0, -1.0, -1.0, 0.0, 1432, 1453, 1485, 1460, -36.03328323364258, 31.562030792236328, 0.0)
(-4.4165167808532715, -0.37554600834846497, 0.0, -1.0, -1.0, 0.0, 1427, 1485, 1468, 1450, -8.302021026611328, 39.051849365234375, 0.0)
(-3.018095016479492, -1.0702160596847534, 0.0, -1.0, -1.0, 0.0, 1424, 1456, 1490, 1460, 21.715587615966797, 3.9930672645568848, 0.0)
(-3.4448816776275635, -5.476344585418701, 0.0, -1.0, -1.0, 0.0, 1464, 1455, 1480, 1432, 8.371975898742676, -6.932254791259766, 0.0)
(-1.8056139945983887, -2.729060411453247, 0.0, -1.0, -1.0, 0.0, 1457, 1472, 1469, 1431, 3.743762969970703, 37.412418365478516, 0.0)
(-5.195043563842773, -4.8275041580200195, 0.0, -1.0, -1.0, 0.0, 1442, 1446, 1479, 1463, 52.914058685302734, -32.10672378540039, 0.0)
(-4.7937541007995605, -2.9566726684570312, 0.0, -1.0, -1.0, 0.0, 1417, 1451, 1495, 1467, -31.519489288330078, 36.06790542602539, 0.0)
(-3.2512218952178955, 0.7624757885932922, 0.0, -1.0, -1.0, 0.0, 1432, 1487, 1465, 1445, -47.841888427734375, 7.09602165222168, 0.0)
(-3.6001837253570557, 0.42529112100601196, 0.0, -1.0, -1.0, 0.0, 1444, 1456, 1478, 1452, 44.87364959716797, -16.759553909301758, 0.0)
(-4.070722579956055, -0.5924216508865356, 0.0, -1.0, -1.0, 0.0, 1409, 1461, 1487, 1473, 0.5128593444824219, -35.34221649169922, 0.0)
(-4.156540393829346, -4.089946746826172, 0.0, -1.0, -1.0, 0.0, 1452, 1468, 1474, 1437, -18.86573028564453, 2.492547035217285, 0.0)
(-3.4224636554718018, -3.3393261432647705, 0.0, -1.0, -1.0, 0.0, 1419, 1450, 1492, 1469, 15.325075149536133, -27.17304801940918, 0.0)
(-1.7616974115371704, -3.831176280975342, 0.0, 0.0, -1.0, 0.0, 1419, 1453, 1478, 1480, 12.185222625732422, -49.051429748535156, 0.0)
(-2.6348609924316406, -4.370955467224121, 0.0, -1.0, -1.0, 0.0, 1456, 1447, 1486, 1440, -4.381687164306641, 45.894134521484375, 0.0)
(-3.971337080001831, -2.127629041671753, 0.0, 0.0, -1.0, 0.0, 1464, 1488, 1465, 1413, -23.404531478881836, 18.155488967895508, 0.0)
(-3.8847134113311768, -1.3371963500976562, 0.0, -1.0, -1.0, 0.0, 1443, 1454, 1477, 1456, 40.225677490234375, 34.530521392822266, 0.0)
(-2.168551206588745, -1.2856945991516113, 0.0, 0.0, -1.0, 0.0, 1413, 1437, 1503, 1477, -21.802410125732422, 44.11800003051758, 0.0)
(-2.0922513008117676, 4.510817050933838, 0.0, -1.0, -1.0, 0.0, 1454, 1477, 1459, 1440, -18.359394073486328, 43.114501953125, 0.0)
(-3.7880301475524902, 2.880237102508545, 0.0, 0.0, -1.0, 0.0, 1419, 1490, 1466, 1455, -38.18198013305664, -44.376441955566406, 0.0)
(-4.354388236999512, 1.1378453969955444, 0.0, -1.0, -1.0, 0.0, 1433, 1490, 1471, 1435, -17.641071319580078, 18.60387420654297, 0.0)
(-4.46830415725708, -2.507145643234253, 0.0, -1.0, 0.0, 0.0, 1436, 1469, 1492, 1433, -15.412639617919922, 52.33342361450195, 0.0)
(-2.8187954425811768, -0.7914055585861206, 0.0, -1.0, -1.0, 0.0, 1422, 1460, 1482, 1462, 18.870704650878906, -49.322113037109375, 0.0)
(-1.4473223686218262, 2.508570909500122, 0.0, -1.0, 0.0, 0.0, 1442, 1470, 1464, 1455, 48.88821792602539, -23.613262176513672, 0.0)
(-2.1598713397979736, 0.18547679483890533, 0.0, -1.0, -1.0, 0.0, 1431, 1474, 1466, 1459, 36.76091766357422, -10.929970741271973, 0.0)
(-4.187225818634033, -2.132181167602539, 0.0, -1.0, -1.0, 0.0, 1445, 1453, 1482, 1450, -29.137855529785156, -62.559452056884766, 0.0)
(-4.236166000366211, -0.27146732807159424, 0.0, -1.0, -1.0, 0.0, 1425, 1453, 1486, 1466, -5.695600509643555, -24.52886962890625, 0.0)
(-2.11100172996521, 1.557092547416687, 0.0, -1.0, 0.0, 0.0, 1469, 1446, 1477, 1438, 16.098796844482422, -12.03896427154541, 0.0)
(-2.7298264503479004, 3.0103166103363037, 0.0, -1.0, -1.0, 0.0, 1443, 1472, 1461, 1454, 5.81523323059082, 17.17064666748047, 0.0)
(-1.6206227540969849, 5.055826187133789, 0.0, -1.0, -1.0, 0.0, 1466, 1468, 1457, 1443, 4.942853927612305, 21.789949417114258, 0.0)
(-2.8507790565490723, 2.8689897060394287, 0.0, -1.0, -1.0, 0.0, 1438, 1467, 1471, 1454, -34.865386962890625, -1.1248531341552734, 0.0)
(-3.6437225341796875, 0.07288074493408203, 0.0, -1.0, -1.0, 0.0, 1429, 1469, 1483, 1453, -36.953941345214844, 24.709604263305664, 0.0)
(-2.2504122257232666, -0.18165935575962067, 0.0, -1.0, -1.0, 0.0, 1422, 1464, 1474, 1470, 7.372337341308594, -21.686851501464844, 0.0)
(-2.9553678035736084, -0.16842606663703918, 0.0, -1.0, -1.0, 0.0, 1444, 1453, 1480, 1457, 24.307199478149414, -14.380456924438477, 0.0)
(-3.1294803619384766, -0.7818652987480164, 0.0, -1.0, -1.0, 0.0, 1414, 1454, 1491, 1471, -29.031253814697266, 5.116253852844238, 0.0)
(-2.491955280303955, -2.83247447013855, 0.0, -1.0, -1.0, 0.0, 1424, 1456, 1485, 1468, 2.02471923828125, -26.388607025146484, 0.0)
(-2.3526997566223145, -2.2327144145965576, 0.0, -1.0, -1.0, 0.0, 1417, 1431, 1498, 1484, 53.2822380065918, 14.181102752685547, 0.0)
(-2.9866080284118652, -1.891438603401184, 0.0, -1.0, -1.0, 0.0, 1430, 1463, 1478, 1459, 13.744930267333984, -54.60531997680664, 0.0)
(-2.6249279975891113, -1.0956895351409912, 0.0, -1.0, -1.0, 0.0, 1461, 1457, 1476, 1435, -3.1222782135009766, 10.548559188842773, 0.0)
(-3.5702383518218994, -0.4712124466896057, 0.0, -1.0, -1.0, 0.0, 1459, 1492, 1447, 1432, -7.439382553100586, 19.26129913330078, 0.0)
(-2.642380475997925, 1.791542649269104, 0.0, -1.0, -1.0, 0.0, 1424, 1465, 1483, 1458, 5.2313079833984375, 37.56917953491211, 0.0)
(-1.5910998582839966, -0.4747571647167206, 0.0, -1.0, -1.0, 0.0, 1426, 1466, 1473, 1465, -5.261501312255859, -38.15895080566406, 0.0)
(-2.5884814262390137, -0.43162986636161804, 0.0, -1.0, -1.0, 0.0, 1422, 1444, 1490, 1474, 12.648853302001953, -22.422382354736328, 0.0)
(-4.658267021179199, -1.8097498416900635, 0.0, -1.0, -1.0, 0.0, 1434, 1468, 1467, 1461, 8.096549987792969, -54.63347244262695, 0.0)
(-3.1845924854278564, -2.4179818630218506, 0.0, -1.0, -1.0, 0.0, 1447, 1442, 1485, 1456, 5.167461395263672, 52.607765197753906, 0.0)
(-4.676770210266113, -2.3778235912323, 0.0, -1.0, -1.0, 0.0, 1422, 1463, 1493, 1452, -27.449129104614258, -19.535655975341797, 0.0)
(-3.5842504501342773, -1.3006432056427002, 0.0, -1.0, -1.0, 0.0, 1407, 1465, 1490, 1468, -4.912106513977051, -13.421398162841797, 0.0)
(-2.173269033432007, -3.8490514755249023, 0.0, -1.0, -1.0, 0.0, 1455, 1447, 1491, 1446, 8.772449493408203, -8.234811782836914, 0.0)
(-3.881974697113037, 0.22499391436576843, 0.0, -1.0, -1.0, 0.0, 1438, 1484, 1502, 1454, -57.0648193359375, -7.402986526489258, 0.0)
(-3.9267284870147705, 0.5674859285354614, 0.0, -1.0, -1.0, 0.0, 1482, 1499, 1481, 1452, -31.71847915649414, 34.9913215637207, 0.0)
(-2.6424968242645264, 1.171875238418579, 0.0, -1.0, -1.0, 0.0, 1430, 1470, 1513, 1497, -50.84830093383789, 9.886844635009766, 0.0)
(-4.128852844238281, 0.343729168176651, 0.0, -1.0, -1.0, 0.0, 1440, 1491, 1488, 1491, -10.132476806640625, -3.762197494506836, 0.0)
(-4.11464786529541, -3.62892484664917, 0.0, -1.0, -1.0, 0.0, 1452, 1466, 1511, 1481, -6.073624610900879, 8.775113105773926, 0.0)
(-3.549682140350342, -0.7245380878448486, 0.0, -1.0, -1.0, 0.0, 1459, 1498, 1506, 1447, -27.00554656982422, 31.34368896484375, 0.0)
(-3.800157070159912, -2.6350767612457275, 0.0, -1.0, -1.0, 0.0, 1463, 1485, 1495, 1466, -1.5048255920410156, 36.188751220703125, 0.0)
(-4.535350799560547, -5.536795139312744, 0.0, -1.0, -1.0, 0.0, 1451, 1477, 1509, 1473, 8.008505821228027, 10.71328353881836, 0.0)
(-2.933627128601074, -4.267994403839111, 0.0, -1.0, -1.0, 0.0, 1471, 1495, 1485, 1459, 11.277091979980469, -40.12275314331055, 0.0)
(-3.4216041564941406, -4.780100345611572, 0.0, -1.0, -1.0, 0.0, 1475, 1458, 1508, 1469, 45.70180130004883, 9.344070434570312, 0.0)
(-2.4474294185638428, -6.012717247009277, 0.0, -1.0, -1.0, 0.0, 1455, 1463, 1508, 1480, 19.416675567626953, -48.377323150634766, 0.0)
(-4.040050983428955, -3.994516134262085, 0.0, -1.0, -1.0, 0.0, 1443, 1461, 1521, 1482, -19.76360511779785, 3.5677452087402344, 0.0)
(-3.082371711730957, -5.671533107757568, 0.0, -1.0, -1.0, 0.0, 1434, 1442, 1533, 1498, 15.399368286132812, -47.921634674072266, 0.0)
(-1.5695282220840454, -1.156564712524414, 0.0, -1.0, -1.0, 0.0, 1450, 1469, 1506, 1481, 7.043003082275391, -18.220327377319336, 0.0)
(-2.897629976272583, -2.1637771129608154, 0.0, -1.0, -1.0, 0.0, 1443, 1487, 1489, 1487, 14.594486236572266, -27.813682556152344, 0.0)
(-2.487941026687622, 1.8944426774978638, 0.0, -1.0, -1.0, 0.0, 1455, 1474, 1493, 1484, 46.61219787597656, 21.244483947753906, 0.0)
(-3.7531495094299316, -2.0440595149993896, 0.0, -1.0, -1.0, 0.0, 1429, 1468, 1512, 1497, 3.722942352294922, -36.6949348449707, 0.0)
(-3.1209352016448975, -0.23440924286842346, 0.0, -1.0, -1.0, 0.0, 1457, 1460, 1501, 1488, 39.06897735595703, -30.72074317932129, 0.0)
(-2.2178382873535156, 1.0246409177780151, 0.0, -1.0, -1.0, 0.0, 1451, 1468, 1502, 1485, 22.878000259399414, -0.6345634460449219, 0.0)
(-2.392775535583496, -0.35393887758255005, 0.0, -1.0, -1.0, 0.0, 1476, 1483, 1484, 1463, 12.3967924118042, -0.599456787109375, 0.0)
(-2.5884251594543457, -0.8645697236061096, 0.0, -1.0, -1.0, 0.0, 1455, 1456, 1513, 1482, 25.21136474609375, -32.73809814453125, 0.0)
(-3.327810049057007, -1.9305909872055054, 0.0, -1.0, -1.0, 0.0, 1472, 1479, 1498, 1457, -21.648574829101562, -68.94622802734375, 0.0)
(-2.497037172317505, -0.9325089454650879, 0.0, 0.0, -1.0, 0.0, 1465, 1466, 1506, 1469, 2.660533905029297, 45.812782287597656, 0.0)
(-3.132591962814331, 0.30708047747612, 0.0, -1.0, -1.0, 0.0, 1460, 1510, 1488, 1448, -35.79411315917969, -0.1909198760986328, 0.0)
(-2.543105363845825, -0.8550489544868469, 0.0, 0.0, -1.0, 0.0, 1458, 1494, 1487, 1467, 8.024304389953613, -15.083745002746582, 0.0)
(-1.2889750003814697, 0.9747960567474365, 0.0, -1.0, -1.0, 0.0, 1452, 1492, 1487, 1475, 6.232768535614014, 1.2652578353881836, 0.0)
(-3.1595258712768555, -1.1383614540100098, 0.0, 0.0, -1.0, 0.0, 1473, 1490, 1489, 1454, 12.567106246948242, -17.817886352539062, 0.0)
(-1.1744295358657837, -0.7587435841560364, 0.0, -1.0, -1.0, 0.0, 1441, 1472, 1498, 1496, 33.42622756958008, 10.573612213134766, 0.0)
(-1.9456007480621338, 1.2989625930786133, 0.0, 0.0, -1.0, 0.0, 1463, 1485, 1476, 1482, 44.93788146972656, 4.61669921875, 0.0)
(-1.762107014656067, -0.459844708442688, 0.0, -1.0, -1.0, 0.0, 1464, 1467, 1493, 1478, 18.171730041503906, 10.697786331176758, 0.0)
(-3.8680996894836426, -0.5406709313392639, 0.0, -1.0, 0.0, 0.0, 1441, 1455, 1518, 1491, 15.971681594848633, -3.1306533813476562, 0.0)
(-4.658496379852295, -0.3994372487068176, 0.0, -1.0, -1.0, 0.0, 1441, 1469, 1511, 1485, -11.92070198059082, -36.18635559082031, 0.0)
(-4.039753437042236, 0.04925050213932991, 0.0, -1.0, 0.0, 0.0, 1471, 1500, 1487, 1448, -14.675506591796875, 12.606613159179688, 0.0)
(-3.3451690673828125, 1.0311686992645264, 0.0, -1.0, -1.0, 0.0, 1453, 1505, 1484, 1464, -19.831710815429688, 42.16355514526367, 0.0)
(-2.214794635772705, 2.345355272293091, 0.0, -1.0, 0.0, 0.0, 1456, 1495, 1496, 1459, -7.41021728515625, 5.372114181518555, 0.0)
(-1.5735772848129272, 1.013512372970581, 0.0, -1.0, -1.0, 0.0, 1426, 1474, 1509, 1498, 18.532917022705078, -31.766368865966797, 0.0)
(-1.6511870622634888, 1.7188539505004883, 0.0, -1.0, 0.0, 0.0, 1437, 1497, 1493, 1479, -19.876577377319336, -26.39297866821289, 0.0)
(-3.008840799331665, -0.7240504622459412, 0.0, -1.0, -1.0, 0.0, 1452, 1483, 1493, 1478, 19.677227020263672, -25.45595932006836, 0.0)
(-3.217114210128784, 0.5238047242164612, 0.0, -1.0, 0.0, 0.0, 1452, 1486, 1499, 1473, 11.228652954101562, -19.60073471069336, 0.0)
(-1.939699411392212, 0.3105507791042328, 0.0, -1.0, -1.0, 0.0, 1490, 1499, 1467, 1450, 13.106515884399414, -30.171926498413086, 0.0)
(-2.0763983726501465, 1.8383854627609253, 0.0, -1.0, -1.0, 0.0, 1454, 1497, 1500, 1458, -45.85991668701172, 26.461912155151367, 0.0)
(-1.3114840984344482, 1.4817991256713867, 0.0, -1.0, -1.0, 0.0, 1478, 1522, 1466, 1440, -27.73388671875, 8.297203063964844, 0.0)
(-0.48176199197769165, 2.4086897373199463, 0.0, -1.0, -1.0, 0.0, 1438, 1502, 1478, 1492, -2.174713134765625, -34.31529998779297, 0.0)
(-0.2511637210845947, 2.263654947280884, 0.0, -1.0, -1.0, 0.0, 1447, 1472, 1499, 1488, -8.435474395751953, -8.371865272521973, 0.0)
(-2.571636199951172, 3.5576915740966797, 0.0, -1.0, -1.0, 0.0, 1459, 1502, 1482, 1467, -3.503927230834961, 31.027517318725586, 0.0)
(-3.334672212600708, -0.6787322163581848, 0.0, -1.0, -1.0, 0.0, 1486, 1493, 1491, 1437, 1.4213142395019531, 63.201942443847656, 0.0)
(-3.1771180629730225, -1.6224428415298462, 0.0, -1.0, -1.0, 0.0, 1438, 1471, 1514, 1487, 9.8554048538208, 11.88669204711914, 0.0)
(-1.7469137907028198, -2.5999362468719482, 0.0, -1.0, -1.0, 0.0, 1459, 1477, 1499, 1470, -5.467282295227051, 8.64013957977295, 0.0)
(-1.6316649913787842, -1.6480151414871216, 0.0, -1.0, -1.0, 0.0, 1471, 1470, 1502, 1463, 28.518802642822266, -1.087050437927246, 0.0)
(-3.1035232543945312, 0.44270768761634827, 0.0, -1.0, -1.0, 0.0, 1457, 1482, 1494, 1473, 30.667320251464844, 32.14527130126953, 0.0)
(-2.5540964603424072, -0.5111241340637207, 0.0, -1.0, -1.0, 0.0, 1445, 1459, 1503, 1498, 31.278148651123047, -40.1941032409668, 0.0)
(-3.5532045364379883, -2.243661642074585, 0.0, -1.0, -1.0, 0.0, 1423, 1465, 1520, 1495, -65.73787689208984, -7.045040130615234, 0.0)
(-3.473888874053955, -2.426344156265259, 0.0, -1.0, -1.0, 0.0, 1444, 1470, 1510, 1482, -25.662433624267578, -52.649322509765625, 0.0)
(-0.7815064787864685, -0.5254102349281311, 0.0, -1.0, -1.0, 0.0, 1458, 1446, 1477, 1445, 7.594822883605957, 10.004802703857422, 0.0)
(-4.239461421966553, -2.476323366165161, 0.0, -1.0, -1.0, 0.0, 1137, 1168, 1100, 1100, 17.4680233001709, -8.126468658447266, 0.0)
(-2.7414779663085938, -4.494907855987549, 0.0, -1.0, -1.0, 0.0, 1000, 1000, 1000, 1000, 18.056732177734375, -6.498053550720215, 0.0)
(-3.0868513584136963, -5.598414897918701, 0.0, -1.0, -1.0, 0.0, 1000, 1000, 1000, 1000, -6.431440353393555, -3.704233407974243, 0.0)
(-2.209125518798828, -6.520140647888184, 0.0, -1.0, -1.0, 0.0, 1000, 1000, 1000, 1000, 0.6653703451156616, -0.14294612407684326, 0.0)
(-2.1400206089019775, -5.605301856994629, 0.0, -1.0, -1.0, 0.0, 1000, 1000, 1000, 1000, -7.708834171295166, -9.370805740356445, 0.0)
(-2.2896409034729004, -5.081874370574951, 0.0, -1.0, -1.0, 0.0, 1000, 1000, 1000, 1000, 2.4071385860443115, -1.6460034847259521, 0.0)
(-2.995389699935913, -6.095328330993652, 0.0, -1.0, -1.0, 0.0, 1000, 1000, 1000, 1000, -2.5543885231018066, -6.956450462341309, 0.0)
(-2.7169997692108154, -5.788212299346924, 0.0, -1.0, -1.0, 0.0, 1000, 1000, 1000, 1000, -2.057465076446533, -6.213576316833496, 0.0)
(-2.7933337688446045, -5.881792068481445, 0.0, -1.0, -1.0, 0.0, 1000, 1000, 1000, 1000, -3.4678683280944824, -2.8205177783966064, 0.0)
(-2.877286911010742, -5.112435817718506, 0.0, -1.0, -1.0, 0.0, 1000, 1000, 1000, 1000, -3.907579183578491, -3.1902458667755127, 0.0)
(-2.9967801570892334, -5.056017875671387, 0.0, -1.0, -1.0, 0.0, 1000, 1000, 1000, 1000, -3.670480251312256, -5.572335720062256, 0.0)
(-2.4949164390563965, -4.668510437011719, 0.0, -1.0, -1.0, 0.0, 1000, 1000, 1000, 1000, -1.7645766735076904, -3.831413745880127, 0.0)
(-1.6811714172363281, -4.148121356964111, 0.0, -1.0, -1.0, 0.0, 1000, 1000, 1000, 1000, -0.9226646423339844, -2.913032054901123, 0.0)
(-2.4586563110351562, -3.4203076362609863, 0.0, -1.0, -1.0, 0.0, 1000, 1000, 1000, 1000, -3.9272546768188477, -2.7991037368774414, 0.0)
(-4.334405422210693, -1.7487590312957764, 0.0, -1.0, -1.0, 0.0, 1000, 1000, 1000, 1000, -6.571957111358643, 1.124155044555664, 0.0)
(-3.3366432189941406, -1.6782219409942627, 0.0, -1.0, -1.0, 0.0, 1000, 1000, 1000, 1000, -3.009300708770752, -4.412354469299316, 0.0)
(-1.8179720640182495, -0.6090660691261292, 0.0, -1.0, -1.0, 0.0, 1000, 1000, 1000, 1000, -0.9752877950668335, -0.6169992685317993, 0.0)
(-3.0891809463500977, -4.766169548034668, 0.0, -1.0, -1.0, 0.0, 1000, 1000, 1000, 1000, -5.608786106109619, -6.966989517211914, 0.0)
(1.05733323097229, -7.878887176513672, 0.0, -1.0, -1.0, 0.0, 1000, 1000, 1000, 1000, 3.0921497344970703, -10.314159393310547, 0.0)
(2.7452707290649414, -12.480796813964844, 0.0, -1.0, -1.0, 0.0, 1000, 1000, 1000, 1000, 1.361776351928711, -17.29470443725586, 0.0)
(1.7485287189483643, -12.329339981079102, 0.0, -1.0, -1.0, 0.0, 1000, 1000, 1000, 1000, -3.216527223587036, -5.722263336181641, 0.0)
(-3.4330196380615234, -12.469088554382324, 0.0, -1.0, -1.0, 0.0, 1000, 1000, 1000, 1000, 6.520654678344727, -10.821439743041992, 0.0)
(-4.686834812164307, -13.749743461608887, 0.0, -1.0, -1.0, 0.0, 1000, 1000, 1000, 1000, -5.730463027954102, -20.16588592529297, 0.0)
(-3.7207791805267334, -10.878660202026367, 0.0, 0.0, -1.0, 0.0, 1000, 1000, 1000, 1000, -0.34471333026885986, -2.078976631164551, 0.0)
(-3.6248843669891357, -10.440801620483398, 0.0, -1.0, -1.0, 0.0, 1000, 1000, 1000, 1000, -8.654415130615234, -15.633687973022461, 0.0)
(-3.817257881164551, -9.390527725219727, 0.0, 0.0, -1.0, 0.0, 1000, 1000, 1000, 1000, -3.5319085121154785, -9.195267677307129, 0.0)
(-2.6906909942626953, -6.679495811462402, 0.0, -1.0, -1.0, 0.0, 1000, 1000, 1000, 1000, 2.0407986640930176, -3.109546661376953, 0.0)
(-2.8700010776519775, -6.922325611114502, 0.0, -1.0, 0.0, 0.0, 1000, 1000, 1000, 1000, -1.777705192565918, -6.343825340270996, 0.0)
(-2.551999807357788, -6.503927230834961, 0.0, -1.0, -1.0, 0.0, 1000, 1000, 1000, 1000, -1.4735424518585205, -4.955724716186523, 0.0)
(-2.4604694843292236, -6.235314846038818, 0.0, -1.0, 0.0, 0.0, 1000, 1000, 1000, 1000, -2.037539482116699, -6.6925835609436035, 0.0)
(-2.2851016521453857, -5.8496809005737305, 0.0, -1.0, -1.0, 0.0, 1000, 1000, 1000, 1000, -2.453587770462036, -5.349906921386719, 0.0)
(-2.1171512603759766, -5.415762424468994, 0.0, -1.0, 0.0, 0.0, 1000, 1000, 1000, 1000, -1.0449700355529785, -4.758200168609619, 0.0)
(-2.131586790084839, -5.3616862297058105, 0.0, -1.0, -1.0, 0.0, 1000, 1000, 1000, 1000, -2.279961109161377, -5.841171741485596, 0.0)
(-2.15173602104187, -5.355395793914795, 0.0, -1.0, 0.0, 0.0, 1000, 1000, 1000, 1000, -2.67944598197937, -5.451574325561523, 0.0)
(-2.104177474975586, -5.270284175872803, 0.0, -1.0, -1.0, 0.0, 1000, 1000, 1000, 1000, -1.940840244293213, -5.177544593811035, 0.0)
(-2.1266283988952637, -5.34590482711792, 0.0, -1.0, -1.0, 0.0, 1000, 1000, 1000, 1000, -2.1433939933776855, -6.339747428894043, 0.0)
(-2.1022722721099854, -5.3448872566223145, 0.0, -1.0, -1.0, 0.0, 1000, 1000, 1000, 1000, -2.141021490097046, -4.847355842590332, 0.0)
(-2.1496551036834717, -5.378232002258301, 0.0, -1.0, -1.0, 0.0, 1000, 1000, 1000, 1000, -2.2121706008911133, -6.226686000823975, 0.0)
(-2.163283586502075, -5.362011909484863, 0.0, -1.0, -1.0, 0.0, 1000, 1000, 1000, 1000, -1.9329771995544434, -5.488413333892822, 0.0)
(-2.175199270248413, -5.374711036682129, 0.0, -1.0, -1.0, 0.0, 1000, 1000, 1000, 1000, -2.201855182647705, -5.694681644439697, 0.0)
(-2.1869571208953857, -5.428792476654053, 0.0, -1.0, -1.0, 0.0, 1000, 1000, 1000, 1000, -2.176147937774658, -5.975472450256348, 0.0)
(-2.127366065979004, -5.356540679931641, 0.0, -1.0, -1.0, 0.0, 1000, 1000, 1000, 1000, -2.3582425117492676, -5.143377304077148, 0.0)
(-2.181734323501587, -5.39002799987793, 0.0, -1.0, -1.0, 0.0, 1000, 1000, 1000, 1000, -2.210007429122925, -5.6396355628967285, 0.0)