
(-7.216380596160889, -5.9909820556640625, 0.0, -1.0, -1.0, 0.0, 1000, 1000, 1000, 1000, -6.934197425842285, -5.932504177093506, 0.0)
(-7.199068069458008, -5.974113464355469, 0.0, -1.0, -1.0, 0.0, 1000, 1000, 1000, 1000, -7.125274181365967, -6.066379547119141, 0.0)
(-7.230008125305176, -5.961862087249756, 0.0, -1.0, -1.0, 0.0, 1000, 1000, 1000, 1000, -7.336845397949219, -5.9201788902282715, 0.0)
(-7.242550373077393, -6.00015115737915, 0.0, -1.0, -1.0, 0.0, 1000, 1000, 1000, 1000, -7.309903144836426, -6.223598957061768, 0.0)
(-7.211545467376709, -6.104392051696777, 0.0, -1.0, -1.0, 0.0, 1000, 1000, 1000, 1000, -7.576552391052246, -7.4302544593811035, 0.0)
(-7.188283443450928, -6.083065032958984, 0.0, -1.0, -1.0, 0.0, 1000, 1000, 1000, 1000, -7.352510452270508, -6.0136895179748535, 0.0)
(-7.172085762023926, -6.031984806060791, 0.0, -1.0, -1.0, 0.0, 1000, 1000, 1000, 1000, -6.68263053894043, -6.1917924880981445, 0.0)
(-7.186494827270508, -6.00008487701416, 0.0, -1.0, -1.0, 0.0, 1000, 1000, 1000, 1000, -7.059285640716553, -5.879838466644287, 0.0)
(-7.2020673751831055, -5.99226713180542, 0.0, -1.0, -1.0, 0.0, 1000, 1000, 1000, 1000, -7.162092685699463, -5.929707050323486, 0.0)
(-7.206975936889648, -5.972078800201416, 0.0, -1.0, -1.0, 0.0, 1000, 1000, 1000, 1000, -6.9014716148376465, -5.96237325668335, 0.0)
(-7.195522785186768, -5.991484642028809, 0.0, -1.0, -1.0, 0.0, 1000, 1000, 1000, 1000, -7.1107072830200195, -6.251457691192627, 0.0)
(-7.202613830566406, -6.0028815269470215, 0.0, -1.0, -1.0, 0.0, 1000, 1000, 1000, 1000, -6.914565563201904, -6.401362419128418, 0.0)
(-7.1834211349487305, -6.00645112991333, 0.0, -1.0, -1.0, 0.0, 1000, 1000, 1000, 1000, -7.132092475891113, -6.274715423583984, 0.0)
(-7.214911937713623, -5.998257637023926, 0.0, -1.0, -1.0, 0.0, 1000, 1000, 1000, 1000, -7.316095352172852, -6.18976354598999, 0.0)
(-7.2165703773498535, -5.973796844482422, 0.0, -1.0, -1.0, 0.0, 1000, 1000, 1000, 1000, -7.211716651916504, -5.8346028327941895, 0.0)
(-7.221946716308594, -5.986698150634766, 0.0, -1.0, -1.0, 0.0, 1000, 1000, 1000, 1000, -7.041017055511475, -6.376415252685547, 0.0)
(-7.228443145751953, -5.942975997924805, 0.0, -1.0, -1.0, 0.0, 1000, 1000, 1000, 1000, -7.349747657775879, -6.362720966339111, 0.0)
(-7.128265857696533, -5.838971138000488, 0.0, -1.0, -1.0, 0.0, 1000, 1000, 1000, 1000, -7.391085624694824, -6.170205116271973, 0.0)
(-7.3279852867126465, -6.1123809814453125, 0.0, -1.0, -1.0, 0.0, 1000, 1000, 1000, 1000, -5.7471232414245605, -6.33866548538208, 0.0)
(-7.118686676025391, -5.912362098693848, 0.0, -1.0, -1.0, 0.0, 1000, 1000, 1000, 1000, -9.047430992126465, -9.70017147064209, 0.0)
(-7.619696617126465, -6.6230854988098145, 0.0, -1.0, -1.0, 0.0, 1000, 1000, 1000, 1000, -10.442182540893555, -6.566455364227295, 0.0)
(-8.729768753051758, -10.801036834716797, 0.0, -1.0, 0.0, 0.0, 1000, 1000, 1000, 1000, -13.963473320007324, -16.971023559570312, 0.0)
(-7.699698448181152, -15.152716636657715, 0.0, -1.0, -1.0, 0.0, 1000, 1000, 1000, 1000, -5.731546401977539, -23.518247604370117, 0.0)
(-7.342940330505371, -12.03817081451416, 0.0, -1.0, -1.0, 0.0, 1000, 1000, 1000, 1000, -0.5422210693359375, 2.2331504821777344, 0.0)
(-8.342419624328613, -17.39438819885254, 0.0, -1.0, -1.0, 0.0, 1000, 1000, 1000, 1000, -7.908154487609863, -22.619022369384766, 0.0)
(-8.66567611694336, -25.832677841186523, 0.0, -1.0, 0.0, 0.0, 1000, 1000, 1000, 1000, -12.452260971069336, -30.231550216674805, 0.0)
(-5.657883644104004, -15.303854942321777, 0.0, -1.0, -1.0, 0.0, 1000, 1000, 1000, 1000, -1.2504851818084717, -3.787632465362549, 0.0)
(-0.22433353960514069, -2.38175892829895, 0.0, -1.0, -1.0, 0.0, 1000, 1000, 1000, 1000, 4.7206315994262695, 6.387063503265381, 0.0)
(1.485782504081726, 4.9737772941589355, 0.0, -1.0, -1.0, 0.0, 1000, 1000, 1000, 1000, 1.202132225036621, 7.244455337524414, 0.0)
(-4.756778717041016, -0.4192025661468506, 0.0, -1.0, 0.0, 0.0, 1000, 1000, 1000, 1000, -12.020894050598145, -4.8430657386779785, 0.0)
(-6.63627815246582, 3.062882900238037, 0.0, -1.0, -1.0, 0.0, 1000, 1000, 1000, 1000, -7.407662391662598, 8.647589683532715, 0.0)
(-6.0897111892700195, 2.933161973953247, 0.0, -1.0, -1.0, 0.0, 1000, 1000, 1000, 1000, -5.673133850097656, 4.021695137023926, 0.0)
(-3.3191163539886475, 2.5201330184936523, 0.0, -1.0, -1.0, 0.0, 1000, 1000, 1000, 1000, -0.8409645557403564, 1.5412335395812988, 0.0)
(0.12103202193975449, 0.17366717755794525, 0.0, -1.0, 0.0, 0.0, 1000, 1000, 1000, 1000, 2.703279495239258, -1.9907808303833008, 0.0)
(1.244971513748169, -0.08271687477827072, 0.0, -1.0, -1.0, 0.0, 1000, 1000, 1000, 1000, 2.8287289142608643, 0.3502461910247803, 0.0)
(0.10499010235071182, 1.9955655336380005, 0.0, -1.0, -1.0, 0.0, 1000, 1000, 1000, 1000, -2.12001371383667, 3.5610761642456055, 0.0)
(-1.7656941413879395, 2.6721456050872803, 0.0, -1.0, -1.0, 0.0, 1000, 1000, 1000, 1000, -2.920492649078369, 2.871309280395508, 0.0)
(-0.8573638796806335, 2.4507174491882324, 0.0, -1.0, 0.0, 0.0, 1000, 1000, 1000, 1000, -0.2148592472076416, 0.5419636368751526, 0.0)
(-0.015258650295436382, 2.9374022483825684, 0.0, -1.0, -1.0, 0.0, 1000, 1000, 1000, 1000, 1.2581098079681396, 3.6985461711883545, 0.0)
(0.04633723571896553, 2.4155936241149902, 0.0, -1.0, -1.0, 0.0, 1000, 1000, 1000, 1000, -0.2094407081604004, 1.465646505355835, 0.0)
(-0.39753422141075134, 1.4362123012542725, 0.0, -1.0, -1.0, 0.0, 1000, 1000, 1000, 1000, -0.8823485374450684, 0.7741785049438477, 0.0)
(-1.046387791633606, 0.8162766695022583, 0.0, -1.0, 0.0, 0.0, 1000, 1000, 1000, 1000, -1.0862557888031006, 0.2618100643157959, 0.0)
(-0.626544177532196, 0.6817564368247986, 0.0, -1.0, -1.0, 0.0, 1000, 1000, 1000, 1000, 0.21322977542877197, 1.764278769493103, 0.0)
(-0.43916165828704834, 0.32235750555992126, 0.0, -1.0, -1.0, 0.0, 1000, 1000, 1000, 1000, 0.05717438459396362, 0.500119149684906, 0.0)
(-1.095787763595581, -0.37165310978889465, 0.0, -1.0, -1.0, 0.0, 1000, 1000, 1000, 1000, -1.8187214136123657, -0.8854519128799438, 0.0)
(-1.709905982017517, -0.37997493147850037, 0.0, -1.0, 0.0, 0.0, 1000, 1000, 1000, 1000, -2.141849994659424, -0.1301630735397339, 0.0)
(-2.5294089317321777, -0.5279351472854614, 0.0, -1.0, -1.0, 0.0, 1000, 1000, 1000, 1000, -2.941236734390259, -0.3748290538787842, 0.0)
(-1.949360966682434, -0.5464351773262024, 0.0, -1.0, -1.0, 0.0, 1000, 1000, 1000, 1000, -1.264216661453247, 0.04062008857727051, 0.0)
(-1.6468498706817627, -1.111469030380249, 0.0, -1.0, -1.0, 0.0, 1000, 1000, 1000, 1000, -1.1777867078781128, -1.6995676755905151, 0.0)
(-1.6618605852127075, -1.1275705099105835, 0.0, -1.0, 0.0, 0.0, 1000, 1000, 1000, 1000, -1.4782817363739014, -0.9697371125221252, 0.0)
(-1.4967156648635864, -0.8174886107444763, 0.0, -1.0, -1.0, 0.0, 1000, 1000, 1000, 1000, -1.3038256168365479, -0.8608298897743225, 0.0)
(-1.1598058938980103, -0.6941452026367188, 0.0, -1.0, -1.0, 0.0, 1000, 1000, 1000, 1000, -0.8343459367752075, -0.7435734272003174, 0.0)
(-1.4366400241851807, -0.571829617023468, 0.0, -1.0, -1.0, 0.0, 1000, 1000, 1000, 1000, -2.1699633598327637, -0.37961769104003906, 0.0)
(-1.97030770778656, -1.2776892185211182, 0.0, -1.0, 0.0, 0.0, 1000, 1000, 1000, 1000, -2.0637974739074707, -2.5933666229248047, 0.0)
(-2.9991185665130615, -0.7431358695030212, 0.0, -1.0, -1.0, 0.0, 1000, 1000, 1000, 1000, -3.4017136096954346, -0.8141813278198242, 0.0)
(-2.68300724029541, -0.9750688672065735, 0.0, -1.0, -1.0, 0.0, 1000, 1000, 1000, 1000, -5.416186332702637, -4.9142584800720215, 0.0)
(-2.1265954971313477, -1.0979911088943481, 0.0, -1.0, -1.0, 0.0, 1000, 1000, 1000, 1000, 0.49588918685913086, 0.4183657169342041, 0.0)
(-1.6987249851226807, -1.0258029699325562, 0.0, -1.0, 0.0, 0.0, 1000, 1000, 1000, 1000, -3.862638235092163, -4.390400409698486, 0.0)
(-1.2914375066757202, -1.3056681156158447, 0.0, -1.0, -1.0, 0.0, 1000, 1000, 1000, 1000, -0.8520711660385132, 1.6552568674087524, 0.0)
(-1.0364223718643188, -0.936822235584259, 0.0, -1.0, -1.0, 0.0, 1000, 1000, 1000, 1000, -0.18467044830322266, 2.4992196559906006, 0.0)
(-0.6251482367515564, -1.0238821506500244, 0.0, -1.0, -1.0, 0.0, 1000, 1000, 1000, 1000, -0.0777745246887207, -1.5862900018692017, 0.0)
(-0.24574905633926392, -1.339285969734192, 0.0, -1.0, -1.0, 0.0, 1000, 1000, 1000, 1000, -0.8481467366218567, -1.686593770980835, 0.0)
(0.4371718168258667, -1.7255783081054688, 0.0, -1.0, -1.0, 0.0, 1000, 1000, 1000, 1000, 2.012225866317749, -1.1104791164398193, 0.0)
(0.7071639895439148, -0.6325867176055908, 0.0, -1.0, -1.0, 0.0, 1000, 1000, 1000, 1000, 0.6559324264526367, -0.2233601212501526, 0.0)
(0.22987207770347595, -1.0274358987808228, 0.0, -1.0, -1.0, 0.0, 1000, 1000, 1000, 1000, 0.30611586570739746, -2.501584768295288, 0.0)
(0.6861262917518616, -1.5819791555404663, 0.0, -1.0, -1.0, 0.0, 1000, 1000, 1000, 1000, 0.5517408847808838, -2.366586923599243, 0.0)
(0.8475325703620911, -1.8989580869674683, 0.0, -1.0, -1.0, 0.0, 1000, 1000, 1000, 1000, 0.45715880393981934, -2.5481977462768555, 0.0)
(-0.048086829483509064, -2.155522584915161, 0.0, -1.0, -1.0, 0.0, 1000, 1000, 1000, 1000, -0.9833321571350098, -3.396740436553955, 0.0)
(-1.8071576356887817, -2.414128541946411, 0.0, -1.0, -1.0, 0.0, 1100, 1100, 1100, 1100, -2.8119046688079834, -3.1197094917297363, 0.0)
(-1.7998881340026855, -3.0311806201934814, 0.0, -1.0, -1.0, 0.0, 1100, 1100, 1100, 1100, -1.2284910678863525, -4.030252456665039, 0.0)
(-1.8944666385650635, -2.585101842880249, 0.0, -1.0, -1.0, 0.0, 1100, 1100, 1100, 1100, -1.7139101028442383, -2.6993064880371094, 0.0)
(-2.268764019012451, -3.0373473167419434, 0.0, -1.0, -1.0, 0.0, 1100, 1100, 1100, 1100, -2.8177108764648438, -5.2016730308532715, 0.0)
(-2.084252119064331, -2.3948745727539062, 0.0, -1.0, -1.0, 0.0, 1130, 1150, 1180, 1155, -0.7211389541625977, -4.724884033203125, 0.0)
(-1.6321426630020142, -2.9791793823242188, 0.0, -1.0, -1.0, 0.0, 1144, 1156, 1172, 1146, 6.026766777038574, -6.274876594543457, 0.0)
(-1.1449642181396484, -3.777275323867798, 0.0, -1.0, -1.0, 0.0, 1144, 1154, 1184, 1152, 0.4152425527572632, -0.670379638671875, 0.0)
(-1.2154721021652222, -4.2917866706848145, 0.0, -1.0, -1.0, 0.0, 1191, 1202, 1228, 1193, 1.9116153717041016, -9.161298751831055, 0.0)
(-1.152189016342163, -2.556058883666992, 0.0, -1.0, -1.0, 0.0, 1218, 1236, 1250, 1227, -5.668766975402832, -3.491548538208008, 0.0)
(-1.026045322418213, -1.9677183628082275, 0.0, -1.0, -1.0, 0.0, 1219, 1245, 1256, 1241, 2.8895092010498047, -3.5464839935302734, 0.0)
(-0.9350572824478149, -2.6325104236602783, 0.0, -1.0, -1.0, 0.0, 1233, 1248, 1278, 1255, 11.437877655029297, -8.285295486450195, 0.0)
(-1.0158345699310303, -1.3521358966827393, 0.0, -1.0, -1.0, 0.0, 1284, 1288, 1269, 1241, -12.936509132385254, -4.3857927322387695, 0.0)
(-1.169151782989502, -1.2535123825073242, 0.0, -1.0, -1.0, 0.0, 1252, 1275, 1312, 1287, -9.807931900024414, 12.553522109985352, 0.0)
(-2.151959180831909, 2.8853111267089844, 0.0, -1.0, -1.0, 0.0, 1274, 1313, 1299, 1292, 0.09555435180664062, -23.305957794189453, 0.0)
(-1.9109582901000977, -2.339308023452759, 0.0, -1.0, -1.0, 0.0, 1306, 1337, 1341, 1322, -0.08069610595703125, -13.016315460205078, 0.0)
(-1.7758558988571167, 0.18231768906116486, 0.0, -1.0, -1.0, 0.0, 1358, 1378, 1398, 1379, 2.5338783264160156, 47.843971252441406, 0.0)
(-1.9521279335021973, 2.399528741836548, 0.0, -1.0, -1.0, 0.0, 1373, 1414, 1383, 1364, -28.83241081237793, 28.98395347595215, 0.0)
(-1.0050580501556396, 2.640690565109253, 0.0, -1.0, -1.0, 0.0, 1359, 1394, 1397, 1384, -22.606258392333984, 44.25284194946289, 0.0)
(-3.282184600830078, -1.1706877946853638, 0.0, -1.0, -1.0, 0.0, 1359, 1386, 1406, 1379, 21.815269470214844, 7.060993194580078, 0.0)
(-2.094254970550537, 1.1594829559326172, 0.0, -1.0, -1.0, 0.0, 1354, 1404, 1391, 1381, 10.551961898803711, -26.924680709838867, 0.0)
(-1.7125478982925415, 1.0892115831375122, 0.0, -1.0, -1.0, 0.0, 1348, 1391, 1401, 1390, -13.68927001953125, -56.4392204284668, 0.0)
(-3.297837495803833, -2.7463552951812744, 0.0, -1.0, -1.0, 0.0, 1364, 1369, 1413, 1383, -16.74898910522461, -54.60748291015625, 0.0)
(-2.820650577545166, -0.5637091994285583, 0.0, -1.0, -1.0, 0.0, 1380, 1384, 1393, 1374, 9.275701522827148, 11.262531280517578, 0.0)
(-3.291330575942993, -0.2691865563392639, 0.0, -1.0, -1.0, 0.0, 1364, 1386, 1404, 1375, -45.33698272705078, 18.108163833618164, 0.0)
(-0.5538241863250732, 1.333752155303955, 0.0, -1.0, -1.0, 0.0, 1350, 1394, 1399, 1387, -10.560653686523438, 5.663627624511719, 0.0)
(-0.4110090434551239, -0.9359036087989807, 0.0, -1.0, -1.0, 0.0, 1346, 1386, 1408, 1390, 19.882022857666016, -17.415679931640625, 0.0)
(0.558371901512146, 1.6979990005493164, 0.0, -1.0, -1.0, 0.0, 1362, 1390, 1392, 1387, 22.905719757080078, 9.246976852416992, 0.0)
(-0.4358462691307068, -0.0696854367852211, 0.0, -1.0, -1.0, 0.0, 1352, 1378, 1410, 1390, 3.7716493606567383, -12.705832481384277, 0.0)
(-0.5334453582763672, 1.0190404653549194, 0.0, -1.0, -1.0, 0.0, 1364, 1389, 1387, 1389, 26.913795471191406, -25.409870147705078, 0.0)
(-0.8323048949241638, -1.286056637763977, 0.0, -1.0, -1.0, 0.0, 1365, 1384, 1397, 1384, 5.711116790771484, -28.645904541015625, 0.0)
(0.7554630637168884, 0.46961450576782227, 0.0, -1.0, -1.0, 0.0, 1395, 1389, 1384, 1362, 1.4944725036621094, 31.125192642211914, 0.0)
(-0.6077516078948975, -0.3421984016895294, 0.0, -1.0, -1.0, 0.0, 1372, 1391, 1394, 1373, -5.727052688598633, 29.64814567565918, 0.0)
(-1.4816992282867432, 1.8658323287963867, 0.0, -1.0, -1.0, 0.0, 1374, 1413, 1412, 1403, -22.11984634399414, 11.073336601257324, 0.0)
(-1.8526241779327393, -0.8330888748168945, 0.0, -1.0, -1.0, 0.0, 1425, 1405, 1426, 1390, 2.595261573791504, 11.01435661315918, 0.0)
(-0.537179708480835, -0.19264034926891327, 0.0, -1.0, -1.0, 0.0, 1389, 1405, 1428, 1420, 26.702001571655273, -20.3623104095459, 0.0)
(-0.9850332736968994, 1.7053587436676025, 0.0, -1.0, -1.0, 0.0, 1387, 1417, 1425, 1413, -15.021499633789062, 6.961816787719727, 0.0)
(-2.751025676727295, -3.3059511184692383, 0.0, -1.0, -1.0, 0.0, 1397, 1413, 1434, 1398, -11.947979927062988, -2.806489944458008, 0.0)
(-1.0928981304168701, 0.20256388187408447, 0.0, -1.0, -1.0, 0.0, 1419, 1441, 1403, 1380, -1.4399528503417969, 24.761089324951172, 0.0)
(-0.2970064580440521, -3.2716801166534424, 0.0, -1.0, -1.0, 0.0, 1396, 1418, 1418, 1409, -2.6697311401367188, -6.160778045654297, 0.0)
(0.5635179281234741, -2.6602280139923096, 0.0, -1.0, -1.0, 0.0, 1392, 1397, 1432, 1421, 34.89701843261719, -19.65753746032715, 0.0)
(1.6487354040145874, 0.15705756843090057, 0.0, -1.0, -1.0, 0.0, 1392, 1432, 1408, 1410, 3.6126956939697266, -28.861364364624023, 0.0)
(-0.8389831781387329, -0.3055948317050934, 0.0, -1.0, -1.0, 0.0, 1394, 1422, 1420, 1406, -42.948936462402344, 12.346693992614746, 0.0)
(-2.2294139862060547, -3.030557632446289, 0.0, -1.0, -1.0, 0.0, 1408, 1410, 1434, 1390, -5.6141276359558105, -0.2837972640991211, 0.0)
(0.14209377765655518, -0.20287290215492249, 0.0, -1.0, -1.0, 0.0, 1415, 1425, 1403, 1399, 27.689178466796875, 32.1496467590332, 0.0)
(1.8724122047424316, 1.089011788368225, 0.0, -1.0, -1.0, 0.0, 1400, 1416, 1411, 1423, 35.13317108154297, 28.002853393554688, 0.0)
(-0.8349175453186035, 1.492409586906433, 0.0, -1.0, -1.0, 0.0, 1410, 1451, 1473, 1476, 14.778022766113281, -30.509693145751953, 0.0)
(0.22506149113178253, -0.03622946888208389, 0.0, -1.0, -1.0, 0.0, 1463, 1477, 1448, 1446, 31.066614151000977, -7.60142707824707, 0.0)
(0.07188431173563004, 2.9652295112609863, 0.0, -1.0, -1.0, 0.0, 1415, 1455, 1483, 1480, 11.988536834716797, 61.551780700683594, 0.0)
(-0.10460153967142105, 4.282622814178467, 0.0, -1.0, -1.0, 0.0, 1449, 1461, 1471, 1453, 22.01480484008789, 34.73534393310547, 0.0)
(-0.41852304339408875, 0.5521315932273865, 0.0, -1.0, -1.0, 0.0, 1443, 1483, 1461, 1443, -21.00220489501953, -18.29607582092285, 0.0)
(-4.029470920562744, -1.1180840730667114, 0.0, -1.0, -1.0, 0.0, 1389, 1447, 1516, 1478, -38.25485610961914, 8.497283935546875, 0.0)
(-6.810000419616699, -2.465836763381958, 0.0, -1.0, -1.0, 0.0, 1407, 1445, 1512, 1465, -12.747222900390625, 43.4390754699707, 0.0)
(-8.607776641845703, -7.061186790466309, 0.0, -1.0, -1.0, 0.0, 1477, 1493, 1461, 1399, -20.02869415283203, -75.68254852294922, 0.0)
(-4.670481204986572, -7.845675468444824, 0.0, -1.0, -1.0, 0.0, 1452, 1455, 1484, 1439, -6.823062896728516, -54.014495849609375, 0.0)
(-1.677827000617981, -3.711243152618408, 0.0, -1.0, -1.0, 0.0, 1463, 1438, 1474, 1454, 12.976448059082031, 20.813190460205078, 0.0)
(3.4220025539398193, -5.302499771118164, 0.0, -1.0, -1.0, 0.0, 1436, 1424, 1494, 1476, -18.158733367919922, 11.875516891479492, 0.0)
(2.7072670459747314, -5.285699844360352, 0.0, -1.0, -1.0, 0.0, 1434, 1430, 1503, 1464, 1.465566635131836, 18.685592651367188, 0.0)
(2.4166011810302734, -2.676172971725464, 0.0, -1.0, -1.0, 0.0, 1412, 1425, 1504, 1489, 39.82204055786133, -32.810306549072266, 0.0)
(-3.6791298389434814, -3.592639446258545, 0.0, -1.0, -1.0, 0.0, 1377, 1420, 1546, 1486, 5.563298225402832, -4.278756141662598, 0.0)
(-4.427057266235352, 0.018797725439071655, 0.0, -1.0, -1.0, 0.0, 1473, 1491, 1445, 1421, -10.021783828735352, -18.3071346282959, 0.0)
(-1.9008482694625854, 1.3488833904266357, 0.0, -1.0, -1.0, 0.0, 1541, 1546, 1368, 1375, -9.790823936462402, -21.780500411987305, 0.0)
(1.60476553440094, 1.488247275352478, 0.0, -1.0, -1.0, 0.0, 1489, 1482, 1420, 1439, -8.72227668762207, -5.137744903564453, 0.0)
(4.619072914123535, 0.7469614148139954, 0.0, -1.0, -1.0, 0.0, 1426, 1442, 1485, 1476, 42.826541900634766, -4.90872859954834, 0.0)
(2.620424270629883, 0.7448019981384277, 0.0, -1.0, -1.0, 0.0, 1370, 1432, 1530, 1498, 6.868520736694336, 26.98153305053711, 0.0)
(-2.8707191944122314, 1.4073790311813354, 0.0, -1.0, -1.0, 0.0, 1352, 1431, 1532, 1515, 55.55913543701172, -25.27307891845703, 0.0)
(-6.137168884277344, 2.298220634460449, 0.0, -1.0, -1.0, 0.0, 1423, 1460, 1474, 1473, 38.36213684082031, -42.62815856933594, 0.0)
(-7.616618633270264, 3.0512351989746094, 0.0, -1.0, -1.0, 0.0, 1481, 1527, 1417, 1406, 18.722238540649414, -3.289153575897217, 0.0)
(-4.453120231628418, -0.3971824049949646, 0.0, -1.0, -1.0, 0.0, 1533, 1535, 1391, 1371, -43.661293029785156, 14.35878849029541, 0.0)
(1.595473051071167, 0.21871118247509003, 0.0, -1.0, -1.0, 0.0, 1448, 1453, 1465, 1465, -40.522682189941406, 23.18915557861328, 0.0)
(5.819699764251709, -0.9896448850631714, 0.0, -1.0, -1.0, 0.0, 1433, 1436, 1485, 1476, 35.51070022583008, 14.677422523498535, 0.0)
(2.39636492729187, -1.746686577796936, 0.0, -1.0, -1.0, 0.0, 1396, 1397, 1534, 1503, 63.60693359375, -17.373451232910156, 0.0)
(-8.669282913208008, 0.10782153904438019, 0.0, -1.0, -1.0, 0.0, 1356, 1437, 1542, 1495, -41.49839401245117, -28.88905143737793, 0.0)
(-8.545136451721191, 2.4903924465179443, 0.0, -1.0, -1.0, 0.0, 1494, 1531, 1414, 1391, -10.678871154785156, 26.78799819946289, 0.0)
(-3.5888941287994385, 1.0418672561645508, 0.0, -1.0, -1.0, 0.0, 1523, 1541, 1393, 1373, -11.760917663574219, -46.516021728515625, 0.0)
(-0.7030864357948303, 1.6256483793258667, 0.0, -1.0, -1.0, 0.0, 1503, 1472, 1441, 1414, 10.05742073059082, -11.987152099609375, 0.0)
(0.5132215619087219, 0.586654543876648, 0.0, -1.0, -1.0, 0.0, 1412, 1434, 1498, 1486, -5.781715393066406, -23.41973114013672, 0.0)
(-0.6766515374183655, -0.8450435996055603, 0.0, -1.0, -1.0, 0.0, 1358, 1378, 1561, 1533, 74.9509506225586, -9.186996459960938, 0.0)
(-4.232697486877441, -0.6295362114906311, 0.0, -1.0, -1.0, 0.0, 1347, 1410, 1557, 1517, -14.45085334777832, -40.800838470458984, 0.0)
(-5.427018165588379, 7.041635513305664, 0.0, -1.0, -1.0, 0.0, 1457, 1505, 1428, 1440, 40.013641357421875, 34.63545227050781, 0.0)
(-1.3051128387451172, 2.61934757232666, 0.0, -1.0, -1.0, 0.0, 1503, 1506, 1401, 1424, -7.615863800048828, -24.354263305664062, 0.0)
(1.2758519649505615, 0.7367176413536072, 0.0, -1.0, -1.0, 0.0, 1479, 1501, 1424, 1426, -2.2779502868652344, -38.465110778808594, 0.0)
(2.940836191177368, 2.89728045463562, 0.0, -1.0, -1.0, 0.0, 1387, 1424, 1509, 1514, -5.69721794128418, 12.380575180053711, 0.0)
(-1.2908135652542114, -0.4163742661476135, 0.0, -1.0, -1.0, 0.0, 1323, 1385, 1577, 1545, 7.127220153808594, -53.31398010253906, 0.0)
(-6.1366448402404785, 2.516071319580078, 0.0, -1.0, -1.0, 0.0, 1364, 1446, 1518, 1506, 13.264996528625488, 27.31332015991211, 0.0)
(-9.230033874511719, 4.137138366699219, 0.0, -1.0, -1.0, 0.0, 1492, 1560, 1390, 1387, -32.05971908569336, 36.71577835083008, 0.0)
(-3.5131020545959473, 2.5066094398498535, 0.0, -1.0, -1.0, 0.0, 1550, 1532, 1384, 1368, 2.3224868774414062, 28.0029296875, 0.0)
(-0.6037279963493347, 1.1170047521591187, 0.0, -1.0, -1.0, 0.0, 1387, 1422, 1516, 1504, -28.462060928344727, 20.2242374420166, 0.0)
(-2.642731189727783, 1.0170892477035522, 0.0, -1.0, -1.0, 0.0, 1433, 1461, 1487, 1453, -67.82604217529297, -7.339498519897461, 0.0)
(-0.13865770399570465, -1.4781601428985596, 0.0, -1.0, -1.0, 0.0, 1431, 1429, 1497, 1473, 9.286535263061523, -22.896955490112305, 0.0)
(0.6643409729003906, -0.4813416600227356, 0.0, -1.0, -1.0, 0.0, 1472, 1435, 1487, 1441, 4.396900177001953, 7.710616588592529, 0.0)
(-2.978114366531372, -2.679133892059326, 0.0, -1.0, -1.0, 0.0, 1407, 1438, 1500, 1486, -3.808147430419922, 9.77376651763916, 0.0)
(-3.0436813831329346, -8.691863059997559, 0.0, -1.0, -1.0, 0.0, 1448, 1460, 1474, 1452, -7.863353729248047, 55.922977447509766, 0.0)
(-1.5711162090301514, -3.3651328086853027, 0.0, -1.0, -1.0, 0.0, 1427, 1474, 1471, 1458, -23.7320556640625, 42.905967712402344, 0.0)
(1.0666431188583374, 4.466865062713623, 0.0, -1.0, -1.0, 0.0, 1435, 1467, 1467, 1465, -22.007125854492188, 46.42877197265625, 0.0)
(0.8348619937896729, 1.7480322122573853, 0.0, -1.0, -1.0, 0.0, 1432, 1446, 1482, 1470, 9.126055717468262, -1.0940388441085815, 0.0)
(0.8796021342277527, 2.0142931938171387, 0.0, -1.0, -1.0, 0.0, 1449, 1466, 1462, 1457, 11.038000106811523, -14.930330276489258, 0.0)
(-2.221200942993164, -1.323773741722107, 0.0, -1.0, -1.0, 0.0, 1456, 1467, 1475, 1432, 5.09234619140625, -29.993896484375, 0.0)
(-3.336934804916382, -4.5634765625, 0.0, -1.0, 0.0, 0.0, 1470, 1469, 1451, 1440, 39.07966232299805, -34.96232223510742, 0.0)
(-4.152675151824951, -4.167888164520264, 0.0, -1.0, -1.0, 0.0, 1411, 1483, 1473, 1463, -62.3756217956543, -12.007354736328125, 0.0)
(-3.8031575679779053, -1.3486944437026978, 0.0, -1.0, -1.0, 0.0, 1426, 1469, 1480, 1460, -39.314979553222656, 8.941858291625977, 0.0)
(-0.5134536623954773, 8.300472259521484, 0.0, -1.0, -1.0, 0.0, 1412, 1453, 1478, 1487, -7.00290584564209, 8.757940292358398, 0.0)
(1.1950644254684448, 7.412243366241455, 0.0, -1.0, 0.0, 0.0, 1436, 1446, 1475, 1473, 20.171226501464844, 6.890686988830566, 0.0)
(-0.6419026255607605, -2.316305637359619, 0.0, -1.0, -1.0, 0.0, 1435, 1464, 1480, 1451, -7.246189117431641, -33.7423095703125, 0.0)
(-2.7878551483154297, -7.8662238121032715, 0.0, -1.0, -1.0, 0.0, 1432, 1446, 1499, 1457, 13.97182846069336, -41.35335159301758, 0.0)
(-5.072206974029541, -9.930395126342773, 0.0, -1.0, -1.0, 0.0, 1452, 1448, 1482, 1448, 26.993946075439453, -46.6338996887207, 0.0)
(-7.149933338165283, -7.387106895446777, 0.0, -1.0, 0.0, 0.0, 1432, 1448, 1499, 1452, 4.250881195068359, -5.034527778625488, 0.0)
(-3.529831886291504, 0.34414345026016235, 0.0, -1.0, -1.0, 0.0, 1408, 1459, 1477, 1486, 28.925580978393555, 14.563323020935059, 0.0)
(-1.22451913356781, 7.021769046783447, 0.0, -1.0, 0.0, 0.0, 1432, 1486, 1458, 1458, 3.212890625, 44.815425872802734, 0.0)
(-0.46802183985710144, 1.1089401245117188, 0.0, -1.0, -1.0, 0.0, 1412, 1454, 1489, 1475, -1.6487789154052734, -30.57602310180664, 0.0)
(-0.7534491419792175, 0.09540446847677231, 0.0, -1.0, 0.0, 0.0, 1442, 1455, 1477, 1455, 18.19141960144043, -29.761220932006836, 0.0)
(-3.074828863143921, -5.407032012939453, 0.0, -1.0, -1.0, 0.0, 1430, 1438, 1495, 1467, 11.865966796875, -32.02020263671875, 0.0)
(-3.829984664916992, -7.757803440093994, 0.0, -1.0, 0.0, 0.0, 1457, 1456, 1474, 1443, 2.3654308319091797, -13.032493591308594, 0.0)
(-1.6253520250320435, -1.94796884059906, 0.0, -1.0, -1.0, 0.0, 1451, 1467, 1458, 1453, -8.674299240112305, 30.02071189880371, 0.0)
(-1.3617147207260132, 8.015417098999023, 0.0, -1.0, 0.0, 0.0, 1417, 1453, 1484, 1476, -5.8197784423828125, 52.707340240478516, 0.0)
(0.4517548978328705, 9.877994537353516, 0.0, -1.0, -1.0, 0.0, 1456, 1488, 1435, 1451, 34.23255920410156, 10.259149551391602, 0.0)
(0.6587567925453186, 7.9132490158081055, 0.0, -1.0, -1.0, 0.0, 1452, 1460, 1466, 1451, 12.931140899658203, -2.9382662773132324, 0.0)
(-4.134652614593506, 0.1352348029613495, 0.0, -1.0, -1.0, 0.0, 1444, 1467, 1482, 1437, 5.019679069519043, -10.338659286499023, 0.0)
(-4.066145896911621, -4.245430946350098, 0.0, -1.0, 0.0, 0.0, 1458, 1489, 1471, 1411, -43.66669845581055, 22.592578887939453, 0.0)
(-4.27786111831665, -9.010514259338379, 0.0, -1.0, -1.0, 0.0, 1420, 1431, 1499, 1481, 34.12367248535156, -29.465490341186523, 0.0)
(-1.0193592309951782, 1.9134416580200195, 0.0, 0.0, -1.0, 0.0, 1417, 1434, 1494, 1485, 57.75004959106445, -3.2377891540527344, 0.0)
(-0.8589962720870972, 3.567567825317383, 0.0, -1.0, -1.0, 0.0, 1414, 1460, 1475, 1480, 32.08781433105469, -24.109601974487305, 0.0)
(-1.575108528137207, 4.368430137634277, 0.0, -1.0, 0.0, 0.0, 1405, 1467, 1490, 1467, -30.789813995361328, -21.73345947265625, 0.0)
(-0.07791855186223984, 4.081659317016602, 0.0, -1.0, -1.0, 0.0, 1419, 1467, 1472, 1472, 7.191928863525391, 14.437606811523438, 0.0)
(-3.9892525672912598, -4.4539642333984375, 0.0, 0.0, -1.0, 0.0, 1431, 1459, 1496, 1444, -16.174461364746094, -14.986459732055664, 0.0)
(-4.206820964813232, -6.140183925628662, 0.0, -1.0, -1.0, 0.0, 1430, 1456, 1476, 1468, 4.487560272216797, -41.96595764160156, 0.0)
(-4.5287675857543945, -0.8208377361297607, 0.0, -1.0, 0.0, 0.0, 1448, 1466, 1472, 1444, 6.387840270996094, 17.255002975463867, 0.0)
(-3.8678414821624756, 5.486668586730957, 0.0, -1.0, -1.0, 0.0, 1428, 1480, 1458, 1463, -8.202308654785156, 53.70408630371094, 0.0)
(-1.405266284942627, 7.8440656661987305, 0.0, 0.0, -1.0, 0.0, 1409, 1464, 1476, 1480, -18.950523376464844, 12.09043025970459, 0.0)
(-2.3656399250030518, 8.302467346191406, 0.0, -1.0, -1.0, 0.0, 1384, 1468, 1482, 1495, -19.015514373779297, 44.129573822021484, 0.0)
(-3.634631395339966, -3.8674957752227783, 0.0, -1.0, 0.0, 0.0, 1446, 1453, 1506, 1421, -69.60403442382812, -10.371118545532227, 0.0)
(-5.542608737945557, -10.9795503616333, 0.0, -1.0, -1.0, 0.0, 1437, 1451, 1503, 1435, -0.3556499481201172, -27.886762619018555, 0.0)
(-5.5243449211120605, -9.967157363891602, 0.0, 0.0, -1.0, 0.0, 1473, 1460, 1482, 1415, -2.8532917499542236, -0.24132347106933594, 0.0)
(-4.505767822265625, -2.279222249984741, 0.0, -1.0, -1.0, 0.0, 1447, 1478, 1473, 1432, -2.4455461502075195, 8.004158020019531, 0.0)
(-1.4273790121078491, 7.026856899261475, 0.0, -1.0, 0.0, 0.0, 1456, 1493, 1439, 1442, 46.13417053222656, -6.94420051574707, 0.0)
(-0.7544150948524475, 11.17451000213623, 0.0, -1.0, -1.0, 0.0, 1404, 1474, 1470, 1479, -8.851089477539062, -13.476231575012207, 0.0)
(-0.844925045967102, 2.0503053665161133, 0.0, 0.0, -1.0, 0.0, 1445, 1447, 1491, 1447, -10.018152236938477, 8.835920333862305, 0.0)
(-3.4087088108062744, 0.34220945835113525, 0.0, -1.0, -1.0, 0.0, 1422, 1464, 1488, 1456, -1.9182634353637695, -8.320009231567383, 0.0)
(-5.35262393951416, -4.245513439178467, 0.0, 0.0, -1.0, 0.0, 1451, 1462, 1478, 1439, -13.398537635803223, -22.627811431884766, 0.0)
(-4.45107889175415, -3.221872091293335, 0.0, -1.0, -1.0, 0.0, 1439, 1475, 1485, 1431, -48.86921310424805, -16.49250030517578, 0.0)
(-3.5758533477783203, -8.698328971862793, 0.0, 0.0, -1.0, 0.0, 1429, 1427, 1520, 1458, -13.363327026367188, -73.69757080078125, 0.0)
(-2.6523237228393555, -10.55794620513916, 0.0, -1.0, -1.0, 0.0, 1477, 1475, 1526, 1475, 19.55883026123047, -17.23470687866211, 0.0)
(-2.0072832107543945, -10.026297569274902, 0.0, 0.0, -1.0, 0.0, 1495, 1505, 1527, 1479, 9.652912139892578, -10.593851089477539, 0.0)
(-2.8364100456237793, -6.490854263305664, 0.0, -1.0, -1.0, 0.0, 1524, 1542, 1537, 1496, 0.6550502777099609, 8.702730178833008, 0.0)
(-3.3491690158843994, -5.529173851013184, 0.0, 0.0, -1.0, 0.0, 1516, 1543, 1560, 1527, -15.493326187133789, -5.2520365715026855, 0.0)
(-3.2352492809295654, -3.4591753482818604, 0.0, -1.0, -1.0, 0.0, 1539, 1560, 1546, 1501, -16.872623443603516, 11.379349708557129, 0.0)
(-1.7810535430908203, -0.6253753304481506, 0.0, -1.0, -1.0, 0.0, 1524, 1541, 1540, 1541, 36.959266662597656, -16.89592742919922, 0.0)
(-1.6448712348937988, 2.8712010383605957, 0.0, -1.0, -1.0, 0.0, 1500, 1543, 1566, 1537, 8.63687515258789, 65.5731430053711, 0.0)
(-8.006614685058594, -0.7842462062835693, 0.0, 0.0, -1.0, 0.0, 1497, 1547, 1583, 1519, 16.87529754638672, -21.61455535888672, 0.0)
(-10.647308349609375, 1.3902982473373413, 0.0, -1.0, -1.0, 0.0, 1492, 1561, 1565, 1525, -24.87206268310547, 21.627365112304688, 0.0)
(-8.636345863342285, 1.4497851133346558, 0.0, -1.0, -1.0, 0.0, 1582, 1594, 1498, 1468, -13.751996994018555, -34.621246337890625, 0.0)
(-2.419131278991699, 3.230172872543335, 0.0, -1.0, -1.0, 0.0, 1542, 1560, 1534, 1506, 48.4698486328125, 20.906843185424805, 0.0)
(-2.6719603538513184, -3.3004541397094727, 0.0, 0.0, -1.0, 0.0, 1499, 1552, 1557, 1534, -29.024721145629883, -6.478618621826172, 0.0)
(-1.378118634223938, -1.2875428199768066, 0.0, -1.0, -1.0, 0.0, 1525, 1550, 1536, 1534, 24.147220611572266, 54.65211486816406, 0.0)
(-4.680745601654053, 4.879525184631348, 0.0, -1.0, -1.0, 0.0, 1517, 1593, 1589, 1556, -55.3392333984375, 15.569601058959961, 0.0)
(2.0781307220458984, 4.423795700073242, 0.0, -1.0, -1.0, 0.0, 1575, 1573, 1598, 1600, 65.76504516601562, 8.574516296386719, 0.0)
(4.460899353027344, 7.87457275390625, 0.0, 0.0, -1.0, 0.0, 1517, 1568, 1616, 1645, 16.66053581237793, 16.65673828125, 0.0)
(-0.11407438665628433, 3.547672748565674, 0.0, -1.0, -1.0, 0.0, 1568, 1582, 1596, 1595, 37.9265022277832, 37.19379806518555, 0.0)
(3.4058666229248047, 8.177268981933594, 0.0, -1.0, -1.0, 0.0, 1571, 1585, 1579, 1611, 28.785364151000977, 40.7442626953125, 0.0)
(2.1048099994659424, -1.253721833229065, 0.0, -1.0, -1.0, 0.0, 1602, 1592, 1594, 1558, 3.177760601043701, 3.972121238708496, 0.0)
(-1.528076410293579, 2.119227647781372, 0.0, 0.0, -1.0, 0.0, 1564, 1586, 1594, 1602, 45.16388702392578, 16.888967514038086, 0.0)
(-2.474479913711548, 3.3852226734161377, 0.0, -1.0, -1.0, 0.0, 1551, 1583, 1601, 1606, 7.7887725830078125, 63.885963439941406, 0.0)
(-0.6084176898002625, -0.3072108030319214, 0.0, -1.0, -1.0, 0.0, 1560, 1559, 1616, 1606, 33.63528823852539, 43.179054260253906, 0.0)
(2.041207790374756, 2.5251569747924805, 0.0, -1.0, -1.0, 0.0, 1548, 1551, 1620, 1623, 30.007539749145508, 12.203407287597656, 0.0)
(-2.5357515811920166, -1.2818857431411743, 0.0, 0.0, -1.0, 0.0, 1586, 1593, 1598, 1565, 20.64836883544922, 21.877090454101562, 0.0)
(1.173405408859253, -0.1666795164346695, 0.0, -1.0, -1.0, 0.0, 1581, 1589, 1584, 1584, 21.754051208496094, 26.195106506347656, 0.0)
(-1.7865428924560547, 4.155009746551514, 0.0, -1.0, -1.0, 0.0, 1528, 1568, 1611, 1636, 27.795520782470703, 13.694507598876953, 0.0)
(-2.013652801513672, -2.207961320877075, 0.0, -1.0, -1.0, 0.0, 1594, 1583, 1601, 1563, 50.535980224609375, -18.214113235473633, 0.0)
(3.0311195850372314, -3.893792152404785, 0.0, 0.0, -1.0, 0.0, 1572, 1574, 1598, 1598, 30.178585052490234, -34.480525970458984, 0.0)
(3.30950665473938, -1.3785735368728638, 0.0, -1.0, -1.0, 0.0, 1549, 1572, 1614, 1607, 0.5472049713134766, -23.97784996032715, 0.0)
(1.4399735927581787, -1.4203921556472778, 0.0, -1.0, -1.0, 0.0, 1556, 1564, 1612, 1611, 10.951597213745117, -17.06205940246582, 0.0)
(0.8343381285667419, 0.6430833339691162, 0.0, -1.0, -1.0, 0.0, 1575, 1593, 1622, 1560, -26.195377349853516, 28.44287872314453, 0.0)
(-1.6635123491287231, 3.5727081298828125, 0.0, 0.0, -1.0, 0.0, 1590, 1625, 1597, 1585, 10.038702964782715, 12.88228988647461, 0.0)
(-0.05853225663304329, 5.134252548217773, 0.0, -1.0, -1.0, 0.0, 1574, 1612, 1602, 1614, -8.028263092041016, 26.795669555664062, 0.0)
(2.742147207260132, 8.141139030456543, 0.0, -1.0, -1.0, 0.0, 1591, 1610, 1588, 1613, 27.276885986328125, 54.24580383300781, 0.0)
(0.7329910397529602, 6.847115993499756, 0.0, -1.0, -1.0, 0.0, 1592, 1650, 1613, 1627, -1.125680923461914, -7.413816452026367, 0.0)
(1.579028606414795, 3.2340197563171387, 0.0, 0.0, -1.0, 0.0, 1594, 1644, 1631, 1613, -33.62592315673828, 12.389646530151367, 0.0)
(0.830825686454773, -4.489022254943848, 0.0, -1.0, -1.0, 0.0, 1618, 1598, 1642, 1620, 26.21040153503418, 6.576089859008789, 0.0)
(3.0284788608551025, 3.2966670989990234, 0.0, -1.0, -1.0, 0.0, 1574, 1631, 1632, 1641, -18.41876983642578, -5.389461517333984, 0.0)
(2.4134929180145264, 11.862279891967773, 0.0, -1.0, -1.0, 0.0, 1617, 1655, 1594, 1612, 10.377469062805176, 9.140172958374023, 0.0)
(0.7417099475860596, 10.202258110046387, 0.0, 0.0, -1.0, 0.0, 1579, 1649, 1613, 1638, -26.248592376708984, -39.16515350341797, 0.0)
(2.6172406673431396, 11.014046669006348, 0.0, -1.0, -1.0, 0.0, 1615, 1650, 1588, 1625, 2.1895599365234375, 57.14838409423828, 0.0)
(4.414778232574463, 10.958562850952148, 0.0, -1.0, -1.0, 0.0, 1551, 1621, 1628, 1678, -5.211191177368164, 1.7421703338623047, 0.0)
(3.6968002319335938, 2.700270652770996, 0.0, -1.0, -1.0, 0.0, 1566, 1596, 1656, 1660, -14.890562057495117, -22.763656616210938, 0.0)
(3.9612410068511963, 9.116899490356445, 0.0, 0.0, -1.0, 0.0, 1623, 1648, 1596, 1612, 5.852052688598633, 10.801016807556152, 0.0)
(0.6994346976280212, 7.871438026428223, 0.0, -1.0, -1.0, 0.0, 1583, 1631, 1640, 1623, -23.25521469116211, 35.64555358886719, 0.0)
(1.5613113641738892, 6.580068588256836, 0.0, -1.0, -1.0, 0.0, 1623, 1643, 1597, 1615, 0.8494224548339844, -17.330902099609375, 0.0)
(3.2243692874908447, -6.716728210449219, 0.0, -1.0, -1.0, 0.0, 1564, 1590, 1657, 1667, -1.5470256805419922, -24.349361419677734, 0.0)
(3.603344678878784, -3.6751575469970703, 0.0, 0.0, -1.0, 0.0, 1546, 1567, 1667, 1698, 24.979463577270508, -20.93492317199707, 0.0)
(1.4976965188980103, 5.215583801269531, 0.0, -1.0, -1.0, 0.0, 1620, 1626, 1617, 1614, 16.321727752685547, 8.319511413574219, 0.0)
(-2.0296027660369873, -0.7834770679473877, 0.0, -1.0, -1.0, 0.0, 1635, 1642, 1605, 1596, 12.20306396484375, -26.733760833740234, 0.0)
(-4.554137706756592, -2.534022808074951, 0.0, -1.0, -1.0, 0.0, 1633, 1648, 1624, 1573, -0.5500144958496094, 13.257410049438477, 0.0)
(-2.7649645805358887, -1.0259078741073608, 0.0, 0.0, -1.0, 0.0, 1601, 1626, 1654, 1597, -18.43995475769043, 19.60149574279785, 0.0)
(0.23359835147857666, 9.972879409790039, 0.0, -1.0, -1.0, 0.0, 1576, 1633, 1622, 1647, -10.501274108886719, -64.2467269897461, 0.0)
(-0.045656003057956696, 13.099827766418457, 0.0, -1.0, -1.0, 0.0, 1622, 1672, 1605, 1579, -34.15521240234375, 21.64927864074707, 0.0)
(5.251240253448486, 3.9464614391326904, 0.0, -1.0, -1.0, 0.0, 1622, 1630, 1600, 1626, 29.70042610168457, -5.979146957397461, 0.0)
(3.9130351543426514, 0.6093257069587708, 0.0, 0.0, -1.0, 0.0, 1601, 1611, 1638, 1628, -0.9934911727905273, -9.200785636901855, 0.0)
(3.7348439693450928, 6.4617509841918945, 0.0, -1.0, -1.0, 0.0, 1602, 1621, 1628, 1627, 4.583727836608887, 10.099311828613281, 0.0)
(-0.4252306818962097, 1.846935510635376, 0.0, -1.0, -1.0, 0.0, 1581, 1625, 1646, 1626, -16.798900604248047, 24.72562026977539, 0.0)
(-0.14050397276878357, 1.3037073612213135, 0.0, -1.0, -1.0, 0.0, 1572, 1628, 1621, 1658, 8.33470344543457, -17.818649291992188, 0.0)
(0.5731735825538635, 4.129577159881592, 0.0, -1.0, -1.0, 0.0, 1630, 1635, 1607, 1607, 5.3641204833984375, -26.631444931030273, 0.0)
(-5.659353733062744, 7.636063098907471, 0.0, -1.0, -1.0, 0.0, 1608, 1668, 1620, 1583, -27.488374710083008, -58.47297668457031, 0.0)
(-2.738111734390259, 1.1310982704162598, 0.0, -1.0, -1.0, 0.0, 1623, 1653, 1616, 1586, -23.72681427001953, 27.218955993652344, 0.0)
(1.7425451278686523, 1.9067957401275635, 0.0, -1.0, -1.0, 0.0, 1596, 1618, 1630, 1634, 1.6269679069519043, -5.912405014038086, 0.0)
(2.7107784748077393, 3.83735990524292, 0.0, -1.0, -1.0, 0.0, 1611, 1605, 1630, 1632, 40.594993591308594, 7.9147491455078125, 0.0)
(1.3591760396957397, 0.16721183061599731, 0.0, -1.0, -1.0, 0.0, 1608, 1621, 1634, 1614, 12.221725463867188, -8.154903411865234, 0.0)
(4.484307289123535, 1.6226608753204346, 0.0, -1.0, -1.0, 0.0, 1633, 1641, 1598, 1606, 18.14665985107422, -7.806545257568359, 0.0)
(-4.834090709686279, 0.7320497035980225, 0.0, -1.0, -1.0, 0.0, 1599, 1636, 1625, 1619, -0.6195979118347168, -2.8207740783691406, 0.0)
(1.4885615110397339, -3.156555414199829, 0.0, -1.0, -1.0, 0.0, 1626, 1628, 1615, 1609, 51.6011848449707, 27.027225494384766, 0.0)
(0.638475239276886, 1.4176901578903198, 0.0, -1.0, -1.0, 0.0, 1555, 1606, 1651, 1666, -12.46190357208252, -4.737705230712891, 0.0)
(0.9483678340911865, 4.023625373840332, 0.0, -1.0, -1.0, 0.0, 1610, 1623, 1626, 1618, 14.582172393798828, 23.215595245361328, 0.0)
(-1.0991132259368896, 2.4750869274139404, 0.0, -1.0, -1.0, 0.0, 1595, 1612, 1641, 1630, 24.611724853515625, -54.521934509277344, 0.0)
(1.3008159399032593, -1.731050729751587, 0.0, -1.0, -1.0, 0.0, 1617, 1617, 1644, 1600, -12.609665870666504, -10.021993637084961, 0.0)
(-3.841729164123535, 4.329251766204834, 0.0, -1.0, -1.0, 0.0, 1596, 1650, 1617, 1615, -2.471864700317383, -23.64502716064453, 0.0)
(0.767349123954773, -0.3347245156764984, 0.0, -1.0, -1.0, 0.0, 1624, 1632, 1616, 1606, 29.365694046020508, 35.673763275146484, 0.0)
(1.549580693244934, 7.141478538513184, 0.0, -1.0, -1.0, 0.0, 1554, 1597, 1651, 1676, 13.16642951965332, 11.342517852783203, 0.0)
(2.624021053314209, 14.465446472167969, 0.0, -1.0, -1.0, 0.0, 1565, 1643, 1604, 1667, -23.08644676208496, -1.1363258361816406, 0.0)
(3.352121114730835, 12.532776832580566, 0.0, -1.0, -1.0, 0.0, 1598, 1640, 1583, 1657, 49.802330017089844, 21.692184448242188, 0.0)
(3.6701958179473877, 13.52942943572998, 0.0, -1.0, -1.0, 0.0, 1561, 1613, 1629, 1676, -0.43744850158691406, 12.836886405944824, 0.0)
(0.04920794069766998, 8.262731552124023, 0.0, -1.0, -1.0, 0.0, 1612, 1626, 1628, 1613, 3.2923221588134766, 20.6187744140625, 0.0)
(0.18590083718299866, 9.025031089782715, 0.0, -1.0, -1.0, 0.0, 1602, 1632, 1614, 1633, 28.04781723022461, -10.101635932922363, 0.0)
(1.6567037105560303, 4.206551551818848, 0.0, -1.0, -1.0, 0.0, 1621, 1636, 1621, 1608, 1.1431007385253906, -5.4507904052734375, 0.0)
(0.5366713404655457, 4.665687084197998, 0.0, -1.0, -1.0, 0.0, 1550, 1615, 1650, 1667, -27.2174129486084, -9.529438018798828, 0.0)
(-1.1678738594055176, 5.6734113693237305, 0.0, -1.0, -1.0, 0.0, 1618, 1649, 1601, 1610, -1.3138890266418457, -5.776732444763184, 0.0)
(0.10361630469560623, 9.543850898742676, 0.0, -1.0, -1.0, 0.0, 1596, 1664, 1611, 1606, -58.22133255004883, 6.634143829345703, 0.0)
(1.5696746110916138, -1.2433555126190186, 0.0, -1.0, -1.0, 0.0, 1620, 1609, 1633, 1615, 27.87897491455078, 32.82859802246094, 0.0)
(1.1598129272460938, 2.16532826423645, 0.0, -1.0, -1.0, 0.0, 1581, 1613, 1635, 1644, -7.220705032348633, 23.2901668548584, 0.0)
(0.6720670461654663, 2.445049524307251, 0.0, -1.0, -1.0, 0.0, 1615, 1619, 1622, 1619, 15.506905555725098, -6.931662559509277, 0.0)
(4.168050289154053, 0.11445794999599457, 0.0, -1.0, -1.0, 0.0, 1594, 1609, 1630, 1642, 5.876075744628906, 9.219306945800781, 0.0)
(3.7034246921539307, 4.963375568389893, 0.0, -1.0, -1.0, 0.0, 1573, 1628, 1614, 1659, -8.328733444213867, -32.597625732421875, 0.0)
(3.464003801345825, 3.7186636924743652, 0.0, -1.0, -1.0, 0.0, 1598, 1621, 1617, 1639, -2.5354080200195312, -21.772905349731445, 0.0)
(4.520973205566406, 1.7699896097183228, 0.0, -1.0, -1.0, 0.0, 1588, 1594, 1632, 1660, 36.12305450439453, 23.818344116210938, 0.0)
(1.7460967302322388, 9.493879318237305, 0.0, -1.0, -1.0, 0.0, 1563, 1602, 1640, 1669, -7.239870071411133, 23.21309471130371, 0.0)
(11.598210334777832, 13.940074920654297, 0.0, -1.0, -1.0, 0.0, 1581, 1588, 1614, 1690, 36.16069793701172, 0.5881824493408203, 0.0)
(10.718053817749023, 8.167600631713867, 0.0, -1.0, -1.0, 0.0, 1518, 1558, 1680, 1719, -18.91303062438965, 18.679872512817383, 0.0)
(12.218103408813477, 8.497809410095215, 0.0, -1.0, -1.0, 0.0, 1542, 1563, 1666, 1703, 71.89777374267578, -10.719428062438965, 0.0)
(10.065106391906738, 9.305063247680664, 0.0, -1.0, -1.0, 0.0, 1625, 1653, 1592, 1604, -8.463394165039062, 44.640235900878906, 0.0)
(7.811959266662598, 12.161426544189453, 0.0, -1.0, -1.0, 0.0, 1654, 1660, 1562, 1598, -1.7605628967285156, 57.94188690185547, 0.0)
(7.995757579803467, 10.123687744140625, 0.0, -1.0, -1.0, 0.0, 1575, 1630, 1614, 1655, 6.424171447753906, 38.644012451171875, 0.0)
(4.931363582611084, 3.4353976249694824, 0.0, -1.0, -1.0, 0.0, 1669, 1658, 1570, 1576, 9.4764986038208, -0.3604567050933838, 0.0)
(5.7208027839660645, 3.27266263961792, 0.0, -1.0, -1.0, 0.0, 1602, 1627, 1612, 1633, 17.43090057373047, 21.0535945892334, 0.0)
(0.8691179752349854, 9.245421409606934, 0.0, -1.0, -1.0, 0.0, 1575, 1630, 1629, 1639, -5.125278472900391, 32.382469177246094, 0.0)
(7.158600330352783, 7.757565021514893, 0.0, -1.0, -1.0, 0.0, 1607, 1605, 1612, 1650, 20.93459129333496, 0.73738694190979, 0.0)
(7.415350437164307, 5.727720260620117, 0.0, -1.0, -1.0, 0.0, 1590, 1615, 1625, 1644, -1.9129689931869507, -1.1038169860839844, 0.0)
(8.918014526367188, 6.071497917175293, 0.0, -1.0, -1.0, 0.0, 1587, 1625, 1601, 1661, 16.913909912109375, -16.992942810058594, 0.0)
(9.226150512695312, 7.467972755432129, 0.0, -1.0, -1.0, 0.0, 1614, 1645, 1579, 1636, 27.26922607421875, 22.074840545654297, 0.0)
(8.847689628601074, 7.774734020233154, 0.0, -1.0, -1.0, 0.0, 1586, 1638, 1601, 1648, 37.5142707824707, 42.48087692260742, 0.0)
(7.416905403137207, 8.492542266845703, 0.0, -1.0, -1.0, 0.0, 1611, 1639, 1595, 1629, 16.261112213134766, 55.32294464111328, 0.0)
(6.579343318939209, 3.640984535217285, 0.0, -1.0, -1.0, 0.0, 1631, 1649, 1592, 1603, -8.415519714355469, 18.87632179260254, 0.0)
(6.575575828552246, -0.2559366226196289, 0.0, -1.0, -1.0, 0.0, 1588, 1596, 1640, 1645, 12.231521606445312, -17.03862953186035, 0.0)
(7.527550220489502, 9.686894416809082, 0.0, -1.0, -1.0, 0.0, 1594, 1611, 1625, 1644, 0.3646278381347656, 29.159637451171875, 0.0)
(11.433515548706055, 8.09676456451416, 0.0, -1.0, -1.0, 0.0, 1600, 1600, 1619, 1655, 10.936372756958008, 26.163066864013672, 0.0)
(14.090585708618164, 13.490924835205078, 0.0, -1.0, -1.0, 0.0, 1572, 1615, 1598, 1684, -2.8197288513183594, 56.80281448364258, 0.0)
(11.231221199035645, 14.158095359802246, 0.0, -1.0, -1.0, 0.0, 1610, 1648, 1565, 1651, -15.921539306640625, 41.45391845703125, 0.0)
(13.92003345489502, 7.507760524749756, 0.0, -1.0, -1.0, 0.0, 1599, 1598, 1597, 1624, -19.050024032592773, 14.094079971313477, 0.0)
(7.659018039703369, 14.678617477416992, 0.0, -1.0, -1.0, 0.0, 1514, 1552, 1513, 1571, -1.4397094249725342, -3.696303367614746, 0.0)
(8.043475151062012, 12.525321960449219, 0.0, -1.0, -1.0, 0.0, 1329, 1357, 1339, 1386, 2.829533576965332, -5.379241943359375, 0.0)
(8.339062690734863, 9.945563316345215, 0.0, -1.0, -1.0, 0.0, 1000, 1000, 1000, 1000, 8.04049301147461, 19.89043617248535, 0.0)
(8.409831047058105, 5.470244407653809, 0.0, -1.0, -1.0, 0.0, 1000, 1000, 1000, 1000, 10.086647033691406, 11.837800025939941, 0.0)
(8.872802734375, 2.1926000118255615, 0.0, -1.0, -1.0, 0.0, 1000, 1000, 1000, 1000, 3.483340263366699, -3.1827192306518555, 0.0)
(7.0802435874938965, 0.08828020095825195, 0.0, -1.0, -1.0, 0.0, 1000, 1000, 1000, 1000, 2.967764377593994, -6.661296367645264, 0.0)
(3.2950267791748047, -2.35467791557312, 0.0, -1.0, -1.0, 0.0, 1000, 1000, 1000, 1000, -0.2912806272506714, -1.5123859643936157, 0.0)
(-2.0837106704711914, -4.97435998916626, 0.0, -1.0, -1.0, 0.0, 1000, 1000, 1000, 1000, -7.3439130783081055, -2.1130876541137695, 0.0)
(-4.739134311676025, -4.441862106323242, 0.0, -1.0, -1.0, 0.0, 1000, 1000, 1000, 1000, -6.642359733581543, -7.3628339767456055, 0.0)
(-3.843508243560791, -6.309499740600586, 0.0, -1.0, -1.0, 0.0, 1000, 1000, 1000, 1000, -3.563018321990967, -5.4980363845825195, 0.0)
(-4.052978515625, -5.942164421081543, 0.0, -1.0, -1.0, 0.0, 1000, 1000, 1000, 1000, -3.342557430267334, -7.955709457397461, 0.0)
(-4.66822624206543, -6.257326602935791, 0.0, -1.0, -1.0, 0.0, 1000, 1000, 1000, 1000, -5.9835076332092285, -5.7810211181640625, 0.0)
(-3.9389071464538574, -5.936781883239746, 0.0, -1.0, -1.0, 0.0, 1000, 1000, 1000, 1000, -2.6097874641418457, -1.3841897249221802, 0.0)
(-3.2068073749542236, -6.677645206451416, 0.0, -1.0, -1.0, 0.0, 1000, 1000, 1000, 1000, -1.651782512664795, -4.953051567077637, 0.0)
(-3.835024356842041, -6.539938926696777, 0.0, -1.0, -1.0, 0.0, 1000, 1000, 1000, 1000, -3.074275493621826, -6.4908952713012695, 0.0)
(-4.632817268371582, -6.434233665466309, 0.0, -1.0, -1.0, 0.0, 1000, 1000, 1000, 1000, -4.580218315124512, -6.278323173522949, 0.0)
(-4.292821407318115, -6.47885274887085, 0.0, -1.0, -1.0, 0.0, 1000, 1000, 1000, 1000, -4.003115653991699, -6.929717063903809, 0.0)
(-3.3229246139526367, -6.171241283416748, 0.0, -1.0, -1.0, 0.0, 1000, 1000, 1000, 1000, -2.8875064849853516, -6.168285369873047, 0.0)
(-2.6695921421051025, -5.9535722732543945, 0.0, -1.0, -1.0, 0.0, 1000, 1000, 1000, 1000, -1.4287827014923096, -5.241814136505127, 0.0)
(-1.881227970123291, -4.64340353012085, 0.0, -1.0, -1.0, 0.0, 1000, 1000, 1000, 1000, -0.2228374481201172, -3.0770463943481445, 0.0)
(-0.9041741490364075, -4.86828088760376, 0.0, -1.0, -1.0, 0.0, 1000, 1000, 1000, 1000, -0.11125707626342773, -5.717037677764893, 0.0)
(-1.3223062753677368, -5.923146724700928, 0.0, -1.0, -1.0, 0.0, 1000, 1000, 1000, 1000, -1.140861988067627, -4.253331184387207, 0.0)
(-3.072544813156128, -5.970178127288818, 0.0, -1.0, -1.0, 0.0, 1000, 1000, 1000, 1000, -4.220298767089844, -5.784613609313965, 0.0)
(-1.9128104448318481, -6.690521240234375, 0.0, -1.0, -1.0, 0.0, 1000, 1000, 1000, 1000, -1.9206223487854004, -8.632234573364258, 0.0)
(0.35878434777259827, -8.317133903503418, 0.0, -1.0, -1.0, 0.0, 1000, 1000, 1000, 1000, 3.8003129959106445, -6.474621772766113, 0.0)
(0.5007044076919556, -8.603405952453613, 0.0, -1.0, -1.0, 0.0, 1000, 1000, 1000, 1000, -3.069122791290283, -10.291301727294922, 0.0)
(-0.15973013639450073, -10.523228645324707, 0.0, -1.0, -1.0, 0.0, 1000, 1000, 1000, 1000, 0.4419994354248047, -14.230097770690918, 0.0)
(-0.25397977232933044, -13.299247741699219, 0.0, 0.0, -1.0, 0.0, 1000, 1000, 1000, 1000, -1.0328054428100586, -14.600846290588379, 0.0)
(-1.3486744165420532, -14.41008472442627, 0.0, -1.0, -1.0, 0.0, 1000, 1000, 1000, 1000, -4.017050266265869, -11.383447647094727, 0.0)
(-5.406919002532959, -13.09332275390625, 0.0, -1.0, -1.0, 0.0, 1000, 1000, 1000, 1000, -9.172176361083984, -16.034393310546875, 0.0)
(-7.27875280380249, -11.51994514465332, 0.0, -1.0, -1.0, 0.0, 1000, 1000, 1000, 1000, -2.613894462585449, 3.4236865043640137, 0.0)
(-6.710379600524902, -10.731785774230957, 0.0, 0.0, -1.0, 0.0, 1000, 1000, 1000, 1000, -3.4013490676879883, -6.080174446105957, 0.0)
(-6.513036251068115, -9.487627029418945, 0.0, -1.0, -1.0, 0.0, 1000, 1000, 1000, 1000, -4.672489166259766, -10.40042495727539, 0.0)
(-7.524458885192871, -11.477402687072754, 0.0, 0.0, -1.0, 0.0, 1000, 1000, 1000, 1000, -5.7062602043151855, -10.692549705505371, 0.0)
(-6.860475540161133, -7.9917120933532715, 0.0, -1.0, -1.0, 0.0, 1000, 1000, 1000, 1000, -9.65124797821045, -10.549726486206055, 0.0)
(-5.676780700683594, -6.226848125457764, 0.0, -1.0, -1.0, 0.0, 1000, 1000, 1000, 1000, -1.268850326538086, -3.8611161708831787, 0.0)
(-6.428359031677246, -7.031454563140869, 0.0, -1.0, -1.0, 0.0, 1000, 1000, 1000, 1000, -6.725363254547119, -8.050783157348633, 0.0)
(-5.4034318923950195, -5.873021602630615, 0.0, 0.0, 0.0, 0.0, 1000, 1000, 1000, 1000, -5.088315963745117, -5.681204795837402, 0.0)
(-6.095423221588135, -6.436656475067139, 0.0, -1.0, -1.0, 0.0, 1000, 1000, 1000, 1000, -6.019013404846191, -4.800642967224121, 0.0)
(-5.433976173400879, -5.8735432624816895, 0.0, -1.0, 0.0, 0.0, 1000, 1000, 1000, 1000, -6.7548089027404785, -6.217945098876953, 0.0)
(-5.423487186431885, -5.878582000732422, 0.0, -1.0, -1.0, 0.0, 1000, 1000, 1000, 1000, -5.699044704437256, -5.49324369430542, 0.0)
(-5.78993034362793, -6.151706695556641, 0.0, 0.0, 0.0, 0.0, 1000, 1000, 1000, 1000, -6.828685283660889, -7.491396903991699, 0.0)
(-5.9700846672058105, -6.5063157081604, 0.0, -1.0, -1.0, 0.0, 1000, 1000, 1000, 1000, -5.215026378631592, -7.68210506439209, 0.0)
(-5.669221878051758, -6.222916603088379, 0.0, -1.0, 0.0, 0.0, 1000, 1000, 1000, 1000, -7.021955490112305, -8.20980453491211, 0.0)
(-5.359871864318848, -5.68707275390625, 0.0, -1.0, -1.0, 0.0, 1000, 1000, 1000, 1000, -3.593430995941162, -4.7418646812438965, 0.0)
(-5.932600498199463, -6.135518550872803, 0.0, -1.0, -1.0, 0.0, 1000, 1000, 1000, 1000, -5.9271464347839355, -7.082440376281738, 0.0)
(-5.498016834259033, -5.8463969230651855, 0.0, -1.0, -1.0, 0.0, 1000, 1000, 1000, 1000, -6.292383670806885, -6.076694488525391, 0.0)
(-5.6105546951293945, -5.851600170135498, 0.0, -1.0, 0.0, 0.0, 1000, 1000, 1000, 1000, -6.137826919555664, -6.263392448425293, 0.0)
(-5.537454605102539, -5.769750118255615, 0.0, -1.0, -1.0, 0.0, 1000, 1000, 1000, 1000, -5.263258457183838, -5.8089752197265625, 0.0)
(-5.612666130065918, -5.834160327911377, 0.0, -1.0, 0.0, 0.0, 1000, 1000, 1000, 1000, -5.342260360717773, -5.741663455963135, 0.0)
(-5.465803146362305, -5.7586870193481445, 0.0, -1.0, -1.0, 0.0, 1000, 1000, 1000, 1000, -4.8624348640441895, -5.419447422027588, 0.0)
(-5.5743513107299805, -5.877117156982422, 0.0, -1.0, -1.0, 0.0, 1000, 1000, 1000, 1000, -4.884592533111572, -6.200289249420166, 0.0)
(-5.573637008666992, -5.913515567779541, 0.0, -1.0, -1.0, 0.0, 1000, 1000, 1000, 1000, -5.408242702484131, -5.805145740509033, 0.0)
(-5.597989559173584, -5.806914329528809, 0.0, -1.0, -1.0, 0.0, 1000, 1000, 1000, 1000, -6.173872470855713, -6.393374443054199, 0.0)
(-5.391796588897705, -5.658409595489502, 0.0, -1.0, -1.0, 0.0, 1000, 1000, 1000, 1000, -5.473082542419434, -5.732792377471924, 0.0)
(-5.490025043487549, -5.755080223083496, 0.0, -1.0, -1.0, 0.0, 1000, 1000, 1000, 1000, -5.675774574279785, -5.8933424949646, 0.0)
(-5.459291458129883, -5.733216285705566, 0.0, -1.0, -1.0, 0.0, 1000, 1000, 1000, 1000, -5.447813987731934, -5.971652030944824, 0.0)
(-5.481217384338379, -5.812665939331055, 0.0, -1.0, -1.0, 0.0, 1000, 1000, 1000, 1000, -5.279603481292725, -5.632616996765137, 0.0)
(-5.604364395141602, -5.872059345245361, 0.0, -1.0, -1.0, 0.0, 1000, 1000, 1000, 1000, -5.538139343261719, -5.905452728271484, 0.0)
(-5.568079471588135, -5.817463397979736, 0.0, -1.0, -1.0, 0.0, 1000, 1000, 1000, 1000, -5.532688140869141, -5.661550521850586, 0.0)
(-5.53666353225708, -5.8311967849731445, 0.0, -1.0, -1.0, 0.0, 1000, 1000, 1000, 1000, -5.063713550567627, -6.498873233795166, 0.0)
(-5.5946784019470215, -5.860439777374268, 0.0, -1.0, -1.0, 0.0, 1000, 1000, 1000, 1000, -5.56118106842041, -5.993961811065674, 0.0)
(-5.5408759117126465, -5.872287273406982, 0.0, -1.0, -1.0, 0.0, 1000, 1000, 1000, 1000, -5.446042060852051, -5.768242835998535, 0.0)