
(-5.321296215057373, -5.062989711761475, 0.0, -1.0, -1.0, 0.0, 1000, 1000, 1000, 1000, -5.336431980133057, -5.076853275299072, 0.0, -0.2713412642478943, 0.8288119435310364, 17.382747650146484, 1.5595333576202393, -0.11410461366176605, 18.828176498413086)
(-5.342142105102539, -5.0850396156311035, 0.0, -1.0, -1.0, 0.0, 1000, 1000, 1000, 1000, -5.567640781402588, -5.03012228012085, 0.0, -0.30746927857398987, 0.9469527006149292, 17.58808135986328, 1.7666056156158447, -0.16028504073619843, 19.19440269470215)
(-5.336457252502441, -5.07915735244751, 0.0, -1.0, -1.0, 0.0, 1000, 1000, 1000, 1000, -5.0498857498168945, -5.347081184387207, 0.0, -0.3461887538433075, 1.0664653778076172, 17.516559600830078, 1.9693795442581177, -0.10004130005836487, 19.38589859008789)
(-5.314783573150635, -5.070678234100342, 0.0, -1.0, -1.0, 0.0, 1000, 1000, 1000, 1000, -5.323108673095703, -5.392323970794678, 0.0, -0.3849082291126251, 1.1858255863189697, 17.381084442138672, 2.17647123336792, -0.4574930667877197, 19.10006332397461)
(-5.335512161254883, -5.0497941970825195, 0.0, -1.0, -1.0, 0.0, 1000, 1000, 1000, 1000, -5.290630340576172, -4.513233184814453, 0.0, -0.42438989877700806, 1.303051471710205, 17.195707321166992, 2.3786845207214355, -0.4584878087043762, 19.115903854370117)
(-5.289438247680664, -4.9725422859191895, 0.0, -1.0, -1.0, 0.0, 1000, 1000, 1000, 1000, -5.42622184753418, -5.436537265777588, 0.0, -0.468902051448822, 1.4222594499588013, 17.426044464111328, 2.589226007461548, -0.6706203818321228, 19.344650268554688)
(-5.311131954193115, -5.009613037109375, 0.0, -1.0, -1.0, 0.0, 1000, 1000, 1000, 1000, -4.639825344085693, -5.4829206466674805, 0.0, -0.5074691772460938, 1.5391803979873657, 17.366479873657227, 2.7901973724365234, -0.24946053326129913, 19.907217025756836)
(-5.3317389488220215, -5.026631832122803, 0.0, -1.0, -1.0, 0.0, 1000, 1000, 1000, 1000, -5.420022010803223, -5.152563571929932, 0.0, -0.5480184555053711, 1.6564065217971802, 17.44890785217285, 3.001997947692871, -0.7885998487472534, 19.66230583190918)
(-5.34202766418457, -5.042459011077881, 0.0, -1.0, -1.0, 0.0, 1000, 1000, 1000, 1000, -5.308497428894043, -5.412572383880615, 0.0, -0.589482307434082, 1.7759193181991577, 17.563232421875, 3.2045044898986816, -0.17010878026485443, 20.597627639770508)
(-5.3471832275390625, -5.0575642585754395, 0.0, -1.0, -1.0, 0.0, 1000, 1000, 1000, 1000, -5.4685587882995605, -5.304600715637207, 0.0, -0.6253058910369873, 1.895736813545227, 17.58385467529297, 3.4123218059539795, -0.42480942606925964, 20.571367263793945)
(-5.410257339477539, -5.067447662353516, 0.0, -1.0, -1.0, 0.0, 1000, 1000, 1000, 1000, -2.668224811553955, -3.4911866188049316, 0.0, -0.6663124561309814, 2.024853467941284, 17.982492446899414, 3.621011257171631, 0.3458673655986786, 21.949371337890625)
(-5.366879463195801, -5.104361534118652, 0.0, -1.0, -1.0, 0.0, 1000, 1000, 1000, 1000, -4.937089920043945, -5.404428958892822, 0.0, -0.7117394208908081, 2.1400980949401855, 17.565078735351562, 3.83494234085083, -1.010517954826355, 20.389503479003906)
(-5.552061080932617, -5.086068153381348, 0.0, -1.0, -1.0, 0.0, 1000, 1000, 1000, 1000, -9.437379837036133, -9.848448753356934, 0.0, -0.9375017285346985, 2.1379637718200684, 16.01312255859375, 4.042107582092285, -2.898108720779419, 17.157121658325195)
(-5.614655494689941, -5.20103120803833, 0.0, -1.0, -1.0, 0.0, 1000, 1000, 1000, 1000, -4.847412586212158, -4.785569190979004, 0.0, -0.8958859443664551, 2.288421154022217, 17.775693893432617, 4.2556304931640625, -1.0038349628448486, 21.027490615844727)
(-6.100747585296631, -5.54749870300293, 0.0, -1.0, -1.0, 0.0, 1000, 1000, 1000, 1000, -10.06550407409668, -12.892997741699219, 0.0, -1.2653982639312744, 1.958543062210083, 19.52494239807129, 4.48812198638916, -0.40807485580444336, 23.604990005493164)
(-6.395740985870361, -7.657781600952148, 0.0, 0.0, -1.0, 0.0, 1000, 1000, 1000, 1000, -8.081233024597168, -6.417335033416748, 0.0, -1.5028982162475586, 0.08461011946201324, 27.363452911376953, 4.748531818389893, 6.308750629425049, 38.42073440551758)
(-6.657803058624268, -11.426370620727539, 0.0, -1.0, -1.0, 0.0, 1000, 1000, 1000, 1000, -1.4439430236816406, -30.654693603515625, 0.0, -1.5468006134033203, -0.38917019963264465, 23.48487091064453, 5.024255275726318, 0.3116089999675751, 28.820735931396484)
(-6.016524314880371, -12.375083923339844, 0.0, -1.0, 0.0, 0.0, 1000, 1000, 1000, 1000, -3.826345920562744, -15.472631454467773, 0.0, -1.5446666479110718, -1.1030422449111938, 21.163660049438477, 5.264930725097656, -0.46974271535873413, 25.958847045898438)
(-5.792078495025635, -14.602485656738281, 0.0, -1.0, -1.0, 0.0, 1000, 1000, 1000, 1000, -13.077728271484375, -14.031119346618652, 0.0, -2.812349557876587, -1.4167613983154297, 40.143924713134766, 5.544189453125, 18.965219497680664, 64.65333557128906)
(-15.995748519897461, -11.073579788208008, 0.0, -1.0, 0.0, 0.0, 1000, 1000, 1000, 1000, -28.32297706604004, -12.753510475158691, 0.0, -8.834756851196289, 1.2131164073944092, 77.17811584472656, 6.2964653968811035, 27.21424674987793, 110.68882751464844)
(-21.350936889648438, -10.508658409118652, 0.0, -1.0, -1.0, 0.0, 1000, 1000, 1000, 1000, -26.674942016601562, -4.648052215576172, 0.0, -9.348477363586426, 3.2939093112945557, 67.33058166503906, 7.201930999755859, -2.613727331161499, 71.91878509521484)
(-17.390649795532227, -9.25720500946045, 0.0, -1.0, -1.0, 0.0, 1000, 1000, 1000, 1000, -13.14212417602539, -6.664876937866211, 0.0, -4.678965091705322, 1.7986359596252441, 41.318695068359375, 7.847421169281006, -20.400089263916016, 28.766027450561523)
(-8.191701889038086, -13.16362476348877, 0.0, -1.0, -1.0, 0.0, 1000, 1000, 1000, 1000, 2.105881452560425, -14.021984100341797, 0.0, 1.17362642288208, -0.680327296257019, 0.6204681396484375, 8.117484092712402, -36.67194747924805, -27.933996200561523)
(0.4944060444831848, -10.586217880249023, 0.0, -1.0, -1.0, 0.0, 1000, 1000, 1000, 1000, 10.136999130249023, -12.853143692016602, 0.0, 4.899845123291016, 1.388118028640747, -5.9288434982299805, 8.028234481811523, -12.020770072937012, -9.921379089355469)
(0.21232803165912628, -4.2026686668396, 0.0, -1.0, -1.0, 0.0, 1000, 1000, 1000, 1000, 4.044153690338135, -0.1150665283203125, 0.0, 0.7557910680770874, 5.8336968421936035, 16.15068817138672, 8.151895523071289, 7.210102081298828, 31.512685775756836)
(-3.2801411151885986, 0.9246616959571838, 0.0, -1.0, -1.0, 0.0, 1000, 1000, 1000, 1000, -7.429265975952148, 0.6480922698974609, 0.0, -3.489483594894409, 7.403665065765381, 22.291296005249023, 8.377656936645508, 6.188390731811523, 36.85734558105469)
(-6.5940632820129395, 2.4147772789001465, 0.0, -1.0, -1.0, 0.0, 1000, 1000, 1000, 1000, -15.277626037597656, 7.695590972900391, 0.0, -2.998020648956299, 8.703361511230469, 9.229911804199219, 8.559065818786621, -7.205143451690674, 10.583833694458008)
(-4.15566349029541, 0.2555162310600281, 0.0, -1.0, -1.0, 0.0, 1000, 1000, 1000, 1000, -1.8748459815979004, -1.9890196323394775, 0.0, 0.8986253142356873, 7.568605422973633, 1.037287950515747, 8.58574390411377, -5.716807842254639, 3.906224250793457)
(-2.831716299057007, -1.573631763458252, 0.0, -1.0, -1.0, 0.0, 1000, 1000, 1000, 1000, -3.4175424575805664, -2.5246806144714355, 0.0, 1.8419177532196045, 6.473331451416016, 6.717109680175781, 8.648712158203125, 0.9352992177009583, 16.30112075805664)
(-4.415171146392822, -2.0676822662353516, 0.0, -1.0, -1.0, 0.0, 1000, 1000, 1000, 1000, -4.56742525100708, -5.979060173034668, 0.0, 0.3184424340724945, 6.266165256500244, 21.587512969970703, 8.84261417388916, 8.592140197753906, 39.02226638793945)
(-5.647820472717285, -2.9530673027038574, 0.0, -1.0, -1.0, 0.0, 1000, 1000, 1000, 1000, -4.175361156463623, -4.502943515777588, 0.0, -0.8609780669212341, 5.733084678649902, 22.322988510131836, 9.100154876708984, 2.805652618408203, 34.228797912597656)
(-5.4345622062683105, -2.5999457836151123, 0.0, -1.0, -1.0, 0.0, 1000, 1000, 1000, 1000, -4.590519905090332, -0.8542566299438477, 0.0, -0.934301495552063, 6.091621398925781, 14.226054191589355, 9.322757720947266, -5.581467151641846, 17.967344284057617)
(-4.267170429229736, -3.1923346519470215, 0.0, -1.0, -1.0, 0.0, 1000, 1000, 1000, 1000, -3.3680214881896973, -5.307175159454346, 0.0, -0.3989357352256775, 5.873939514160156, 14.385754585266113, 9.47574234008789, -0.9955108761787415, 22.865985870361328)
(-4.290811061859131, -3.0905890464782715, 0.0, -1.0, -1.0, 0.0, 1000, 1000, 1000, 1000, -4.36081600189209, -3.267131805419922, 0.0, -0.5396369695663452, 5.9907073974609375, 12.724220275878906, 9.633788108825684, -1.557113528251648, 20.80089569091797)
(-3.998354911804199, -3.7617881298065186, 0.0, 0.0, -1.0, 0.0, 1000, 1000, 1000, 1000, -4.2825541496276855, -5.939805507659912, 0.0, -0.3265273869037628, 5.666774749755859, 15.944639205932617, 9.77219295501709, 3.8277666568756104, 29.544599533081055)
(-4.203086853027344, -3.8602030277252197, 0.0, -1.0, -1.0, 0.0, 1000, 1000, 1000, 1000, -5.447501182556152, -4.757993221282959, 0.0, -0.21936281025409698, 5.887964248657227, 10.98307991027832, 9.916532516479492, -1.6228039264678955, 19.27680778503418)
(-3.8654847145080566, -4.020783424377441, 0.0, -1.0, 0.0, 0.0, 1000, 1000, 1000, 1000, -2.769775390625, -4.566880226135254, 0.0, 0.007618930656462908, 5.940402030944824, 12.632670402526855, 10.045867919921875, 1.140440821647644, 23.818979263305664)
(-4.038389682769775, -4.350282669067383, 0.0, -1.0, -1.0, 0.0, 1000, 1000, 1000, 1000, -3.716550827026367, -5.015382766723633, 0.0, -0.4582345485687256, 5.760522365570068, 13.812093734741211, 10.209563255310059, 0.5802580118179321, 24.60191535949707)
(-4.308085918426514, -4.788417816162109, 0.0, -1.0, 0.0, 0.0, 1000, 1000, 1000, 1000, -4.520090103149414, -5.952873706817627, 0.0, -0.6525946259498596, 5.646346569061279, 14.086003303527832, 10.364863395690918, 0.7599698901176453, 25.21083641052246)
(-4.632590293884277, -5.0084099769592285, 0.0, -1.0, -1.0, 0.0, 1000, 1000, 1000, 1000, -5.31589412689209, -4.697884559631348, 0.0, -0.9841498136520386, 5.956559181213379, 18.042556762695312, 10.54932689666748, 3.3345015048980713, 31.9263858795166)
(-5.61077356338501, -4.136495113372803, 0.0, -1.0, -1.0, 0.0, 1000, 1000, 1000, 1000, -6.039366722106934, -4.771490573883057, 0.0, -1.6693636178970337, 6.664181709289551, 20.150409698486328, 10.781721115112305, 2.0999321937561035, 33.03206253051758)
(-6.097726345062256, -3.7330172061920166, 0.0, -1.0, -1.0, 0.0, 1000, 1000, 1000, 1000, -7.493696212768555, -4.193421363830566, 0.0, -1.7481745481491089, 6.871956825256348, 20.51285743713379, 11.021808624267578, 0.7095353603363037, 32.24420166015625)
(-6.046887397766113, -3.4780454635620117, 0.0, -1.0, -1.0, 0.0, 1000, 1000, 1000, 1000, -6.393319129943848, -3.6444854736328125, 0.0, -2.0169248580932617, 6.9218058586120605, 24.382671356201172, 11.26865291595459, 3.8886539936065674, 39.53997802734375)
(-7.428775787353516, -4.103300094604492, 0.0, -1.0, -1.0, 0.0, 1000, 1000, 1000, 1000, -8.957542419433594, -4.65872859954834, 0.0, -2.409454584121704, 6.760677814483643, 21.837055206298828, 11.566436767578125, -2.5921785831451416, 30.811311721801758)
(-6.655766010284424, -3.784965753555298, 0.0, -1.0, -1.0, 0.0, 1000, 1000, 1000, 1000, -6.576688766479492, -3.4865360260009766, 0.0, -1.6513755321502686, 7.374549865722656, 22.45233154296875, 11.805852890014648, 0.6920821070671082, 34.95026779174805)
(-6.217938423156738, -3.0588204860687256, 0.0, -1.0, -1.0, 0.0, 1000, 1000, 1000, 1000, -5.450271129608154, -2.456348419189453, 0.0, -1.221192717552185, 7.665555000305176, 17.798582077026367, 12.045673370361328, -3.514671564102173, 26.3295841217041)
(-5.483465194702148, -3.4654605388641357, 0.0, -1.0, -1.0, 0.0, 1000, 1000, 1000, 1000, -4.770449161529541, -4.050074100494385, 0.0, -1.1175341606140137, 7.434915065765381, 19.177762985229492, 12.259439468383789, -0.18789145350456238, 31.249311447143555)
(-4.947320938110352, -3.722379684448242, 0.0, -1.0, -1.0, 0.0, 1000, 1000, 1000, 1000, -3.406960964202881, -4.030529499053955, 0.0, -0.9240886569023132, 7.473329544067383, 14.764894485473633, 12.458888053894043, -3.5567047595977783, 23.667076110839844)
(-3.8679065704345703, -3.409562587738037, 0.0, -1.0, -1.0, 0.0, 1000, 1000, 1000, 1000, -2.4560794830322266, -2.297342300415039, 0.0, -0.44070449471473694, 7.973329067230225, 9.73991870880127, 12.593174934387207, -4.065813064575195, 18.26728057861328)
(-3.6970245838165283, -2.953524351119995, 0.0, -1.0, -1.0, 0.0, 1000, 1000, 1000, 1000, -3.2645864486694336, -2.976404905319214, 0.0, -0.6178386807441711, 8.114946365356445, 12.592976570129395, 12.729719161987305, 0.058913469314575195, 25.381608963012695)
(-3.8425095081329346, -2.94356369972229, 0.0, -1.0, -1.0, 0.0, 1000, 1000, 1000, 1000, -3.8078789710998535, -2.79142689704895, 0.0, -0.7684487104415894, 8.357172966003418, 10.345647811889648, 12.866593360900879, -1.907840371131897, 21.304401397705078)
(-3.4538257122039795, -2.4621825218200684, 0.0, 0.0, -1.0, 0.0, 1000, 1000, 1000, 1000, -1.7239656448364258, -2.8185200691223145, 0.0, -0.47713759541511536, 8.71784496307373, 13.57140064239502, 12.978734016418457, 3.6598422527313232, 30.209976196289062)
(-3.664592981338501, -2.50065279006958, 0.0, -1.0, -1.0, 0.0, 1000, 1000, 1000, 1000, -4.475980758666992, -2.1013870239257812, 0.0, -0.755643904209137, 8.64223575592041, 11.341299057006836, 13.10777473449707, 0.31751012802124023, 24.766582489013672)
(-3.0547025203704834, -3.1039252281188965, 0.0, 0.0, -1.0, 0.0, 1000, 1000, 1000, 1000, -1.4153423309326172, -3.965603828430176, 0.0, -0.1463450789451599, 8.363576889038086, 9.70661449432373, 13.195854187011719, 1.6028363704681396, 24.505306243896484)
(-1.9736804962158203, -2.8288681507110596, 0.0, -1.0, -1.0, 0.0, 1000, 1000, 1000, 1000, -2.4082870483398438, -2.445479154586792, 0.0, 0.14024028182029724, 8.753365516662598, 2.1874048709869385, 13.257000923156738, -4.287835597991943, 11.156570434570312)
(-0.815385639667511, -2.9283125400543213, 0.0, -1.0, -1.0, 0.0, 1000, 1000, 1000, 1000, 0.9377583265304565, -4.438552379608154, 0.0, 0.6631064414978027, 8.734160423278809, -1.34821355342865, 13.247440338134766, -2.83585524559021, 9.063371658325195)
(-0.7663022875785828, -2.189718246459961, 0.0, -1.0, -1.0, 0.0, 1000, 1000, 1000, 1000, -0.7296895980834961, -1.998612642288208, 0.0, 0.3076184093952179, 9.658247947692871, 2.772526264190674, 13.260065078735352, 1.989449143409729, 18.02204132080078)
(-1.8429679870605469, -1.3043696880340576, 0.0, -1.0, -1.0, 0.0, 1000, 1000, 1000, 1000, -3.276827335357666, 0.04272031784057617, 0.0, -0.41311323642730713, 10.035536766052246, 4.445042610168457, 13.309800148010254, 1.2695157527923584, 19.02435874938965)
(-1.9498637914657593, -1.4514214992523193, 0.0, -1.0, -1.0, 0.0, 1000, 1000, 1000, 1000, -1.8475878238677979, -2.209606409072876, 0.0, -0.08430232107639313, 9.605964660644531, 0.40921133756637573, 13.347691535949707, -3.001702070236206, 10.755200386047363)
(-1.379157543182373, -1.7948527336120605, 0.0, -1.0, -1.0, 0.0, 1000, 1000, 1000, 1000, -0.8582959175109863, -2.5782532691955566, 0.0, -0.19100964069366455, 9.692852020263672, 5.199557304382324, 13.37570571899414, 2.710716724395752, 21.285980224609375)
(-2.418850898742676, -1.5948666334152222, 0.0, -1.0, -1.0, 0.0, 1000, 1000, 1000, 1000, -3.3072171211242676, -1.3635237216949463, 0.0, -0.9628084897994995, 10.027915000915527, 9.138818740844727, 13.45919418334961, 3.6020779609680176, 26.200090408325195)
(-3.390887498855591, -1.3317464590072632, 0.0, -1.0, -1.0, 0.0, 1000, 1000, 1000, 1000, -4.44072151184082, -1.4795920848846436, 0.0, -1.4311014413833618, 10.26449966430664, 10.10013484954834, 13.574299812316895, 1.5517398118972778, 25.22617530822754)
(-3.570798873901367, -1.5249152183532715, 0.0, -1.0, -1.0, 0.0, 1000, 1000, 1000, 1000, -3.649104595184326, -1.8382017612457275, 0.0, -1.2399424314498901, 10.182944297790527, 8.624658584594727, 13.693001747131348, -1.3586552143096924, 20.95900535583496)
(-3.3543636798858643, -1.631090521812439, 0.0, -1.0, -1.0, 0.0, 1000, 1000, 1000, 1000, -3.601346969604492, -2.520416736602783, 0.0, -1.1565583944320679, 10.271356582641602, 10.563796043395996, 13.801102638244629, 1.1248925924301147, 25.489791870117188)
(-3.5758585929870605, -1.6465152502059937, 0.0, -1.0, -1.0, 0.0, 1000, 1000, 1000, 1000, -3.927794933319092, -1.1791086196899414, 0.0, -1.3233267068862915, 10.428674697875977, 9.620508193969727, 13.929116249084473, -1.1898199319839478, 22.359804153442383)
(-3.2150986194610596, -1.5252801179885864, 0.0, -1.0, -1.0, 0.0, 1000, 1000, 1000, 1000, -3.1487884521484375, -1.439115285873413, 0.0, -0.9111314415931702, 10.614803314208984, 6.226248264312744, 14.022274017333984, -2.882695436477661, 17.365827560424805)
(-2.8016879558563232, -1.8874858617782593, 0.0, -1.0, -1.0, 0.0, 1000, 1000, 1000, 1000, -2.993708610534668, -2.7811262607574463, 0.0, -1.22271728515625, 11.01816463470459, 8.889678955078125, 14.580341339111328, 1.1731559038162231, 24.643177032470703)
(-2.965024709701538, -2.0320122241973877, 0.0, -1.0, 0.0, 0.0, 1000, 1000, 1000, 1000, -3.030183792114258, -2.555692195892334, 0.0, -1.3361318111419678, 11.113592147827148, 7.372293949127197, 14.675787925720215, -0.7914961576461792, 21.2565860748291)
(-3.0110905170440674, -2.019812822341919, 0.0, -1.0, -1.0, 0.0, 1000, 1000, 1000, 1000, -3.6376171112060547, -2.4925036430358887, 0.0, -1.4086929559707642, 11.255815505981445, 8.92241096496582, 14.773879051208496, 0.6468814611434937, 24.343170166015625)
(-2.908489227294922, -2.1222972869873047, 0.0, -1.0, 0.0, 0.0, 1000, 1000, 1000, 1000, -2.555642604827881, -2.7087960243225098, 0.0, -1.354119896888733, 11.315115928649902, 7.268103122711182, 14.863798141479492, -0.6814643740653992, 21.450435638427734)
(-2.8548128604888916, -2.0384156703948975, 0.0, -1.0, -1.0, 0.0, 1000, 1000, 1000, 1000, -2.504265785217285, -1.8426213264465332, 0.0, -1.364943504333496, 11.511914253234863, 7.2485198974609375, 14.955011367797852, -0.6613232493400574, 21.542207717895508)
(-2.7116568088531494, -1.9475693702697754, 0.0, -1.0, -1.0, 0.0, 1000, 1000, 1000, 1000, -4.498865604400635, 0.43777036666870117, 0.0, -1.2210407257080078, 11.577008247375488, 6.090529441833496, 15.031417846679688, -0.9519636631011963, 20.169984817504883)
(-2.4439473152160645, -2.1509132385253906, 0.0, -1.0, -1.0, 0.0, 1000, 1000, 1000, 1000, -1.1444532871246338, -5.3560919761657715, 0.0, -1.1702784299850464, 11.634782791137695, 6.239203929901123, 15.105203628540039, -0.32407689094543457, 21.02033042907715)
(-2.273825168609619, -1.9826446771621704, 0.0, -1.0, -1.0, 0.0, 1000, 1000, 1000, 1000, -3.299221992492676, 3.383479118347168, 0.0, -1.0669244527816772, 11.824873924255371, 4.144081115722656, 15.163866996765137, -1.457571268081665, 17.85037612915039)
(-1.8923728466033936, -2.180237293243408, 0.0, -1.0, -1.0, 0.0, 1000, 1000, 1000, 1000, -1.5894060134887695, -3.1307802200317383, 0.0, -0.9285096526145935, 11.891186714172363, 3.2036380767822266, 15.211104393005371, -1.4815258979797363, 16.933216094970703)
(-2.11999249458313, -1.7286474704742432, 0.0, -1.0, -1.0, 0.0, 1000, 1000, 1000, 1000, -2.6881322860717773, -1.037940263748169, 0.0, -1.3865889310836792, 12.388595581054688, 6.74826192855835, 15.274879455566406, 1.524592399597168, 23.5477352142334)
(-2.234869956970215, -1.6265923976898193, 0.0, -1.0, -1.0, 0.0, 1000, 1000, 1000, 1000, -2.3326454162597656, -1.0139474868774414, 0.0, -1.2352168560028076, 12.433415412902832, 2.622406482696533, 15.336919784545898, -3.261828899383545, 14.697497367858887)
(-1.833425760269165, -1.4745100736618042, 0.0, -1.0, -1.0, 0.0, 1000, 1000, 1000, 1000, -1.400247573852539, -1.004197597503662, 0.0, -1.0887231826782227, 12.670150756835938, 5.33370304107666, 15.373586654663086, 1.4951436519622803, 22.20243263244629)
(-2.239655017852783, -1.8468636274337769, 0.0, 0.0, -1.0, 0.0, 1000, 1000, 1000, 1000, -3.0776429176330566, -3.0771985054016113, 0.0, -1.432930588722229, 12.448654174804688, 9.34886360168457, 15.447005271911621, 4.209846496582031, 29.005714416503906)
(-2.4181525707244873, -2.507967472076416, 0.0, -1.0, -1.0, 0.0, 1000, 1000, 1000, 1000, -2.0756149291992188, -3.561717987060547, 0.0, -1.3365890979766846, 12.191184997558594, 4.233586311340332, 15.509903907775879, -1.4806652069091797, 18.26282501220703)
(-1.990920066833496, -2.427037000656128, 0.0, -1.0, 0.0, 0.0, 1000, 1000, 1000, 1000, -1.3799490928649902, -2.7011160850524902, 0.0, -1.285217523574829, 12.391797065734863, 4.866119384765625, 15.561169624328613, 0.08336854726076126, 20.510658264160156)
(-1.960201621055603, -2.471630096435547, 0.0, -1.0, -1.0, 0.0, 1000, 1000, 1000, 1000, -1.7870023250579834, -2.8785054683685303, 0.0, -1.5888762474060059, 12.380670547485352, 5.377391815185547, 15.630431175231934, -0.05397257208824158, 20.9538516998291)
(-2.3996760845184326, -2.97904109954834, 0.0, -1.0, -1.0, 0.0, 1100, 1100, 1100, 1100, -4.943962097167969, -5.1768598556518555, 0.0, -2.07637619972229, 12.339967727661133, 8.501143455505371, 15.705631256103516, 2.4550044536590576, 26.661779403686523)
(-2.7483081817626953, -3.31056809425354, 0.0, -1.0, -1.0, 0.0, 1100, 1100, 1100, 1100, -3.0986204147338867, -1.7972853183746338, 0.0, -1.9120465517044067, 12.779906272888184, 4.505427837371826, 15.78644847869873, -2.121939182281494, 18.169937133789062)
(-2.5888304710388184, -2.2175955772399902, 0.0, -1.0, -1.0, 0.0, 1100, 1100, 1123, 1100, -3.2758126258850098, -4.3700737953186035, 0.0, -1.789790391921997, 13.38829231262207, 8.623614311218262, 15.854747772216797, 2.730984687805176, 27.209346771240234)
(-3.074815273284912, -1.8094955682754517, 0.0, -1.0, -1.0, 0.0, 1100, 1100, 1134, 1100, -7.101537704467773, -3.745664119720459, 0.0, -1.9481745958328247, 13.125028610229492, 9.03096866607666, 15.960869789123535, 0.9000968337059021, 25.891935348510742)
(-2.8286292552948, -1.8768246173858643, 0.0, -1.0, -1.0, 0.0, 1109, 1151, 1176, 1100, -6.628281593322754, 1.3982677459716797, 0.0, -2.0093023777008057, 13.307953834533691, 6.387688159942627, 16.05331039428711, -1.8565727472305298, 20.58442497253418)
(-2.5247080326080322, -1.4326436519622803, 0.0, -1.0, -1.0, 0.0, 1149, 1180, 1198, 1115, 1.9199490547180176, -8.460299491882324, 0.0, -1.6818630695343018, 13.744693756103516, 4.464685916900635, 16.120269775390625, -2.2550010681152344, 18.329954147338867)
(-2.1751596927642822, -1.0549092292785645, 0.0, -1.0, -1.0, 0.0, 1161, 1204, 1249, 1160, 7.167130947113037, 6.722235679626465, 0.0, -1.543143391609192, 13.645148277282715, 6.164053440093994, 16.179054260253906, 0.7783598899841309, 23.12146759033203)
(-1.7591196298599243, -1.2435085773468018, 0.0, -1.0, -1.0, 0.0, 1213, 1230, 1250, 1173, 0.5234435796737671, -10.515050888061523, 0.0, -1.484149694442749, 14.127619743347168, 1.4755027294158936, 16.2342529296875, -3.8807806968688965, 13.828974723815918)
(-1.4358434677124023, -0.052985478192567825, 0.0, -1.0, -1.0, 0.0, 1195, 1235, 1251, 1185, 0.8501802682876587, 38.16596603393555, 0.0, -1.3088449239730835, 14.47304630279541, 1.5726420879364014, 16.25356674194336, -1.3290228843688965, 16.49718475341797)
(-6.2576470375061035, 0.4003487229347229, 0.0, 0.0, -1.0, 0.0, 1100, 1326, 1393, 1105, -9.43602180480957, 3.523630142211914, 0.0, -5.552900314331055, 14.651551246643066, 66.54278564453125, 16.55217170715332, 52.1647834777832, 135.25973510742188)
(-13.249882698059082, 4.542917251586914, 0.0, -1.0, -1.0, 0.0, 1178, 1229, 1227, 1228, -21.823749542236328, -13.587431907653809, 0.0, -9.16844654083252, 15.251092910766602, 16.560504913330078, 17.205684661865234, -31.022489547729492, 2.7437002658843994)
(-0.5410785675048828, 2.6122653484344482, 0.0, -1.0, 0.0, 0.0, 1249, 1218, 1208, 1187, 20.552635192871094, 28.024398803710938, 0.0, 0.15929780900478363, 13.153834342956543, -13.616174697875977, 17.00773048400879, -15.81715202331543, -12.425596237182617)
(-3.2186315059661865, 2.5233418941497803, 0.0, -1.0, -1.0, 0.0, 1158, 1293, 1280, 1131, -15.355180740356445, -16.638687133789062, 0.0, -4.672866344451904, 14.12944221496582, 28.386722564697266, 17.229068756103516, 15.358406066894531, 60.97419738769531)
(-0.921253502368927, 0.8673404455184937, 0.0, -1.0, -1.0, 0.0, 1297, 1204, 1168, 1197, 14.165651321411133, 3.940728187561035, 0.0, -1.4047267436981201, 13.93584156036377, -27.558889389038086, 17.18292236328125, -30.5647029876709, -40.940670013427734)
(-0.22563280165195465, 1.3376702070236206, 0.0, -1.0, -1.0, 0.0, 1139, 1258, 1287, 1178, -4.130970001220703, 4.064764976501465, 0.0, -1.541159749031067, 14.554134368896484, 13.439117431640625, 17.138185501098633, 16.503597259521484, 47.080902099609375)
(-1.691347599029541, 0.4932030439376831, 0.0, -1.0, -1.0, 0.0, 1238, 1214, 1228, 1181, -2.547372341156006, 0.065399169921875, 0.0, -1.6669223308563232, 14.8966646194458, -9.966316223144531, 17.16802406311035, -11.369253158569336, -4.167545795440674)
(-0.30626916885375977, 1.1369316577911377, 0.0, -1.0, -1.0, 0.0, 1167, 1242, 1274, 1187, -15.851753234863281, 9.773805618286133, 0.0, -1.0847578048706055, 14.576848030090332, 5.200686454772949, 17.12347984313965, 8.187792778015137, 30.511959075927734)
(-0.1536162793636322, 0.8803430199623108, 0.0, -1.0, -1.0, 0.0, 1238, 1249, 1266, 1230, -6.887070655822754, 5.180489540100098, 0.0, -1.705489158630371, 14.508402824401855, -7.312364101409912, 17.13399887084961, -8.029431343078613, 1.7922024726867676)
(-1.0015112161636353, 1.3983955383300781, 0.0, -1.0, -1.0, 0.0, 1216, 1301, 1296, 1237, 0.7746373414993286, 9.454177856445312, 0.0, -2.1446657180786133, 14.425475120544434, 4.859703540802002, 17.14708709716797, 3.83160400390625, 25.838396072387695)
(-0.793502926826477, 0.5910948514938354, 0.0, -1.0, -1.0, 0.0, 1239, 1288, 1275, 1244, -12.936989784240723, 19.02165985107422, 0.0, -1.046952247619629, 14.820291519165039, -4.5576958656311035, 17.109346389770508, -2.301738739013672, 10.249911308288574)
(-3.2519450187683105, 2.3201467990875244, 0.0, -1.0, -1.0, 0.0, 1131, 1397, 1369, 1149, 1.6407440900802612, -0.08940410614013672, 0.0, -4.944971084594727, 15.505049705505371, 50.98339080810547, 17.30088996887207, 43.23489761352539, 111.51918029785156)
(-10.60849380493164, 1.5440771579742432, 0.0, -1.0, -1.0, 0.0, 1241, 1232, 1308, 1266, -18.403430938720703, -12.341894149780273, 0.0, -10.546039581298828, 16.05687713623047, 11.238851547241211, 17.893835067749023, -30.765396118164062, -1.6327083110809326)
(1.5616751909255981, 1.361925482749939, 0.0, 0.0, -1.0, 0.0, 1297, 1261, 1236, 1252, 21.035097122192383, 35.562095642089844, 0.0, 0.5958806276321411, 15.451240539550781, -25.393041610717773, 17.521642684936523, -15.198739051818848, -23.070138931274414)
(-3.16986083984375, 1.9900974035263062, 0.0, -1.0, -1.0, 0.0, 1140, 1341, 1362, 1203, -14.823579788208008, 11.900148391723633, 0.0, -4.602899551391602, 15.535386085510254, 34.43553924560547, 17.703571319580078, 27.679075241088867, 79.81819152832031)
(-0.570844829082489, 2.1664505004882812, 0.0, -1.0, 0.0, 0.0, 1384, 1194, 1228, 1240, 32.35771179199219, -54.60270690917969, 0.0, -0.866771936416626, 15.163434028625488, -37.9117431640625, 17.665250778198242, -40.107269287109375, -60.353763580322266)
(-0.6286269426345825, 5.417962074279785, 0.0, -1.0, -1.0, 0.0, 1100, 1382, 1380, 1225, -15.91900634765625, -5.0, 0.0, -3.604424238204956, 17.020906448364258, 43.97792434692383, 17.645774841308594, 47.73630142211914, 109.36000061035156)
(-0.8912903666496277, 6.1767497062683105, 0.0, -1.0, -1.0, 0.0, 1365, 1243, 1177, 1265, 1.7618674039840698, 1.2719745635986328, 0.0, -3.5821692943573, 16.87715721130371, -38.044593811035156, 17.686504364013672, -42.23831558227539, -62.59640884399414)
(2.235398292541504, 6.589385986328125, 0.0, -1.0, -1.0, 0.0, 1137, 1312, 1350, 1247, 2.0, -0.8981366157531738, 0.0, -2.2922303676605225, 15.942252159118652, 14.229138374328613, 17.472227096557617, 27.81280517578125, 59.5141716003418)
(-2.2088630199432373, 5.199840068817139, 0.0, -1.0, -1.0, 0.0, 1254, 1281, 1250, 1261, -28.364669799804688, 17.128665924072266, 0.0, -4.155339241027832, 15.673047065734863, -11.432840347290039, 17.55071449279785, -12.275214195251465, -6.157339096069336)
(-0.41667771339416504, 1.6551194190979004, 0.0, -1.0, -1.0, 0.0, 1222, 1284, 1325, 1220, -12.552801132202148, -12.229327201843262, 0.0, -1.8995468616485596, 15.259020805358887, 3.1057353019714355, 17.416852951049805, 11.170555114746094, 31.693143844604492)
(-2.3013205528259277, 1.4601330757141113, 0.0, -1.0, -1.0, 0.0, 1246, 1281, 1295, 1227, -5.218254089355469, 16.448448181152344, 0.0, -2.9762234687805176, 15.700177192687988, 0.619916558265686, 17.500246047973633, -2.2709484100341797, 15.849214553833008)
(-0.920414924621582, 0.7800024151802063, 0.0, -1.0, -1.0, 0.0, 1222, 1299, 1299, 1230, 2.8391904830932617, 9.145584106445312, 0.0, -2.032930612564087, 15.90414047241211, 4.047513008117676, 17.483705520629883, 4.9078545570373535, 26.43907356262207)
(-2.4807467460632324, 2.8955280780792236, 0.0, -1.0, -1.0, 0.0, 1264, 1316, 1328, 1247, -1.5825347900390625, 26.76065444946289, 0.0, -3.2766807079315186, 16.216495513916016, 5.508352756500244, 17.565723419189453, 0.14636516571044922, 23.220439910888672)
(0.4011870324611664, 1.5442792177200317, 0.0, -1.0, -1.0, 0.0, 1296, 1292, 1298, 1272, 17.51573371887207, -11.848621368408203, 0.0, -1.8477178812026978, 15.680521965026855, -10.824259757995605, 17.529905319213867, -11.149065017700195, -4.443418502807617)
(-3.1025657653808594, 1.9688336849212646, 0.0, -1.0, -1.0, 0.0, 1187, 1382, 1385, 1200, -15.014896392822266, -31.809223175048828, 0.0, -4.223937511444092, 16.49363136291504, 35.19075012207031, 17.62623405456543, 32.19276428222656, 85.00975036621094)
(-11.31811809539795, 4.068488597869873, 0.0, 0.0, -1.0, 0.0, 1127, 1368, 1430, 1225, -17.366140365600586, 12.85605239868164, 0.0, -11.339488983154297, 17.655820846557617, 60.46759796142578, 18.2514591217041, 22.758007049560547, 101.47706604003906)
(-1.9905444383621216, 3.7261805534362793, 0.0, -1.0, -1.0, 0.0, 1415, 1278, 1100, 1372, 1.9960694313049316, -0.7274847030639648, 0.0, -0.9536666870117188, 17.762826919555664, -63.354896545410156, 18.118667602539062, -71.00509643554688, -116.24132537841797)
(-2.2137844562530518, 2.714529514312744, 0.0, -1.0, 0.0, 0.0, 1100, 1394, 1445, 1235, 10.03053092956543, -6.8073906898498535, 0.0, -4.200160503387451, 18.90536117553711, 55.0014762878418, 18.2217960357666, 49.08846664428711, 122.31173706054688)
(-8.053513526916504, 4.583107948303223, 0.0, -1.0, -1.0, 0.0, 1329, 1299, 1191, 1331, 7.336950778961182, -0.9132871627807617, 0.0, -3.4926910400390625, 19.499568939208984, -24.12740707397461, 18.509357452392578, -46.725852966308594, -52.343902587890625)
(-1.83339524269104, 2.7392635345458984, 0.0, -1.0, -1.0, 0.0, 1183, 1323, 1409, 1243, -83.55577850341797, -9.097908020019531, 0.0, 0.12224786728620529, 17.33295440673828, 22.69943618774414, 18.38404655456543, 25.336345672607422, 66.41983032226562)
(-3.786508321762085, 4.533412933349609, 0.0, -1.0, -1.0, 0.0, 1293, 1265, 1332, 1263, 14.449219703674316, -3.769589900970459, 0.0, -4.054886341094971, 17.587526321411133, -0.049088288098573685, 18.678176879882812, -18.54374122619629, 0.0853482186794281)
(1.2692948579788208, 4.858278751373291, 0.0, -1.0, -1.0, 0.0, 1223, 1344, 1296, 1291, 15.533546447753906, -8.571235656738281, 0.0, -1.2353746891021729, 16.444847106933594, -0.10157012939453125, 18.550405502319336, 2.8671724796295166, 21.316009521484375)
(-2.1627111434936523, 5.80867862701416, 0.0, -1.0, -1.0, 0.0, 1214, 1371, 1278, 1290, -4.811037540435791, 9.711928367614746, 0.0, -4.777751922607422, 15.97335147857666, 7.967917442321777, 18.696521759033203, -0.25993824005126953, 26.40450096130371)
(-0.9091956615447998, 3.246701955795288, 0.0, -1.0, -1.0, 0.0, 1323, 1331, 1257, 1243, 0.13087749481201172, 22.22136878967285, 0.0, -2.5832407474517822, 15.59835433959961, -12.143705368041992, 18.622499465942383, -10.624767303466797, -4.14597225189209)
(-2.659215211868286, 4.911599159240723, 0.0, -1.0, -1.0, 0.0, 1237, 1361, 1310, 1246, -72.85828399658203, 2.5204973220825195, 0.0, -4.3710455894470215, 16.396528244018555, 12.563690185546875, 18.732145309448242, 6.009345054626465, 37.305179595947266)
(-1.5425969362258911, 4.753767013549805, 0.0, -1.0, -1.0, 0.0, 1260, 1321, 1280, 1293, 7.510411739349365, 52.962154388427734, 0.0, -2.2497048377990723, 16.284791946411133, -8.146685600280762, 18.70927619934082, -8.747963905334473, 1.8146257400512695)
(-0.5552572011947632, 2.6336848735809326, 0.0, -1.0, -1.0, 0.0, 1215, 1327, 1334, 1278, 14.586231231689453, -13.110395431518555, 0.0, -2.446960926055908, 16.653230667114258, 7.489321708679199, 18.739879608154297, 5.3767619132995605, 31.6059627532959)
(-0.8635980486869812, 0.3613528907299042, 0.0, -1.0, -1.0, 0.0, 1262, 1306, 1341, 1245, -7.251182556152344, -8.147220611572266, 0.0, -2.7010767459869385, 16.66878318786621, 3.454392194747925, 18.746349334716797, 2.997297525405884, 25.198040008544922)
(-8.671513557434082, 3.1824169158935547, 0.0, 0.0, -1.0, 0.0, 1100, 1447, 1477, 1253, 0.5508511066436768, -9.082633018493652, 0.0, -12.176535606384277, 17.75307846069336, 88.9787368774414, 19.345102310180664, 55.428001403808594, 163.7518310546875)
(-8.475683212280273, 4.795960903167725, 0.0, -1.0, -1.0, 0.0, 1399, 1331, 1100, 1356, 8.820295333862305, -20.102764129638672, 0.0, -6.975165367126465, 17.98402214050293, -43.536293029785156, 19.613706588745117, -75.1024398803711, -99.0250244140625)
(-1.234725832939148, 4.142123699188232, 0.0, -1.0, 0.0, 0.0, 1218, 1367, 1384, 1181, 35.811279296875, 50.882049560546875, 0.0, -1.7800428867340088, 18.010700225830078, 27.426708221435547, 19.427202224731445, 31.17388153076172, 78.02779388427734)
(-6.567255973815918, 6.337641716003418, 0.0, -1.0, -1.0, 0.0, 1244, 1323, 1277, 1310, -2.4073057174682617, -13.9277925491333, 0.0, -4.171657562255859, 18.841949462890625, 1.6104873418807983, 19.767168045043945, -19.647262573242188, 1.7303928136825562)
(-1.7549190521240234, 1.9713045358657837, 0.0, -1.0, -1.0, 0.0, 1220, 1286, 1383, 1261, 27.140090942382812, 7.691008567810059, 0.0, -0.6344625949859619, 15.974730491638184, 9.068456649780273, 19.700265884399414, 7.895641326904297, 36.664363861083984)
(-3.393287420272827, -0.12993407249450684, 0.0, -1.0, -1.0, 0.0, 1247, 1288, 1374, 1245, -1.956247091293335, -9.246240615844727, 0.0, -3.5512311458587646, 16.252775192260742, 13.768270492553711, 19.934799194335938, -1.0557576417922974, 32.64731216430664)
(-0.8865014910697937, -0.09263695776462555, 0.0, -1.0, -1.0, 0.0, 1298, 1318, 1299, 1242, -2.8662710189819336, 13.558317184448242, 0.0, -2.6288225650787354, 16.690126419067383, -2.5759453773498535, 19.945632934570312, -8.178727149963379, 9.190959930419922)
(-2.3679006099700928, -0.10318264365196228, 0.0, -1.0, -1.0, 0.0, 1221, 1340, 1338, 1263, -13.705915451049805, 14.151792526245117, 0.0, -4.473943710327148, 17.02274513244629, 13.349652290344238, 20.058563232421875, 5.007065773010254, 38.415279388427734)
(-2.845773935317993, 0.5846949815750122, 0.0, -1.0, -1.0, 0.0, 1304, 1331, 1323, 1264, 5.074565887451172, 22.16854476928711, 0.0, -3.4990944862365723, 16.74439239501953, -1.6169044971466064, 20.099140167236328, -7.023686408996582, 11.458549499511719)
(-2.933095932006836, -1.2058727741241455, 0.0, -1.0, -1.0, 0.0, 1255, 1342, 1379, 1278, -0.9111201763153076, 2.6759800910949707, 0.0, -3.5301921367645264, 16.987224578857422, 12.098237991333008, 20.199827194213867, 4.724360942840576, 37.02242660522461)
(-1.4837437868118286, 0.09582175314426422, 0.0, -1.0, -1.0, 0.0, 1273, 1329, 1353, 1310, -1.4188501834869385, -4.734246253967285, 0.0, -2.2433011531829834, 17.469844818115234, -2.2601466178894043, 20.178436279296875, -3.1806721687316895, 14.737616539001465)
(-1.2656570672988892, 2.828333854675293, 0.0, -1.0, -1.0, 0.0, 1223, 1364, 1370, 1305, -0.7159032821655273, 38.96705627441406, 0.0, -3.050769805908203, 18.133869171142578, 10.74555492401123, 20.185041427612305, 10.56213665008545, 41.492733001708984)
(0.03077782317996025, 3.5632805824279785, 0.0, -1.0, -1.0, 0.0, 1295, 1334, 1309, 1316, 15.82199764251709, 55.082725524902344, 0.0, -2.070129632949829, 17.38448143005371, -11.903599739074707, 20.14413833618164, -10.040940284729004, -1.800401210784912)
(-3.715881824493408, 5.001945495605469, 0.0, 0.0, -1.0, 0.0, 1128, 1481, 1431, 1214, -11.601234436035156, -4.202172756195068, 0.0, -6.826075553894043, 17.92152214050293, 60.278160095214844, 20.362852096557617, 52.06130599975586, 132.7023162841797)
(-10.49048137664795, 3.3482413291931152, 0.0, -1.0, -1.0, 0.0, 1316, 1301, 1289, 1349, -45.982784271240234, -23.925722122192383, 0.0, -9.641013145446777, 18.34453582763672, -5.9161224365234375, 20.882097244262695, -43.807159423828125, -28.841184616088867)
(-0.3446933627128601, 3.057347536087036, 0.0, -1.0, 0.0, 0.0, 1275, 1383, 1322, 1274, 1.4923264980316162, -20.508569717407227, 0.0, -0.36875706911087036, 17.39072608947754, 0.28121262788772583, 20.59016227722168, 8.150217056274414, 29.021591186523438)
(-6.334460735321045, 3.2397255897521973, 0.0, -1.0, -1.0, 0.0, 1182, 1408, 1382, 1282, -29.548900604248047, -16.63035774230957, 0.0, -8.346044540405273, 18.95505714416504, 38.11832809448242, 21.060365676879883, 12.223413467407227, 71.40210723876953)
(-1.316569447517395, 2.9229938983917236, 0.0, -1.0, -1.0, 0.0, 1385, 1287, 1295, 1287, -43.50338363647461, -33.85002899169922, 0.0, -1.4391851425170898, 17.829757690429688, -28.1971378326416, 20.88239860534668, -25.25990104675293, -32.57463836669922)
(-3.5723230838775635, 3.350436210632324, 0.0, -1.0, -1.0, 0.0, 1116, 1422, 1419, 1297, 22.489212036132812, -7.639216423034668, 0.0, -5.93949031829834, 19.264667510986328, 43.85026550292969, 21.10912322998047, 31.75473976135254, 96.71412658691406)
(-2.407743215560913, 4.734389305114746, 0.0, -1.0, -1.0, 0.0, 1369, 1312, 1226, 1347, -14.734800338745117, 11.293212890625, 0.0, -2.294217586517334, 18.966341018676758, -34.93000030517578, 21.112279891967773, -40.78496551513672, -54.60268783569336)
(0.5910409092903137, 1.9216315746307373, 0.0, -1.0, -1.0, 0.0, 1138, 1399, 1439, 1278, 14.59062671661377, 22.58070945739746, 0.0, -3.149857759475708, 19.216041564941406, 35.12364196777344, 21.05457305908203, 39.37241744995117, 95.55062866210938)
(-3.4827194213867188, 6.7256646156311035, 0.0, -1.0, -1.0, 0.0, 1293, 1348, 1276, 1338, 2.7964589595794678, 11.785928726196289, 0.0, -5.1475701332092285, 19.627473831176758, -11.532536506652832, 21.22422218322754, -21.527450561523438, -11.835763931274414)
(-0.4298367500305176, 5.532397270202637, 0.0, -1.0, -1.0, 0.0, 1234, 1389, 1367, 1264, -22.136808395385742, -12.740942001342773, 0.0, -2.804276943206787, 17.521072387695312, 14.377883911132812, 21.11732292175293, 19.129634857177734, 54.624839782714844)
(-1.7078365087509155, 4.131171226501465, 0.0, -1.0, -1.0, 0.0, 1300, 1349, 1310, 1296, -4.9301862716674805, 4.225466728210449, 0.0, -4.2135748863220215, 17.55307960510254, -5.14426326751709, 21.20785903930664, -10.172449111938477, 5.891146659851074)
(-0.0009490114753134549, 1.155239462852478, 0.0, 0.0, -1.0, 0.0, 1240, 1365, 1375, 1274, -5.449538230895996, -21.584806442260742, 0.0, -3.432933807373047, 16.93417739868164, 10.759893417358398, 21.147130966186523, 14.672121047973633, 46.57914733886719)
(-10.513995170593262, 3.075451135635376, 0.0, 0.0, -1.0, 0.0, 1100, 1471, 1444, 1291, -10.656575202941895, -2.3770906925201416, 0.0, -14.539794921875, 19.08782958984375, 75.29988098144531, 21.833017349243164, 36.879966735839844, 134.0128631591797)
(-1.070763349533081, 4.814692497253418, 0.0, -1.0, -1.0, 0.0, 1617, 1224, 1130, 1283, -16.971696853637695, 37.538490295410156, 0.0, -3.35976505279541, 18.994691848754883, -83.08280181884766, 21.58594512939453, -85.24417877197266, -146.74102783203125)
(-6.370012283325195, 5.365116119384766, 0.0, -1.0, -1.0, 0.0, 1100, 1648, 1568, 1156, 12.948715209960938, 12.043933868408203, 0.0, -10.373027801513672, 25.25490379333496, 135.45565795898438, 21.90520668029785, 125.93638610839844, 283.2972717285156)
(-2.5955657958984375, 6.005373001098633, 0.0, -1.0, -1.0, 0.0, 1531, 1142, 1145, 1436, 10.377415657043457, -13.449539184570312, 0.0, -3.592238187789917, 26.817256927490234, -92.71529388427734, 22.000642776489258, -109.02112579345703, -179.73577880859375)
(-10.549044609069824, 6.180224418640137, 0.0, -1.0, -1.0, 0.0, 1100, 1438, 1577, 1301, -20.257381439208984, 54.788673400878906, 0.0, -12.712970733642578, 27.730667114257812, 98.87910461425781, 22.583921432495117, 62.546958923339844, 184.00999450683594)
(0.6269567608833313, 5.859029769897461, 0.0, -1.0, -1.0, 0.0, 1491, 1272, 1122, 1370, 13.777117729187012, 52.37224578857422, 0.0, -1.2655646800994873, 26.746978759765625, -72.50782775878906, 22.384973526000977, -76.75379943847656, -126.87664794921875)
(-7.104218482971191, 4.989440441131592, 0.0, -1.0, -1.0, 0.0, 1100, 1491, 1546, 1321, -47.324031829833984, -27.091970443725586, 0.0, -10.80809497833252, 26.526859283447266, 97.58760833740234, 22.833419799804688, 74.30183410644531, 194.72286987304688)
(-0.5381290912628174, 5.449864864349365, 0.0, -1.0, -1.0, 0.0, 1496, 1302, 1100, 1367, 5.371821403503418, -42.9804801940918, 0.0, -4.175623416900635, 24.909936904907227, -70.26212310791016, 22.80387306213379, -80.74066925048828, -128.19891357421875)
(-4.581737995147705, 6.1192498207092285, 0.0, -1.0, -1.0, 0.0, 1100, 1471, 1437, 1288, 15.192824363708496, -8.038263320922852, 0.0, -9.635531425476074, 25.618167877197266, 60.81475830078125, 23.004629135131836, 46.7916259765625, 130.6110076904297)
(1.814812421798706, 6.430418968200684, 0.0, -1.0, -1.0, 0.0, 1439, 1333, 1131, 1350, -54.55378723144531, 17.84733009338379, 0.0, -3.016019821166992, 23.013900756835938, -59.137298583984375, 22.83771324157715, -54.81474304199219, -91.11432647705078)
(-2.8180670738220215, 5.217957496643066, 0.0, -1.0, -1.0, 0.0, 1157, 1436, 1447, 1214, 22.320642471313477, 13.556320190429688, 0.0, -10.895898818969727, 23.307497024536133, 54.8332405090332, 23.096996307373047, 40.295448303222656, 118.2256851196289)
(0.15083670616149902, 6.549793243408203, 0.0, 0.0, -1.0, 0.0, 1476, 1293, 1177, 1307, -18.23941421508789, -10.701187133789062, 0.0, -5.247119426727295, 22.05215835571289, -56.11553955078125, 22.970062255859375, -55.26386260986328, -88.40933990478516)
(-5.363323211669922, 5.7372636795043945, 0.0, -1.0, -1.0, 0.0, 1173, 1419, 1414, 1247, -16.0745792388916, 7.7922210693359375, 0.0, -9.633249282836914, 21.842853546142578, 40.77036666870117, 23.177492141723633, 29.399263381958008, 93.34712219238281)
(-1.9253309965133667, 4.668473720550537, 0.0, -1.0, 0.0, 0.0, 1453, 1223, 1316, 1262, 51.00836944580078, 35.99034881591797, 0.0, -2.364649772644043, 19.508098602294922, -38.5181884765625, 23.086101531982422, -38.69308853149414, -54.12517547607422)
(-7.002114295959473, 3.9671971797943115, 0.0, -1.0, -1.0, 0.0, 1100, 1458, 1481, 1336, 13.58365535736084, -33.75995635986328, 0.0, -8.832636833190918, 20.94696044921875, 72.08162689208984, 23.48695945739746, 50.41935729980469, 145.98794555664062)
(-4.042375087738037, 4.725443363189697, 0.0, -1.0, -1.0, 0.0, 1435, 1367, 1170, 1286, 15.19921588897705, -19.384952545166016, 0.0, -3.3332467079162598, 20.412208557128906, -32.87928009033203, 23.558469772338867, -46.70261764526367, -56.0234260559082)
(-5.38800573348999, 5.387206077575684, 0.0, -1.0, -1.0, 0.0, 1100, 1483, 1403, 1303, -2.1138925552368164, -43.40901184082031, 0.0, -8.180197715759277, 21.06342887878418, 58.64958572387695, 23.878677368164062, 37.408233642578125, 119.93649291992188)
(-1.0733603239059448, 0.6007296442985535, 0.0, -1.0, -1.0, 0.0, 1390, 1287, 1273, 1304, -6.001471519470215, 13.672109603881836, 0.0, -2.657790184020996, 18.132036209106445, -32.413875579833984, 23.790897369384766, -34.701316833496094, -43.32429504394531)
(-3.8098411560058594, 0.969775915145874, 0.0, -1.0, -1.0, 0.0, 1123, 1393, 1481, 1258, -4.6757612228393555, -15.415356636047363, 0.0, -8.997425079345703, 19.929906845092773, 53.702781677246094, 24.10874366760254, 35.35408020019531, 113.16561126708984)
(-1.3910155296325684, 4.119187831878662, 0.0, -1.0, -1.0, 0.0, 1324, 1376, 1198, 1355, 7.489863395690918, -8.509157180786133, 0.0, -3.7652597427368164, 20.63920783996582, -29.60666847229004, 23.994815826416016, -30.483192443847656, -36.09504318237305)
(-3.4757556915283203, 5.037205219268799, 0.0, -1.0, -1.0, 0.0, 1196, 1366, 1401, 1290, 8.184026718139648, -3.6696996688842773, 0.0, -7.322424411773682, 20.104454040527344, 24.19570541381836, 24.185293197631836, 11.971028327941895, 60.352027893066406)
(-0.26656466722488403, 3.403552770614624, 0.0, -1.0, -1.0, 0.0, 1256, 1370, 1280, 1348, 13.380719184875488, -11.064226150512695, 0.0, -3.5242533683776855, 19.584331512451172, -13.47032642364502, 24.064510345458984, -9.529325485229492, 1.064858078956604)
(-4.116405010223389, 2.7359774112701416, 0.0, -1.0, -1.0, 0.0, 1134, 1410, 1386, 1324, -4.122288703918457, 72.09806823730469, 0.0, -7.2436137199401855, 19.68265151977539, 30.221715927124023, 24.263416290283203, 19.97528648376465, 74.46041870117188)
(1.942803144454956, 0.30858486890792847, 0.0, -1.0, -1.0, 0.0, 1313, 1333, 1290, 1318, 5.8311662673950195, -19.844585418701172, 0.0, -3.0994062423706055, 19.148046493530273, -21.33218765258789, 24.09320640563965, -14.639812469482422, -11.878793716430664)
(-1.4846312999725342, 0.1506323665380478, 0.0, 0.0, -1.0, 0.0, 1181, 1405, 1385, 1282, -23.218015670776367, -3.6177022457122803, 0.0, -8.997881889343262, 20.449113845825195, 28.450719833374023, 24.29922103881836, 19.0004825592041, 71.75042724609375)
(-1.713823676109314, 0.08401498943567276, 0.0, -1.0, -1.0, 0.0, 1364, 1343, 1280, 1267, 16.958656311035156, -20.63975715637207, 0.0, -5.448643207550049, 19.91741180419922, -19.217876434326172, 24.203615188598633, -16.741121292114258, -11.75538158416748)
(-2.74454927444458, 0.9682189226150513, 0.0, -1.0, 0.0, 0.0, 1216, 1386, 1402, 1250, 42.728084564208984, 42.407981872558594, 0.0, -7.762820720672607, 20.67290496826172, 26.368438720703125, 24.3374080657959, 19.796674728393555, 70.50252532958984)
(-0.1296243965625763, 0.6360312700271606, 0.0, -1.0, -1.0, 0.0, 1337, 1312, 1308, 1297, 16.28803062438965, -28.845909118652344, 0.0, -4.027911186218262, 19.957656860351562, -21.35955238342285, 24.214067459106445, -16.522424697875977, -13.667908668518066)
(-4.562801361083984, 2.0265700817108154, 0.0, -1.0, -1.0, 0.0, 1157, 1411, 1402, 1288, -28.205480575561523, -11.542192459106445, 0.0, -8.388276100158691, 20.714365005493164, 33.93413162231445, 24.421554565429688, 23.550935745239258, 81.90662384033203)
(-1.1456468105316162, 1.5978244543075562, 0.0, -1.0, -1.0, 0.0, 1317, 1341, 1236, 1361, 0.4187699556350708, 0.8349161148071289, 0.0, -3.8881237506866455, 19.832502365112305, -29.149120330810547, 24.36931610107422, -30.443363189697266, -35.223167419433594)
(-1.9509598016738892, 1.5884026288986206, 0.0, -1.0, -1.0, 0.0, 1172, 1386, 1419, 1276, -21.206571578979492, 13.153465270996094, 0.0, -7.5273003578186035, 20.354907989501953, 32.145301818847656, 24.53282356262207, 22.638525009155273, 79.316650390625)
(0.9799615144729614, 1.0418184995651245, 0.0, -1.0, -1.0, 0.0, 1331, 1350, 1235, 1338, 17.680667877197266, -4.1641526222229, 0.0, -4.147116661071777, 19.928682327270508, -28.43204116821289, 24.439922332763672, -26.831424713134766, -30.823543548583984)
(-3.0096352100372314, 0.21717599034309387, 0.0, -1.0, -1.0, 0.0, 1203, 1380, 1405, 1266, 19.462589263916016, -24.430591583251953, 0.0, -8.914342880249023, 20.77045249938965, 27.69707679748535, 24.625776290893555, 16.79994773864746, 69.122802734375)
(-1.213788390159607, 0.6964558959007263, 0.0, -1.0, -1.0, 0.0, 1352, 1314, 1277, 1312, 80.96942901611328, -11.757131576538086, 0.0, -4.560838222503662, 20.274873733520508, -26.071674346923828, 24.5620059967041, -26.818639755249023, -28.32830810546875)
(-4.315948009490967, 1.8804771900177002, 0.0, -1.0, -1.0, 0.0, 1159, 1397, 1435, 1263, -57.47509002685547, -30.40631103515625, 0.0, -7.680502414703369, 20.975326538085938, 38.33696365356445, 24.73981475830078, 29.40806770324707, 92.48484802246094)
(-0.779812216758728, 0.09348873049020767, 0.0, -1.0, -1.0, 0.0, 1351, 1296, 1321, 1286, 86.55753326416016, 0.4320192337036133, 0.0, -3.2437639236450195, 20.213285446166992, -19.41733741760254, 24.691429138183594, -20.2929744720459, -15.018881797790527)
(-4.078303337097168, 0.0523037388920784, 0.0, -1.0, -1.0, 0.0, 1181, 1378, 1436, 1260, -32.46249008178711, -52.859249114990234, 0.0, -8.183855056762695, 21.278682708740234, 37.020530700683594, 24.950782775878906, 21.32859992980957, 83.29991149902344)
(-1.631181001663208, 1.4762203693389893, 0.0, 0.0, -1.0, 0.0, 1326, 1355, 1277, 1297, 47.760772705078125, 5.071815490722656, 0.0, -4.838733196258545, 21.1102352142334, -14.426495552062988, 24.93031120300293, -18.376094818115234, -7.872279644012451)
(-5.382240295410156, 4.149877548217773, 0.0, -1.0, -1.0, 0.0, 1171, 1443, 1355, 1286, 18.662168502807617, 24.935649871826172, 0.0, -8.059310913085938, 21.660390853881836, 32.528961181640625, 25.16539192199707, 17.46025848388672, 75.15460968017578)
(-0.4449904263019562, 3.4959025382995605, 0.0, -1.0, 0.0, 0.0, 1372, 1289, 1300, 1293, 9.922245979309082, 67.74287414550781, 0.0, -3.0561115741729736, 20.121362686157227, -27.195648193359375, 25.059602737426758, -27.095792770385742, -29.23183822631836)
(-3.9205827713012695, 2.356213331222534, 0.0, -1.0, -1.0, 0.0, 1158, 1402, 1444, 1250, -8.390267372131348, -21.39812469482422, 0.0, -9.40626335144043, 21.89971923828125, 45.68233108520508, 25.35887336730957, 28.512969970703125, 99.5541763305664)
(-1.4636794328689575, 2.1093692779541016, 0.0, -1.0, -1.0, 0.0, 1342, 1345, 1245, 1322, 21.740154266357422, 16.25324249267578, 0.0, -4.841783046722412, 21.851396560668945, -26.120891571044922, 25.28812026977539, -27.54741859436035, -28.380189895629883)
(-5.053783893585205, 4.41580867767334, 0.0, -1.0, -1.0, 0.0, 1160, 1440, 1378, 1275, -25.119041442871094, 13.044723510742188, 0.0, -10.413887023925781, 23.18233871459961, 40.605377197265625, 25.628957748413086, 19.325279235839844, 85.55961608886719)
(-0.6442930698394775, 3.8780157566070557, 0.0, -1.0, -1.0, 0.0, 1314, 1294, 1306, 1341, -20.73955726623535, 61.1085205078125, 0.0, -4.030502796173096, 21.492401123046875, -26.691120147705078, 25.44578742980957, -22.319414138793945, -23.564746856689453)
(-6.429877281188965, 2.1787242889404297, 0.0, -1.0, -1.0, 0.0, 1136, 1404, 1404, 1310, -39.27457046508789, -39.85383987426758, 0.0, -9.838582992553711, 22.610994338989258, 37.475608825683594, 25.791854858398438, 17.13414764404297, 80.401611328125)
(0.5709744691848755, 1.1952906847000122, 0.0, -1.0, -1.0, 0.0, 1384, 1282, 1301, 1287, 35.040592193603516, 51.992000579833984, 0.0, -3.9785239696502686, 21.74803352355957, -28.89365577697754, 25.67047119140625, -28.57564353942871, -31.798828125)
(-3.4646124839782715, 1.4646499156951904, 0.0, -1.0, -1.0, 0.0, 1180, 1429, 1377, 1267, -0.706247091293335, 21.762115478515625, 0.0, -10.650931358337402, 23.82303810119629, 35.51698684692383, 25.965211868286133, 18.440641403198242, 79.92283630371094)
(-0.2735447287559509, 0.6482597589492798, 0.0, -1.0, -1.0, 0.0, 1335, 1326, 1253, 1340, 1.0882377624511719, 0.5771722793579102, 0.0, -4.773645401000977, 22.320911407470703, -32.78386688232422, 25.770721435546875, -26.965787887573242, -33.97893524169922)
(-5.41521692276001, 1.0195058584213257, 0.0, -1.0, -1.0, 0.0, 1156, 1419, 1380, 1298, -17.383047103881836, 25.689453125, 0.0, -9.008247375488281, 23.095611572265625, 31.07550048828125, 25.99958610534668, 19.1751708984375, 76.25025939941406)
(0.5750777125358582, 0.8955177068710327, 0.0, -1.0, -1.0, 0.0, 1319, 1299, 1315, 1317, 44.146759033203125, -36.968788146972656, 0.0, -3.0943763256073, 21.915424346923828, -23.519824981689453, 25.843584060668945, -17.83966827392578, -15.515908241271973)
(-3.3813488483428955, 1.8442078828811646, 0.0, 0.0, -1.0, 0.0, 1126, 1435, 1375, 1305, 0.42117154598236084, -55.08914566040039, 0.0, -9.15458869934082, 23.511768341064453, 35.94002914428711, 26.106773376464844, 22.811920166015625, 84.85872650146484)
(2.6599316596984863, -0.24576237797737122, 0.0, -1.0, -1.0, 0.0, 1224, 1230, 1100, 1223, 16.781816482543945, -6.667845249176025, 0.0, -2.822423219680786, 22.203231811523438, -38.249481201171875, 25.84955406188965, -27.513336181640625, -39.91326141357422)
(-2.4566757678985596, 3.5905580520629883, 0.0, -1.0, 0.0, 0.0, 1000, 1000, 1000, 1000, 9.893016815185547, 23.559520721435547, 0.0, -8.475929260253906, 23.938602447509766, 41.04621505737305, 26.015439987182617, 36.03388977050781, 103.09554290771484)
(-6.0189619064331055, 2.302795648574829, 0.0, -1.0, -1.0, 0.0, 1000, 1000, 1000, 1000, -5.811211109161377, 5.059192657470703, 0.0, -11.006568908691406, 23.58890724182129, 11.612433433532715, 26.333017349243164, -9.82385540008545, 28.12159538269043)
(-4.771154880523682, -0.05077260360121727, 0.0, -1.0, -1.0, 0.0, 1000, 1000, 1000, 1000, -4.387680530548096, -6.2435479164123535, 0.0, -9.58873462677002, 22.270912170410156, 14.98705768585205, 26.456998825073242, 1.0899147987365723, 42.53396987915039)
(-5.476332187652588, -1.9172590970993042, 0.0, -1.0, -1.0, 0.0, 1000, 1000, 1000, 1000, -4.243489742279053, -4.504995822906494, 0.0, -9.938735008239746, 21.356430053710938, 17.978498458862305, 26.667020797729492, 1.3220806121826172, 45.96760177612305)
(-6.112414360046387, -3.6981163024902344, 0.0, -1.0, -1.0, 0.0, 1000, 1000, 1000, 1000, -6.3587846755981445, -5.089883327484131, 0.0, -9.509770393371582, 20.739810943603516, 18.742341995239258, 26.87035369873047, 1.593448281288147, 47.20614242553711)
(-6.328603267669678, -4.648924350738525, 0.0, -1.0, -1.0, 0.0, 1000, 1000, 1000, 1000, -3.8642778396606445, -3.280576705932617, 0.0, -9.790717124938965, 20.470911026000977, 28.6558780670166, 27.129058837890625, 8.735353469848633, 64.5202865600586)
(-7.625767707824707, -6.477562427520752, 0.0, -1.0, -1.0, 0.0, 1000, 1000, 1000, 1000, -8.558490753173828, -7.266745090484619, 0.0, -11.32806396484375, 20.027469635009766, 24.210386276245117, 27.487804412841797, -3.867576837539673, 47.83061599731445)
(-5.881841659545898, -7.109413146972656, 0.0, -1.0, -1.0, 0.0, 1000, 1000, 1000, 1000, -4.458674907684326, -7.647446632385254, 0.0, -9.420592308044434, 20.087833404541016, 9.795660018920898, 27.678241729736328, -11.168811798095703, 26.305089950561523)
(-4.173109531402588, -6.922611236572266, 0.0, -1.0, -1.0, 0.0, 1000, 1000, 1000, 1000, -2.9299302101135254, -5.516707897186279, 0.0, -8.60641860961914, 20.652013778686523, 14.204632759094238, 27.810291290283203, 0.051380932331085205, 42.06630325317383)
(-4.120241641998291, -6.557047367095947, 0.0, -1.0, -1.0, 0.0, 1000, 1000, 1000, 1000, -4.4544148445129395, -9.682056427001953, 0.0, -9.041478157043457, 20.805980682373047, 13.017552375793457, 27.988346099853516, -2.559196710586548, 38.44670104980469)
(-2.465710401535034, -4.079069137573242, 0.0, -1.0, -1.0, 0.0, 1000, 1000, 1000, 1000, -4.810825347900391, -6.087234973907471, 0.0, -9.261606216430664, 24.824411392211914, 3.326256513595581, 29.674577713012695, -4.72946834564209, 28.271366119384766)
(-2.0013389587402344, -3.416874885559082, 0.0, -1.0, -1.0, 0.0, 1000, 1000, 1000, 1000, -2.267393112182617, -3.7162723541259766, 0.0, -9.159926414489746, 25.09514045715332, 1.8346240520477295, 29.71455192565918, -3.5943949222564697, 27.954782485961914)
(-1.65763521194458, -2.9475796222686768, 0.0, -1.0, -1.0, 0.0, 1000, 1000, 1000, 1000, -0.5121715068817139, -1.8477871417999268, 0.0, -9.132793426513672, 25.2774600982666, 1.850053071975708, 29.756193161010742, -2.4903459548950195, 29.11590003967285)
(-1.4784127473831177, -2.726266860961914, 0.0, -1.0, -1.0, 0.0, 1000, 1000, 1000, 1000, -0.9106972217559814, -2.3320443630218506, 0.0, -9.185079574584961, 25.375476837158203, 2.547797203063965, 29.7852725982666, -0.42002302408218384, 31.913047790527344)
(-1.4763705730438232, -2.6811976432800293, 0.0, -1.0, -1.0, 0.0, 1000, 1000, 1000, 1000, -1.3220601081848145, -3.128281593322754, 0.0, -9.242548942565918, 25.469985961914062, 2.1737749576568604, 29.821151733398438, -1.1057528257369995, 30.88917350769043)
(-1.4430038928985596, -2.6131293773651123, 0.0, -1.0, -1.0, 0.0, 1000, 1000, 1000, 1000, -1.0453300476074219, -2.551900863647461, 0.0, -9.271663665771484, 25.59697151184082, 1.820796012878418, 29.84343147277832, -0.5582027435302734, 31.10602569580078)
(-1.4046114683151245, -2.5395500659942627, 0.0, -1.0, -1.0, 0.0, 1000, 1000, 1000, 1000, -1.1340689659118652, -2.3074862957000732, 0.0, -9.31236743927002, 25.712982177734375, 1.9111289978027344, 29.870145797729492, -0.6209545135498047, 31.160320281982422)
(-1.3825305700302124, -2.5403976440429688, 0.0, -1.0, -1.0, 0.0, 1000, 1000, 1000, 1000, -1.169909954071045, -2.87200927734375, 0.0, -9.355359077453613, 25.826396942138672, 1.700853943824768, 29.89069175720215, -0.32565250992774963, 31.265892028808594)
(-1.3568158149719238, -2.5314784049987793, 0.0, 0.0, -1.0, 0.0, 1000, 1000, 1000, 1000, -1.4155395030975342, -2.784453868865967, 0.0, -9.39285945892334, 25.942096710205078, 5.5492143630981445, 29.911115646362305, 4.398934841156006, 39.8592643737793)
(-1.3518329858779907, -2.5096025466918945, 0.0, -1.0, -1.0, 0.0, 1000, 1000, 1000, 1000, -1.4477360248565674, -2.596402883529663, 0.0, -9.433411598205566, 26.055509567260742, 1.6268441677093506, 29.93845558166504, -0.4404323101043701, 31.124866485595703)
(-1.354058027267456, -2.4977221488952637, 0.0, -1.0, -1.0, 0.0, 1000, 1000, 1000, 1000, -1.5616037845611572, -2.9678635597229004, 0.0, -9.471673965454102, 26.17196273803711, 1.5869638919830322, 29.95648956298828, -0.13163258135318756, 31.411821365356445)
(-1.3538459539413452, -2.4895222187042236, 0.0, -1.0, -1.0, 0.0, 1000, 1000, 1000, 1000, -0.8902206420898438, -3.007711887359619, 0.0, -9.510854721069336, 26.290393829345703, 1.5861155986785889, 29.979995727539062, -0.32174813747406006, 31.24436378479004)
(-1.3362524509429932, -2.491887092590332, 0.0, -1.0, -1.0, 0.0, 1000, 1000, 1000, 1000, -1.089433193206787, -2.9052393436431885, 0.0, -9.551406860351562, 26.406993865966797, 1.4181805849075317, 29.99810791015625, -0.2756514251232147, 31.140636444091797)
(-1.3751543760299683, -2.4927165508270264, 0.0, -1.0, -1.0, 0.0, 1000, 1000, 1000, 1000, -1.4880826473236084, -2.479055643081665, 0.0, -9.592263221740723, 26.527097702026367, 1.6713491678237915, 30.02692413330078, -0.5990648865699768, 31.09920883178711)
(-1.3862932920455933, -2.4817183017730713, 0.0, -1.0, -1.0, 0.0, 1000, 1000, 1000, 1000, -1.2510859966278076, -2.6002511978149414, 0.0, -9.6318998336792, 26.64446449279785, 1.7402950525283813, 30.04665756225586, -0.1399986892938614, 31.646955490112305)