
(0.8661014437675476, 1.1024953126907349, 0.0, 0.0, -1.0, 0.0, 1000, 1000, 1000, 1000, 1.6078853607177734, 1.4535351991653442, 0.0)
(0.6343486309051514, 0.8403071165084839, 0.0, 0.0, -1.0, 0.0, 1000, 1000, 1000, 1000, 0.10753849148750305, -0.44872525334358215, 0.0)
(0.845302402973175, 1.0361629724502563, 0.0, 0.0, -1.0, 0.0, 1000, 1000, 1000, 1000, 1.3039960861206055, 1.5330249071121216, 0.0)
(-0.4089621901512146, -0.3864222466945648, 0.0, 0.0, -1.0, 0.0, 1000, 1000, 1000, 1000, 3.1056394577026367, 3.0920376777648926, 0.0)
(-3.4583637714385986, -4.067638874053955, 0.0, 0.0, -1.0, 0.0, 1000, 1000, 1000, 1000, -5.931059837341309, -4.559868335723877, 0.0)
(-5.6567769050598145, -5.713712215423584, 0.0, 0.0, -1.0, 0.0, 1000, 1000, 1000, 1000, -10.000067710876465, -10.677443504333496, 0.0)
(-7.2806830406188965, -7.588705539703369, 0.0, 0.0, -1.0, 0.0, 1000, 1000, 1000, 1000, -10.46383285522461, -10.805427551269531, 0.0)
(-8.64305591583252, -9.406862258911133, 0.0, 0.0, -1.0, 0.0, 1000, 1000, 1000, 1000, -11.826448440551758, -12.475521087646484, 0.0)
(-9.626300811767578, -9.44343376159668, 0.0, 0.0, -1.0, 0.0, 1000, 1000, 1000, 1000, -7.469815254211426, -7.308446884155273, 0.0)
(-9.996323585510254, -10.105195999145508, 0.0, 0.0, -1.0, 0.0, 1000, 1000, 1000, 1000, -11.35422420501709, -11.769477844238281, 0.0)
(-12.019314765930176, -12.222969055175781, 0.0, 0.0, -1.0, 0.0, 1000, 1000, 1000, 1000, -16.620393753051758, -17.096586227416992, 0.0)
(-13.604220390319824, -10.688676834106445, 0.0, 0.0, -1.0, 0.0, 1000, 1000, 1000, 1000, -13.997421264648438, -13.874882698059082, 0.0)
(-9.940242767333984, -8.295709609985352, 0.0, 0.0, -1.0, 0.0, 1000, 1000, 1000, 1000, -4.686812877655029, -4.461211681365967, 0.0)
(-4.208245277404785, -5.422357082366943, 0.0, 0.0, -1.0, 0.0, 1000, 1000, 1000, 1000, 1.137602686882019, 0.39733776450157166, 0.0)
(0.028521552681922913, 0.1787264347076416, 0.0, 0.0, -1.0, 0.0, 1000, 1000, 1000, 1000, 6.2833251953125, 5.820993900299072, 0.0)
(0.6525515913963318, 4.184151649475098, 0.0, 0.0, -1.0, 0.0, 1000, 1000, 1000, 1000, 5.258418560028076, 6.55198335647583, 0.0)
(-1.97523832321167, 2.7873051166534424, 0.0, 0.0, -1.0, 0.0, 1000, 1000, 1000, 1000, -3.238839626312256, -1.864483118057251, 0.0)
(-2.6860742568969727, 1.590912938117981, 0.0, 0.0, 0.0, 0.0, 1000, 1000, 1000, 1000, -2.802408218383789, -1.0776283740997314, 0.0)
(-2.1182594299316406, -0.2879779636859894, 0.0, 0.0, -1.0, 0.0, 1000, 1000, 1000, 1000, -2.472050189971924, -1.2991256713867188, 0.0)
(-2.047358512878418, -0.8194600343704224, 0.0, 0.0, -1.0, 0.0, 1000, 1000, 1000, 1000, -3.318183660507202, -2.6075308322906494, 0.0)
(-2.0701873302459717, -1.2148644924163818, 0.0, 0.0, 0.0, 0.0, 1000, 1000, 1000, 1000, -1.0019055604934692, -0.4103838801383972, 0.0)
(-1.8894610404968262, -0.47995370626449585, 0.0, 0.0, -1.0, 0.0, 1000, 1000, 1000, 1000, -1.4668760299682617, -0.467990517616272, 0.0)
(-1.1974098682403564, -0.5954108834266663, 0.0, 0.0, -1.0, 0.0, 1000, 1000, 1000, 1000, -0.8029569387435913, 0.018314123153686523, 0.0)
(1.1471704244613647, -0.9177983999252319, 0.0, 0.0, 0.0, 0.0, 1000, 1000, 1000, 1000, 1.3793206214904785, 1.1572668552398682, 0.0)
(2.476661205291748, -0.6392064094543457, 0.0, 0.0, -1.0, 0.0, 1000, 1000, 1000, 1000, 2.7454824447631836, 2.1245152950286865, 0.0)
(0.46416157484054565, -0.4719018042087555, 0.0, 0.0, -1.0, 0.0, 1000, 1000, 1000, 1000, -1.1872808933258057, -1.2154786586761475, 0.0)
(-2.5427603721618652, -1.2161630392074585, 0.0, 0.0, 0.0, 0.0, 1000, 1000, 1000, 1000, -4.400778293609619, -3.819856882095337, 0.0)
(-3.6143572330474854, -2.821857452392578, 0.0, 0.0, -1.0, 0.0, 1000, 1000, 1000, 1000, -5.875874996185303, -5.456829071044922, 0.0)
(-3.8161537647247314, -3.5589287281036377, 0.0, 0.0, -1.0, 0.0, 1000, 1000, 1000, 1000, -4.870791912078857, -4.559053897857666, 0.0)
(-4.249429225921631, -3.415879726409912, 0.0, 0.0, -1.0, 0.0, 1000, 1000, 1000, 1000, -4.034488201141357, -3.719568967819214, 0.0)
(-4.240273952484131, -3.5891549587249756, 0.0, 0.0, -1.0, 0.0, 1000, 1000, 1000, 1000, -4.366506576538086, -4.154901027679443, 0.0)
(-3.485025405883789, -3.629255533218384, 0.0, 0.0, -1.0, 0.0, 1000, 1000, 1000, 1000, -3.1417582035064697, -3.025933027267456, 0.0)
(-3.1773266792297363, -3.6449577808380127, 0.0, 0.0, -1.0, 0.0, 1000, 1000, 1000, 1000, -3.380911111831665, -3.44850492477417, 0.0)
(-3.0209808349609375, -3.2846250534057617, 0.0, 0.0, -1.0, 0.0, 1000, 1000, 1000, 1000, -2.358471632003784, -2.3487863540649414, 0.0)
(-2.9739646911621094, -2.9477546215057373, 0.0, 0.0, -1.0, 0.0, 1000, 1000, 1000, 1000, -2.7772130966186523, -2.8098654747009277, 0.0)
(-2.7049691677093506, -2.615034580230713, 0.0, 0.0, -1.0, 0.0, 1000, 1000, 1000, 1000, -1.8868327140808105, -1.9065191745758057, 0.0)
(-2.6060097217559814, -2.583186626434326, 0.0, 0.0, -1.0, 0.0, 1000, 1000, 1000, 1000, -2.2329964637756348, -2.3075873851776123, 0.0)
(-2.8338804244995117, -2.4302308559417725, 0.0, 0.0, -1.0, 0.0, 1000, 1000, 1000, 1000, -2.4505300521850586, -2.448523998260498, 0.0)
(-2.8936352729797363, -2.6623196601867676, 0.0, 0.0, -1.0, 0.0, 1000, 1000, 1000, 1000, -2.8547263145446777, -2.8806989192962646, 0.0)
(-3.0232505798339844, -2.935694694519043, 0.0, 0.0, -1.0, 0.0, 1000, 1000, 1000, 1000, -3.2860844135284424, -3.4720473289489746, 0.0)
(-3.112061023712158, -2.890864372253418, 0.0, 0.0, -1.0, 0.0, 1000, 1000, 1000, 1000, -2.9844744205474854, -2.940732955932617, 0.0)
(-3.054598569869995, -2.8446922302246094, 0.0, 0.0, -1.0, 0.0, 1000, 1000, 1000, 1000, -2.6440675258636475, -2.788437604904175, 0.0)
(-3.0103800296783447, -2.853658437728882, 0.0, 0.0, -1.0, 0.0, 1000, 1000, 1000, 1000, -2.776698350906372, -2.8158328533172607, 0.0)
(-2.9482314586639404, -2.805814027786255, 0.0, 0.0, -1.0, 0.0, 1000, 1000, 1000, 1000, -2.7900259494781494, -2.8386166095733643, 0.0)
(-2.9784464836120605, -2.8019418716430664, 0.0, 0.0, -1.0, 0.0, 1000, 1000, 1000, 1000, -3.251324415206909, -3.288029909133911, 0.0)
(-3.0968947410583496, -2.859221935272217, 0.0, 0.0, -1.0, 0.0, 1000, 1000, 1000, 1000, -2.9886667728424072, -3.024367094039917, 0.0)
(-3.117314338684082, -2.9625000953674316, 0.0, 0.0, -1.0, 0.0, 1000, 1000, 1000, 1000, -3.2227745056152344, -3.3856382369995117, 0.0)
(-3.3186261653900146, -3.0675530433654785, 0.0, 0.0, -1.0, 0.0, 1000, 1000, 1000, 1000, -3.2174954414367676, -3.556833267211914, 0.0)
(-3.5624587535858154, -2.726768970489502, 0.0, 0.0, -1.0, 0.0, 1000, 1000, 1000, 1000, -3.0702550411224365, -2.9519472122192383, 0.0)
(-3.3696787357330322, -2.7439470291137695, 0.0, -1.0, -1.0, 0.0, 1000, 1000, 1000, 1000, -3.2640106678009033, -3.267864227294922, 0.0)
(-3.1967902183532715, -2.85819673538208, 0.0, 0.0, -1.0, 0.0, 1000, 1000, 1000, 1000, -3.10848069190979, -3.0387964248657227, 0.0)
(-2.9387896060943604, -2.790895938873291, 0.0, 0.0, -1.0, 0.0, 1000, 1000, 1000, 1000, -2.744048595428467, -2.821685791015625, 0.0)
(-2.751904010772705, -2.7339913845062256, 0.0, 0.0, -1.0, 0.0, 1000, 1000, 1000, 1000, -2.5532517433166504, -2.737076997756958, 0.0)
(-2.2813644409179688, -2.206528425216675, 0.0, 0.0, -1.0, 0.0, 1000, 1000, 1000, 1000, -1.547978401184082, -1.7206480503082275, 0.0)
(-2.4666788578033447, -2.1593716144561768, 0.0, 0.0, -1.0, 0.0, 1000, 1000, 1000, 1000, -2.7246253490448, -2.725571632385254, 0.0)
(-1.8480433225631714, -2.265733480453491, 0.0, 0.0, -1.0, 0.0, 1000, 1000, 1000, 1000, -1.8185871839523315, -2.2313592433929443, 0.0)
(-2.0247998237609863, -1.9226794242858887, 0.0, 0.0, -1.0, 0.0, 1000, 1000, 1000, 1000, -1.706387996673584, -1.690794825553894, 0.0)
(-2.1681408882141113, -1.8683465719223022, 0.0, 0.0, -1.0, 0.0, 1000, 1000, 1000, 1000, -2.4791922569274902, -2.4271278381347656, 0.0)
(-2.1223766803741455, -1.6515967845916748, 0.0, 0.0, -1.0, 0.0, 1000, 1000, 1000, 1000, -1.91007399559021, -2.192056655883789, 0.0)
(-1.818910002708435, -1.7681553363800049, 0.0, 0.0, -1.0, 0.0, 1000, 1000, 1000, 1000, -1.2399309873580933, -1.1934783458709717, 0.0)
(-2.5728888511657715, -1.5644831657409668, 0.0, 0.0, -1.0, 0.0, 1000, 1000, 1000, 1000, -2.9130544662475586, -2.556788921356201, 0.0)
(-2.0328822135925293, -1.481965184211731, 0.0, 0.0, -1.0, 0.0, 1000, 1000, 1000, 1000, -1.7918888330459595, -1.690756916999817, 0.0)
(-1.347436547279358, -1.1194372177124023, 0.0, 0.0, -1.0, 0.0, 1000, 1000, 1000, 1000, -0.8047530055046082, -0.9170091152191162, 0.0)
(-1.539724349975586, -0.9755141735076904, 0.0, 0.0, -1.0, 0.0, 1000, 1000, 1000, 1000, -0.9155773520469666, -0.866146445274353, 0.0)
(-1.677292823791504, -1.242430329322815, 0.0, 0.0, -1.0, 0.0, 1000, 1000, 1000, 1000, -1.7493828535079956, -1.66823148727417, 0.0)
(-2.348616123199463, -1.6226060390472412, 0.0, 0.0, -1.0, 0.0, 1000, 1000, 1000, 1000, -3.0404202938079834, -2.840041399002075, 0.0)
(-2.584183931350708, -1.8029301166534424, 0.0, 0.0, -1.0, 0.0, 1100, 1146, 1163, 1100, -2.4012277126312256, -2.2092788219451904, 0.0)
(-2.3489761352539062, -2.054928779602051, 0.0, 0.0, -1.0, 0.0, 1100, 1139, 1178, 1100, -2.4490256309509277, -2.4168238639831543, 0.0)
(-2.843799114227295, -2.6063783168792725, 0.0, 0.0, -1.0, 0.0, 1100, 1132, 1179, 1100, -4.512037754058838, -3.832705020904541, 0.0)
(-3.199984550476074, -2.8122129440307617, 0.0, 0.0, -1.0, 0.0, 1100, 1145, 1166, 1100, -3.7930235862731934, -3.2582473754882812, 0.0)
(-2.1569716930389404, -2.58724045753479, 0.0, 0.0, 0.0, 0.0, 1100, 1154, 1162, 1100, -0.3456398546695709, -0.625299334526062, 0.0)
(-1.7692166566848755, -2.193490743637085, 0.0, 0.0, -1.0, 0.0, 1100, 1164, 1187, 1100, -2.4754791259765625, -2.3116607666015625, 0.0)
(-1.4016231298446655, -2.6711254119873047, 0.0, -1.0, -1.0, 0.0, 1100, 1190, 1216, 1100, -2.7472429275512695, -4.068274974822998, 0.0)
(-1.8679097890853882, -3.2313692569732666, 0.0, 0.0, 0.0, 0.0, 1121, 1227, 1238, 1100, -0.602757453918457, -1.5547001361846924, 0.0)
(-1.4386707544326782, -2.931734561920166, 0.0, 0.0, -1.0, 0.0, 1125, 1231, 1240, 1100, -2.362198829650879, -4.329946994781494, 0.0)
(-0.09734893590211868, -1.579866886138916, 0.0, 0.0, -1.0, 0.0, 1177, 1277, 1290, 1154, -1.4747066497802734, 0.8779206275939941, 0.0)
(0.8576089143753052, -0.9335991740226746, 0.0, 0.0, 0.0, 0.0, 1234, 1328, 1323, 1193, 0.7725954651832581, -0.1647169589996338, 0.0)
(1.6650347709655762, 0.5617415308952332, 0.0, 0.0, -1.0, 0.0, 1217, 1327, 1320, 1213, -3.037327289581299, -3.4068636894226074, 0.0)
(2.4608092308044434, 1.4838459491729736, 0.0, -1.0, -1.0, 0.0, 1223, 1317, 1321, 1217, -2.594597816467285, -4.326641082763672, 0.0)
(1.6642467975616455, 0.883916974067688, 0.0, 0.0, 0.0, 0.0, 1220, 1334, 1362, 1246, -0.31161928176879883, -4.550854206085205, 0.0)
(3.315581798553467, 2.3430542945861816, 0.0, 0.0, -1.0, 0.0, 1278, 1379, 1356, 1265, 4.1944756507873535, 9.865341186523438, 0.0)
(5.202064037322998, 3.79811429977417, 0.0, 0.0, -1.0, 0.0, 1276, 1368, 1366, 1293, -3.4428558349609375, -1.5277628898620605, 0.0)
(3.9941658973693848, 2.828476667404175, 0.0, 0.0, 0.0, 0.0, 1275, 1386, 1421, 1332, 7.990411758422852, 4.323705673217773, 0.0)
(6.103592395782471, 4.823288917541504, 0.0, 0.0, -1.0, 0.0, 1290, 1392, 1390, 1346, 8.108609199523926, 5.187700271606445, 0.0)
(6.171995639801025, 4.72510290145874, 0.0, 0.0, -1.0, 0.0, 1295, 1398, 1386, 1336, -7.25271463394165, -0.5024732947349548, 0.0)
(7.475037574768066, 6.504550933837891, 0.0, 0.0, 0.0, 0.0, 1308, 1393, 1415, 1366, 10.456567764282227, 6.3500752449035645, 0.0)
(5.949893474578857, 5.062023639678955, 0.0, 0.0, -1.0, 0.0, 1316, 1419, 1405, 1366, 6.404620170593262, 2.7631752490997314, 0.0)
(7.493170738220215, 7.000973224639893, 0.0, 0.0, -1.0, 0.0, 1337, 1426, 1415, 1392, 21.484241485595703, 13.237034797668457, 0.0)
(10.340075492858887, 9.769673347473145, 0.0, 0.0, 0.0, 0.0, 1351, 1438, 1400, 1405, 16.835037231445312, 17.071754455566406, 0.0)
(9.913475036621094, 10.343450546264648, 0.0, 0.0, -1.0, 0.0, 1329, 1437, 1416, 1417, 19.708702087402344, 24.671464920043945, 0.0)
(9.553877830505371, 10.212809562683105, 0.0, 0.0, -1.0, 0.0, 1330, 1436, 1401, 1426, 13.110492706298828, 13.189845085144043, 0.0)
(8.609896659851074, 9.108732223510742, 0.0, 0.0, 0.0, 0.0, 1349, 1440, 1401, 1408, 7.457673072814941, 9.002828598022461, 0.0)
(8.93410587310791, 9.387218475341797, 0.0, 0.0, -1.0, 0.0, 1337, 1424, 1408, 1429, 4.082555294036865, 4.109006881713867, 0.0)
(8.380461692810059, 8.649086952209473, 0.0, 0.0, -1.0, 0.0, 1344, 1438, 1398, 1417, 2.6726574897766113, 4.926164150238037, 0.0)
(7.754104137420654, 8.290934562683105, 0.0, 0.0, -1.0, 0.0, 1346, 1426, 1405, 1422, 15.180017471313477, 6.533331394195557, 0.0)
(7.263669490814209, 8.17707347869873, 0.0, 0.0, -1.0, 0.0, 1366, 1446, 1385, 1401, 26.71261978149414, 22.86932945251465, 0.0)
(7.526256561279297, 8.573393821716309, 0.0, 0.0, -1.0, 0.0, 1361, 1438, 1383, 1416, 7.866842746734619, 3.9822914600372314, 0.0)
(7.391297817230225, 8.525705337524414, 0.0, 0.0, -1.0, 0.0, 1345, 1434, 1387, 1432, 20.563888549804688, 13.529905319213867, 0.0)
(5.3109283447265625, 6.924350738525391, 0.0, 0.0, -1.0, 0.0, 1357, 1441, 1392, 1408, 2.899580478668213, 9.287988662719727, 0.0)
(3.353177309036255, 4.143503189086914, 0.0, 0.0, -1.0, 0.0, 1362, 1429, 1400, 1407, -8.124645233154297, -4.80942440032959, 0.0)
(4.091213703155518, 4.637213230133057, 0.0, 0.0, -1.0, 0.0, 1369, 1433, 1394, 1402, 10.558445930480957, 6.7099151611328125, 0.0)
(3.8836214542388916, 4.921717166900635, 0.0, -1.0, -1.0, 0.0, 1361, 1423, 1403, 1412, 5.305721282958984, 1.3389841318130493, 0.0)
(4.847072601318359, 5.372945785522461, 0.0, 0.0, -1.0, 0.0, 1371, 1432, 1410, 1424, 5.254624366760254, 4.1454339027404785, 0.0)
(3.73954701423645, 4.711612701416016, 0.0, 0.0, -1.0, 0.0, 1353, 1452, 1407, 1427, 8.111318588256836, 7.333822250366211, 0.0)
(2.0025475025177, 3.139349937438965, 0.0, -1.0, -1.0, 0.0, 1390, 1451, 1416, 1426, -0.20498764514923096, -1.4001209735870361, 0.0)
(1.2945427894592285, 2.103722095489502, 0.0, 0.0, -1.0, 0.0, 1387, 1457, 1418, 1420, 10.973386764526367, 1.8985590934753418, 0.0)
(2.4549036026000977, 3.752707004547119, 0.0, 0.0, -1.0, 0.0, 1381, 1468, 1412, 1425, -2.2267885208129883, 11.389686584472656, 0.0)
(3.4534590244293213, 4.338741302490234, 0.0, 0.0, -1.0, 0.0, 1384, 1451, 1408, 1447, 0.8304929733276367, -5.803084850311279, 0.0)
(4.388576984405518, 5.03164529800415, 0.0, 0.0, -1.0, 0.0, 1390, 1448, 1412, 1441, 11.333490371704102, 10.080190658569336, 0.0)
(5.751978874206543, 5.355921745300293, 0.0, 0.0, -1.0, 0.0, 1412, 1460, 1387, 1431, 5.3728814125061035, 8.296217918395996, 0.0)
(5.74708366394043, 5.628035068511963, 0.0, 0.0, -1.0, 0.0, 1389, 1460, 1394, 1447, 8.12592601776123, 17.147031784057617, 0.0)
(6.526407241821289, 6.745736122131348, 0.0, 0.0, -1.0, 0.0, 1366, 1441, 1411, 1472, 6.442713737487793, 9.025042533874512, 0.0)
(6.683667182922363, 7.427896499633789, 0.0, 0.0, -1.0, 0.0, 1386, 1430, 1407, 1467, 11.12374496459961, 10.602423667907715, 0.0)
(6.316540241241455, 6.389876842498779, 0.0, 0.0, -1.0, 0.0, 1363, 1422, 1421, 1484, 20.99502182006836, 16.97014045715332, 0.0)
(3.1764280796051025, 4.486924171447754, 0.0, 0.0, -1.0, 0.0, 1365, 1455, 1409, 1456, 2.6673736572265625, 13.495501518249512, 0.0)
(1.9396421909332275, 3.466977119445801, 0.0, 0.0, -1.0, 0.0, 1406, 1451, 1412, 1429, -3.2934317588806152, -8.080667495727539, 0.0)
(1.6086050271987915, 2.973752021789551, 0.0, 0.0, -1.0, 0.0, 1371, 1448, 1425, 1459, 4.445315361022949, 11.947432518005371, 0.0)
(2.155585289001465, 3.168693780899048, 0.0, 0.0, -1.0, 0.0, 1378, 1452, 1408, 1460, -2.102029323577881, 2.409844398498535, 0.0)
(2.494344711303711, 3.0849850177764893, 0.0, 0.0, -1.0, 0.0, 1372, 1434, 1426, 1474, 9.279144287109375, 7.694050312042236, 0.0)
(1.7750543355941772, 2.5397789478302, 0.0, 0.0, -1.0, 0.0, 1368, 1436, 1424, 1465, 2.7391200065612793, 1.5699552297592163, 0.0)
(1.4337295293807983, 3.131667375564575, 0.0, 0.0, -1.0, 0.0, 1389, 1475, 1401, 1441, 8.38401985168457, 18.47258758544922, 0.0)
(0.7192614078521729, 1.8209967613220215, 0.0, 0.0, -1.0, 0.0, 1413, 1469, 1401, 1423, -6.792956352233887, -9.00114917755127, 0.0)
(-0.7464404702186584, 0.5714660286903381, 0.0, 0.0, -1.0, 0.0, 1386, 1468, 1425, 1447, -5.80882453918457, -8.473421096801758, 0.0)
(-0.7454412579536438, 0.9070500731468201, 0.0, 0.0, -1.0, 0.0, 1400, 1458, 1416, 1453, -7.258148670196533, -3.8311920166015625, 0.0)
(0.8567630648612976, 0.907914936542511, 0.0, 0.0, -1.0, 0.0, 1406, 1449, 1419, 1453, 8.623406410217285, 4.275759696960449, 0.0)
(0.06350899487733841, 1.2892773151397705, 0.0, 0.0, -1.0, 0.0, 1384, 1454, 1438, 1445, -13.156913757324219, -16.079622268676758, 0.0)
(0.3249551057815552, 1.9492310285568237, 0.0, 0.0, -1.0, 0.0, 1407, 1460, 1418, 1441, -1.572056770324707, -4.807331085205078, 0.0)
(1.20193612575531, 2.3563036918640137, 0.0, 0.0, -1.0, 0.0, 1399, 1446, 1431, 1450, 4.364900588989258, -1.2107205390930176, 0.0)
(2.310358762741089, 4.4713544845581055, 0.0, 0.0, -1.0, 0.0, 1399, 1472, 1408, 1447, 7.3119049072265625, -0.3598487377166748, 0.0)
(1.3579496145248413, 4.109007835388184, 0.0, 0.0, -1.0, 0.0, 1406, 1471, 1415, 1434, -1.4211859703063965, 2.2577428817749023, 0.0)
(1.9375026226043701, 4.290721416473389, 0.0, 0.0, -1.0, 0.0, 1408, 1472, 1398, 1449, 6.080055236816406, 5.118186950683594, 0.0)
(1.5513043403625488, 2.928309202194214, 0.0, -1.0, -1.0, 0.0, 1401, 1477, 1393, 1455, -6.546647548675537, -4.132226943969727, 0.0)
(0.7019273042678833, 1.7340333461761475, 0.0, 0.0, -1.0, 0.0, 1397, 1477, 1411, 1441, -15.736495971679688, -6.772170066833496, 0.0)
(-1.161625623703003, -0.5728721022605896, 0.0, 0.0, -1.0, 0.0, 1391, 1463, 1422, 1446, -15.13167953491211, -13.401466369628906, 0.0)
(-1.773605465888977, -2.879260301589966, 0.0, 0.0, -1.0, 0.0, 1412, 1447, 1423, 1441, -1.8476104736328125, -4.135209083557129, 0.0)
(-0.8569716811180115, -1.7653197050094604, 0.0, 0.0, -1.0, 0.0, 1409, 1465, 1419, 1433, 7.768702983856201, 7.324326515197754, 0.0)
(0.2664669454097748, -0.023195283487439156, 0.0, -1.0, -1.0, 0.0, 1400, 1451, 1422, 1454, 3.88724422454834, 0.13717186450958252, 0.0)
(-0.7871099710464478, 0.18612895905971527, 0.0, 0.0, -1.0, 0.0, 1398, 1454, 1435, 1439, -10.22599983215332, -15.413186073303223, 0.0)
(-0.6148369908332825, 1.1491087675094604, 0.0, 0.0, -1.0, 0.0, 1368, 1461, 1425, 1471, -3.7505927085876465, 2.810788631439209, 0.0)
(-0.5982809662818909, 0.2597837448120117, 0.0, 0.0, -1.0, 0.0, 1403, 1473, 1416, 1434, 0.6321008205413818, 3.498176097869873, 0.0)
(-0.28993576765060425, -0.026425478979945183, 0.0, 0.0, -1.0, 0.0, 1392, 1451, 1430, 1453, -0.5128833055496216, -1.4059698581695557, 0.0)
(1.425672173500061, 1.0072005987167358, 0.0, 0.0, -1.0, 0.0, 1399, 1449, 1414, 1460, 14.459267616271973, 6.366621971130371, 0.0)
(-0.9334377646446228, -0.8144320845603943, 0.0, 0.0, -1.0, 0.0, 1374, 1453, 1432, 1462, 3.074234962463379, 1.0518507957458496, 0.0)
(0.12992265820503235, -0.15858225524425507, 0.0, 0.0, -1.0, 0.0, 1400, 1457, 1413, 1452, 7.390588283538818, 1.6532459259033203, 0.0)
(-0.09953305870294571, 0.3108921945095062, 0.0, 0.0, -1.0, 0.0, 1366, 1445, 1442, 1473, 5.848641395568848, 0.7593135833740234, 0.0)
(-0.6407048106193542, 0.3437210023403168, 0.0, 0.0, -1.0, 0.0, 1384, 1455, 1425, 1458, 17.36107063293457, 19.17612648010254, 0.0)
(-0.15735308825969696, -0.3288976550102234, 0.0, 0.0, -1.0, 0.0, 1394, 1447, 1442, 1454, -3.8689961433410645, -6.15092658996582, 0.0)
(-0.8203964829444885, -0.6511977314949036, 0.0, 0.0, -1.0, 0.0, 1392, 1451, 1466, 1466, -7.667547225952148, -10.05878734588623, 0.0)
(-0.6253324747085571, -0.0898614376783371, 0.0, 0.0, -1.0, 0.0, 1419, 1468, 1445, 1454, -2.757861614227295, -6.8189263343811035, 0.0)
(-0.545742928981781, 0.8831959366798401, 0.0, 0.0, -1.0, 0.0, 1428, 1505, 1446, 1467, -1.8672994375228882, 0.1682673692703247, 0.0)
(-1.5372105836868286, -0.011827715672552586, 0.0, 0.0, -1.0, 0.0, 1443, 1511, 1480, 1496, 0.650972843170166, -5.814580917358398, 0.0)
(-0.5066012740135193, 1.0027234554290771, 0.0, -1.0, -1.0, 0.0, 1443, 1534, 1446, 1507, -4.231809616088867, 3.9827797412872314, 0.0)
(-0.14061664044857025, 1.139988660812378, 0.0, 0.0, -1.0, 0.0, 1436, 1508, 1479, 1506, -13.915699005126953, -15.074694633483887, 0.0)
(1.4538967609405518, 3.0661375522613525, 0.0, 0.0, 0.0, 0.0, 1444, 1515, 1462, 1508, 3.306209087371826, 1.9168658256530762, 0.0)
(0.49278706312179565, 4.468973636627197, 0.0, 0.0, -1.0, 0.0, 1441, 1525, 1468, 1496, -9.624563217163086, -10.3059720993042, 0.0)
(0.9596068263053894, 4.526830196380615, 0.0, 0.0, -1.0, 0.0, 1422, 1524, 1450, 1534, 17.481273651123047, 23.673852920532227, 0.0)
(2.2894704341888428, 4.637679100036621, 0.0, 0.0, 0.0, 0.0, 1451, 1520, 1450, 1509, 0.07898688316345215, 1.399776577949524, 0.0)
(3.521209716796875, 5.635721683502197, 0.0, 0.0, -1.0, 0.0, 1455, 1528, 1424, 1523, 4.804132461547852, 3.9300975799560547, 0.0)
(7.981394290924072, 11.980193138122559, 0.0, -1.0, -1.0, 0.0, 1453, 1519, 1418, 1541, 13.883211135864258, 10.567628860473633, 0.0)
(4.860790729522705, 11.141282081604004, 0.0, 0.0, 0.0, 0.0, 1402, 1517, 1459, 1552, 2.0033445358276367, -4.427783012390137, 0.0)
(2.668379068374634, 9.14705753326416, 0.0, 0.0, -1.0, 0.0, 1422, 1516, 1450, 1542, -0.9359374046325684, -5.158448219299316, 0.0)
(5.651937007904053, 10.273917198181152, 0.0, -1.0, -1.0, 0.0, 1452, 1533, 1406, 1543, 4.633484840393066, 4.680002212524414, 0.0)
(5.74233865737915, 9.382966041564941, 0.0, 0.0, -1.0, 0.0, 1484, 1551, 1389, 1510, 10.838926315307617, 12.515756607055664, 0.0)
(5.820590972900391, 9.23633098602295, 0.0, 0.0, -1.0, 0.0, 1474, 1543, 1397, 1521, 13.412681579589844, 14.565183639526367, 0.0)
(5.9123640060424805, 7.511916637420654, 0.0, 0.0, -1.0, 0.0, 1485, 1542, 1389, 1517, 2.4159164428710938, 10.989106178283691, 0.0)
(4.456758975982666, 5.515294075012207, 0.0, 0.0, -1.0, 0.0, 1474, 1536, 1403, 1520, 3.253689765930176, 8.57468318939209, 0.0)
(3.265888214111328, 5.893517971038818, 0.0, 0.0, -1.0, 0.0, 1452, 1541, 1417, 1525, -2.0862178802490234, 5.9031081199646, 0.0)
(2.8209311962127686, 5.337838172912598, 0.0, 0.0, -1.0, 0.0, 1476, 1520, 1424, 1514, 0.016922950744628906, 3.355844020843506, 0.0)
(4.319117546081543, 7.403386116027832, 0.0, -1.0, -1.0, 0.0, 1470, 1539, 1394, 1531, 11.548266410827637, 12.641109466552734, 0.0)
(3.91487193107605, 6.971518516540527, 0.0, -1.0, -1.0, 0.0, 1483, 1536, 1395, 1519, -0.9045074582099915, -0.9595181941986084, 0.0)
(2.4786806106567383, 5.64959192276001, 0.0, 0.0, -1.0, 0.0, 1457, 1538, 1407, 1532, -0.5157058238983154, -2.668050765991211, 0.0)
(3.3630714416503906, 6.504244327545166, 0.0, 0.0, -1.0, 0.0, 1460, 1533, 1402, 1539, 5.438604831695557, 6.071803092956543, 0.0)
(6.765872955322266, 9.616189956665039, 0.0, 0.0, -1.0, 0.0, 1454, 1514, 1399, 1563, 14.98405647277832, 19.470977783203125, 0.0)
(4.510875701904297, 8.640337944030762, 0.0, 0.0, -1.0, 0.0, 1460, 1540, 1399, 1531, -1.278403401374817, -0.374603271484375, 0.0)
(3.422356128692627, 7.944681644439697, 0.0, 0.0, -1.0, 0.0, 1456, 1540, 1391, 1544, -15.791364669799805, -3.629779815673828, 0.0)
(3.6103930473327637, 6.895520210266113, 0.0, 0.0, -1.0, 0.0, 1449, 1541, 1392, 1547, -7.5476460456848145, 4.396673679351807, 0.0)
(0.3316729664802551, 4.460441589355469, 0.0, 0.0, -1.0, 0.0, 1430, 1511, 1436, 1554, -7.775653839111328, -6.89617919921875, 0.0)
(-0.19257819652557373, 4.838576793670654, 0.0, 0.0, -1.0, 0.0, 1463, 1535, 1404, 1528, 11.922988891601562, 7.185003757476807, 0.0)
(4.108738899230957, 8.227291107177734, 0.0, 0.0, -1.0, 0.0, 1471, 1546, 1371, 1546, -0.08685779571533203, 7.384410381317139, 0.0)
(4.2789177894592285, 7.30626916885376, 0.0, 0.0, -1.0, 0.0, 1445, 1522, 1408, 1555, 2.8730874061584473, -0.8549346923828125, 0.0)
(-1.0583082437515259, 4.476676940917969, 0.0, 0.0, -1.0, 0.0, 1438, 1553, 1409, 1526, 2.8036484718322754, 4.285409927368164, 0.0)
(-2.7358365058898926, 2.7437262535095215, 0.0, 0.0, -1.0, 0.0, 1440, 1525, 1415, 1550, -2.3903708457946777, -0.3590660095214844, 0.0)
(2.3087170124053955, 5.740903854370117, 0.0, 0.0, -1.0, 0.0, 1439, 1537, 1400, 1554, -16.441219329833984, -11.555505752563477, 0.0)
(-0.8891383409500122, 4.00032901763916, 0.0, 0.0, -1.0, 0.0, 1426, 1524, 1430, 1550, -11.569563865661621, -11.125288963317871, 0.0)
(-3.5494766235351562, 0.797797441482544, 0.0, 0.0, -1.0, 0.0, 1442, 1539, 1421, 1525, -5.155794143676758, 4.3542070388793945, 0.0)
(-5.270757675170898, -1.5655268430709839, 0.0, 0.0, -1.0, 0.0, 1440, 1513, 1445, 1532, -1.4236880540847778, 0.4651918411254883, 0.0)
(-1.134534478187561, 2.5202696323394775, 0.0, 0.0, -1.0, 0.0, 1438, 1514, 1434, 1540, 25.45656967163086, 32.66802215576172, 0.0)
(0.6146594882011414, 3.802255392074585, 0.0, 0.0, -1.0, 0.0, 1408, 1510, 1440, 1568, -14.729257583618164, -7.431189060211182, 0.0)
(-2.6932854652404785, 0.4999978244304657, 0.0, 0.0, 0.0, 0.0, 1446, 1506, 1449, 1525, 8.726954460144043, 12.102307319641113, 0.0)
(-2.81640625, 0.9286266565322876, 0.0, 0.0, -1.0, 0.0, 1415, 1503, 1455, 1553, 4.040935039520264, 4.544279098510742, 0.0)
(-0.4131716191768646, 1.8835505247116089, 0.0, 0.0, -1.0, 0.0, 1449, 1516, 1425, 1535, -3.820070266723633, 5.538105010986328, 0.0)
(-1.5948550701141357, 0.17790742218494415, 0.0, 0.0, 0.0, 0.0, 1431, 1499, 1457, 1539, -6.057353973388672, -8.606813430786133, 0.0)
(-1.6698439121246338, 0.6567409634590149, 0.0, 0.0, -1.0, 0.0, 1412, 1505, 1451, 1558, -0.7478485107421875, 2.2243103981018066, 0.0)
(-0.7584466338157654, 1.3313899040222168, 0.0, 0.0, -1.0, 0.0, 1445, 1511, 1431, 1540, -1.2135066986083984, -5.278546333312988, 0.0)
(1.2695014476776123, 4.189688682556152, 0.0, 0.0, -1.0, 0.0, 1416, 1516, 1431, 1563, 6.8392333984375, 11.327981948852539, 0.0)
(1.1836979389190674, 3.575171947479248, 0.0, 0.0, -1.0, 0.0, 1430, 1531, 1412, 1553, 6.972396373748779, 8.171858787536621, 0.0)
(0.38705897331237793, 1.9613255262374878, 0.0, 0.0, -1.0, 0.0, 1412, 1498, 1452, 1564, 14.410993576049805, 23.140474319458008, 0.0)
(2.196185827255249, 3.2524614334106445, 0.0, 0.0, -1.0, 0.0, 1441, 1505, 1424, 1557, -5.376471996307373, -9.058249473571777, 0.0)
(2.8813250064849854, 3.97371244430542, 0.0, 0.0, -1.0, 0.0, 1405, 1492, 1443, 1586, 4.211308002471924, -3.60775089263916, 0.0)
(1.3151392936706543, 3.3883347511291504, 0.0, 0.0, -1.0, 0.0, 1436, 1514, 1426, 1550, -10.469164848327637, -9.64797592163086, 0.0)
(0.9506872892379761, 2.202845573425293, 0.0, 0.0, -1.0, 0.0, 1487, 1542, 1389, 1508, 5.134366035461426, 7.4463725090026855, 0.0)
(0.27803248167037964, 1.0075396299362183, 0.0, 0.0, -1.0, 0.0, 1453, 1505, 1430, 1538, -4.993697166442871, -7.229587554931641, 0.0)
(2.7310101985931396, 3.436506986618042, 0.0, 0.0, -1.0, 0.0, 1429, 1512, 1423, 1562, 4.046298027038574, 12.455570220947266, 0.0)
(1.184425711631775, 3.0069122314453125, 0.0, 0.0, -1.0, 0.0, 1434, 1502, 1429, 1561, 11.397344589233398, 7.607259273529053, 0.0)
(1.9175612926483154, 4.520432949066162, 0.0, 0.0, -1.0, 0.0, 1435, 1520, 1414, 1557, 13.217192649841309, 12.496472358703613, 0.0)
(0.23842434585094452, 3.058464527130127, 0.0, 0.0, -1.0, 0.0, 1462, 1551, 1391, 1522, 0.5783053636550903, 1.5965313911437988, 0.0)
(0.1681399941444397, 2.3799221515655518, 0.0, 0.0, -1.0, 0.0, 1441, 1524, 1415, 1550, 0.635847270488739, 1.2350795269012451, 0.0)
(-0.5054758191108704, 1.9540772438049316, 0.0, 0.0, -1.0, 0.0, 1424, 1517, 1441, 1548, -7.326057434082031, 0.9100713729858398, 0.0)
(-1.6245619058609009, 2.0124244689941406, 0.0, 0.0, -1.0, 0.0, 1426, 1521, 1429, 1558, 12.237897872924805, 13.486934661865234, 0.0)
(-2.6429073810577393, -0.08733262866735458, 0.0, 0.0, -1.0, 0.0, 1429, 1531, 1430, 1540, -6.34440803527832, -1.4841251373291016, 0.0)
(-2.8766305446624756, 0.1202835738658905, 0.0, 0.0, -1.0, 0.0, 1415, 1512, 1453, 1549, -3.6398611068725586, 2.7883472442626953, 0.0)
(-2.1865756511688232, -0.12878383696079254, 0.0, 0.0, -1.0, 0.0, 1409, 1514, 1444, 1566, -18.30181884765625, -18.083106994628906, 0.0)
(-1.3611972332000732, 0.0910804271697998, 0.0, 0.0, -1.0, 0.0, 1444, 1528, 1422, 1536, 8.554693222045898, 12.321897506713867, 0.0)
(2.435347080230713, 4.833972454071045, 0.0, 0.0, -1.0, 0.0, 1429, 1524, 1418, 1559, 8.735345840454102, 12.663347244262695, 0.0)
(1.865403413772583, 4.9227800369262695, 0.0, 0.0, -1.0, 0.0, 1459, 1547, 1395, 1533, 0.41364407539367676, 2.246880054473877, 0.0)
(0.8030116558074951, 3.860727071762085, 0.0, 0.0, -1.0, 0.0, 1444, 1543, 1399, 1543, -18.67806625366211, -14.50928783416748, 0.0)
(0.9727405309677124, 2.2535228729248047, 0.0, 0.0, -1.0, 0.0, 1456, 1536, 1398, 1541, 1.705791711807251, -0.13399291038513184, 0.0)
(0.08882521092891693, 0.8400894403457642, 0.0, 0.0, -1.0, 0.0, 1450, 1525, 1424, 1531, -12.498417854309082, -9.027188301086426, 0.0)
(-6.993393898010254, -3.8322203159332275, 0.0, 0.0, -1.0, 0.0, 1429, 1535, 1442, 1520, 0.5137362480163574, -1.8892936706542969, 0.0)
(-5.603734970092773, -3.0348339080810547, 0.0, 0.0, -1.0, 0.0, 1427, 1531, 1433, 1538, -2.879143476486206, -1.2133326530456543, 0.0)
(-4.413793563842773, -3.6710257530212402, 0.0, -1.0, -1.0, 0.0, 1438, 1521, 1455, 1516, 9.394401550292969, 15.521402359008789, 0.0)
(-2.3545970916748047, -0.6757705807685852, 0.0, -1.0, -1.0, 0.0, 1440, 1521, 1441, 1527, 15.317811965942383, 11.216741561889648, 0.0)
(-3.9865097999572754, -2.219684600830078, 0.0, -1.0, -1.0, 0.0, 1419, 1525, 1454, 1532, -5.9883036613464355, -2.3182015419006348, 0.0)
(-2.608618974685669, -0.8919111490249634, 0.0, 0.0, -1.0, 0.0, 1438, 1531, 1427, 1534, -2.422208309173584, -1.1760947704315186, 0.0)
(-2.9977850914001465, -2.7971444129943848, 0.0, 6.0, -1.0, 0.0, 1426, 1538, 1452, 1514, -5.905722618103027, -8.952033996582031, 0.0)
(0.27350857853889465, -1.1642799377441406, 0.0, 12.0, -1.0, 0.0, 1401, 1516, 1477, 1536, 3.4098081588745117, 2.0380592346191406, 0.0)
(3.7535438537597656, -0.1810116469860077, 0.0, 3.0, -1.0, 0.0, 1435, 1511, 1437, 1548, -8.323265075683594, -1.9007701873779297, 0.0)
(2.359635829925537, 1.055232286453247, 0.0, 0.0, 0.0, 0.0, 1367, 1490, 1487, 1586, -10.415157318115234, -6.969776153564453, 0.0)
(0.6871255040168762, 3.5056021213531494, 0.0, 0.0, 0.0, 0.0, 1367, 1502, 1484, 1576, 2.9052886962890625, 15.064105033874512, 0.0)
(0.014072075486183167, 2.361334800720215, 0.0, 0.0, 0.0, 0.0, 1374, 1470, 1491, 1596, -7.340614318847656, -4.2721967697143555, 0.0)
(0.5702881813049316, 2.7579398155212402, 0.0, -5.0, -1.0, 0.0, 1428, 1525, 1420, 1556, 7.433370113372803, 7.984222888946533, 0.0)
(-1.7474075555801392, 1.158974528312683, 0.0, -14.0, -1.0, 0.0, 1445, 1499, 1420, 1567, 0.04791593551635742, 3.6536669731140137, 0.0)
(-5.225801467895508, 1.4964632987976074, 0.0, -1.0, -1.0, 0.0, 1413, 1564, 1438, 1514, 24.473424911499023, 28.467689514160156, 0.0)
(-4.429553508758545, -0.49271464347839355, 0.0, 0.0, -1.0, 0.0, 1506, 1581, 1366, 1477, -8.811280250549316, -4.007208824157715, 0.0)
(0.7866766452789307, -1.4472911357879639, 0.0, -1.0, -1.0, 0.0, 1455, 1549, 1394, 1536, -13.459220886230469, -11.705694198608398, 0.0)
(-1.2116504907608032, -2.0894691944122314, 0.0, 1.0, -1.0, 0.0, 1458, 1542, 1424, 1505, -2.067172050476074, -5.1451568603515625, 0.0)
(-0.34121447801589966, 0.37080031633377075, 0.0, 12.0, -1.0, 0.0, 1411, 1553, 1452, 1513, 7.745814800262451, 8.734519958496094, 0.0)
(3.93910551071167, 1.2285830974578857, 0.0, 0.0, -1.0, 0.0, 1492, 1537, 1382, 1523, 0.24543660879135132, 0.8843021392822266, 0.0)
(3.3092660903930664, 2.594095468521118, 0.0, 0.0, -1.0, 0.0, 1391, 1511, 1449, 1579, 8.93803596496582, 2.3284757137298584, 0.0)
(0.25965380668640137, 3.2264325618743896, 0.0, 0.0, -1.0, 0.0, 1367, 1500, 1476, 1587, -6.885000228881836, -9.949525833129883, 0.0)
(0.5707133412361145, 1.8235564231872559, 0.0, 0.0, -1.0, 0.0, 1439, 1508, 1442, 1545, 6.322670936584473, -0.5383954048156738, 0.0)
(3.3740227222442627, 3.8701512813568115, 0.0, 0.0, -15.0, 0.0, 1407, 1567, 1379, 1577, 2.8232979774475098, 4.020718097686768, 0.0)
(1.758238434791565, 0.5535730719566345, 0.0, 0.0, -14.0, 0.0, 1432, 1557, 1386, 1555, 2.406981945037842, 4.742148399353027, 0.0)
(0.3533846139907837, -1.277535080909729, 0.0, 0.0, -4.0, 0.0, 1429, 1522, 1436, 1542, 6.251798152923584, 0.2310810089111328, 0.0)
(-0.1657266467809677, -0.3209739327430725, 0.0, 0.0, -1.0, 0.0, 1404, 1519, 1441, 1566, -15.125898361206055, -14.353177070617676, 0.0)
(0.3951011598110199, 0.7068045735359192, 0.0, 0.0, -1.0, 0.0, 1425, 1515, 1436, 1553, -1.9690322875976562, -3.8939549922943115, 0.0)
(-3.31292462348938, -2.682164430618286, 0.0, 0.0, -6.0, 0.0, 1415, 1537, 1435, 1543, 0.421750545501709, -4.121938228607178, 0.0)
(-1.8281517028808594, -2.0511672496795654, 0.0, 0.0, -15.0, 0.0, 1410, 1566, 1401, 1552, -7.376988410949707, -7.1028056144714355, 0.0)
(0.16790945827960968, -2.7054860591888428, 0.0, -1.0, -9.0, 0.0, 1399, 1513, 1430, 1588, 8.42375373840332, 4.041064262390137, 0.0)
(-0.5143030285835266, -1.414550542831421, 0.0, 0.0, -1.0, 0.0, 1369, 1505, 1466, 1590, -7.975367546081543, -7.497844696044922, 0.0)
(-4.213499069213867, -3.4767496585845947, 0.0, -1.0, -1.0, 0.0, 1409, 1537, 1463, 1520, -9.587263107299805, 2.351714611053467, 0.0)
(-6.935361862182617, -6.223448753356934, 0.0, -1.0, -1.0, 0.0, 1464, 1540, 1437, 1490, -20.67228889465332, -28.204408645629883, 0.0)
(-4.387547969818115, -6.4706830978393555, 0.0, 0.0, -8.0, 0.0, 1423, 1556, 1421, 1530, -5.531794548034668, -3.990708351135254, 0.0)
(-3.9031264781951904, -5.537292003631592, 0.0, -1.0, -7.0, 0.0, 1397, 1530, 1447, 1555, -7.172287940979004, -7.00703763961792, 0.0)
(-2.4315528869628906, -3.8500397205352783, 0.0, -1.0, -1.0, 0.0, 1380, 1508, 1466, 1576, -17.353540420532227, -19.5364933013916, 0.0)
(-2.0956761837005615, -1.8090797662734985, 0.0, -1.0, -1.0, 0.0, 1424, 1520, 1460, 1527, 10.348970413208008, 8.838010787963867, 0.0)
(-5.650275230407715, -3.689969301223755, 0.0, -1.0, 12.0, 0.0, 1408, 1494, 1498, 1530, 3.511308193206787, 10.3765869140625, 0.0)
(1.4847385883331299, 5.567325115203857, 0.0, -1.0, 6.0, 0.0, 1395, 1520, 1437, 1578, 21.50859832763672, 24.33173370361328, 0.0)
(1.06612229347229, 5.400800704956055, 0.0, -1.0, 0.0, 0.0, 1403, 1533, 1436, 1558, -6.64373254776001, -6.930423259735107, 0.0)
(0.0014523352729156613, 2.766566514968872, 0.0, -1.0, 4.0, 0.0, 1426, 1527, 1432, 1545, -5.66270112991333, -3.7092456817626953, 0.0)
(-0.05492601916193962, 2.4440033435821533, 0.0, -1.0, 12.0, 0.0, 1486, 1542, 1411, 1492, -0.06952083110809326, -1.3218953609466553, 0.0)
(-0.10412395745515823, 4.246199607849121, 0.0, -1.0, 0.0, 0.0, 1434, 1561, 1404, 1532, -7.985400199890137, -9.177835464477539, 0.0)
(0.7121774554252625, 2.4534921646118164, 0.0, -1.0, 0.0, 0.0, 1453, 1552, 1391, 1535, 7.412025451660156, 5.1846137046813965, 0.0)
(2.359057903289795, 3.6362881660461426, 0.0, -1.0, 0.0, 0.0, 1424, 1533, 1419, 1559, -3.9182071685791016, -2.8153345584869385, 0.0)
(0.4932144284248352, 1.1810979843139648, 0.0, -7.0, -1.0, 0.0, 1437, 1508, 1425, 1560, 8.852498054504395, 11.697755813598633, 0.0)
(-1.825631022453308, 0.5923328399658203, 0.0, -15.0, -1.0, 0.0, 1401, 1483, 1447, 1600, 9.549100875854492, 9.647275924682617, 0.0)
(-8.130515098571777, 0.06036640331149101, 0.0, -1.0, -1.0, 0.0, 1344, 1535, 1488, 1567, -17.143495559692383, -19.22857093811035, 0.0)
(-3.5439531803131104, 0.5124761462211609, 0.0, -1.0, -1.0, 0.0, 1530, 1574, 1339, 1488, -3.24393630027771, -3.0652947425842285, 0.0)
(2.455437660217285, -0.022753460332751274, 0.0, -1.0, -1.0, 0.0, 1483, 1559, 1367, 1521, 16.215089797973633, 18.192005157470703, 0.0)
(-2.4055862426757812, -1.363486647605896, 0.0, 3.0, 0.0, 0.0, 1471, 1589, 1400, 1465, -14.048089981079102, -14.335189819335938, 0.0)
(0.17210817337036133, -0.9067834615707397, 0.0, 11.0, -1.0, 0.0, 1454, 1557, 1413, 1506, 12.00234317779541, 6.464790344238281, 0.0)
(5.719167709350586, 0.35100120306015015, 0.0, 0.0, 0.0, 0.0, 1432, 1513, 1411, 1574, 4.06809663772583, 10.213400840759277, 0.0)
(6.554131984710693, 5.348890781402588, 0.0, 0.0, 0.0, 0.0, 1370, 1497, 1457, 1606, -10.632936477661133, -7.776567459106445, 0.0)
(0.2436368316411972, 1.9031975269317627, 0.0, 0.0, -1.0, 0.0, 1377, 1490, 1479, 1584, -3.5177001953125, -7.097778797149658, 0.0)
(-0.35371142625808716, 0.1326139271259308, 0.0, -1.0, -14.0, 0.0, 1419, 1560, 1390, 1566, 0.29016631841659546, 0.1468217372894287, 0.0)
(1.9403603076934814, -0.23667722940444946, 0.0, 0.0, -3.0, 0.0, 1441, 1532, 1400, 1558, -4.854012966156006, -6.434409141540527, 0.0)
(-1.3418841361999512, -1.7530421018600464, 0.0, -1.0, -1.0, 0.0, 1423, 1542, 1417, 1549, 10.405125617980957, 12.251462936401367, 0.0)
(-1.434849739074707, -0.6964205503463745, 0.0, -1.0, -1.0, 0.0, 1423, 1520, 1427, 1564, -1.1534090042114258, 10.261483192443848, 0.0)
(1.6182254552841187, 0.9688320159912109, 0.0, -1.0, -1.0, 0.0, 1455, 1539, 1397, 1543, 4.705606937408447, 9.859716415405273, 0.0)
(1.0971298217773438, 2.0466439723968506, 0.0, -1.0, -1.0, 0.0, 1432, 1547, 1404, 1547, 7.247859477996826, 7.176758766174316, 0.0)
(0.026271050795912743, 2.71728515625, 0.0, -1.0, -1.0, 0.0, 1402, 1530, 1420, 1578, -6.859123229980469, -9.928590774536133, 0.0)
(1.692266583442688, 3.2668826580047607, 0.0, -1.0, -1.0, 0.0, 1456, 1536, 1403, 1535, 18.090791702270508, 11.786491394042969, 0.0)
(0.9285977482795715, 2.7887165546417236, 0.0, -1.0, -1.0, 0.0, 1444, 1549, 1395, 1542, 13.22021198272705, 11.610459327697754, 0.0)
(0.16035708785057068, 2.881441593170166, 0.0, -1.0, -1.0, 0.0, 1435, 1558, 1396, 1541, 4.765538215637207, 12.9097318649292, 0.0)
(-1.0319738388061523, 0.6417868733406067, 0.0, -1.0, -1.0, 0.0, 1464, 1552, 1394, 1520, 6.675415992736816, 1.8492608070373535, 0.0)
(0.9528176784515381, 3.4837915897369385, 0.0, -1.0, -1.0, 0.0, 1440, 1564, 1381, 1545, -8.433893203735352, -2.2538132667541504, 0.0)
(-0.7259678244590759, 1.7031663656234741, 0.0, -1.0, -1.0, 0.0, 1416, 1564, 1404, 1551, -11.799595832824707, -7.723891258239746, 0.0)
(-6.459412574768066, -3.850558280944824, 0.0, -1.0, -1.0, 0.0, 1426, 1551, 1433, 1524, -11.704852104187012, -21.092981338500977, 0.0)
(-4.923657417297363, -1.972690224647522, 0.0, -1.0, -1.0, 0.0, 1436, 1550, 1420, 1528, -23.29556655883789, -18.937776565551758, 0.0)
(-3.0329349040985107, -0.8030664920806885, 0.0, -1.0, 0.0, 0.0, 1419, 1543, 1419, 1553, -20.81000328063965, -22.040491104125977, 0.0)
(-10.290716171264648, -8.317028045654297, 0.0, -1.0, -1.0, 0.0, 1423, 1540, 1470, 1500, -4.088192939758301, -3.500521183013916, 0.0)
(-6.400481224060059, -5.393237590789795, 0.0, -1.0, -1.0, 0.0, 1419, 1521, 1452, 1542, -3.5850398540496826, -2.116809844970703, 0.0)
(-2.6607120037078857, -2.6600024700164795, 0.0, -1.0, 0.0, 0.0, 1421, 1529, 1442, 1542, -24.96385383605957, -21.795015335083008, 0.0)
(-4.93287992477417, -4.265701770782471, 0.0, -1.0, -1.0, 0.0, 1380, 1496, 1489, 1569, -8.536773681640625, -13.46522331237793, 0.0)
(-3.6994130611419678, -2.689275026321411, 0.0, -1.0, -1.0, 0.0, 1378, 1507, 1470, 1579, -32.520896911621094, -34.324607849121094, 0.0)
(-0.736429750919342, -0.12012509256601334, 0.0, 0.0, -1.0, 0.0, 1402, 1516, 1445, 1570, 24.652009963989258, 28.936941146850586, 0.0)
(1.7820513248443604, 1.741193413734436, 0.0, -1.0, 0.0, 0.0, 1409, 1507, 1441, 1576, -12.097872734069824, -10.720118522644043, 0.0)
(1.2095178365707397, 1.9009150266647339, 0.0, -1.0, 0.0, 0.0, 1394, 1525, 1436, 1579, 0.9869256019592285, -7.287538051605225, 0.0)
(0.4558984637260437, 1.7276254892349243, 0.0, 0.0, -1.0, 0.0, 1422, 1539, 1427, 1547, 0.3694272041320801, 4.338777542114258, 0.0)
(0.2501850128173828, 1.4020932912826538, 0.0, -1.0, 0.0, 0.0, 1447, 1550, 1405, 1532, 7.4330291748046875, 5.031527996063232, 0.0)
(-0.00561975222080946, -0.12829835712909698, 0.0, -1.0, 0.0, 0.0, 1423, 1518, 1441, 1552, -3.5654053688049316, 2.372896671295166, 0.0)
(-2.2214314937591553, -1.6702606678009033, 0.0, -1.0, -1.0, 0.0, 1408, 1547, 1436, 1539, -12.978094100952148, -10.966115951538086, 0.0)
(-2.0189764499664307, -1.4623267650604248, 0.0, -1.0, 0.0, 0.0, 1433, 1528, 1426, 1547, 8.62900161743164, 6.459272384643555, 0.0)
(1.2271031141281128, 0.9344495534896851, 0.0, -1.0, -1.0, 0.0, 1415, 1520, 1430, 1569, -2.082057476043701, 6.229023456573486, 0.0)
(0.11982325464487076, 0.6270805597305298, 0.0, -1.0, -1.0, 0.0, 1412, 1533, 1430, 1559, 8.10994815826416, 10.122222900390625, 0.0)
(0.9819039702415466, 0.5306351184844971, 0.0, -1.0, -1.0, 0.0, 1430, 1535, 1416, 1553, 6.560686111450195, 6.177887439727783, 0.0)
(-0.0577000267803669, -0.1670641303062439, 0.0, -1.0, 0.0, 0.0, 1400, 1517, 1446, 1571, -7.44969367980957, -2.8860981464385986, 0.0)
(-0.21873512864112854, 0.011938635259866714, 0.0, -1.0, 0.0, 0.0, 1421, 1519, 1432, 1562, -15.609657287597656, -6.855579853057861, 0.0)
(-0.3677848279476166, 0.027760643512010574, 0.0, -1.0, -1.0, 0.0, 1416, 1525, 1429, 1564, -4.117967128753662, -9.397478103637695, 0.0)
(-0.25349053740501404, 1.3443604707717896, 0.0, -1.0, 0.0, 0.0, 1423, 1532, 1425, 1558, -2.751753330230713, -9.406672477722168, 0.0)
(-1.9298559427261353, -1.481340765953064, 0.0, -1.0, 0.0, 0.0, 1431, 1520, 1437, 1546, 4.314769744873047, -2.022156000137329, 0.0)
(-1.5069152116775513, -1.096445918083191, 0.0, -1.0, -1.0, 0.0, 1419, 1535, 1429, 1551, -11.94161319732666, -2.309601068496704, 0.0)
(-1.7652822732925415, -2.382321357727051, 0.0, -1.0, 0.0, 0.0, 1407, 1505, 1458, 1565, -3.256701946258545, 1.7223230600357056, 0.0)
(-0.2629246115684509, -1.0795971155166626, 0.0, -1.0, -1.0, 0.0, 1425, 1511, 1441, 1557, -4.692873001098633, -13.150569915771484, 0.0)
(-0.4999970495700836, -0.22964166104793549, 0.0, -1.0, 0.0, 0.0, 1433, 1523, 1435, 1543, 3.8210368156433105, 0.30147528648376465, 0.0)
(-3.785781145095825, -3.226516008377075, 0.0, -1.0, 0.0, 0.0, 1414, 1535, 1438, 1547, -1.3606176376342773, 1.6428766250610352, 0.0)
(0.8350571393966675, 0.7899312973022461, 0.0, -1.0, 0.0, 0.0, 1438, 1540, 1405, 1546, 1.5738959312438965, 6.325709819793701, 0.0)
(1.2254365682601929, 1.4212197065353394, 0.0, -1.0, 0.0, 0.0, 1427, 1529, 1430, 1548, 9.681807518005371, 7.959697723388672, 0.0)
(-0.9656973481178284, 0.9019632935523987, 0.0, -1.0, 0.0, 0.0, 1425, 1528, 1442, 1539, 6.402194499969482, 8.602907180786133, 0.0)
(-0.7863052487373352, 0.9435476064682007, 0.0, -1.0, 0.0, 0.0, 1439, 1550, 1405, 1536, -0.7135009765625, 1.034743070602417, 0.0)
(0.035733070224523544, 1.1545006036758423, 0.0, -1.0, 0.0, 0.0, 1435, 1550, 1410, 1539, 8.601405143737793, 8.651789665222168, 0.0)
(-3.0845224857330322, -1.037712812423706, 0.0, -1.0, 0.0, 0.0, 1435, 1538, 1427, 1533, -10.299991607666016, -20.65663719177246, 0.0)
(-2.473604440689087, -1.7109787464141846, 0.0, -1.0, 0.0, 0.0, 1439, 1527, 1429, 1535, 3.8197014331817627, 2.967846632003784, 0.0)
(-3.7460622787475586, -2.7323989868164062, 0.0, -1.0, 0.0, 0.0, 1450, 1554, 1419, 1511, -17.581680297851562, -21.713722229003906, 0.0)
(-5.555145740509033, -5.559692859649658, 0.0, -1.0, 0.0, 0.0, 1424, 1532, 1442, 1536, -0.5688057541847229, -0.8079519271850586, 0.0)
(-1.9962103366851807, -3.114565849304199, 0.0, -1.0, 0.0, 0.0, 1451, 1517, 1439, 1527, 6.51727819442749, 0.42270755767822266, 0.0)
(-1.7112663984298706, -2.068152666091919, 0.0, -1.0, 0.0, 0.0, 1404, 1524, 1455, 1555, -12.185535430908203, -11.07850170135498, 0.0)
(-1.4504213333129883, -0.6041409969329834, 0.0, -1.0, 0.0, 0.0, 1419, 1515, 1453, 1546, 0.6504980325698853, -0.8184494972229004, 0.0)
(0.8057942390441895, 1.2052571773529053, 0.0, -1.0, 0.0, 0.0, 1379, 1495, 1474, 1587, 3.029649257659912, 3.3978347778320312, 0.0)
(1.894629716873169, 3.0723013877868652, 0.0, -1.0, 0.0, 0.0, 1385, 1505, 1454, 1590, 5.603242874145508, 2.1234025955200195, 0.0)
(0.058719802647829056, 1.570035696029663, 0.0, -1.0, 0.0, 0.0, 1400, 1523, 1446, 1565, -22.306137084960938, -25.792909622192383, 0.0)
(0.845097541809082, 1.8610022068023682, 0.0, -1.0, 0.0, 0.0, 1435, 1536, 1415, 1548, 4.5069990158081055, 0.4573453664779663, 0.0)
(0.10361281037330627, 1.0870029926300049, 0.0, -1.0, 0.0, 0.0, 1427, 1544, 1413, 1550, 11.65418815612793, 11.084572792053223, 0.0)
(2.5441930294036865, 2.56473445892334, 0.0, -1.0, 0.0, 0.0, 1473, 1569, 1375, 1517, -8.903573036193848, -7.19352912902832, 0.0)
(1.7333842515945435, 1.2299580574035645, 0.0, -1.0, 0.0, 0.0, 1441, 1546, 1405, 1542, 21.458942413330078, 19.9544677734375, 0.0)
(3.427675247192383, 3.091196298599243, 0.0, 0.0, 0.0, 0.0, 1429, 1552, 1405, 1547, 16.028059005737305, 21.44690704345703, 0.0)
(-0.19203431904315948, 0.0985506996512413, 0.0, -1.0, 0.0, 0.0, 1413, 1529, 1425, 1566, 1.9110866785049438, 1.4716129302978516, 0.0)
(-2.986926794052124, -1.5898619890213013, 0.0, -1.0, 0.0, 0.0, 1424, 1526, 1439, 1545, -9.746753692626953, -14.821892738342285, 0.0)
(-5.011006832122803, -3.7227582931518555, 0.0, 0.0, 0.0, 0.0, 1440, 1553, 1418, 1518, 10.30691909790039, 11.145807266235352, 0.0)
(-3.805525064468384, -4.389189720153809, 0.0, -1.0, -1.0, 0.0, 1460, 1540, 1419, 1514, 2.1772053241729736, 2.584432601928711, 0.0)
(-1.3830300569534302, -3.1824121475219727, 0.0, -1.0, 0.0, 0.0, 1462, 1558, 1397, 1512, -0.16127729415893555, -3.2027981281280518, 0.0)
(-0.22564716637134552, -1.1408082246780396, 0.0, -1.0, 0.0, 0.0, 1409, 1506, 1455, 1564, 14.259912490844727, 14.842458724975586, 0.0)
(0.603972315788269, 1.258000135421753, 0.0, -1.0, 0.0, 0.0, 1416, 1530, 1429, 1558, -6.097321510314941, 3.2550973892211914, 0.0)
(-0.016392920166254044, 0.1649237722158432, 0.0, -1.0, 0.0, 0.0, 1399, 1503, 1456, 1576, 3.4351720809936523, 11.515917778015137, 0.0)
(0.9447618126869202, 1.4481734037399292, 0.0, -1.0, 0.0, 0.0, 1395, 1508, 1444, 1588, 6.2944440841674805, 13.833253860473633, 0.0)
(1.5821071863174438, 1.852369785308838, 0.0, -1.0, 0.0, 0.0, 1424, 1527, 1423, 1560, -8.293530464172363, -5.554643630981445, 0.0)
(1.4275139570236206, 1.983410358428955, 0.0, -1.0, 0.0, 0.0, 1395, 1534, 1427, 1583, 2.0751233100891113, 7.870388984680176, 0.0)
(1.5375516414642334, 1.3845690488815308, 0.0, -1.0, 0.0, 0.0, 1441, 1534, 1407, 1549, -1.7241522073745728, 0.12926054000854492, 0.0)
(1.6875009536743164, 1.412662386894226, 0.0, -1.0, 0.0, 0.0, 1414, 1522, 1426, 1569, -12.655481338500977, -9.589617729187012, 0.0)
(-2.1659083366394043, -0.7406772375106812, 0.0, -1.0, 0.0, 0.0, 1405, 1535, 1437, 1557, -5.923262596130371, -5.4793620109558105, 0.0)
(-4.877479553222656, -3.4717957973480225, 0.0, -1.0, 0.0, 0.0, 1422, 1533, 1440, 1536, 0.8693563938140869, 1.8379167318344116, 0.0)
(-0.2629513740539551, 0.4858381152153015, 0.0, -1.0, -1.0, 0.0, 1440, 1537, 1405, 1549, 1.496394395828247, 4.717154026031494, 0.0)
(-2.9420011043548584, -3.219106435775757, 0.0, -1.0, 0.0, 0.0, 1441, 1536, 1433, 1524, -9.976753234863281, -9.065303802490234, 0.0)
(-2.3456504344940186, -3.016127109527588, 0.0, -1.0, 0.0, 0.0, 1420, 1524, 1429, 1557, 8.376340866088867, 8.93636703491211, 0.0)
(-2.642881155014038, -2.440523147583008, 0.0, -1.0, 0.0, 0.0, 1429, 1523, 1446, 1532, 5.0636210441589355, 5.62152099609375, 0.0)
(-2.867002010345459, -1.9185456037521362, 0.0, 0.0, 0.0, 0.0, 1407, 1534, 1436, 1556, -10.919897079467773, -14.105541229248047, 0.0)
(-2.420444965362549, -1.651637077331543, 0.0, -1.0, 0.0, 0.0, 1404, 1512, 1456, 1554, -14.980123519897461, -17.064239501953125, 0.0)
(-2.4380412101745605, -1.813727855682373, 0.0, -1.0, 0.0, 0.0, 1435, 1541, 1419, 1536, -15.27273178100586, -14.858826637268066, 0.0)
(-2.61277437210083, -3.5545814037323, 0.0, 0.0, 0.0, 0.0, 1437, 1520, 1438, 1539, -0.26978492736816406, -10.713115692138672, 0.0)
(-4.630143165588379, -5.518376350402832, 0.0, -1.0, 0.0, 0.0, 1442, 1540, 1431, 1517, -16.889814376831055, -20.544164657592773, 0.0)
(-4.273757457733154, -5.8448920249938965, 0.0, -1.0, 0.0, 0.0, 1419, 1525, 1447, 1539, 10.101387977600098, 14.618782997131348, 0.0)
(0.728577733039856, -0.4178936779499054, 0.0, -1.0, 0.0, 0.0, 1411, 1502, 1445, 1572, 12.753129959106445, 8.109047889709473, 0.0)
(1.2115117311477661, 0.04641678184270859, 0.0, -1.0, -1.0, 0.0, 1414, 1509, 1451, 1560, 12.722658157348633, 11.827239036560059, 0.0)
(-1.7899988889694214, -1.2988945245742798, 0.0, -1.0, 0.0, 0.0, 1391, 1515, 1462, 1566, 14.813984870910645, 15.069300651550293, 0.0)
(-2.3840889930725098, -0.7644628882408142, 0.0, -1.0, 0.0, 0.0, 1398, 1500, 1466, 1565, 12.68661880493164, 11.219417572021484, 0.0)
(-1.2876183986663818, -0.10612217336893082, 0.0, -1.0, 0.0, 0.0, 1437, 1541, 1422, 1534, 3.806877851486206, 3.405609130859375, 0.0)
(-8.480119705200195, -7.028489589691162, 0.0, -1.0, 0.0, 0.0, 1390, 1534, 1473, 1533, -36.5770263671875, -38.8399658203125, 0.0)
(-8.198296546936035, -7.268689155578613, 0.0, -1.0, 0.0, 0.0, 1425, 1543, 1445, 1521, -1.896965742111206, 1.6095890998840332, 0.0)
(-4.724611282348633, -5.244771957397461, 0.0, -1.0, 0.0, 0.0, 1469, 1570, 1401, 1493, 3.543348789215088, 4.503686904907227, 0.0)
(-2.0460317134857178, -3.730297327041626, 0.0, -1.0, 0.0, 0.0, 1474, 1567, 1401, 1492, -6.678121566772461, -6.47310209274292, 0.0)
(0.4386269152164459, -0.3379785418510437, 0.0, -1.0, 0.0, 0.0, 1433, 1558, 1404, 1539, 11.05564022064209, 14.67060661315918, 0.0)
(1.5551754236221313, 1.8816825151443481, 0.0, -1.0, 0.0, 0.0, 1403, 1525, 1447, 1560, 8.990499496459961, 13.573190689086914, 0.0)
(-4.305904865264893, -3.6080257892608643, 0.0, -1.0, 0.0, 0.0, 1434, 1537, 1466, 1501, -3.2687458992004395, -8.983837127685547, 0.0)
(-2.328885555267334, 0.1527109444141388, 0.0, -1.0, 0.0, 0.0, 1381, 1520, 1466, 1567, -0.4270716905593872, 0.9260005950927734, 0.0)
(-1.0100761651992798, -0.024622058495879173, 0.0, -1.0, 0.0, 0.0, 1446, 1538, 1430, 1520, -2.1211230754852295, -5.433471202850342, 0.0)
(-1.7554054260253906, -0.9647324681282043, 0.0, -1.0, 0.0, 0.0, 1450, 1572, 1421, 1491, -2.436934471130371, -1.304595947265625, 0.0)
(-1.055523157119751, 0.4600349962711334, 0.0, -1.0, 0.0, 0.0, 1424, 1555, 1428, 1527, -0.10054969787597656, 8.199556350708008, 0.0)
(-0.5951357483863831, -0.39449599385261536, 0.0, -1.0, 0.0, 0.0, 1472, 1575, 1387, 1500, -11.914600372314453, -4.313053131103516, 0.0)
(-0.13993042707443237, -1.283556342124939, 0.0, 0.0, 0.0, 0.0, 1435, 1557, 1417, 1525, -2.114041328430176, -0.8054094314575195, 0.0)
(1.001821756362915, -0.4657558500766754, 0.0, -1.0, 0.0, 0.0, 1415, 1525, 1439, 1551, 10.99319839477539, 19.110794067382812, 0.0)
(-1.1574169397354126, -1.2266829013824463, 0.0, -1.0, 0.0, 0.0, 1398, 1520, 1460, 1552, -14.188197135925293, -14.079107284545898, 0.0)
(-2.288818597793579, -1.6628221273422241, 0.0, -1.0, 0.0, 0.0, 1439, 1552, 1430, 1513, -1.8888641595840454, -0.3114128112792969, 0.0)
(-3.2825443744659424, -2.3393280506134033, 0.0, -1.0, 0.0, 0.0, 1427, 1539, 1454, 1515, -9.76602554321289, -12.638233184814453, 0.0)
(-7.020384788513184, -4.911403179168701, 0.0, -1.0, 0.0, 0.0, 1395, 1528, 1481, 1530, -18.355606079101562, -20.568063735961914, 0.0)
(-2.341233491897583, -1.9125322103500366, 0.0, -1.0, 0.0, 0.0, 1430, 1540, 1423, 1540, 10.339773178100586, 12.803537368774414, 0.0)
(-2.5408923625946045, -3.294137716293335, 0.0, -1.0, 0.0, 0.0, 1435, 1545, 1448, 1505, 9.301619529724121, 7.538962364196777, 0.0)
(-2.1792609691619873, -1.597212314605713, 0.0, -1.0, 0.0, 0.0, 1403, 1533, 1456, 1543, -14.739036560058594, -14.087361335754395, 0.0)
(-4.796828746795654, -5.679666996002197, 0.0, -1.0, 0.0, 0.0, 1408, 1495, 1499, 1533, -7.308497905731201, -7.682344913482666, 0.0)
(0.014293920248746872, -0.11616506427526474, 0.0, -1.0, 0.0, 0.0, 1387, 1509, 1461, 1573, 18.726049423217773, 15.177845001220703, 0.0)
(-0.9033384323120117, 0.11874011158943176, 0.0, -1.0, 0.0, 0.0, 1399, 1519, 1476, 1540, -4.7358808517456055, -9.463441848754883, 0.0)
(-3.4019715785980225, -2.6271812915802, 0.0, -1.0, 0.0, 0.0, 1404, 1523, 1471, 1536, -0.18761134147644043, 1.893165111541748, 0.0)
(0.6126704216003418, 0.994678795337677, 0.0, -1.0, -1.0, 0.0, 1418, 1542, 1436, 1538, 16.713096618652344, 17.177539825439453, 0.0)
(0.7293873429298401, 2.589564085006714, 0.0, -1.0, 0.0, 0.0, 1415, 1555, 1429, 1539, 16.687564849853516, 14.42042350769043, 0.0)
(1.0185896158218384, 1.7087217569351196, 0.0, -1.0, 0.0, 0.0, 1434, 1547, 1423, 1530, -2.149160861968994, -3.5221047401428223, 0.0)
(3.2543118000030518, 3.8506250381469727, 0.0, -1.0, 0.0, 0.0, 1419, 1536, 1419, 1560, 13.022673606872559, 12.01007080078125, 0.0)
(2.201540946960449, 3.262537956237793, 0.0, -1.0, 0.0, 0.0, 1424, 1547, 1426, 1538, -6.714252471923828, -3.188939094543457, 0.0)
(-0.5421555042266846, 1.4653644561767578, 0.0, -1.0, 0.0, 0.0, 1423, 1550, 1433, 1529, 0.209335595369339, -0.01631784439086914, 0.0)
(-2.5988168716430664, -0.08530054986476898, 0.0, -1.0, 0.0, 0.0, 1412, 1558, 1443, 1521, -7.498452663421631, 0.13717365264892578, 0.0)
(-2.8131167888641357, -1.0389097929000854, 0.0, -1.0, 0.0, 0.0, 1470, 1582, 1397, 1485, -5.612234592437744, -4.619340896606445, 0.0)
(-2.606674909591675, -2.1193900108337402, 0.0, -1.0, 0.0, 0.0, 1458, 1561, 1415, 1500, -13.697172164916992, -19.560579299926758, 0.0)
(-2.2979867458343506, -2.329453468322754, 0.0, -1.0, 0.0, 0.0, 1438, 1546, 1433, 1517, -3.7974655628204346, -1.0469768047332764, 0.0)
(-2.959134101867676, -3.556701421737671, 0.0, -1.0, 0.0, 0.0, 1468, 1561, 1417, 1489, -9.860976219177246, -12.395578384399414, 0.0)
(-0.07447847723960876, -2.0662107467651367, 0.0, -1.0, 0.0, 0.0, 1445, 1540, 1423, 1526, -6.278868675231934, -2.624314308166504, 0.0)
(-0.746405303478241, -2.5294666290283203, 0.0, -1.0, 0.0, 0.0, 1395, 1494, 1487, 1554, 21.388765335083008, 17.29198455810547, 0.0)
(-1.3769105672836304, -1.6700092554092407, 0.0, -1.0, 0.0, 0.0, 1365, 1491, 1501, 1577, 14.27186107635498, 12.795458793640137, 0.0)
(0.42833229899406433, 1.0716718435287476, 0.0, -1.0, 0.0, 0.0, 1385, 1515, 1457, 1577, 2.1782619953155518, 5.332449913024902, 0.0)
(0.7709635496139526, 0.2244374305009842, 0.0, -1.0, 0.0, 0.0, 1461, 1544, 1431, 1499, -9.269594192504883, -9.392422676086426, 0.0)
(-1.742484450340271, -0.9348616600036621, 0.0, -1.0, 0.0, 0.0, 1394, 1519, 1458, 1563, 1.3634995222091675, 3.0354747772216797, 0.0)
(-1.0391873121261597, 0.711858332157135, 0.0, -1.0, -1.0, 0.0, 1415, 1524, 1449, 1547, -1.3451977968215942, -1.3741121292114258, 0.0)
(-0.9469168186187744, -1.5483853816986084, 0.0, -1.0, 0.0, 0.0, 1447, 1546, 1429, 1516, 1.5085358619689941, 0.7590575218200684, 0.0)
(-2.3243305683135986, -2.989903450012207, 0.0, -1.0, 0.0, 0.0, 1439, 1538, 1446, 1512, -28.863750457763672, -34.392539978027344, 0.0)
(-1.5459904670715332, -2.3105781078338623, 0.0, -1.0, 0.0, 0.0, 1417, 1534, 1445, 1539, -22.44388198852539, -17.29364776611328, 0.0)
(0.4354396164417267, -0.6922452449798584, 0.0, -1.0, 0.0, 0.0, 1418, 1535, 1433, 1547, 3.632828712463379, 1.8556792736053467, 0.0)
(2.4413840770721436, 2.68696665763855, 0.0, -1.0, 0.0, 0.0, 1397, 1510, 1459, 1569, 5.6489105224609375, 6.6254119873046875, 0.0)
(1.3483798503875732, 2.1759984493255615, 0.0, -1.0, 0.0, 0.0, 1406, 1544, 1442, 1542, -10.879724502563477, -4.845109462738037, 0.0)
(-1.6998330354690552, 0.7902321219444275, 0.0, 0.0, 0.0, 0.0, 1411, 1533, 1453, 1537, 2.7643957138061523, 1.686442494392395, 0.0)
(-0.35664013028144836, 2.0653512477874756, 0.0, -1.0, 0.0, 0.0, 1448, 1571, 1394, 1521, -1.9497699737548828, 3.097229480743408, 0.0)
(-2.757990837097168, -2.2581698894500732, 0.0, -1.0, 0.0, 0.0, 1440, 1544, 1439, 1511, 5.0922465324401855, 2.4840869903564453, 0.0)
(-0.851801335811615, -0.4500054121017456, 0.0, 0.0, 0.0, 0.0, 1434, 1553, 1419, 1528, -18.671701431274414, -22.101871490478516, 0.0)
(-2.4418768882751465, -3.2593376636505127, 0.0, -1.0, 0.0, 0.0, 1449, 1536, 1442, 1507, 10.65774154663086, 12.21065902709961, 0.0)
(-3.3645784854888916, -2.8779563903808594, 0.0, -1.0, 0.0, 0.0, 1423, 1545, 1456, 1509, -22.703903198242188, -24.489587783813477, 0.0)
(-1.0581960678100586, -0.9243450164794922, 0.0, -1.0, 0.0, 0.0, 1424, 1520, 1457, 1533, -0.1858370304107666, 3.6922950744628906, 0.0)
(-1.0961040258407593, -0.031008487567305565, 0.0, -1.0, 0.0, 0.0, 1387, 1517, 1466, 1565, -16.783281326293945, -6.947056293487549, 0.0)
(-0.3856428265571594, 1.0439683198928833, 0.0, -1.0, -1.0, 0.0, 1385, 1506, 1483, 1559, -12.056588172912598, -13.595698356628418, 0.0)
(-0.5175836086273193, 2.3706486225128174, 0.0, -1.0, 0.0, 0.0, 1362, 1502, 1492, 1578, 1.909245491027832, 4.825044631958008, 0.0)
(-0.9572007656097412, 0.9385083913803101, 0.0, -1.0, 0.0, 0.0, 1415, 1524, 1461, 1534, 9.65803337097168, 5.415007591247559, 0.0)
(0.2208622395992279, 2.736611843109131, 0.0, -1.0, -1.0, 0.0, 1428, 1558, 1413, 1540, 9.844854354858398, 11.089030265808105, 0.0)
(1.2021572589874268, 2.9330484867095947, 0.0, -1.0, 0.0, 0.0, 1463, 1572, 1395, 1504, -2.6104049682617188, -3.3729000091552734, 0.0)
(-1.0506633520126343, 0.7388542294502258, 0.0, -1.0, 0.0, 0.0, 1442, 1556, 1426, 1510, -5.8365044593811035, -7.689520835876465, 0.0)
(-0.9312654733657837, 0.37173324823379517, 0.0, -1.0, 0.0, 0.0, 1437, 1560, 1417, 1516, 10.417628288269043, 12.1436128616333, 0.0)
(-1.1665644645690918, -0.9152570366859436, 0.0, -1.0, 0.0, 0.0, 1458, 1558, 1415, 1503, 3.6100850105285645, -7.728953838348389, 0.0)
(-1.0929964780807495, -0.9042161107063293, 0.0, -1.0, 0.0, 0.0, 1447, 1578, 1402, 1507, -14.923990249633789, -4.912841796875, 0.0)
(-0.8631765842437744, -2.1585471630096436, 0.0, -1.0, 0.0, 0.0, 1431, 1533, 1441, 1529, -5.9124755859375, -6.370082378387451, 0.0)
(-0.9439175128936768, -2.0211875438690186, 0.0, -1.0, 0.0, 0.0, 1414, 1531, 1453, 1537, 10.674310684204102, 10.278413772583008, 0.0)
(1.2658989429473877, 2.2641799449920654, 0.0, -1.0, 0.0, 0.0, 1427, 1531, 1440, 1535, 5.5717573165893555, 7.198794841766357, 0.0)
(0.38271671533584595, 0.9038664102554321, 0.0, -1.0, 0.0, 0.0, 1405, 1520, 1462, 1548, -1.0254707336425781, -5.191173553466797, 0.0)
(-2.048452615737915, -1.5294439792633057, 0.0, -1.0, 0.0, 0.0, 1395, 1513, 1483, 1543, 4.306394100189209, -1.712754726409912, 0.0)
(-4.219010353088379, -2.0565950870513916, 0.0, -1.0, 0.0, 0.0, 1411, 1554, 1447, 1523, -18.73304557800293, -10.070207595825195, 0.0)
(-5.591551303863525, -4.322965145111084, 0.0, -1.0, 0.0, 0.0, 1436, 1545, 1453, 1500, -7.416688919067383, -6.243946552276611, 0.0)
(-2.2666778564453125, -2.600423574447632, 0.0, -1.0, 0.0, 0.0, 1476, 1554, 1408, 1496, 5.081849575042725, 2.757171392440796, 0.0)
(0.4812444746494293, -0.44445839524269104, 0.0, -1.0, 0.0, 0.0, 1438, 1540, 1432, 1520, -3.791560411453247, -3.9371519088745117, 0.0)
(1.843356728553772, 1.7259443998336792, 0.0, -1.0, 0.0, 0.0, 1413, 1512, 1453, 1556, -0.6214962005615234, -7.009820461273193, 0.0)
(1.7109417915344238, 0.6607304215431213, 0.0, -1.0, 0.0, 0.0, 1383, 1488, 1483, 1580, -20.02196502685547, -14.651016235351562, 0.0)
(1.740087866783142, 1.6344417333602905, 0.0, -1.0, 0.0, 0.0, 1372, 1501, 1475, 1586, 5.010340690612793, 6.312398910522461, 0.0)
(-2.168252468109131, -0.6281055212020874, 0.0, -1.0, 0.0, 0.0, 1394, 1503, 1497, 1540, -4.827022075653076, -8.272923469543457, 0.0)
(1.2444370985031128, 3.215341091156006, 0.0, -1.0, 0.0, 0.0, 1385, 1504, 1461, 1585, 20.104623794555664, 22.81027603149414, 0.0)
(-0.9837064146995544, 0.272682249546051, 0.0, -1.0, 0.0, 0.0, 1426, 1529, 1454, 1526, -12.5017728805542, -16.387710571289062, 0.0)
(-4.52780294418335, -3.176835775375366, 0.0, -1.0, 0.0, 0.0, 1427, 1549, 1449, 1510, -2.6607654094696045, -3.9592342376708984, 0.0)
(-1.6138838529586792, -1.527172565460205, 0.0, -1.0, 0.0, 0.0, 1430, 1542, 1437, 1526, -3.756028175354004, 10.322223663330078, 0.0)
(-0.6808029413223267, -1.0645625591278076, 0.0, 0.0, 0.0, 0.0, 1441, 1555, 1431, 1508, 16.972124099731445, 19.798364639282227, 0.0)
(-0.5630700588226318, -0.14736852049827576, 0.0, -1.0, 0.0, 0.0, 1423, 1545, 1443, 1523, 1.8384904861450195, 4.076711654663086, 0.0)
(-0.34810465574264526, 0.30442965030670166, 0.0, -1.0, 0.0, 0.0, 1434, 1546, 1433, 1521, -7.392556667327881, -8.344584465026855, 0.0)
(-1.0853368043899536, -0.8531429171562195, 0.0, -1.0, 0.0, 0.0, 1421, 1536, 1449, 1528, 2.891064167022705, 2.1638288497924805, 0.0)
(1.473190426826477, 3.1139674186706543, 0.0, -1.0, 0.0, 0.0, 1407, 1524, 1448, 1555, 11.324666023254395, 10.786174774169922, 0.0)
(-0.5959616303443909, 1.4812076091766357, 0.0, -1.0, 0.0, 0.0, 1413, 1537, 1446, 1538, 1.2557551860809326, -2.8651211261749268, 0.0)
(-2.8725032806396484, -1.8785958290100098, 0.0, -1.0, 0.0, 0.0, 1444, 1553, 1429, 1509, -1.7087478637695312, 1.3982057571411133, 0.0)
(-2.6292128562927246, -2.606058120727539, 0.0, -1.0, 0.0, 0.0, 1460, 1555, 1430, 1489, -1.8053112030029297, -4.989092826843262, 0.0)
(-2.810215473175049, -3.048969268798828, 0.0, -1.0, 0.0, 0.0, 1433, 1537, 1448, 1520, 1.7010104656219482, -2.1217422485351562, 0.0)
(-0.8731812834739685, -0.6796659231185913, 0.0, -1.0, 0.0, 0.0, 1414, 1518, 1457, 1545, -5.757721900939941, -10.065701484680176, 0.0)
(1.580562710762024, 1.4881935119628906, 0.0, -1.0, 0.0, 0.0, 1404, 1522, 1443, 1561, 11.654953956604004, 13.269094467163086, 0.0)
(1.9888697862625122, 1.9118597507476807, 0.0, 0.0, 0.0, 0.0, 1407, 1507, 1465, 1556, -4.480165481567383, -5.944301605224609, 0.0)
(-2.5382702350616455, -1.9193528890609741, 0.0, -1.0, 0.0, 0.0, 1381, 1527, 1472, 1554, -17.744314193725586, -15.14177131652832, 0.0)
(-0.03418998047709465, -0.12141633778810501, 0.0, -1.0, 0.0, 0.0, 1432, 1513, 1448, 1541, 9.88619327545166, 4.8793487548828125, 0.0)
(3.527266502380371, 3.402794122695923, 0.0, 0.0, 0.0, 0.0, 1426, 1549, 1419, 1540, 8.61241340637207, 9.69637393951416, 0.0)
(3.3143270015716553, 3.9545176029205322, 0.0, -1.0, 0.0, 0.0, 1426, 1536, 1425, 1546, -5.41659688949585, -3.3896124362945557, 0.0)
(-0.8674306869506836, 0.6719174385070801, 0.0, -1.0, 0.0, 0.0, 1409, 1542, 1436, 1547, -5.831122398376465, -0.68674635887146, 0.0)
(-4.9270806312561035, -3.289947748184204, 0.0, -1.0, 0.0, 0.0, 1407, 1515, 1475, 1537, -24.34259796142578, -23.4425048828125, 0.0)
(-2.8541533946990967, -1.73612380027771, 0.0, -1.0, 0.0, 0.0, 1413, 1541, 1433, 1546, -7.472299575805664, -1.3208637237548828, 0.0)
(-2.3886799812316895, -1.856454849243164, 0.0, -1.0, 0.0, 0.0, 1443, 1548, 1431, 1513, 4.998995304107666, 1.4933922290802002, 0.0)
(-0.7115996479988098, 0.6651990413665771, 0.0, -1.0, 0.0, 0.0, 1405, 1534, 1445, 1550, 0.21098965406417847, -0.5294628143310547, 0.0)
(-3.5143184661865234, -2.2669732570648193, 0.0, -1.0, 0.0, 0.0, 1431, 1557, 1446, 1500, 2.1940603256225586, 2.292564868927002, 0.0)
(-4.038631439208984, -2.540257215499878, 0.0, -1.0, 0.0, 0.0, 1426, 1544, 1459, 1509, -14.376129150390625, -15.296908378601074, 0.0)
(-2.3914530277252197, -1.622405767440796, 0.0, -1.0, 0.0, 0.0, 1410, 1536, 1450, 1538, -18.866182327270508, -13.520140647888184, 0.0)
(-2.1679155826568604, -1.3961889743804932, 0.0, -1.0, 0.0, 0.0, 1421, 1550, 1455, 1508, 3.84918475151062, 2.9538168907165527, 0.0)
(0.591735303401947, 1.0677169561386108, 0.0, -1.0, 0.0, 0.0, 1435, 1533, 1441, 1525, 14.216337203979492, 19.830812454223633, 0.0)
(-0.0348832830786705, 0.09217928349971771, 0.0, -1.0, 0.0, 0.0, 1413, 1541, 1443, 1533, 9.67715072631836, 19.369483947753906, 0.0)
(-2.0046536922454834, -1.0177260637283325, 0.0, -1.0, 0.0, 0.0, 1425, 1543, 1450, 1516, 2.9949803352355957, 4.119384765625, 0.0)
(-1.5724431276321411, -0.7366132736206055, 0.0, -1.0, 0.0, 0.0, 1431, 1553, 1432, 1519, -3.2015881538391113, -3.4762165546417236, 0.0)
(-1.3504242897033691, -2.491184949874878, 0.0, -1.0, -1.0, 0.0, 1428, 1517, 1461, 1527, -15.151394844055176, -20.633193969726562, 0.0)
(-0.7164908647537231, -1.6560425758361816, 0.0, -1.0, 0.0, 0.0, 1418, 1534, 1443, 1539, 13.519828796386719, 10.746135711669922, 0.0)
(-4.005422115325928, -4.559019565582275, 0.0, -1.0, 0.0, 0.0, 1400, 1515, 1483, 1535, 5.154748439788818, 6.620824337005615, 0.0)
(-2.273552894592285, -3.044297218322754, 0.0, -1.0, 0.0, 0.0, 1411, 1518, 1468, 1537, 6.837786674499512, 2.4913737773895264, 0.0)
(-2.371305227279663, -2.9272825717926025, 0.0, -1.0, 0.0, 0.0, 1399, 1501, 1494, 1541, 4.285602569580078, 1.272167444229126, 0.0)
(3.7823801040649414, 4.061168193817139, 0.0, -1.0, 0.0, 0.0, 1430, 1534, 1423, 1547, 13.984416007995605, 14.849092483520508, 0.0)
(3.2117693424224854, 2.2458693981170654, 0.0, -1.0, 0.0, 0.0, 1446, 1535, 1426, 1527, 0.5660253763198853, -1.2339915037155151, 0.0)
(3.3049373626708984, 2.385362148284912, 0.0, -1.0, 0.0, 0.0, 1402, 1509, 1465, 1563, 3.708571195602417, 2.710606336593628, 0.0)
(-0.09935968369245529, 0.7461419105529785, 0.0, -1.0, 0.0, 0.0, 1386, 1512, 1473, 1562, -9.973417282104492, -9.796738624572754, 0.0)
(0.4537588953971863, 0.3850100636482239, 0.0, -1.0, 0.0, 0.0, 1420, 1527, 1442, 1545, -1.5566496849060059, -1.5117721557617188, 0.0)
(-4.181216239929199, -4.2697625160217285, 0.0, 0.0, 0.0, 0.0, 1409, 1535, 1468, 1522, -5.306519985198975, -11.175956726074219, 0.0)
(-6.114948749542236, -4.642088413238525, 0.0, -1.0, 0.0, 0.0, 1469, 1569, 1434, 1462, -3.219770908355713, -5.268293380737305, 0.0)
(-1.5437345504760742, -2.817423105239868, 0.0, -1.0, 0.0, 0.0, 1498, 1555, 1408, 1472, 10.254474639892578, 8.782499313354492, 0.0)
(-0.7906191945075989, -3.051607131958008, 0.0, 0.0, 0.0, 0.0, 1439, 1528, 1458, 1508, 7.256914138793945, 2.452237129211426, 0.0)
(0.3255675137042999, -0.19837605953216553, 0.0, -1.0, 0.0, 0.0, 1444, 1543, 1437, 1509, 8.773046493530273, 10.801881790161133, 0.0)
(1.0573111772537231, 1.989177942276001, 0.0, -1.0, 0.0, 0.0, 1442, 1566, 1419, 1508, 7.259384632110596, 12.33830451965332, 0.0)
(-1.0584992170333862, -0.2553991973400116, 0.0, -1.0, 0.0, 0.0, 1418, 1547, 1450, 1520, -12.20358943939209, -12.6002836227417, 0.0)
(-3.2119877338409424, -2.749239921569824, 0.0, -1.0, 0.0, 0.0, 1401, 1527, 1474, 1532, -33.38255310058594, -27.711231231689453, 0.0)
(-5.508487224578857, -5.7603840827941895, 0.0, -1.0, 0.0, 0.0, 1416, 1517, 1487, 1517, -4.617361068725586, -4.119615077972412, 0.0)
(0.048739008605480194, 0.885485827922821, 0.0, -1.0, 0.0, 0.0, 1399, 1548, 1433, 1554, 9.252839088439941, 22.19796371459961, 0.0)
(-1.887481451034546, -1.396720051765442, 0.0, -1.0, 0.0, 0.0, 1438, 1537, 1447, 1513, -3.8214869499206543, -5.279837131500244, 0.0)
(-0.46511897444725037, -0.6854320764541626, 0.0, -1.0, 0.0, 0.0, 1417, 1517, 1458, 1542, -6.135197639465332, -15.9356689453125, 0.0)
(2.3843274116516113, 1.8181930780410767, 0.0, -1.0, 0.0, 0.0, 1423, 1534, 1427, 1550, 18.490100860595703, 13.151481628417969, 0.0)
(6.3064494132995605, 6.574042797088623, 0.0, -1.0, 0.0, 0.0, 1427, 1522, 1432, 1553, 1.2245826721191406, -1.022294044494629, 0.0)
(-1.7978928089141846, -0.09570764005184174, 0.0, -1.0, 0.0, 0.0, 1396, 1544, 1470, 1524, -11.365036010742188, -8.32524299621582, 0.0)
(-2.4157886505126953, -0.652986466884613, 0.0, -1.0, 0.0, 0.0, 1418, 1544, 1439, 1534, -6.401477336883545, -6.214939117431641, 0.0)
(0.5958525538444519, 1.3160042762756348, 0.0, -1.0, 0.0, 0.0, 1418, 1539, 1430, 1547, -3.445244312286377, -1.1520106792449951, 0.0)
(-1.4509565830230713, -1.0900354385375977, 0.0, -1.0, 0.0, 0.0, 1451, 1549, 1433, 1501, 0.40109777450561523, -3.5372397899627686, 0.0)
(-0.21002976596355438, -0.39602401852607727, 0.0, -1.0, 0.0, 0.0, 1403, 1513, 1457, 1560, -5.007026672363281, -4.537468910217285, 0.0)
(-2.104454517364502, -2.2245476245880127, 0.0, -1.0, 0.0, 0.0, 1419, 1537, 1452, 1525, -2.8201184272766113, 2.9611105918884277, 0.0)
(-1.4775081872940063, -2.59247088432312, 0.0, -1.0, 0.0, 0.0, 1420, 1519, 1459, 1536, 5.526220321655273, 4.7069807052612305, 0.0)
(2.5419907569885254, 3.0467872619628906, 0.0, -1.0, 0.0, 0.0, 1403, 1527, 1443, 1562, 11.823165893554688, 15.885490417480469, 0.0)
(2.3466145992279053, 4.740950584411621, 0.0, -1.0, 0.0, 0.0, 1387, 1520, 1470, 1562, 5.98898983001709, 7.022763252258301, 0.0)
(0.8080251812934875, 2.326373815536499, 0.0, -1.0, 0.0, 0.0, 1421, 1516, 1447, 1551, -1.0085506439208984, -3.891052484512329, 0.0)
(0.8553063869476318, 0.5414167642593384, 0.0, -1.0, 0.0, 0.0, 1100, 1140, 1100, 1100, -1.8506040573120117, -2.21685528755188, 0.0)
(0.03185496851801872, -0.6083174347877502, 0.0, -1.0, 0.0, 0.0, 1000, 1000, 1000, 1000, -0.8936100006103516, -2.090169668197632, 0.0)
(-0.5258377194404602, -0.750075101852417, 0.0, -1.0, 0.0, 0.0, 1000, 1000, 1000, 1000, -1.553605556488037, -0.8467303514480591, 0.0)
(-0.9519952535629272, -0.45693594217300415, 0.0, -1.0, 0.0, 0.0, 1000, 1000, 1000, 1000, -3.082533597946167, -2.786658763885498, 0.0)
(-1.3837591409683228, -1.028617024421692, 0.0, -1.0, 0.0, 0.0, 1000, 1000, 1000, 1000, -3.767827033996582, -3.997725486755371, 0.0)
(-1.5282635688781738, -1.4545215368270874, 0.0, -1.0, 0.0, 0.0, 1000, 1000, 1000, 1000, 0.8453258275985718, -0.45304760336875916, 0.0)
(-1.1531983613967896, -0.8436265587806702, 0.0, -1.0, 0.0, 0.0, 1000, 1000, 1000, 1000, 1.8254921436309814, 1.6204249858856201, 0.0)
(-2.1364243030548096, -1.5263077020645142, 0.0, -1.0, 0.0, 0.0, 1000, 1000, 1000, 1000, -2.619871139526367, -2.9717607498168945, 0.0)
(-4.283334255218506, -2.834552764892578, 0.0, -1.0, 0.0, 0.0, 1000, 1000, 1000, 1000, -7.145257472991943, -7.232616424560547, 0.0)
(-5.196654796600342, -0.9645477533340454, 0.0, -1.0, 0.0, 0.0, 1000, 1000, 1000, 1000, -4.878408432006836, -4.367547988891602, 0.0)
(-5.997259140014648, -1.3952165842056274, 0.0, -1.0, 0.0, 0.0, 1000, 1000, 1000, 1000, -7.333765983581543, -5.620368957519531, 0.0)
(-6.7689385414123535, -5.4261274337768555, 0.0, -1.0, 0.0, 0.0, 1000, 1000, 1000, 1000, -7.8341546058654785, -6.610315322875977, 0.0)
(-5.620925426483154, -7.314877510070801, 0.0, -1.0, 0.0, 0.0, 1000, 1000, 1000, 1000, -7.090494155883789, -7.498266220092773, 0.0)
(-4.981453895568848, -7.283929347991943, 0.0, -1.0, 0.0, 0.0, 1000, 1000, 1000, 1000, -5.871068477630615, -6.840492248535156, 0.0)
(-5.146018981933594, -7.452265739440918, 0.0, -1.0, 0.0, 0.0, 1000, 1000, 1000, 1000, -7.058768272399902, -7.455494403839111, 0.0)
(-6.023848056793213, -9.12580680847168, 0.0, -1.0, 0.0, 0.0, 1000, 1000, 1000, 1000, -7.417686462402344, -10.575185775756836, 0.0)
(-8.32547664642334, -8.480107307434082, 0.0, -1.0, 0.0, 0.0, 1000, 1000, 1000, 1000, -11.490301132202148, -13.012580871582031, 0.0)
(-8.693700790405273, -8.490044593811035, 0.0, -1.0, 0.0, 0.0, 1000, 1000, 1000, 1000, -9.791303634643555, -10.688940048217773, 0.0)
(-8.266794204711914, -7.788022994995117, 0.0, -1.0, 0.0, 0.0, 1000, 1000, 1000, 1000, -3.3940672874450684, -2.9867427349090576, 0.0)
(-8.189284324645996, -7.253376007080078, 0.0, -1.0, 0.0, 0.0, 1000, 1000, 1000, 1000, -10.04703140258789, -10.61457347869873, 0.0)
(-7.006559371948242, -5.922094821929932, 0.0, -1.0, 0.0, 0.0, 1000, 1000, 1000, 1000, -5.218817710876465, -4.831046104431152, 0.0)
(-7.033327102661133, -6.1511335372924805, 0.0, -1.0, 0.0, 0.0, 1000, 1000, 1000, 1000, -8.377140998840332, -8.302181243896484, 0.0)
(-6.754491329193115, -6.054986476898193, 0.0, -1.0, 0.0, 0.0, 1000, 1000, 1000, 1000, -6.210829257965088, -6.00148868560791, 0.0)
(-6.615305423736572, -6.019364833831787, 0.0, -1.0, 0.0, 0.0, 1000, 1000, 1000, 1000, -6.357154846191406, -6.170817852020264, 0.0)
(-6.510293006896973, -5.990268230438232, 0.0, -1.0, 0.0, 0.0, 1000, 1000, 1000, 1000, -6.041101455688477, -5.932781219482422, 0.0)
(-6.449985980987549, -5.974555015563965, 0.0, -1.0, 0.0, 0.0, 1000, 1000, 1000, 1000, -6.360206127166748, -6.251882076263428, 0.0)
(-6.404781341552734, -5.960261821746826, 0.0, -1.0, 0.0, 0.0, 1000, 1000, 1000, 1000, -6.360540390014648, -6.179234504699707, 0.0)
(-6.392265796661377, -5.971167087554932, 0.0, -1.0, 0.0, 0.0, 1000, 1000, 1000, 1000, -6.313787460327148, -6.180631637573242, 0.0)
(-6.363742351531982, -5.953034400939941, 0.0, -1.0, 0.0, 0.0, 1000, 1000, 1000, 1000, -6.170840263366699, -6.063624382019043, 0.0)
(-6.332564353942871, -5.931385040283203, 0.0, 0.0, 0.0, 0.0, 1000, 1000, 1000, 1000, -6.2265095710754395, -6.061774253845215, 0.0)
(-6.331063270568848, -5.933321952819824, 0.0, -1.0, 0.0, 0.0, 1000, 1000, 1000, 1000, -6.311394691467285, -6.170729160308838, 0.0)
(-6.315170764923096, -5.91938591003418, 0.0, -1.0, 0.0, 0.0, 1000, 1000, 1000, 1000, -6.2708892822265625, -6.150275230407715, 0.0)
(-6.3076653480529785, -5.914661407470703, 0.0, 0.0, 0.0, 0.0, 1000, 1000, 1000, 1000, -6.318310737609863, -6.135062217712402, 0.0)
(-6.31880521774292, -5.926886558532715, 0.0, -1.0, 0.0, 0.0, 1000, 1000, 1000, 1000, -6.189339637756348, -6.047511100769043, 0.0)
(-6.326929569244385, -5.938804626464844, 0.0, -1.0, 0.0, 0.0, 1000, 1000, 1000, 1000, -6.233404159545898, -6.077118396759033, 0.0)
(-6.321603775024414, -5.9381022453308105, 0.0, -1.0, 0.0, 0.0, 1000, 1000, 1000, 1000, -6.243646621704102, -6.097842216491699, 0.0)
(-6.30133581161499, -5.918523788452148, 0.0, -1.0, 0.0, 0.0, 1000, 1000, 1000, 1000, -6.205920696258545, -6.0860514640808105, 0.0)
(-6.305570602416992, -5.9212260246276855, 0.0, -1.0, 0.0, 0.0, 1000, 1000, 1000, 1000, -6.313370704650879, -6.156009674072266, 0.0)
(-6.319248199462891, -5.9379682540893555, 0.0, -1.0, 0.0, 0.0, 1000, 1000, 1000, 1000, -6.343565464019775, -6.223991870880127, 0.0)
(-6.327979564666748, -5.94627046585083, 0.0, -1.0, 0.0, 0.0, 1000, 1000, 1000, 1000, -6.293639659881592, -6.1300835609436035, 0.0)