
(2.57275652885437, 1.6456729173660278, 0.0, -1.0, 0.0, 0.0, 1000, 1000, 1000, 1000, 2.607114791870117, 1.4616612195968628, 0.0, -0.41890209913253784, 1.3285090923309326, -17.61988067626953, -4057.72412109375, 0.06465911865234375, -14.896526336669922)
(2.5795810222625732, 1.651473879814148, 0.0, 0.0, 0.0, 0.0, 1000, 1000, 1000, 1000, 2.700221538543701, 1.4279365539550781, 0.0, -0.45777401328086853, 1.4474117755889893, -12.654003143310547, -4570.75146484375, 0.30280399322509766, -13.183128356933594)
(2.59596586227417, 1.6704257726669312, 0.0, -1.0, 0.0, 0.0, 1000, 1000, 1000, 1000, 2.6016244888305664, 1.4567468166351318, 0.0, -0.49649348855018616, 1.5652477741241455, -17.58348846435547, -5187.22021484375, 0.34476661682128906, -16.572574615478516)
(2.5880489349365234, 1.6637886762619019, 0.0, 0.0, 0.0, 0.0, 1000, 1000, 1000, 1000, 2.5431087017059326, 1.379281759262085, 0.0, -0.5344511270523071, 1.6847602128982544, -12.696342468261719, -5754.1318359375, -0.0825033187866211, -14.979369163513184)
(2.6023526191711426, 1.6757519245147705, 0.0, -1.0, 0.0, 0.0, 1000, 1000, 1000, 1000, 2.85758113861084, 1.5546406507492065, 0.0, -0.5740857124328613, 1.8030537366867065, -17.859323501586914, -6320.17724609375, -0.16577911376953125, -18.409927368164062)
(2.6069889068603516, 1.681686520576477, 0.0, 0.0, 0.0, 0.0, 1000, 1000, 1000, 1000, 2.6938953399658203, 1.3935812711715698, 0.0, -0.6123484373092651, 1.9231760501861572, -12.82153034210205, -6900.1767578125, 0.0908660888671875, -16.761030197143555)
(2.59611177444458, 1.6712026596069336, 0.0, -1.0, -1.0, 0.0, 1000, 1000, 1000, 1000, 2.718341588973999, 1.5210236310958862, 0.0, -0.6506111025810242, 2.0434510707855225, -17.736656188964844, -7479.03515625, -5.063167572021484, -20.086881637573242)
(2.6117684841156006, 1.6844813823699951, 0.0, -1.0, 0.0, 0.0, 1000, 1000, 1000, 1000, 2.5152125358581543, 1.3063225746154785, 0.0, -0.6871967911720276, 2.158390522003174, -17.967378616333008, -7998.9287109375, -0.14385986328125, -20.98208236694336)
(2.598755121231079, 1.6750147342681885, 0.0, -1.0, 0.0, 0.0, 1000, 1000, 1000, 1000, 2.6168577671051025, 1.4105663299560547, 0.0, -0.7266789078712463, 2.2772936820983887, -17.871824264526367, -8558.16015625, -0.1507415771484375, -21.77315330505371)
(2.5891716480255127, 1.6641106605529785, 0.0, -1.0, 0.0, 0.0, 1000, 1000, 1000, 1000, 2.6208229064941406, 1.3813323974609375, 0.0, -0.7652464509010315, 2.3972644805908203, -17.76293182373047, -9155.234375, -0.028173446655273438, -22.614316940307617)
(2.5822594165802, 1.6547822952270508, 0.0, 0.0, 0.0, 0.0, 1000, 1000, 1000, 1000, 2.5544686317443848, 1.3248920440673828, 0.0, -0.803661584854126, 2.5155580043792725, -12.697882652282715, -9706.3544921875, 0.06801319122314453, -20.90847396850586)
(2.593428134918213, 1.6616414785385132, 0.0, -1.0, 0.0, 0.0, 1000, 1000, 1000, 1000, 2.723931312561035, 1.3917763233184814, 0.0, -0.8407049179077148, 2.633394479751587, -17.814701080322266, -10266.662109375, -0.09650421142578125, -24.307344436645508)
(2.6011805534362793, 1.6697189807891846, 0.0, -1.0, 0.0, 0.0, 1000, 1000, 1000, 1000, 2.8878376483917236, 1.4705913066864014, 0.0, -0.8809493184089661, 2.751840591430664, -17.6705379486084, -10843.716796875, 0.2635078430175781, -25.10084342956543)
(2.6040515899658203, 1.675331711769104, 0.0, -1.0, 0.0, 0.0, 1000, 1000, 1000, 1000, 2.4891037940979004, 1.3343957662582397, 0.0, -0.9192120432853699, 2.8725733757019043, -17.86781883239746, -11462.546875, -0.11063575744628906, -26.127729415893555)
(2.5968635082244873, 1.6634770631790161, 0.0, -1.0, 0.0, 0.0, 1000, 1000, 1000, 1000, 2.7350192070007324, 1.4680533409118652, 0.0, -0.9565602540969849, 2.99117112159729, -17.831878662109375, -12040.982421875, 0.05541801452636719, -26.977413177490234)
(2.5934805870056152, 1.6652463674545288, 0.0, 0.0, 0.0, 0.0, 1000, 1000, 1000, 1000, 2.64219331741333, 1.385331153869629, 0.0, -0.9948229789733887, 3.1103789806365967, -12.784476280212402, -12629.4873046875, -0.02932262420654297, -25.336469650268555)
(2.5962812900543213, 1.6705548763275146, 0.0, 0.0, 0.0, 0.0, 1000, 1000, 1000, 1000, 2.5540523529052734, 1.3444422483444214, 0.0, -1.0318660736083984, 3.227757692337036, -12.76799201965332, -13221.4482421875, 0.06896209716796875, -26.216167449951172)
(2.5924181938171387, 1.6615554094314575, 0.0, 0.0, 0.0, 0.0, 1000, 1000, 1000, 1000, 2.6660733222961426, 1.4392603635787964, 0.0, -1.0684517621994019, 3.3449835777282715, -12.809652328491211, -13773.2919921875, -0.0927286148071289, -27.06476402282715)
(2.5725455284118652, 1.6420645713806152, 0.0, -1.0, 0.0, 0.0, 1000, 1000, 1000, 1000, 2.3721320629119873, 1.2315375804901123, 0.0, -1.1051901578903198, 3.4634299278259277, -17.64931297302246, -14369.8193359375, 0.17096900939941406, -30.379384994506836)
(2.5556676387786865, 1.627150297164917, 0.0, -1.0, 0.0, 0.0, 1000, 1000, 1000, 1000, 2.7041001319885254, 1.4471404552459717, 0.0, -1.144672155380249, 3.581113815307617, -17.44297218322754, -14978.5986328125, 0.08978462219238281, -31.18938446044922)
(2.5672521591186523, 1.6366454362869263, 0.0, 0.0, 0.0, 0.0, 1000, 1000, 1000, 1000, 2.6367602348327637, 1.3992865085601807, 0.0, -1.1827822923660278, 3.6978821754455566, -12.714309692382812, -15535.353515625, -0.15419483184814453, -29.660184860229492)
(2.5858263969421387, 1.6550328731536865, 0.0, -1.0, 0.0, 0.0, 1000, 1000, 1000, 1000, 2.726757287979126, 1.4431644678115845, 0.0, -1.2210453748703003, 3.815718412399292, -17.746206283569336, -16125.1943359375, 0.02548980712890625, -33.06089401245117)
(2.578000783920288, 1.644270896911621, 0.0, -1.0, 0.0, 0.0, 1000, 1000, 1000, 1000, 2.7435765266418457, 1.4901436567306519, 0.0, -1.2577837705612183, 3.9343173503875732, -17.707077026367188, -16680.01953125, -0.006641387939453125, -33.87356948852539)
(2.6079180240631104, 1.6690552234649658, 0.0, 0.0, 0.0, 0.0, 1000, 1000, 1000, 1000, 2.6941189765930176, 1.4020717144012451, 0.0, -1.2957415580749512, 4.049561977386475, -12.917638778686523, -17307.859375, -0.09434032440185547, -32.42060852050781)
(2.5794620513916016, 1.643898844718933, 0.0, -1.0, 0.0, 0.0, 1000, 1000, 1000, 1000, 2.599463939666748, 1.3935370445251465, 0.0, -1.3341565132141113, 4.168921947479248, -17.439992904663086, -17896.279296875, 0.07089424133300781, -35.564414978027344)
(2.5772624015808105, 1.6473580598831177, 0.0, -1.0, 0.0, 0.0, 1000, 1000, 1000, 1000, 2.613475799560547, 1.3896454572677612, 0.0, -1.3744012117385864, 4.285384654998779, -17.520458221435547, -18410.126953125, 0.09801101684570312, -36.37541961669922)
(2.5842854976654053, 1.654902458190918, 0.0, 0.0, 0.0, 0.0, 1000, 1000, 1000, 1000, 2.6288580894470215, 1.4140312671661377, 0.0, -1.4093101024627686, 4.4050493240356445, -12.768988609313965, -19001.412109375, -0.21276092529296875, -34.88661193847656)
(2.5769026279449463, 1.6540063619613647, 0.0, 0.0, 0.0, 0.0, 1000, 1000, 1000, 1000, 2.7253708839416504, 1.5103394985198975, 0.0, -1.4500117301940918, 4.52547550201416, -12.640610694885254, -19530.4921875, 0.05698680877685547, -35.61604309082031)
(2.5824596881866455, 1.6540910005569458, 0.0, -1.0, 0.0, 0.0, 1000, 1000, 1000, 1000, 2.790560245513916, 1.5894914865493774, 0.0, -1.4896458387374878, 4.644070625305176, -17.66839599609375, -20094.201171875, -0.007965087890625, -38.97549819946289)
(2.6039323806762695, 1.6725997924804688, 0.0, 0.0, 0.0, 0.0, 1000, 1000, 1000, 1000, 2.780251979827881, 1.5012884140014648, 0.0, -1.5271464586257935, 4.762057781219482, -12.836734771728516, -20691.474609375, -0.03786277770996094, -37.4555778503418)
(2.599008798599243, 1.6631783246994019, 0.0, 0.0, 0.0, 0.0, 1000, 1000, 1000, 1000, 2.485581874847412, 1.2201656103134155, 0.0, -1.5664759874343872, 4.87974214553833, -12.78162956237793, -21206.2734375, 0.19562721252441406, -38.200225830078125)
(2.5970935821533203, 1.6596801280975342, 0.0, -1.0, 0.0, 0.0, 1000, 1000, 1000, 1000, 2.6799449920654297, 1.435391902923584, 0.0, -1.6019946336746216, 4.997882843017578, -17.68058967590332, -21829.501953125, 0.3067779541015625, -41.58454895019531)
(2.5955893993377686, 1.6570426225662231, 0.0, 0.0, 0.0, 0.0, 1000, 1000, 1000, 1000, 2.7414889335632324, 1.5779247283935547, 0.0, -1.6391900777816772, 5.11526346206665, -12.67306900024414, -22391.533203125, 0.15013504028320312, -39.92383575439453)
(2.5976338386535645, 1.6613723039627075, 0.0, 0.0, -1.0, 0.0, 1000, 1000, 1000, 1000, 2.66349458694458, 1.382287859916687, 0.0, -1.6777576208114624, 5.232182025909424, -12.774754524230957, -22984.1171875, -0.06023406982421875, -40.86355209350586)
(2.6020867824554443, 1.664123296737671, 0.0, 0.0, 0.0, 0.0, 1000, 1000, 1000, 1000, 2.846547842025757, 1.5308136940002441, 0.0, -1.7151055335998535, 5.3518452644348145, -12.736043930053711, -23537.759765625, 0.020843505859375, -41.674659729003906)
(2.6210079193115234, 1.6843000650405884, 0.0, -1.0, 0.0, 0.0, 1000, 1000, 1000, 1000, 2.8636603355407715, 1.598171353340149, 0.0, -1.754435420036316, 5.470137596130371, -17.83064842224121, -24083.474609375, 0.1124267578125, -45.04053497314453)
(2.6141629219055176, 1.676096796989441, 0.0, 0.0, 0.0, 0.0, 1000, 1000, 1000, 1000, 2.636291027069092, 1.5079822540283203, 0.0, -1.7926981449127197, 5.58583927154541, -12.79642391204834, -24710.822265625, 0.15761375427246094, -43.464447021484375)
(2.615304708480835, 1.6752488613128662, 0.0, 0.0, 0.0, 0.0, 1000, 1000, 1000, 1000, 2.708251953125, 1.4570248126983643, 0.0, -1.8300464153289795, 5.702913761138916, -12.893596649169922, -25307.0625, 0.05913829803466797, -44.40739059448242)
(2.5960452556610107, 1.6592187881469727, 0.0, -1.0, 0.0, 0.0, 1000, 1000, 1000, 1000, 2.6585512161254883, 1.4772756099700928, 0.0, -1.8673949241638184, 5.819986343383789, -17.736324310302734, -25906.72265625, -4.937308311462402, -47.72824478149414)
(2.6001174449920654, 1.6652107238769531, 0.0, 0.0, 0.0, 0.0, 1000, 1000, 1000, 1000, 2.745011806488037, 1.5359392166137695, 0.0, -1.9058103561401367, 5.938888072967529, -12.848148345947266, -26474.501953125, -0.036553382873535156, -46.135826110839844)
(2.589625358581543, 1.6561322212219238, 0.0, 0.0, 0.0, 0.0, 1000, 1000, 1000, 1000, 2.7321486473083496, 1.5602562427520752, 0.0, -1.9448353052139282, 6.0564165115356445, -12.734712600708008, -27005.662109375, -0.03487205505371094, -46.875850677490234)
(2.6146249771118164, 1.6780647039413452, 0.0, -1.0, 0.0, 0.0, 1000, 1000, 1000, 1000, 2.503919839859009, 1.264947772026062, 0.0, -1.981878399848938, 6.173947334289551, -12.920685768127441, -27539.80078125, 0.1329212188720703, -47.770042419433594)
(2.6109981536865234, 1.680846095085144, 0.0, -1.0, 0.0, 0.0, 1000, 1000, 1000, 1000, 2.6365795135498047, 1.3158646821975708, 0.0, -2.0209033489227295, 6.294222354888916, -17.902551651000977, -28082.076171875, -5.211533546447754, -51.07439041137695)
(2.625530481338501, 1.693998098373413, 0.0, 0.0, 0.0, 0.0, 1000, 1000, 1000, 1000, 2.8340697288513184, 1.601426362991333, 0.0, -2.0580995082855225, 6.414649486541748, -13.005701065063477, -28674.611328125, -0.25498390197753906, -49.514766693115234)
(2.614055871963501, 1.6814601421356201, 0.0, -1.0, 0.0, 0.0, 1000, 1000, 1000, 1000, 2.6610288619995117, 1.4166569709777832, 0.0, -2.096057176589966, 6.533857345581055, -17.795888900756836, -29226.02734375, 0.18642616271972656, -52.73698425292969)
(2.6136460304260254, 1.6795827150344849, 0.0, -1.0, 0.0, 0.0, 1000, 1000, 1000, 1000, 2.768972635269165, 1.5087605714797974, 0.0, -2.133861780166626, 6.650623321533203, -12.885302543640137, -29825.724609375, -0.0364990234375, -51.18124008178711)
(2.5913987159729004, 1.6615678071975708, 0.0, 0.0, 0.0, 0.0, 1000, 1000, 1000, 1000, 2.5828356742858887, 1.3588546514511108, 0.0, -2.1710574626922607, 6.769371509552002, -12.713090896606445, -30419.576171875, 0.097900390625, -51.98590850830078)
(2.592179775238037, 1.6586284637451172, 0.0, -1.0, 0.0, 0.0, 1000, 1000, 1000, 1000, 2.7919907569885254, 1.6286779642105103, 0.0, -2.2085578441619873, 6.886290550231934, -17.686508178710938, -31041.51171875, 0.023794174194335938, -55.405521392822266)
(2.5996758937835693, 1.6614727973937988, 0.0, 0.0, 0.0, 0.0, 1000, 1000, 1000, 1000, 2.5785531997680664, 1.3992425203323364, 0.0, -2.2445342540740967, 6.999248504638672, -12.937403678894043, -31645.623046875, -0.18023014068603516, -53.937137603759766)
(2.6197714805603027, 1.680972933769226, 0.0, -1.0, 0.0, 0.0, 1000, 1000, 1000, 1000, 2.7613401412963867, 1.5225532054901123, 0.0, -2.2817299365997314, 7.116626739501953, -12.91593074798584, -32240.443359375, -0.06608009338378906, -54.81863021850586)
(2.612485647201538, 1.675844430923462, 0.0, -1.0, 0.0, 0.0, 1000, 1000, 1000, 1000, 3.0185933113098145, 1.7899595499038696, 0.0, -2.311913251876831, 7.245285987854004, -17.69657325744629, -32842.88671875, -4.835240364074707, -58.11261749267578)
(2.5780551433563232, 1.601555347442627, 0.0, 0.0, 0.0, 0.0, 1000, 1000, 1000, 1000, 2.6564114093780518, 1.4552338123321533, 0.0, -2.3786821365356445, 7.277450084686279, -12.189056396484375, -33385.8671875, 0.07304000854492188, -56.1733283996582)
(2.6408300399780273, 1.4821240901947021, 0.0, -1.0, 0.0, 0.0, 1000, 1000, 1000, 1000, 2.8107194900512695, 1.6397981643676758, 0.0, -2.3329503536224365, 7.264796733856201, -19.72854232788086, -33945.27734375, 0.011293411254882812, -60.782188415527344)
(2.3749685287475586, 0.8633168339729309, 0.0, -1.0, 0.0, 0.0, 1000, 1000, 1000, 1000, 1.056476354598999, -0.17557954788208008, 0.0, -2.601242780685425, 6.627144813537598, -7.6980133056640625, -34499.17578125, 0.07012462615966797, -55.59777069091797)
(1.245880365371704, -1.1082277297973633, 0.0, 0.0, 0.0, 0.0, 1000, 1000, 1000, 1000, -1.183275818824768, -2.6829075813293457, 0.0, -3.0805115699768066, 5.086900234222412, -3.881840705871582, -34796.859375, 5.586282730102539, -54.136207580566406)
(0.00018285612168256193, -2.0932252407073975, 0.0, 0.0, 0.0, 0.0, 1000, 1000, 1000, 1000, -2.377129554748535, -4.706361770629883, 0.0, -3.3137433528900146, 4.866322994232178, 5.2734761238098145, -34881.4921875, 0.3511824607849121, -49.68550109863281)
(-1.9821313619613647, -2.083873748779297, 0.0, 0.0, -1.0, 0.0, 1000, 1000, 1000, 1000, -2.371716022491455, -4.070432662963867, 0.0, -4.761762619018555, 5.780956268310547, 8.752120018005371, -34462.359375, 0.881047248840332, -47.31747817993164)
(-1.367661476135254, -2.421516180038452, 0.0, 0.0, 0.0, 0.0, 1000, 1000, 1000, 1000, -4.712104797363281, -6.4248948097229, 0.0, -4.639200687408447, 5.513882637023926, -5.356814384460449, -34207.5546875, -0.5393705368041992, -53.98973846435547)
(-1.7160385847091675, -6.442297458648682, 0.0, -1.0, 0.0, 0.0, 1000, 1000, 1000, 1000, -4.586252212524414, -7.836480140686035, 0.0, -3.8614566326141357, 1.8710472583770752, 0.9277539253234863, -34196.1015625, 0.7347254753112793, -50.83027648925781)
(-3.117171049118042, -1.7836991548538208, 0.0, 0.0, 0.0, 0.0, 1000, 1000, 1000, 1000, -4.570890426635742, -5.331707954406738, 0.0, -5.22944450378418, 6.702297687530518, 14.518782615661621, -33591.7734375, -1.8505582809448242, -43.12826919555664)
(2.4547064304351807, -0.7206464409828186, 0.0, -1.0, 0.0, 0.0, 1000, 1000, 1000, 1000, 7.028812408447266, 4.615621566772461, 0.0, 0.24845118820667267, 8.27851676940918, -59.19426345825195, -34551.80078125, -0.7737617492675781, -81.42483520507812)
(9.194258689880371, 2.960010528564453, 0.0, -1.0, 0.0, 0.0, 1000, 1000, 1000, 1000, 12.467671394348145, 10.201151847839355, 0.0, 4.477110385894775, 8.031110763549805, -45.30056381225586, -36793.01171875, -2.698638916015625, -77.83979797363281)
(6.651432514190674, 4.031673908233643, 0.0, -1.0, 0.0, 0.0, 1000, 1000, 1000, 1000, 4.271542549133301, 2.340837240219116, 0.0, 0.7850371599197388, 7.177146911621094, -17.52545738220215, -37690.18359375, 0.21933364868164062, -65.29800415039062)
(0.9055243730545044, 1.8219200372695923, 0.0, -1.0, 0.0, 0.0, 1000, 1000, 1000, 1000, -2.667696475982666, -3.673980951309204, 0.0, -3.5814261436462402, 6.737360000610352, 14.954084396362305, -37672.7265625, 0.4232139587402344, -49.032047271728516)
(-3.969896078109741, 1.7395530939102173, 0.0, -1.0, 0.0, 0.0, 1000, 1000, 1000, 1000, -4.324490070343018, -4.404766082763672, 0.0, -7.569230079650879, 9.561139106750488, 36.3433837890625, -36616.86328125, 0.6522941589355469, -36.753604888916016)
(-6.197802543640137, 1.4317890405654907, 0.0, -1.0, 0.0, 0.0, 1000, 1000, 1000, 1000, -4.551455974578857, -3.346529006958008, 0.0, -10.163285255432129, 12.167083740234375, 25.165842056274414, -35159.19921875, -6.1061248779296875, -40.15587615966797)
(-6.044928073883057, 0.5022450685501099, 0.0, 0.0, 0.0, 0.0, 1000, 1000, 1000, 1000, -3.06384539604187, -1.5438096523284912, 0.0, -11.201396942138672, 12.691627502441406, 48.57830047607422, -33963.40234375, 0.9610671997070312, -26.65595245361328)
(1.0369755029678345, 2.9399709701538086, 0.0, -1.0, 0.0, 0.0, 1000, 1000, 1000, 1000, 0.8286260366439819, 2.220421314239502, 0.0, -9.34591007232666, 17.04178237915039, -10.337316513061523, -34592.68359375, 0.039989471435546875, -57.057682037353516)
(1.0880720615386963, 3.2887325286865234, 0.0, -1.0, 0.0, 0.0, 1000, 1000, 1000, 1000, 1.2280126810073853, 2.8704075813293457, 0.0, -9.358866691589355, 17.59879493713379, -11.324506759643555, -34890.38671875, -0.06250286102294922, -57.997833251953125)
(1.761399269104004, 3.116248846054077, 0.0, -1.0, 0.0, 0.0, 1000, 1000, 1000, 1000, 1.7332022190093994, 3.2484331130981445, 0.0, -8.72029972076416, 17.530052185058594, -19.447240829467773, -35374.41796875, -0.32263755798339844, -62.785247802734375)
(2.706047296524048, 2.895867347717285, 0.0, 0.0, 0.0, 0.0, 1000, 1000, 1000, 1000, 3.0374488830566406, 4.088047027587891, 0.0, -7.752464294433594, 17.066179275512695, -15.969261169433594, -36094.0625, 0.12976455688476562, -62.12572479248047)
(1.7483649253845215, 2.892427921295166, 0.0, -1.0, 0.0, 0.0, 1000, 1000, 1000, 1000, 1.7693628072738647, 2.9400033950805664, 0.0, -8.639049530029297, 16.81861114501953, 4.185003280639648, -36530.90625, 1.4522895812988281, -52.703857421875)
(-1.7847440242767334, 2.7691800594329834, 0.0, 0.0, 0.0, 0.0, 1000, 1000, 1000, 1000, -1.3240753412246704, 0.7691200971603394, 0.0, -12.262068748474121, 17.410837173461914, 5.722500801086426, -35805.921875, -2.2149829864501953, -50.847633361816406)
(2.4207096099853516, 2.0148980617523193, 0.0, -1.0, 0.0, 0.0, 1000, 1000, 1000, 1000, 3.4926114082336426, 4.117151260375977, 0.0, -8.329296112060547, 16.731115341186523, -34.14623260498047, -36760.23046875, 0.6299209594726562, -72.21346282958984)
(3.3504409790039062, 3.1304237842559814, 0.0, -1.0, 0.0, 0.0, 1000, 1000, 1000, 1000, 3.372251272201538, 4.173327445983887, 0.0, -7.714510917663574, 16.893157958984375, -18.916839599609375, -37522.84375, 0.2212505340576172, -65.74268341064453)
(3.199531078338623, 3.441314220428467, 0.0, 0.0, 0.0, 0.0, 1000, 1000, 1000, 1000, 2.833341121673584, 3.727092742919922, 0.0, -7.791491508483887, 16.918771743774414, -16.942777633666992, -38222.3359375, 4.817243576049805, -65.80489349365234)
(3.2712724208831787, 3.592660665512085, 0.0, 0.0, 0.0, 0.0, 1000, 1000, 1000, 1000, 3.0446243286132812, 3.921945095062256, 0.0, -7.595302581787109, 16.94651222229004, -18.21611785888672, -38976.65625, -0.18442726135253906, -67.57304382324219)
(3.0477755069732666, 3.9405405521392822, 0.0, -1.0, 0.0, 0.0, 1000, 1000, 1000, 1000, 3.301077127456665, 4.031120300292969, 0.0, -7.782192230224609, 17.184162139892578, -11.793756484985352, -39667.76171875, 0.5594892501831055, -65.39852142333984)
(1.0113329887390137, 4.37524938583374, 0.0, 0.0, 0.0, 0.0, 1000, 1000, 1000, 1000, 1.5668920278549194, 3.063758134841919, 0.0, -10.044693946838379, 17.907794952392578, 10.187236785888672, -39682.7109375, 0.5263690948486328, -54.43044662475586)
(-1.617232322692871, 3.9155378341674805, 0.0, 0.0, 0.0, 0.0, 1000, 1000, 1000, 1000, -1.0129517316818237, 1.0809270143508911, 0.0, -12.94835090637207, 18.55413055419922, 21.28738021850586, -39134.0625, 4.892768859863281, -48.057403564453125)
(-2.7992143630981445, 2.9034345149993896, 0.0, 0.0, 0.0, 0.0, 1000, 1000, 1000, 1000, -2.5478596687316895, -0.040683746337890625, 0.0, -14.37365436553955, 18.969829559326172, 16.678998947143555, -38467.29296875, -0.04179573059082031, -49.3614387512207)
(-2.9051103591918945, 1.410948395729065, 0.0, 0.0, 0.0, 0.0, 1000, 1000, 1000, 1000, -2.6046953201293945, -0.3984525203704834, 0.0, -14.688749313354492, 18.548938751220703, 14.281649589538574, -37971.64453125, -0.05727386474609375, -49.81664276123047)
(-2.613229513168335, 0.8903921246528625, 0.0, -1.0, 0.0, 0.0, 1000, 1000, 1000, 1000, -2.494396209716797, -0.13586997985839844, 0.0, -14.563446044921875, 18.6678409576416, 7.303952693939209, -37559.62890625, -0.9758191108703613, -52.68746566772461)
(0.6382851600646973, 0.723135769367218, 0.0, 0.0, 0.0, 0.0, 1000, 1000, 1000, 1000, 1.010806679725647, 2.338693141937256, 0.0, -11.303231239318848, 18.538267135620117, -25.721912384033203, -38126.51171875, -0.5277900695800781, -70.05072021484375)
(4.887761116027832, 2.079252004623413, 0.0, -1.0, 0.0, 0.0, 1000, 1000, 1000, 1000, 4.820290565490723, 5.599199295043945, 0.0, -7.127471923828125, 18.60549545288086, -51.69490051269531, -39595.859375, -0.40013885498046875, -85.24124145507812)
(8.443703651428223, 3.8643596172332764, 0.0, 0.0, 0.0, 0.0, 1000, 1000, 1000, 1000, 7.7290425300598145, 7.9659833908081055, 0.0, -3.2927162647247314, 18.53781509399414, -58.13315200805664, -41748.921875, 0.5027809143066406, -91.68995666503906)
(6.001314640045166, 5.7676825523376465, 0.0, 0.0, 0.0, 0.0, 1000, 1000, 1000, 1000, 6.116692066192627, 6.70319938659668, 0.0, -5.616802215576172, 18.88674545288086, 9.383670806884766, -42895.9375, 1.9825115203857422, -59.652069091796875)
(-2.2835640907287598, 6.145468235015869, 0.0, 0.0, 0.0, 0.0, 1000, 1000, 1000, 1000, -0.6920070648193359, 1.9764268398284912, 0.0, -14.245157241821289, 20.286285400390625, 53.734893798828125, -41569.50390625, 0.24993133544921875, -35.48680877685547)
(-6.357337951660156, 3.898958921432495, 0.0, -1.0, 0.0, 0.0, 1000, 1000, 1000, 1000, -5.470346450805664, -1.7766749858856201, 0.0, -18.904457092285156, 20.767841339111328, 35.2318115234375, -39845.5859375, -0.8243217468261719, -42.15247344970703)
(-5.411728858947754, 1.2221320867538452, 0.0, 0.0, 0.0, 0.0, 1000, 1000, 1000, 1000, -5.252279281616211, -1.9154188632965088, 0.0, -18.325803756713867, 20.2254638671875, 15.381814002990723, -38919.6484375, -0.7301111221313477, -50.68856430053711)
(-1.3559303283691406, 0.31912046670913696, 0.0, 0.0, 0.0, 0.0, 1000, 1000, 1000, 1000, -1.387159824371338, 0.8885622024536133, 0.0, -14.249123573303223, 20.042539596557617, -25.689861297607422, -39217.02734375, -0.9292869567871094, -71.67047119140625)
(3.6464385986328125, 1.603581428527832, 0.0, -1.0, 0.0, 0.0, 1000, 1000, 1000, 1000, 3.6052563190460205, 5.03665018081665, 0.0, -9.194549560546875, 20.283090591430664, -45.8846321105957, -40569.94140625, -5.106975555419922, -83.79722595214844)
(6.280487060546875, 3.5771312713623047, 0.0, 0.0, 0.0, 0.0, 1000, 1000, 1000, 1000, 5.951516151428223, 6.9119110107421875, 0.0, -6.494548320770264, 20.468908309936523, -39.32926559448242, -42151.046875, 0.28035736083984375, -82.89120483398438)
(5.110850811004639, 5.06453275680542, 0.0, -1.0, 0.0, 0.0, 1000, 1000, 1000, 1000, 5.044011116027832, 6.273298263549805, 0.0, -7.61893892288208, 20.639795303344727, -10.64571762084961, -43155.46875, 1.1416950225830078, -70.05606079101562)
(0.6578248143196106, 5.729424476623535, 0.0, -1.0, 0.0, 0.0, 1000, 1000, 1000, 1000, 1.9666247367858887, 4.650160789489746, 0.0, -12.38586139678955, 21.496809005737305, 0.491363525390625, -42835.328125, -1.8501853942871094, -64.00730895996094)
(4.592949390411377, 2.715346574783325, 0.0, 0.0, 0.0, 0.0, 1000, 1000, 1000, 1000, 3.9432501792907715, 4.708837509155273, 0.0, -8.890891075134277, 18.171045303344727, -45.37328338623047, -44062.48046875, 0.3664817810058594, -88.78036499023438)
(3.596557140350342, -1.7270710468292236, 0.0, -1.0, 0.0, 0.0, 1000, 1000, 1000, 1000, -2.7633485794067383, -3.3414909839630127, 0.0, -8.118633270263672, 13.335836410522461, -13.348639488220215, -45203.16015625, 1.2129745483398438, -74.47905731201172)
(-1.701067328453064, -3.7693281173706055, 0.0, 0.0, 0.0, 0.0, 1000, 1000, 1000, 1000, -7.361838340759277, -7.3091840744018555, 0.0, -10.457199096679688, 12.63522720336914, 16.279727935791016, -44945.078125, -0.038478851318359375, -59.27775192260742)
(-3.384680986404419, -3.1807141304016113, 0.0, -1.0, 0.0, 0.0, 1000, 1000, 1000, 1000, -5.596872329711914, -5.610407829284668, 0.0, -10.215127944946289, 14.691478729248047, 5.520965576171875, -44572.078125, -5.348293304443359, -64.0976333618164)
(-2.350165605545044, 2.9514360427856445, 0.0, 0.0, 0.0, 0.0, 1000, 1000, 1000, 1000, 2.019336700439453, 3.473341941833496, 0.0, -10.089061737060547, 20.99803352355957, 14.891071319580078, -44147.08984375, -0.30466175079345703, -58.77510070800781)
(1.296138882637024, 9.528186798095703, 0.0, -1.0, 0.0, 0.0, 1000, 1000, 1000, 1000, 10.288576126098633, 13.085844039916992, 0.0, -9.796987533569336, 26.694217681884766, -13.675816535949707, -44141.046875, -0.6854734420776367, -73.04947662353516)
(5.7688984870910645, 11.152767181396484, 0.0, 0.0, 0.0, 0.0, 1000, 1000, 1000, 1000, 12.97301959991455, 15.957706451416016, 0.0, -9.60735034942627, 26.134916305541992, -28.26522445678711, -44969.13671875, -0.19228172302246094, -81.58631896972656)
(6.382030010223389, 6.651642799377441, 0.0, -1.0, 0.0, 0.0, 1000, 1000, 1000, 1000, 5.105828285217285, 6.1343793869018555, 0.0, -10.105063438415527, 20.74787712097168, -33.861366271972656, -46117.51171875, 0.06888961791992188, -86.10694885253906)
(4.175490856170654, 1.2359925508499146, 0.0, 0.0, 0.0, 0.0, 1000, 1000, 1000, 1000, -1.3883304595947266, -1.2109079360961914, 0.0, -10.323663711547852, 16.33125877380371, -19.749406814575195, -47212.91015625, 0.5507373809814453, -80.6940689086914)
(1.204271912574768, -2.156874895095825, 0.0, 0.0, 0.0, 0.0, 1000, 1000, 1000, 1000, -3.9961862564086914, -4.196273326873779, 0.0, -10.417566299438477, 14.135526657104492, -5.746969223022461, -47798.765625, 0.7797427177429199, -74.5716323852539)
(-1.733787178993225, -4.161023139953613, 0.0, -1.0, 0.0, 0.0, 1000, 1000, 1000, 1000, -6.2452497482299805, -6.46229887008667, 0.0, -10.8497314453125, 13.251230239868164, 11.290886878967285, -47720.06640625, 0.21338653564453125, -65.93465423583984)
(-3.1502702236175537, -3.502812385559082, 0.0, 0.0, 0.0, 0.0, 1000, 1000, 1000, 1000, -4.599664211273193, -4.804876327514648, 0.0, -10.689363479614258, 14.897113800048828, 9.562326431274414, -47381.46484375, 4.667121410369873, -66.29103088378906)
(-1.608162760734558, 1.2782294750213623, 0.0, 0.0, 0.0, 0.0, 1000, 1000, 1000, 1000, 1.6889033317565918, 2.29380464553833, 0.0, -9.73600959777832, 19.69055938720703, 7.796911239624023, -47200.8203125, -0.012912273406982422, -66.90277862548828)
(1.0279310941696167, 4.988945484161377, 0.0, -1.0, 0.0, 0.0, 1000, 1000, 1000, 1000, 6.7432355880737305, 8.221525192260742, 0.0, -9.738601684570312, 22.080644607543945, -13.554288864135742, -47217.33203125, -0.6499013900756836, -77.60314178466797)
(1.8005385398864746, 5.27569580078125, 0.0, -1.0, 0.0, 0.0, 1000, 1000, 1000, 1000, 3.9439096450805664, 5.271555423736572, 0.0, -10.724883079528809, 21.528200149536133, 16.85096549987793, -47484.68359375, 1.9356756210327148, -62.801544189453125)
(-5.75219202041626, 3.9926624298095703, 0.0, -1.0, 0.0, 0.0, 1000, 1000, 1000, 1000, -5.748288631439209, -2.5563619136810303, 0.0, -18.80476188659668, 21.755943298339844, 71.96217346191406, -45671.1953125, 1.3259811401367188, -32.52570724487305)
(-12.031545639038086, 1.0805960893630981, 0.0, -1.0, 0.0, 0.0, 1000, 1000, 1000, 1000, -11.812281608581543, -7.155908107757568, 0.0, -25.204301834106445, 22.712190628051758, 67.35285186767578, -42734.2109375, -1.6921844482421875, -30.424890518188477)
(-9.257669448852539, -2.2333714962005615, 0.0, 0.0, 0.0, 0.0, 1000, 1000, 1000, 1000, -10.042158126831055, -6.2828474044799805, 0.0, -22.404911041259766, 22.482160568237305, 10.83102798461914, -41273.59375, -1.5360946655273438, -56.494876861572266)
(-1.8477784395217896, -2.460251808166504, 0.0, 0.0, 0.0, 0.0, 1000, 1000, 1000, 1000, -2.4254231452941895, -0.3275330066680908, 0.0, -14.787836074829102, 22.510360717773438, -33.50501251220703, -41912.390625, -1.4576416015625, -79.62109375)
(5.740772247314453, 0.32470226287841797, 0.0, 0.0, 0.0, 0.0, 1000, 1000, 1000, 1000, 5.655420303344727, 6.522906303405762, 0.0, -7.340123176574707, 22.80198097229004, -58.06361770629883, -43943.0390625, 5.0331573486328125, -94.94636535644531)
(8.61479377746582, 3.3814597129821777, 0.0, 0.0, 0.0, 0.0, 1000, 1000, 1000, 1000, 8.647113800048828, 8.788474082946777, 0.0, -4.445916175842285, 22.880027770996094, -41.4276237487793, -46017.40234375, 1.4102287292480469, -89.73991394042969)
(3.1284468173980713, 5.429809093475342, 0.0, -1.0, 0.0, 0.0, 1000, 1000, 1000, 1000, 3.5252413749694824, 5.191532135009766, 0.0, -10.167106628417969, 23.369352340698242, 30.63825225830078, -46188.34765625, 1.3767662048339844, -53.96339416503906)
(-4.067432403564453, 4.139352798461914, 0.0, -1.0, 0.0, 0.0, 1000, 1000, 1000, 1000, -3.853545665740967, -0.8103060722351074, 0.0, -17.39743995666504, 23.757770538330078, 38.02008819580078, -44649.64453125, -0.2101287841796875, -47.96442413330078)
(-7.274137496948242, 1.3262062072753906, 0.0, -1.0, 0.0, 0.0, 1000, 1000, 1000, 1000, -8.144830703735352, -4.3778862953186035, 0.0, -20.72426414489746, 23.37880516052246, 38.16946792602539, -43026.73828125, -1.4495658874511719, -45.45537185668945)
(-2.9636776447296143, -1.3509833812713623, 0.0, 0.0, 0.0, 0.0, 1000, 1000, 1000, 1000, -3.837555408477783, -1.6194267272949219, 0.0, -15.877922058105469, 22.544965744018555, -33.13893127441406, -43012.25390625, -1.6596870422363281, -81.08784484863281)
(4.9532246589660645, -0.8524549603462219, 0.0, -1.0, 0.0, 0.0, 1000, 1000, 1000, 1000, 4.683974266052246, 4.871410846710205, 0.0, -7.7745680809021, 21.364328384399414, -59.97953796386719, -44979.1015625, 0.7253189086914062, -97.45841979980469)
(6.040488243103027, 1.2871094942092896, 0.0, -1.0, 0.0, 0.0, 1000, 1000, 1000, 1000, 4.36850643157959, 4.804945468902588, 0.0, -6.3073410987854, 20.946033477783203, -24.409759521484375, -46490.04296875, 1.5086479187011719, -81.93994140625)
(1.5708264112472534, 1.8838824033737183, 0.0, -1.0, 0.0, 0.0, 1000, 1000, 1000, 1000, 0.17453908920288086, 0.9475088119506836, 0.0, -9.982645988464355, 21.051067352294922, 1.9019660949707031, -46598.6875, -0.4532794952392578, -68.94705200195312)
(2.1153173446655273, 1.4593364000320435, 0.0, 0.0, 0.0, 0.0, 1000, 1000, 1000, 1000, 1.7374347448349, 1.6835054159164429, 0.0, -9.38965892791748, 20.62835693359375, -24.81439208984375, -47076.5234375, -0.5143108367919922, -83.02198028564453)
(3.8548104763031006, 2.1406917572021484, 0.0, 0.0, 0.0, 0.0, 1000, 1000, 1000, 1000, 4.802284240722656, 4.419168949127197, 0.0, -8.024264335632324, 20.336589813232422, -18.511856079101562, -48010.55078125, 0.2601146697998047, -81.2717514038086)
(3.480055809020996, 3.499732255935669, 0.0, -1.0, 0.0, 0.0, 1000, 1000, 1000, 1000, 4.182978630065918, 4.434318542480469, 0.0, -8.837983131408691, 20.941621780395508, -18.955158233642578, -48601.08203125, -0.2662944793701172, -82.37920379638672)
(3.820464611053467, 3.50960373878479, 0.0, -1.0, 0.0, 0.0, 1000, 1000, 1000, 1000, 3.6716091632843018, 3.7859907150268555, 0.0, -8.532037734985352, 20.83491325378418, -24.89500617980957, -49466.28515625, 0.26381492614746094, -86.64693450927734)
(2.929926633834839, 3.0464189052581787, 0.0, -1.0, 0.0, 0.0, 1000, 1000, 1000, 1000, 2.1499619483947754, 2.258376359939575, 0.0, -8.932493209838867, 20.725154876708984, -16.875244140625, -50121.5546875, 0.15119171142578125, -83.61995697021484)
(2.4085824489593506, 2.0191948413848877, 0.0, 0.0, 0.0, 0.0, 1000, 1000, 1000, 1000, 1.4074974060058594, 1.468211054801941, 0.0, -9.057038307189941, 19.987659454345703, -13.780717849731445, -50676.05859375, 4.992177963256836, -82.90444946289062)
(1.9466816186904907, 1.3791593313217163, 0.0, 0.0, -1.0, 0.0, 1000, 1000, 1000, 1000, 0.955967366695404, 0.6856436133384705, 0.0, -9.05444622039795, 19.60564422607422, -7.324871063232422, -51190.53125, 0.21712779998779297, -80.44823455810547)
(0.9013049602508545, 1.3382980823516846, 0.0, -1.0, 0.0, 0.0, 1000, 1000, 1000, 1000, 0.34301629662513733, 0.3928548991680145, 0.0, -9.88340950012207, 19.827136993408203, -7.219939708709717, -51361.84375, -0.27205419540405273, -80.6527328491211)
(1.064315915107727, 0.9063383340835571, 0.0, 0.0, 0.0, 0.0, 1000, 1000, 1000, 1000, 0.5331288576126099, 0.34032243490219116, 0.0, -9.552465438842773, 19.705183029174805, -7.974018573760986, -51745.63671875, 0.15145540237426758, -81.60546112060547)
(0.6465604305267334, 0.9191745519638062, 0.0, -1.0, 0.0, 0.0, 1000, 1000, 1000, 1000, 0.5456010103225708, 0.5699908137321472, 0.0, -9.841642379760742, 19.90472984313965, -5.305973052978516, -51947.62109375, 0.04884815216064453, -80.57441711425781)
(0.3985816538333893, 0.6595001220703125, 0.0, -1.0, 0.0, 0.0, 1000, 1000, 1000, 1000, 0.13435804843902588, 0.11207973957061768, 0.0, -9.927313804626465, 20.003353118896484, -8.486810684204102, -52097.9765625, -0.02028656005859375, -82.39037322998047)
(0.3784203827381134, 0.6319818496704102, 0.0, -1.0, 0.0, 0.0, 1000, 1000, 1000, 1000, 0.5114589929580688, 0.36995482444763184, 0.0, -9.899267196655273, 20.172714233398438, -5.9774675369262695, -52344.734375, -0.0780172348022461, -81.5058364868164)
(0.16489173471927643, 0.7892155051231384, 0.0, -1.0, 0.0, 0.0, 1000, 1000, 1000, 1000, 0.43366262316703796, 0.4295339584350586, 0.0, -10.211005210876465, 20.473175048828125, -3.8427512645721436, -52437.9921875, 0.031067848205566406, -80.57836151123047)
(0.2231277972459793, 1.0289571285247803, 0.0, -1.0, 0.0, 0.0, 1000, 1000, 1000, 1000, 0.5018454790115356, 0.5821985602378845, 0.0, -10.334020614624023, 20.871044158935547, -6.359541893005371, -52508.875, -0.055735111236572266, -81.94308471679688)
(0.24905571341514587, 0.8056513667106628, 0.0, 0.0, 0.0, 0.0, 1000, 1000, 1000, 1000, 0.3117607831954956, 0.44894030690193176, 0.0, -10.40460205078125, 20.836135864257812, -1.0623517036437988, -52618.66015625, 0.12177038192749023, -79.45916748046875)
(0.06312838196754456, 0.6032814979553223, 0.0, 0.0, 0.0, 0.0, 1000, 1000, 1000, 1000, 0.050325557589530945, 0.15905819833278656, 0.0, -10.537221908569336, 20.901073455810547, 0.4770410358905792, -52740.93359375, 0.17253950238227844, -78.87287902832031)
(-0.055045388638973236, 0.5936612486839294, 0.0, -1.0, 0.0, 0.0, 1000, 1000, 1000, 1000, -0.007610581815242767, 0.09828811883926392, 0.0, -10.678380966186523, 21.103668212890625, -4.328431606292725, -52831.52734375, -0.20723962783813477, -81.41150665283203)
(-0.08969735354185104, 0.515838623046875, 0.0, -1.0, 0.0, 0.0, 1000, 1000, 1000, 1000, 0.1402568370103836, 0.3224788010120392, 0.0, -10.77518081665039, 21.212814331054688, -3.392976760864258, -52925.84375, 0.1959848403930664, -81.08525085449219)
(0.09497483819723129, 0.658338189125061, 0.0, 0.0, 0.0, 0.0, 1000, 1000, 1000, 1000, 0.19546063244342804, 0.20797912776470184, 0.0, -10.746675491333008, 21.457632064819336, -1.0846302509307861, -52959.77734375, 0.06893610954284668, -79.98197937011719)
(0.11030499637126923, 0.6830508708953857, 0.0, 0.0, 0.0, 0.0, 1000, 1000, 1000, 1000, 0.3087232708930969, 0.5307788848876953, 0.0, -10.8690824508667, 21.54909896850586, 0.8204262256622314, -53024.53125, 0.14242935180664062, -79.1265869140625)
(0.033114243298769, 0.5000708103179932, 0.0, 0.0, 0.0, 0.0, 1000, 1000, 1000, 1000, -0.2712496519088745, -0.06743256747722626, 0.0, -10.90673542022705, 21.585529327392578, -0.5619126558303833, -53108.2109375, 0.00979238748550415, -79.94327545166016)
(-0.044435542076826096, 0.4554802477359772, 0.0, -1.0, 0.0, 0.0, 1000, 1000, 1000, 1000, 0.08378797024488449, 0.18020014464855194, 0.0, -10.96664047241211, 21.725011825561523, -4.046114921569824, -53261.87890625, 0.03964376449584961, -81.91587829589844)
(-0.09193263947963715, 0.5109986662864685, 0.0, -1.0, 0.0, 0.0, 1000, 1000, 1000, 1000, 0.10369917750358582, 0.2481057047843933, 0.0, -11.04332160949707, 21.95427703857422, -4.448873043060303, -53356.22265625, -0.011345386505126953, -82.25877380371094)
(-0.08151569217443466, 0.5386703610420227, 0.0, -1.0, 0.0, 0.0, 1000, 1000, 1000, 1000, 0.01580090820789337, 0.24444158375263214, 0.0, -11.136460304260254, 22.076080322265625, -3.1899824142456055, -53468.72265625, 0.11944055557250977, -81.7980728149414)
(-0.28232961893081665, 0.4497385025024414, 0.0, -1.0, 0.0, 0.0, 1000, 1000, 1000, 1000, -0.3724726438522339, -0.1438838094472885, 0.0, -11.387984275817871, 22.186750411987305, -3.466400623321533, -53465.76953125, -0.11349201202392578, -81.93185424804688)
(-0.17595630884170532, 0.3262295126914978, 0.0, 0.0, 0.0, 0.0, 1000, 1000, 1000, 1000, -0.37070903182029724, -0.11400425434112549, 0.0, -11.22030258178711, 22.312217712402344, 0.17856204509735107, -53534.9921875, 5.147296905517578, -80.21321105957031)
(-0.09827920794487, 0.44071072340011597, 0.0, 0.0, 0.0, 0.0, 1000, 1000, 1000, 1000, 0.32672786712646484, 0.552845299243927, 0.0, -11.184476852416992, 22.532188415527344, -0.17933568358421326, -53592.12890625, -0.10667523741722107, -80.47785949707031)
(0.3472115397453308, 0.49847060441970825, 0.0, -1.0, 0.0, 0.0, 1000, 1000, 1000, 1000, 0.32518306374549866, 0.4151226878166199, 0.0, -10.936458587646484, 22.5238037109375, -9.175082206726074, -53754.796875, -0.18206787109375, -85.21973419189453)
(0.6115782260894775, 0.7009345889091492, 0.0, 0.0, 0.0, 0.0, 1000, 1000, 1000, 1000, 0.5256544947624207, 0.6720930933952332, 0.0, -10.73310661315918, 22.64530372619629, -0.25301313400268555, -54045.66015625, 0.44109058380126953, -81.19499969482422)
(0.03718677908182144, 0.8509645462036133, 0.0, 0.0, -1.0, 0.0, 1000, 1000, 1000, 1000, 0.35691335797309875, 0.7181305885314941, 0.0, -11.376858711242676, 22.91069984436035, 0.88113933801651, -54111.6171875, -0.269645631313324, -80.72685241699219)
(0.1616297960281372, 0.6449225544929504, 0.0, 0.0, 0.0, 0.0, 1000, 1000, 1000, 1000, 0.13481956720352173, 0.283124178647995, 0.0, -11.288747787475586, 22.88585662841797, -1.0825392007827759, -54242.07421875, 0.20772302150726318, -81.90438079833984)
(-0.4669605791568756, 0.06644673645496368, 0.0, -1.0, 0.0, 0.0, 1000, 1000, 1000, 1000, -0.4966509938240051, -0.18009169399738312, 0.0, -11.830365180969238, 22.54240608215332, 3.7677295207977295, -54264.546875, 0.43657946586608887, -79.51295471191406)
(-2.9101014137268066, -0.38485148549079895, 0.0, 0.0, 0.0, 0.0, 1000, 1000, 1000, 1000, -2.978085517883301, -2.248812675476074, 0.0, -13.998659133911133, 22.774263381958008, 37.56880187988281, -53678.96484375, 6.494029998779297, -61.734046936035156)
(-7.974514007568359, -1.025754451751709, 0.0, 0.0, 0.0, 0.0, 1000, 1000, 1000, 1000, -7.93079948425293, -5.762962341308594, 0.0, -19.16939353942871, 23.80872344970703, 65.78720092773438, -51725.87890625, 0.674835205078125, -44.69521713256836)
(-12.047430038452148, -4.145192623138428, 0.0, 0.0, 0.0, 0.0, 1000, 1000, 1000, 1000, -13.028690338134766, -10.327275276184082, 0.0, -22.769392013549805, 23.672441482543945, 77.18836975097656, -49184.9453125, 0.21424102783203125, -35.183231353759766)
(-14.174028396606445, -6.354455947875977, 0.0, 0.0, 0.0, 0.0, 1000, 1000, 1000, 1000, -14.023752212524414, -10.7982816696167, 0.0, -24.65704345703125, 24.212684631347656, 78.30916595458984, -46412.3515625, 0.29735565185546875, -30.463943481445312)
(-16.457565307617188, -7.918543815612793, 0.0, -1.0, 0.0, 0.0, 1000, 1000, 1000, 1000, -16.209476470947266, -12.344464302062988, 0.0, -27.126550674438477, 24.704299926757812, 92.16587829589844, -43164.61328125, 0.1414337158203125, -18.66398048400879)
(-18.224517822265625, -9.659878730773926, 0.0, 0.0, 0.0, 0.0, 1000, 1000, 1000, 1000, -17.944034576416016, -13.498933792114258, 0.0, -29.107805252075195, 24.9747314453125, 96.67137145996094, -39650.44921875, -0.2464141845703125, -11.13998794555664)
(-18.33053207397461, -11.361391067504883, 0.0, 0.0, 0.0, 0.0, 1000, 1000, 1000, 1000, -18.051395416259766, -13.721612930297852, 0.0, -29.322742462158203, 24.86162757873535, 92.3538818359375, -36292.55078125, 0.45565032958984375, -8.261885643005371)
(-19.39385986328125, -12.057023048400879, 0.0, 0.0, 0.0, 0.0, 1000, 1000, 1000, 1000, -18.944774627685547, -14.100147247314453, 0.0, -30.563447952270508, 25.22565460205078, 106.32905578613281, -32661.0078125, -0.2843475341796875, 4.17301607131958)
(-19.948936462402344, -12.76276683807373, 0.0, -1.0, 0.0, 0.0, 1000, 1000, 1000, 1000, -19.429821014404297, -14.510372161865234, 0.0, -31.364362716674805, 25.532062530517578, 94.53126525878906, -28915.38671875, -0.25397491455078125, 3.892552614212036)
(-19.39105987548828, -13.494915962219238, 0.0, 0.0, 0.0, 0.0, 1000, 1000, 1000, 1000, -19.135162353515625, -14.334894180297852, 0.0, -30.961620330810547, 25.47672462463379, 94.97359466552734, -25488.7578125, -0.03673553466796875, 9.253660202026367)
(-19.05659294128418, -13.5496187210083, 0.0, 0.0, 0.0, 0.0, 1000, 1000, 1000, 1000, -18.586946487426758, -13.767179489135742, 0.0, -30.8779354095459, 25.633583068847656, 95.25247955322266, -22032.578125, -0.15465545654296875, 14.577372550964355)
(-18.734752655029297, -13.633188247680664, 0.0, -1.0, 0.0, 0.0, 1000, 1000, 1000, 1000, -18.34730339050293, -13.650163650512695, 0.0, -30.687843322753906, 25.71316146850586, 88.09449768066406, -18695.431640625, 0.050506591796875, 16.004100799560547)
(-18.797513961791992, -13.646562576293945, 0.0, 0.0, 0.0, 0.0, 1000, 1000, 1000, 1000, -18.819374084472656, -14.121591567993164, 0.0, -30.747299194335938, 25.897918701171875, 94.71927642822266, -15299.603515625, 0.049591064453125, 24.410232543945312)
(-18.569562911987305, -13.730947494506836, 0.0, 0.0, 0.0, 0.0, 1000, 1000, 1000, 1000, -18.283370971679688, -13.55634880065918, 0.0, -30.557666778564453, 25.93633270263672, 91.3843994140625, -11972.3212890625, -0.2087554931640625, 27.73371696472168)
(-18.551164627075195, -13.613490104675293, 0.0, 0.0, 0.0, 0.0, 1000, 1000, 1000, 1000, -18.1959228515625, -13.583503723144531, 0.0, -30.630380630493164, 26.072154998779297, 93.3655776977539, -8608.146484375, -0.07006072998046875, 33.77056884765625)
(-18.360944747924805, -13.648124694824219, 0.0, -1.0, 0.0, 0.0, 1000, 1000, 1000, 1000, -18.042537689208984, -13.454367637634277, 0.0, -30.500499725341797, 26.087244033813477, 85.92057800292969, -5335.95556640625, 0.0169830322265625, 34.956356048583984)
(-18.3504638671875, -13.531022071838379, 0.0, -1.0, 0.0, 0.0, 1000, 1000, 1000, 1000, -18.311946868896484, -13.643562316894531, 0.0, -30.53891372680664, 26.21331214904785, 88.124267578125, -2023.836181640625, -5.029914855957031, 41.0263786315918)
(-18.298601150512695, -13.627175331115723, 0.0, -1.0, 0.0, 0.0, 1000, 1000, 1000, 1000, -17.548080444335938, -12.784078598022461, 0.0, -30.531442642211914, 26.151573181152344, 84.29788208007812, 1255.184814453125, -0.16655731201171875, 44.03171920776367)
(-18.201942443847656, -14.005477905273438, 0.0, 0.0, 0.0, 0.0, 1000, 1000, 1000, 1000, -18.707670211791992, -14.29593276977539, 0.0, -30.26436996459961, 25.898523330688477, 90.24752044677734, 4472.33154296875, 0.07498931884765625, 51.83225631713867)
(-18.2583065032959, -13.829968452453613, 0.0, 0.0, 0.0, 0.0, 1000, 1000, 1000, 1000, -18.57733917236328, -14.178047180175781, 0.0, -30.212230682373047, 26.117881774902344, 92.11470794677734, 7786.61279296875, 0.31560516357421875, 57.737274169921875)
(-18.46512794494629, -13.843876838684082, 0.0, 0.0, -1.0, 0.0, 1000, 1000, 1000, 1000, -18.696393966674805, -14.263679504394531, 0.0, -30.299882888793945, 26.273059844970703, 92.08173370361328, 11066.4794921875, -0.17424774169921875, 62.640586853027344)
(-18.317337036132812, -13.85312271118164, 0.0, -1.0, 0.0, 0.0, 1000, 1000, 1000, 1000, -17.759353637695312, -13.270977973937988, 0.0, -30.14682960510254, 26.320777893066406, 85.76351165771484, 14428.552734375, -0.027923583984375, 64.52458190917969)
(-18.36345100402832, -13.8643217086792, 0.0, 0.0, 0.0, 0.0, 1000, 1000, 1000, 1000, -17.972442626953125, -13.609346389770508, 0.0, -30.251102447509766, 26.33053207397461, 92.82334899902344, 17669.6796875, -0.09302520751953125, 72.91619110107422)
(-18.42523956298828, -13.824172019958496, 0.0, -1.0, 0.0, 0.0, 1000, 1000, 1000, 1000, -18.228979110717773, -13.719402313232422, 0.0, -30.302637100219727, 26.467575073242188, 87.79692840576172, 20939.41796875, -4.966461181640625, 75.3075942993164)
(-18.824565887451172, -13.967589378356934, 0.0, 0.0, 0.0, 0.0, 1000, 1000, 1000, 1000, -19.01455307006836, -14.526433944702148, 0.0, -30.58541488647461, 26.606605529785156, 94.2752685546875, 24368.435546875, -0.16707611083984375, 83.6902847290039)
(-18.84354019165039, -14.095906257629395, 0.0, -1.0, 0.0, 0.0, 1000, 1000, 1000, 1000, -18.89051055908203, -14.425627708435059, 0.0, -30.604162216186523, 26.65371322631836, 90.77257537841797, 27756.16796875, 0.10234832763671875, 87.02053833007812)
(-19.057947158813477, -14.208672523498535, 0.0, 0.0, 0.0, 0.0, 1000, 1000, 1000, 1000, -19.093835830688477, -14.684697151184082, 0.0, -30.854467391967773, 26.708736419677734, 95.59461212158203, 31253.7421875, 0.0398712158203125, 94.67791748046875)
(-19.372180938720703, -14.307307243347168, 0.0, -1.0, 0.0, 0.0, 1000, 1000, 1000, 1000, -19.509187698364258, -15.059698104858398, 0.0, -31.09150505065918, 26.963619232177734, 93.23284912109375, 34726.56640625, -0.0181732177734375, 98.7062759399414)
(-19.49464988708496, -14.282403945922852, 0.0, 0.0, 0.0, 0.0, 1000, 1000, 1000, 1000, -19.51962661743164, -14.795365333557129, 0.0, -31.233123779296875, 27.284652709960938, 97.25983428955078, 38197.4921875, -0.06526947021484375, 105.92615509033203)
(-19.683574676513672, -14.520463943481445, 0.0, 0.0, 0.0, 0.0, 1000, 1000, 1000, 1000, -20.095552444458008, -15.532306671142578, 0.0, -31.352331161499023, 27.40553855895996, 99.27153778076172, 41737.37890625, -0.012786865234375, 112.24183654785156)
(-19.672931671142578, -14.785431861877441, 0.0, -1.0, 0.0, 0.0, 1000, 1000, 1000, 1000, -19.594873428344727, -14.975329399108887, 0.0, -31.282821655273438, 27.446853637695312, 91.90123748779297, 45254.26953125, -0.133880615234375, 113.83202362060547)
(-19.431074142456055, -14.66285514831543, 0.0, 0.0, 0.0, 0.0, 1000, 1000, 1000, 1000, -19.07859992980957, -14.508936882019043, 0.0, -31.157520294189453, 27.60798454284668, 97.91756439208984, 48724.5625, 5.5742034912109375, 122.04562377929688)
(-19.377981185913086, -14.394545555114746, 0.0, -1.0, 0.0, 0.0, 1000, 1000, 1000, 1000, -19.00119400024414, -14.320832252502441, 0.0, -31.315759658813477, 27.839080810546875, 92.46917724609375, 52214.2265625, -0.0112762451171875, 124.5559310913086)
(-19.274831771850586, -14.397442817687988, 0.0, -1.0, 0.0, 0.0, 1000, 1000, 1000, 1000, -19.02558708190918, -14.432571411132812, 0.0, -31.354942321777344, 27.888315200805664, 91.46562194824219, 55652.58984375, 0.0155029296875, 129.21170043945312)
(-19.33042335510254, -14.371298789978027, 0.0, -1.0, 0.0, 0.0, 1000, 1000, 1000, 1000, -19.203092575073242, -14.53298568725586, 0.0, -31.477962493896484, 28.017597198486328, 92.4448013305664, 59123.51953125, -0.0807952880859375, 134.90768432617188)
(-19.30704116821289, -14.506260871887207, 0.0, -1.0, 0.0, 0.0, 1000, 1000, 1000, 1000, -18.990161895751953, -14.444409370422363, 0.0, -31.381467819213867, 28.147014617919922, 90.62056732177734, 62584.41015625, -4.9836578369140625, 139.18690490722656)
(-19.249805450439453, -14.36349868774414, 0.0, -1.0, 0.0, 0.0, 1000, 1000, 1000, 1000, -19.14569091796875, -14.450535774230957, 0.0, -31.43222999572754, 28.322168350219727, 91.58438873291016, 66033.234375, -0.12116241455078125, 144.842041015625)
(-19.164077758789062, -14.359118461608887, 0.0, -1.0, 0.0, 0.0, 1000, 1000, 1000, 1000, -19.84461784362793, -15.209482192993164, 0.0, -31.379175186157227, 28.435583114624023, 90.88136291503906, 69486.8359375, 0.47306060791015625, 149.67092895507812)
(-19.27914047241211, -14.561957359313965, 0.0, -1.0, 0.0, 0.0, 1000, 1000, 1000, 1000, -18.913818359375, -14.466657638549805, 0.0, -31.496553421020508, 28.373079299926758, 91.24327087402344, 72905.09375, -0.08979034423828125, 154.97927856445312)
(-19.567293167114258, -14.541033744812012, 0.0, -1.0, 0.0, 0.0, 1000, 1000, 1000, 1000, -20.104516983032227, -15.4788818359375, 0.0, -31.758596420288086, 28.598995208740234, 94.17792510986328, 76434.0, -5.0837554931640625, 161.73995971679688)
(-19.91301918029785, -14.899750709533691, 0.0, 0.0, 0.0, 0.0, 1000, 1000, 1000, 1000, -20.16270637512207, -15.561431884765625, 0.0, -31.83100700378418, 28.735734939575195, 100.20533752441406, 79926.9453125, -0.0594482421875, 169.9930877685547)
(-19.948640823364258, -15.167073249816895, 0.0, 0.0, 0.0, 0.0, 1000, 1000, 1000, 1000, -20.03936195373535, -15.583102226257324, 0.0, -31.822622299194336, 28.69228744506836, 100.10905456542969, 83553.421875, 0.16699981689453125, 175.38465881347656)
(-20.0782527923584, -15.124040603637695, 0.0, 0.0, 0.0, 0.0, 1000, 1000, 1000, 1000, -20.02816390991211, -15.366435050964355, 0.0, -32.063018798828125, 28.802343368530273, 101.5498046875, 87219.2109375, -0.06647491455078125, 181.6037139892578)
(-20.204782485961914, -15.223516464233398, 0.0, -1.0, -1.0, 0.0, 1000, 1000, 1000, 1000, -20.123716354370117, -15.544538497924805, 0.0, -32.14960479736328, 28.965303421020508, 95.26171875, 90840.46875, -5.4519195556640625, 183.8915557861328)
(-20.216552734375, -15.252396583557129, 0.0, -1.0, 0.0, 0.0, 1000, 1000, 1000, 1000, -20.374961853027344, -15.774187088012695, 0.0, -32.16941833496094, 29.11971664428711, 97.48519897460938, 94443.1796875, 0.01448822021484375, 190.40736389160156)
(-20.42389678955078, -15.511401176452637, 0.0, 0.0, 0.0, 0.0, 1000, 1000, 1000, 1000, -20.58395767211914, -16.052978515625, 0.0, -32.24213409423828, 29.21819305419922, 100.83899688720703, 98135.4609375, -0.20488739013671875, 197.62269592285156)
(-18.503910064697266, -15.39111042022705, 0.0, -1.0, 0.0, 0.0, 1000, 1000, 1000, 1000, -18.697498321533203, -14.794149398803711, 0.0, -30.297317504882812, 29.336788177490234, 65.75125122070312, 101419.7578125, -6.263648986816406, 185.00526428222656)
(-12.404579162597656, -13.576864242553711, 0.0, -1.0, 0.0, 0.0, 1000, 1000, 1000, 1000, -12.277681350708008, -9.796669006347656, 0.0, -24.323381423950195, 29.960872650146484, 16.718017578125, 103015.4375, -1.3215904235839844, 162.88217163085938)
(-5.236872673034668, -10.031771659851074, 0.0, -1.0, 0.0, 0.0, 1000, 1000, 1000, 1000, -4.411678314208984, -2.760990619659424, 0.0, -17.56850814819336, 30.459196090698242, -2.870513916015625, 103122.84375, 0.07466316223144531, 153.24900817871094)
(-3.638831615447998, -6.650439739227295, 0.0, -1.0, 0.0, 0.0, 1000, 1000, 1000, 1000, -3.4635043144226074, -1.964314579963684, 0.0, -16.149303436279297, 30.903858184814453, 15.29781723022461, 103465.9453125, 0.3451118469238281, 162.8478240966797)
(-3.2369518280029297, -4.659641742706299, 0.0, -1.0, 0.0, 0.0, 1000, 1000, 1000, 1000, -2.7069263458251953, -1.4640350341796875, 0.0, -15.932229995727539, 31.084796905517578, 2.4957351684570312, 103946.671875, -1.106900691986084, 157.16787719726562)
(-0.17500074207782745, -2.9493980407714844, 0.0, -1.0, 0.0, 0.0, 1000, 1000, 1000, 1000, 1.2944854497909546, 1.5780720710754395, 0.0, -13.395798683166504, 30.844247817993164, -11.838411331176758, 103640.6015625, 0.3487281799316406, 149.5417022705078)
(0.8257848620414734, -0.4016764163970947, 0.0, -1.0, 0.0, 0.0, 1000, 1000, 1000, 1000, 1.9680190086364746, 2.548459529876709, 0.0, -13.14244556427002, 31.46360969543457, -8.061851501464844, 103416.3125, -0.08072090148925781, 151.09353637695312)
(1.6436378955841064, 1.0838732719421387, 0.0, 0.0, 0.0, 0.0, 1000, 1000, 1000, 1000, 2.813856601715088, 3.316847324371338, 0.0, -12.94610595703125, 31.711471557617188, -10.779165267944336, 103092.8125, -0.02088642120361328, 149.2496337890625)
(2.2365927696228027, 2.0687825679779053, 0.0, 0.0, 0.0, 0.0, 1000, 1000, 1000, 1000, 2.8679847717285156, 3.26772141456604, 0.0, -12.831472396850586, 31.829912185668945, -10.420768737792969, 102595.609375, 5.220036506652832, 148.6830291748047)
(2.1649551391601562, 2.6801083087921143, 0.0, -1.0, 0.0, 0.0, 1000, 1000, 1000, 1000, 2.496251344680786, 3.0812461376190186, 0.0, -13.133302688598633, 32.06953811645508, -14.025995254516602, 102154.859375, 0.022040367126464844, 146.2192840576172)
(2.072042226791382, 2.89328670501709, 0.0, 0.0, 0.0, 0.0, 1000, 1000, 1000, 1000, 2.312488317489624, 2.9057564735412598, 0.0, -13.370804786682129, 32.20673370361328, -8.378503799438477, 101719.484375, 0.3070526123046875, 148.3899688720703)
(1.2778370380401611, 3.3170223236083984, 0.0, 0.0, 0.0, 0.0, 1000, 1000, 1000, 1000, 1.6703864336013794, 2.5295586585998535, 0.0, -14.403727531433105, 32.766334533691406, -5.626989841461182, 101484.859375, -0.12688302993774414, 149.41378784179688)
(0.5889764428138733, 2.9849910736083984, 0.0, 0.0, 0.0, 0.0, 1000, 1000, 1000, 1000, 0.6278162002563477, 1.8071694374084473, 0.0, -15.20982551574707, 32.943939208984375, -0.8107357025146484, 101339.2890625, 4.8974528312683105, 151.6035614013672)
(0.516906201839447, 2.4139411449432373, 0.0, -1.0, 0.0, 0.0, 1000, 1000, 1000, 1000, 0.47271132469177246, 1.440824270248413, 0.0, -15.244277954101562, 32.956275939941406, -7.340628623962402, 101198.6640625, 0.09963703155517578, 148.127685546875)
(0.34825053811073303, 2.3667654991149902, 0.0, -1.0, 0.0, 0.0, 1000, 1000, 1000, 1000, 0.5976648330688477, 1.5731745958328247, 0.0, -15.490313529968262, 33.26786422729492, -3.4485700130462646, 101055.5625, 0.2477414608001709, 149.8590545654297)
(-0.21241113543510437, 2.489297389984131, 0.0, 0.0, 0.0, 0.0, 1000, 1000, 1000, 1000, 0.2877405881881714, 1.645697832107544, 0.0, -16.30204963684082, 33.722740173339844, -0.40135908126831055, 101078.4375, -0.22020888328552246, 151.41697692871094)
(-0.035917025059461594, 2.128955602645874, 0.0, -1.0, 0.0, 0.0, 1000, 1000, 1000, 1000, 0.23731446266174316, 1.5326247215270996, 0.0, -16.263635635375977, 33.7904167175293, -5.735049247741699, 101001.953125, -4.828564643859863, 148.63540649414062)
(-0.5211551785469055, 2.1504008769989014, 0.0, 0.0, 0.0, 0.0, 1000, 1000, 1000, 1000, -0.21017932891845703, 1.4058047533035278, 0.0, -16.819730758666992, 34.20733642578125, 7.697239398956299, 101033.09375, 0.014189720153808594, 155.39825439453125)
(-0.7797288298606873, 1.9316637516021729, 0.0, 0.0, 0.0, 0.0, 1000, 1000, 1000, 1000, -0.7940170764923096, 0.8207088708877563, 0.0, -17.204944610595703, 34.465423583984375, 3.2584004402160645, 101170.015625, -0.07693839073181152, 153.38421630859375)
(-0.706780195236206, 1.6740368604660034, 0.0, 0.0, 0.0, 0.0, 1000, 1000, 1000, 1000, -0.45166265964508057, 1.1315521001815796, 0.0, -17.247928619384766, 34.536746978759766, 5.7595109939575195, 101206.328125, 0.15966796875, 154.6892547607422)
(-0.8808274865150452, 1.5401877164840698, 0.0, -1.0, 0.0, 0.0, 1000, 1000, 1000, 1000, -0.6776705980300903, 0.9921317100524902, 0.0, -17.47368621826172, 34.765869140625, -1.175130844116211, 101323.265625, -5.120408058166504, 151.3973388671875)
(-0.5332359671592712, 1.4580000638961792, 0.0, 0.0, 0.0, 0.0, 1000, 1000, 1000, 1000, -0.20613229274749756, 1.4003506898880005, 0.0, -17.234966278076172, 34.8675422668457, 1.5076433420181274, 101316.7734375, 0.10074341297149658, 152.72898864746094)
(-0.2766988277435303, 1.4305062294006348, 0.0, -1.0, 0.0, 0.0, 1000, 1000, 1000, 1000, -0.38762426376342773, 1.1326799392700195, 0.0, -17.082073211669922, 34.89574432373047, -5.506749629974365, 101244.796875, -0.22371912002563477, 149.1138153076172)
(0.49346327781677246, 1.338334560394287, 0.0, 0.0, 0.0, 0.0, 1000, 1000, 1000, 1000, 0.5544700622558594, 1.6611297130584717, 0.0, -16.376434326171875, 34.72868728637695, -14.510000228881836, 100971.4375, -0.3030214309692383, 144.20216369628906)
(1.7908161878585815, 1.005332112312317, 0.0, -1.0, 0.0, 0.0, 1000, 1000, 1000, 1000, 1.2528712749481201, 2.183478355407715, 0.0, -15.088017463684082, 33.90932846069336, -18.86261749267578, 100400.5078125, 0.15611648559570312, 141.16944885253906)
(1.0863507986068726, 0.06398457288742065, 0.0, -1.0, 0.0, 0.0, 1000, 1000, 1000, 1000, -0.6233468055725098, 0.1295098066329956, 0.0, -15.018505096435547, 32.80766296386719, -9.120779037475586, 99951.3828125, 0.14586639404296875, 145.36668395996094)
(0.12078865617513657, -0.4004579186439514, 0.0, 0.0, 0.0, 0.0, 1000, 1000, 1000, 1000, -0.8917393684387207, -0.5834572315216064, 0.0, -15.245332717895508, 32.41071701049805, 0.5241054892539978, 99844.0390625, 0.15583878755569458, 150.02810668945312)
(-0.257063090801239, -0.40638017654418945, 0.0, 0.0, 0.0, 0.0, 1000, 1000, 1000, 1000, -1.4966444969177246, -0.8786856532096863, 0.0, -15.250059127807617, 32.44135665893555, -5.361025810241699, 99744.375, -0.020311355590820312, 146.93605041503906)
(-0.5066348910331726, -0.300972580909729, 0.0, -1.0, 0.0, 0.0, 1000, 1000, 1000, 1000, -0.548332929611206, 0.054556071758270264, 0.0, -15.168807029724121, 32.63983917236328, -1.4607279300689697, 99755.2890625, -4.759448051452637, 148.90257263183594)
(-0.8429045677185059, -0.1246950551867485, 0.0, -1.0, 0.0, 0.0, 1000, 1000, 1000, 1000, -1.1662609577178955, -0.6709496974945068, 0.0, -15.461795806884766, 32.88313293457031, -0.9988918304443359, 99797.1640625, -0.015058279037475586, 149.19630432128906)
(-0.7663438320159912, -0.12272484600543976, 0.0, -1.0, 0.0, 0.0, 1000, 1000, 1000, 1000, -0.6783461570739746, -0.24130845069885254, 0.0, -15.34868335723877, 33.01744079589844, -1.168280839920044, 99776.9921875, 0.20675897598266602, 149.0813446044922)
(-0.6930389404296875, 0.09024354070425034, 0.0, 0.0, 0.0, 0.0, 1000, 1000, 1000, 1000, -0.6485021114349365, -0.019169986248016357, 0.0, -15.356608390808105, 33.26041793823242, 3.2517800331115723, 99793.3984375, 5.021389007568359, 151.3159942626953)
(-0.6138179302215576, 0.2656795382499695, 0.0, -1.0, 0.0, 0.0, 1000, 1000, 1000, 1000, -0.647814154624939, -0.10399648547172546, 0.0, -15.40767765045166, 33.4526481628418, -1.260178565979004, 99791.8984375, -0.1951817274093628, 149.05775451660156)
(-0.6456741690635681, 0.29289665818214417, 0.0, -1.0, 0.0, 0.0, 1000, 1000, 1000, 1000, -0.3873744606971741, 0.21008926630020142, 0.0, -15.493656158447266, 33.619869232177734, -1.8630925416946411, 99785.59375, 0.0406641960144043, 148.74684143066406)
(-0.563327968120575, 0.48381680250167847, 0.0, 0.0, 0.0, 0.0, 1000, 1000, 1000, 1000, -0.2649906277656555, 0.42026448249816895, 0.0, -15.544723510742188, 33.88145446777344, 3.426395893096924, 99820.6953125, -0.005457878112792969, 151.44424438476562)
(-0.36936306953430176, 0.6277772784233093, 0.0, -1.0, 0.0, 0.0, 1000, 1000, 1000, 1000, -0.054762423038482666, 0.5984201431274414, 0.0, -15.527344703674316, 34.085105895996094, -3.8544042110443115, 99785.34375, -0.039327383041381836, 147.7508087158203)
(-0.3300461173057556, 0.6143750548362732, 0.0, -1.0, 0.0, 0.0, 1000, 1000, 1000, 1000, -0.3781752586364746, 0.2188199758529663, 0.0, -15.585115432739258, 34.14717483520508, -2.1607449054718018, 99727.671875, 0.06259322166442871, 148.51113891601562)
(-0.4849267303943634, 0.45636865496635437, 0.0, 0.0, 0.0, 0.0, 1000, 1000, 1000, 1000, -0.7779303193092346, -0.20343786478042603, 0.0, -15.639691352844238, 34.24855422973633, 1.7234141826629639, 99647.3515625, -0.05979502201080322, 150.33273315429688)
(-0.1569906622171402, 0.47309860587120056, 0.0, 0.0, 0.0, 0.0, 1000, 1000, 1000, 1000, 0.5419189929962158, 0.9705814719200134, 0.0, -15.396398544311523, 34.32400894165039, -6.3187055587768555, 99526.3984375, -0.19147682189941406, 146.1302490234375)
(1.6036955118179321, 0.7356657385826111, 0.0, -1.0, 0.0, 0.0, 1000, 1000, 1000, 1000, 1.5314579010009766, 1.741522192955017, 0.0, -13.861032485961914, 34.26593017578125, -35.914817810058594, 99006.6328125, -1.9098968505859375, 130.5525360107422)
(8.055118560791016, 1.1333332061767578, 0.0, -1.0, 0.0, 0.0, 1000, 1000, 1000, 1000, 7.272744655609131, 5.786405086517334, 0.0, -7.250360012054443, 33.182247161865234, -81.76950073242188, 96675.59375, -0.6781005859375, 104.1286392211914)
(14.310999870300293, 4.474163055419922, 0.0, 0.0, 0.0, 0.0, 1000, 1000, 1000, 1000, 15.031538963317871, 12.292779922485352, 0.0, -1.1258174180984497, 33.20266342163086, -102.31719970703125, 93207.0546875, -0.69598388671875, 88.65198516845703)
(20.071468353271484, 9.444092750549316, 0.0, 0.0, 0.0, 0.0, 1000, 1000, 1000, 1000, 22.363840103149414, 18.663768768310547, 0.0, 3.8151886463165283, 33.806785583496094, -118.1317367553711, 88903.3203125, 0.5299606323242188, 74.28910827636719)
(21.858272552490234, 14.075685501098633, 0.0, -1.0, 0.0, 0.0, 1000, 1000, 1000, 1000, 24.244598388671875, 20.387435913085938, 0.0, 4.342323303222656, 34.47553634643555, -109.56575775146484, 84742.171875, -0.7736358642578125, 72.33037567138672)
(22.911035537719727, 16.482942581176758, 0.0, 0.0, 0.0, 0.0, 1000, 1000, 1000, 1000, 23.72418975830078, 19.881134033203125, 0.0, 4.500249862670898, 34.526302337646484, -117.57347106933594, 80483.84375, 0.0827178955078125, 61.939029693603516)
(23.441884994506836, 18.18419075012207, 0.0, 0.0, 0.0, 0.0, 1000, 1000, 1000, 1000, 24.107738494873047, 20.365224838256836, 0.0, 4.730432510375977, 34.929962158203125, -118.00211334228516, 76065.5078125, -0.03476715087890625, 55.097206115722656)
(23.58626365661621, 19.192825317382812, 0.0, -1.0, 0.0, 0.0, 1000, 1000, 1000, 1000, 24.359024047851562, 20.71248435974121, 0.0, 4.626620769500732, 35.187744140625, -117.04717254638672, 71656.5078125, -0.0304718017578125, 48.96117401123047)
(23.88068962097168, 19.9449520111084, 0.0, -1.0, 0.0, 0.0, 1000, 1000, 1000, 1000, 24.449325561523438, 20.658279418945312, 0.0, 4.629517078399658, 35.50817108154297, -124.1595458984375, 67121.3203125, 0.1500396728515625, 38.60220718383789)
(23.699832916259766, 20.29526138305664, 0.0, 0.0, 0.0, 0.0, 1000, 1000, 1000, 1000, 24.052034378051758, 20.23760223388672, 0.0, 4.219607830047607, 35.695518493652344, -115.17598724365234, 62659.23046875, 0.1499786376953125, 36.40085220336914)
(23.06839942932129, 20.507217407226562, 0.0, -1.0, 0.0, 0.0, 1000, 1000, 1000, 1000, 22.880271911621094, 19.34940528869629, 0.0, 3.4511632919311523, 36.127079010009766, -116.43955993652344, 58363.1796875, -0.5617294311523438, 29.324989318847656)
(23.139328002929688, 20.48634910583496, 0.0, 0.0, 0.0, 0.0, 1000, 1000, 1000, 1000, 23.34139060974121, 20.07779884338379, 0.0, 3.3286030292510986, 36.40100860595703, -121.39785766601562, 53984.296875, -0.00162506103515625, 20.277517318725586)
(22.809595108032227, 20.31622886657715, 0.0, -1.0, 0.0, 0.0, 1000, 1000, 1000, 1000, 22.922283172607422, 19.453153610229492, 0.0, 2.8558895587921143, 36.48500061035156, -113.86504364013672, 49703.53515625, 0.2124176025390625, 17.62278175354004)
(22.313812255859375, 19.98342514038086, 0.0, -1.0, 0.0, 0.0, 1000, 1000, 1000, 1000, 22.10308265686035, 18.960037231445312, 0.0, 2.337597131729126, 36.62020492553711, -116.2641830444336, 45482.35546875, -0.1013946533203125, 10.091442108154297)
(22.423755645751953, 19.838829040527344, 0.0, -1.0, 0.0, 0.0, 1000, 1000, 1000, 1000, 22.684608459472656, 19.282413482666016, 0.0, 2.471438407897949, 36.87721633911133, -116.93584442138672, 41196.05859375, 0.10802459716796875, 3.3261656761169434)
(22.273717880249023, 20.004722595214844, 0.0, -1.0, 0.0, 0.0, 1000, 1000, 1000, 1000, 22.46446418762207, 19.507625579833984, 0.0, 2.087291955947876, 37.17538070678711, -114.50883483886719, 36947.921875, 0.063140869140625, -1.8325345516204834)
(22.235071182250977, 19.699901580810547, 0.0, -1.0, 0.0, 0.0, 1000, 1000, 1000, 1000, 22.345470428466797, 19.168659210205078, 0.0, 2.0141215324401855, 37.17094802856445, -116.3887710571289, 32628.859375, -0.25772857666015625, -9.251096725463867)
(22.185321807861328, 19.613094329833984, 0.0, -1.0, 0.0, 0.0, 1000, 1000, 1000, 1000, 22.34855842590332, 19.1535587310791, 0.0, 1.8574142456054688, 37.281776428222656, -115.43879699707031, 28404.572265625, 0.274566650390625, -15.112540245056152)
(22.0881404876709, 19.45173454284668, 0.0, 0.0, 0.0, 0.0, 1000, 1000, 1000, 1000, 21.76384735107422, 18.76854133605957, 0.0, 1.7007064819335938, 37.30707550048828, -109.06875610351562, 24252.802734375, 0.0242919921875, -18.155174255371094)
(21.80413246154785, 19.257061004638672, 0.0, -1.0, 0.0, 0.0, 1000, 1000, 1000, 1000, 21.78156089782715, 18.67505645751953, 0.0, 1.531346321105957, 37.45524215698242, -112.46578216552734, 20083.556640625, 0.130706787109375, -26.107555389404297)
(21.800317764282227, 19.210439682006836, 0.0, -1.0, 0.0, 0.0, 1000, 1000, 1000, 1000, 22.08692169189453, 19.060340881347656, 0.0, 1.4289071559906006, 37.58861541748047, -114.58085632324219, 15993.845703125, -0.06520843505859375, -33.299659729003906)
(21.71221923828125, 19.08730125427246, 0.0, -1.0, 0.0, 0.0, 1000, 1000, 1000, 1000, 21.64886474609375, 18.727434158325195, 0.0, 1.33698570728302, 37.6800651550293, -113.13426971435547, 11857.5146484375, 0.04425048828125, -38.78086471557617)
(21.744218826293945, 18.98297119140625, 0.0, 0.0, -1.0, 0.0, 1000, 1000, 1000, 1000, 21.659025192260742, 18.60011100769043, 0.0, 1.3821078538894653, 37.764652252197266, -113.78206634521484, 7724.89453125, -0.11893463134765625, -45.30369186401367)
(21.68393898010254, 19.03875160217285, 0.0, -1.0, 0.0, 0.0, 1000, 1000, 1000, 1000, 21.792476654052734, 18.750741958618164, 0.0, 1.2465893030166626, 37.942405700683594, -112.29164123535156, 3669.05224609375, -4.705780029296875, -50.642242431640625)
(21.54794692993164, 18.898277282714844, 0.0, 0.0, 0.0, 0.0, 1000, 1000, 1000, 1000, 21.707178115844727, 18.715248107910156, 0.0, 1.062290072441101, 37.946815490722656, -106.9470443725586, -447.3350524902344, -0.11388397216796875, -54.14452362060547)
(21.356075286865234, 18.704519271850586, 0.0, -1.0, 0.0, 0.0, 1000, 1000, 1000, 1000, 21.30238914489746, 18.277299880981445, 0.0, 0.9618321657180786, 38.021358489990234, -111.0181884765625, -4528.9794921875, -0.03948974609375, -62.30256271362305)
(21.32624626159668, 18.67226219177246, 0.0, -1.0, 0.0, 0.0, 1000, 1000, 1000, 1000, 21.244625091552734, 18.318275451660156, 0.0, 0.8005511164665222, 38.04819107055664, -110.56416320800781, -8529.65234375, -0.09098052978515625, -68.0765609741211)
(21.01835060119629, 18.317350387573242, 0.0, -1.0, 0.0, 0.0, 1000, 1000, 1000, 1000, 20.669172286987305, 17.644550323486328, 0.0, 0.6613737940788269, 38.00777816772461, -109.2685775756836, -12541.4677734375, -5.01824951171875, -73.44648742675781)
(20.90301513671875, 18.277341842651367, 0.0, -1.0, 0.0, 0.0, 1000, 1000, 1000, 1000, 21.123245239257812, 18.122591018676758, 0.0, 0.5525319576263428, 38.16449737548828, -109.02726745605469, -16477.861328125, 0.24028778076171875, -79.23042297363281)
(20.7584228515625, 18.196006774902344, 0.0, -1.0, 0.0, 0.0, 1000, 1000, 1000, 1000, 20.880382537841797, 17.962493896484375, 0.0, 0.34780633449554443, 38.21786117553711, -107.5421142578125, -20418.560546875, -0.00850677490234375, -84.39889526367188)
(20.43535614013672, 17.839906692504883, 0.0, 0.0, 0.0, 0.0, 1000, 1000, 1000, 1000, 20.1358642578125, 17.082805633544922, 0.0, 0.05588561296463013, 38.0972785949707, -100.74385070800781, -24238.494140625, 0.054656982421875, -86.72966766357422)
(19.9393310546875, 17.453523635864258, 0.0, 0.0, 0.0, 0.0, 1000, 1000, 1000, 1000, 19.708322525024414, 16.766199111938477, 0.0, -0.3281082510948181, 38.01726531982422, -96.95275115966797, -27978.9375, 5.1133575439453125, -90.44477844238281)
(19.2634334564209, 16.927745819091797, 0.0, -1.0, 0.0, 0.0, 1000, 1000, 1000, 1000, 18.384258270263672, 15.528804779052734, 0.0, -0.8075288534164429, 37.94241714477539, -100.12814331054688, -31638.283203125, -0.095703125, -97.52149963378906)
(19.04109001159668, 16.565773010253906, 0.0, -1.0, 0.0, 0.0, 1000, 1000, 1000, 1000, 18.842853546142578, 15.96603775024414, 0.0, -0.739540696144104, 38.098812103271484, -100.47984313964844, -35330.10546875, 0.03574371337890625, -103.23507690429688)
(18.88578224182129, 16.655654907226562, 0.0, 0.0, 0.0, 0.0, 1000, 1000, 1000, 1000, 19.270465850830078, 16.43683624267578, 0.0, -1.0081384181976318, 38.32642364501953, -95.9837875366211, -38912.88671875, 0.5167007446289062, -106.36122131347656)
(17.603235244750977, 16.756900787353516, 0.0, -1.0, 0.0, 0.0, 1000, 1000, 1000, 1000, 17.766860961914062, 15.281329154968262, 0.0, -2.553107976913452, 38.57002639770508, -75.51617431640625, -42124.2734375, 0.9742584228515625, -100.94449615478516)
(12.465266227722168, 15.292771339416504, 0.0, 0.0, 0.0, 0.0, 1000, 1000, 1000, 1000, 11.602082252502441, 10.160918235778809, 0.0, -7.964846134185791, 38.2620964050293, -26.076332092285156, -43966.59375, 0.9016876220703125, -78.9880599975586)
(6.112213611602783, 10.521235466003418, 0.0, -1.0, 0.0, 0.0, 1000, 1000, 1000, 1000, 0.7893801331520081, -0.11371356248855591, 0.0, -13.46484375, 36.745792388916016, -13.975704193115234, -44650.6484375, 0.6799907684326172, -73.96382141113281)
(0.18935804069042206, 2.6524319648742676, 0.0, -1.0, 0.0, 0.0, 1000, 1000, 1000, 1000, -6.642950534820557, -7.016839027404785, 0.0, -16.52749252319336, 33.84076690673828, 1.2483315467834473, -44730.98828125, -0.005779266357421875, -66.4723129272461)
(-2.7622241973876953, -3.446244955062866, 0.0, -1.0, 0.0, 0.0, 1000, 1000, 1000, 1000, -5.34259557723999, -7.385350227355957, 0.0, -16.90462875366211, 31.22109603881836, 7.195267200469971, -44470.6875, 0.43576765060424805, -63.1083984375)
(-4.00979471206665, -5.919768333435059, 0.0, -1.0, 0.0, 0.0, 1000, 1000, 1000, 1000, -9.36899185180664, -10.758548736572266, 0.0, -16.511030197143555, 30.408601760864258, 12.33555793762207, -44083.0, 0.2583198547363281, -59.956722259521484)
(-7.914735794067383, -8.184078216552734, 0.0, -1.0, 0.0, 0.0, 1000, 1000, 1000, 1000, -11.559707641601562, -12.190753936767578, 0.0, -17.056156158447266, 31.329177856445312, 44.299285888671875, -43010.41796875, 0.6686363220214844, -42.36598587036133)
(-10.289105415344238, -7.898085117340088, 0.0, -1.0, 0.0, 0.0, 1000, 1000, 1000, 1000, -10.199732780456543, -10.923084259033203, 0.0, -19.687705993652344, 32.459205627441406, 49.21991729736328, -40914.88671875, -2.680938720703125, -36.76237106323242)
(-8.176007270812988, -7.301321983337402, 0.0, -1.0, 0.0, 0.0, 1000, 1000, 1000, 1000, -10.350528717041016, -10.993276596069336, 0.0, -18.358287811279297, 33.43709945678711, 22.678815841674805, -39610.78125, -1.2831153869628906, -48.07676315307617)
(-6.650746822357178, -6.150529384613037, 0.0, -1.0, 0.0, 0.0, 1000, 1000, 1000, 1000, -8.829632759094238, -9.21194839477539, 0.0, -17.278865814208984, 34.73420333862305, 17.826904296875, -38643.87890625, -1.5183677673339844, -49.052364349365234)
(-2.856657028198242, -2.515000581741333, 0.0, -1.0, 0.0, 0.0, 1000, 1000, 1000, 1000, 0.3511662185192108, -0.09352827072143555, 0.0, -14.398681640625, 38.00570297241211, -8.826471328735352, -38354.19140625, -0.39278411865234375, -61.944522857666016)
(2.315253496170044, 2.5060718059539795, 0.0, -1.0, 0.0, 0.0, 1000, 1000, 1000, 1000, 6.847964286804199, 7.046669006347656, 0.0, -12.665449142456055, 40.02412796020508, -5.6006574630737305, -38857.3359375, -0.059067726135253906, -61.086334228515625)
(3.466968297958374, 3.470930814743042, 0.0, -1.0, 0.0, 0.0, 1000, 1000, 1000, 1000, 7.650813579559326, 7.373569488525391, 0.0, -12.652189254760742, 40.1768798828125, -19.011669158935547, -39416.19921875, -0.0442657470703125, -68.63013458251953)
(4.161165237426758, 4.064157485961914, 0.0, -1.0, 0.0, 0.0, 1000, 1000, 1000, 1000, 5.425803184509277, 5.046713829040527, 0.0, -12.749902725219727, 40.20323944091797, -24.342411041259766, -40234.56640625, -0.20107460021972656, -72.52305603027344)
(4.613775730133057, 4.4522833824157715, 0.0, -1.0, 0.0, 0.0, 1000, 1000, 1000, 1000, 5.286319255828857, 4.758398056030273, 0.0, -12.788166046142578, 40.3001823425293, -23.221317291259766, -41163.98046875, -0.26300048828125, -73.35662841796875)
(4.939492225646973, 4.739838600158691, 0.0, -1.0, 0.0, 0.0, 1000, 1000, 1000, 1000, 5.462127685546875, 4.9603071212768555, 0.0, -12.820481300354004, 40.412506103515625, -29.42306900024414, -42130.58984375, -0.059429168701171875, -77.90741729736328)
(5.108532428741455, 4.892935752868652, 0.0, 0.0, 0.0, 0.0, 1000, 1000, 1000, 1000, 5.396369457244873, 4.853703498840332, 0.0, -12.86133861541748, 40.52024841308594, -25.176807403564453, -43169.3671875, 0.14142227172851562, -77.34245300292969)
(5.235396385192871, 5.002378463745117, 0.0, -1.0, 0.0, 0.0, 1000, 1000, 1000, 1000, 5.569267749786377, 5.021896839141846, 0.0, -12.895944595336914, 40.626773834228516, -31.176982879638672, -44254.83203125, -0.08422088623046875, -81.97074127197266)
(5.321122169494629, 5.070859909057617, 0.0, 0.0, 0.0, 0.0, 1000, 1000, 1000, 1000, 5.542181491851807, 4.917689800262451, 0.0, -12.92567253112793, 40.72795104980469, -31.544633865356445, -45351.59375, -0.044689178466796875, -83.7997055053711)
(5.367694854736328, 5.086597919464111, 0.0, -1.0, 0.0, 0.0, 1000, 1000, 1000, 1000, 5.522260665893555, 4.99014949798584, 0.0, -12.957687377929688, 40.813270568847656, -31.594572067260742, -46480.18359375, 0.17772674560546875, -85.51756286621094)
(5.3805060386657715, 5.062793731689453, 0.0, 0.0, 0.0, 0.0, 1000, 1000, 1000, 1000, 5.520775318145752, 4.977411270141602, 0.0, -12.981926918029785, 40.87714767456055, -26.87204360961914, -47643.58203125, -0.10104942321777344, -84.90139770507812)
(6.174182891845703, 4.818238258361816, 0.0, -1.0, 0.0, 0.0, 1000, 1000, 1000, 1000, 9.276809692382812, 9.870080947875977, 0.0, -12.784671783447266, 39.79010009765625, -30.38311004638672, -48853.2265625, -5.588972091674805, -88.47139739990234)
(5.191089630126953, 3.6685314178466797, 0.0, 0.0, 0.0, 0.0, 1000, 1000, 1000, 1000, 3.7688636779785156, 2.999096393585205, 0.0, -12.725980758666992, 39.4405632019043, -27.63227653503418, -50005.98046875, -1.045633316040039, -88.82511138916016)
(4.839582443237305, 3.621558427810669, 0.0, -1.0, 0.0, 0.0, 1000, 1000, 1000, 1000, 3.7966952323913574, 2.789590358734131, 0.0, -12.744733810424805, 39.551387786865234, -29.38083839416504, -51015.4140625, -0.21038436889648438, -91.21353912353516)
(4.5704026222229, 3.5722157955169678, 0.0, -1.0, 0.0, 0.0, 1000, 1000, 1000, 1000, 3.877863883972168, 2.868195056915283, 0.0, -12.78390884399414, 39.67897033691406, -27.9434757232666, -52023.23828125, 0.04295158386230469, -92.006591796875)
(4.4547576904296875, 3.5727930068969727, 0.0, -1.0, 0.0, 0.0, 1000, 1000, 1000, 1000, 4.368221759796143, 3.4294376373291016, 0.0, -12.820490837097168, 39.80060577392578, -26.968910217285156, -52954.90625, 0.012464523315429688, -92.91681671142578)