
(-2.950507164001465, -4.893506050109863, 0.0, 0.0, 0.0, 0.0, 1000, 1000, 1000, 1000, -2.950507164001465, -4.893506050109863, 0.0, -0.001981707289814949, 0.005335365887731314, 12.119101524353027, 0.0037872192915529013, 5.62221622467041, 17.745105743408203, 18.72036361694336, 0.005850113928318024, 8.684632301330566, 27.410846710205078)
(-2.647667169570923, -4.711788177490234, 0.0, 0.0, -1.0, 0.0, 1000, 1000, 1000, 1000, -1.9992022514343262, -4.697274208068848, 0.0, -0.04542681574821472, 0.13704262673854828, 10.68822956085205, 0.16500084102153778, 0.9465329647064209, 11.799762725830078, 14.359347343444824, 0.1941857486963272, 1.7251291275024414, 16.278661727905273)
(-2.460066318511963, -4.594018459320068, 0.0, 0.0, -1.0, 0.0, 1000, 1000, 1000, 1000, -2.347909927368164, -4.403489589691162, 0.0, -0.08932921290397644, 0.272103488445282, 9.98660659790039, 0.29737424850463867, 0.07781811058521271, 10.361799240112305, 13.815098762512207, 0.3797871172428131, 0.24297469854354858, 14.437860488891602)
(-2.3642690181732178, -4.526689529418945, 0.0, 0.0, -1.0, 0.0, 1000, 1000, 1000, 1000, -2.127945899963379, -4.862520694732666, 0.0, -0.13140234351158142, 0.4079265296459198, 9.603418350219727, 0.4223789870738983, -0.0685742050409317, 9.957222938537598, 13.570172309875488, 0.5549904704093933, 0.007322303950786591, 14.132484436035156)
(-2.3050131797790527, -4.4767279624938965, 0.0, 0.0, -1.0, 0.0, 1000, 1000, 1000, 1000, -2.1578660011291504, -4.75741720199585, 0.0, -0.17850595712661743, 0.5397863388061523, 9.41517448425293, 0.5440383553504944, -0.063639335334301, 9.895573616027832, 13.419107437133789, 0.7326096892356873, -0.11436192691326141, 14.037354469299316)
(-2.305507183074951, -4.482809543609619, 0.0, 0.0, -1.0, 0.0, 1000, 1000, 1000, 1000, -1.922846794128418, -4.571269512176514, 0.0, -0.22560957074165344, 0.6725612282752991, 9.36837100982666, 0.6590577960014343, 0.17300207912921906, 10.200430870056152, 13.370262145996094, 0.9040148854255676, -0.044987790286540985, 14.229289054870605)
(-2.257857322692871, -4.429575443267822, 0.0, 0.0, -1.0, 0.0, 1000, 1000, 1000, 1000, -1.9302818775177002, -4.320275783538818, 0.0, -0.26874977350234985, 0.8070129156112671, 9.275331497192383, 0.7783011794090271, 0.030355893075466156, 10.083989143371582, 13.230496406555176, 1.0841753482818604, -0.21527987718582153, 14.09939193725586)
(-2.227731227874756, -4.420141220092773, 0.0, 0.0, -1.0, 0.0, 1000, 1000, 1000, 1000, -1.9418613910675049, -4.648868560791016, 0.0, -0.3160058259963989, 0.939330518245697, 9.081656455993652, 0.8957420587539673, -0.042816195636987686, 9.934582710266113, 13.1439790725708, 1.2534055709838867, -0.08733741194009781, 14.310047149658203)
(-2.2436587810516357, -4.419046878814697, 0.0, 0.0, -1.0, 0.0, 1000, 1000, 1000, 1000, -2.047598361968994, -4.863164901733398, 0.0, -0.35823139548301697, 1.0745445489883423, 9.120977401733398, 1.0076383352279663, 0.06734392791986465, 10.195959091186523, 13.212773323059082, 1.431817889213562, -0.17491164803504944, 14.46967887878418)
(-2.2627036571502686, -4.410019874572754, 0.0, 0.0, -1.0, 0.0, 1000, 1000, 1000, 1000, -2.0168933868408203, -4.557430744171143, 0.0, -0.40274354815483093, 1.208081603050232, 9.221546173095703, 1.1254429817199707, 0.03839784115552902, 10.385387420654297, 13.079103469848633, 1.5998790264129639, -0.08017054945230484, 14.598811149597168)
(-2.260833263397217, -4.436394691467285, 0.0, 0.0, -1.0, 0.0, 1000, 1000, 1000, 1000, -2.6050119400024414, -5.030065536499023, 0.0, -0.45060935616493225, 1.3464969396591187, 9.360406875610352, 1.2464148998260498, 0.08002270758152008, 10.686843872070312, 13.208992004394531, 1.7776790857315063, -0.09233743697404861, 14.894333839416504)
(-2.2582082748413086, -4.434088230133057, 0.0, 0.0, -1.0, 0.0, 1000, 1000, 1000, 1000, -2.253018379211426, -4.307192325592041, 0.0, -0.49664589762687683, 1.474546194076538, 9.154784202575684, 1.3598344326019287, 0.10608862340450287, 10.620707511901855, 13.346109390258789, 1.9476771354675293, 0.02086082100868225, 15.31464672088623)
(-2.2757623195648193, -4.435283660888672, 0.0, 0.0, -1.0, 0.0, 1000, 1000, 1000, 1000, -2.5432162284851074, -4.421260356903076, 0.0, -0.5407012104988098, 1.604119896888733, 9.176219940185547, 1.4779772758483887, 0.013373859226703644, 10.667571067810059, 13.27772045135498, 2.122805595397949, -0.11129193007946014, 15.289234161376953)
(-2.265390634536743, -4.439486026763916, 0.0, 0.0, -1.0, 0.0, 1000, 1000, 1000, 1000, -2.322976589202881, -4.636302471160889, 0.0, -0.5884151458740234, 1.7373523712158203, 9.256684303283691, 1.5969423055648804, 0.009755409322679043, 10.863381385803223, 13.221357345581055, 2.2920963764190674, -0.03577292338013649, 15.477681159973145)
(-2.256834030151367, -4.439648628234863, 0.0, 0.0, -1.0, 0.0, 1000, 1000, 1000, 1000, -2.2480273246765137, -5.0, 0.0, -0.6352145671844482, 1.871042013168335, 9.222457885742188, 1.7147897481918335, 0.008766472339630127, 10.946014404296875, 13.31956958770752, 2.471632957458496, -0.20819568634033203, 15.583006858825684)
(-2.2475032806396484, -4.4443511962890625, 0.0, 0.0, -1.0, 0.0, 1000, 1000, 1000, 1000, -2.2958641052246094, -4.832587242126465, 0.0, -0.6766785383224487, 2.0051887035369873, 9.136354446411133, 1.832007884979248, -0.012205047532916069, 10.956157684326172, 13.265210151672363, 2.6416380405426025, -0.06555794179439545, 15.841289520263672)
(-2.2196342945098877, -4.438432216644287, 0.0, 0.0, -1.0, 0.0, 1000, 1000, 1000, 1000, -2.476191520690918, -4.317868709564209, 0.0, -0.6957335472106934, 2.1675362586975098, 8.610243797302246, 1.9471797943115234, -0.1809132844209671, 10.376510620117188, 12.900070190429688, 2.819993257522583, -0.38732945919036865, 15.332734107971191)
(-2.204440116882324, -4.354870319366455, 0.0, 0.0, -1.0, 0.0, 1000, 1000, 1000, 1000, -1.0850439071655273, -4.7808637619018555, 0.0, -0.7801848649978638, 2.277139663696289, 9.744589805603027, 2.060312032699585, 0.3757440149784088, 12.180645942687988, 13.39509105682373, 2.9896130561828613, 0.017246104776859283, 16.40195083618164)
(-2.1085193157196045, -4.488982677459717, 0.0, 0.0, -1.0, 0.0, 1000, 1000, 1000, 1000, 0.789034366607666, -3.789034366607666, 0.0, -0.9980205297470093, 2.218907594680786, 9.653589248657227, 2.1848928928375244, 0.05693012475967407, 11.89541244506836, 15.44373607635498, 3.1775834560394287, 0.5064657330513, 19.127784729003906)
(-2.3899919986724854, -5.427229881286621, 0.0, 0.0, -1.0, 0.0, 1000, 1000, 1000, 1000, -3.7104134559631348, -7.925222396850586, 0.0, -1.2228686809539795, 1.8323224782943726, 9.80387020111084, 2.3158273696899414, -0.0956759825348854, 12.024022102355957, 19.78209114074707, 3.3986260890960693, 1.4141780138015747, 24.594894409179688)
(-3.469397783279419, -6.683760643005371, 0.0, 0.0, -1.0, 0.0, 1000, 1000, 1000, 1000, -6.507028579711914, -4.1818928718566895, 0.0, -1.6503078937530518, 0.43034061789512634, 17.804420471191406, 2.480783700942993, 2.45988392829895, 22.745088577270508, 35.22284698486328, 3.7305052280426025, 5.145159721374512, 44.098514556884766)
(-4.427716255187988, -12.316549301147461, 0.0, 0.0, -1.0, 0.0, 1000, 1000, 1000, 1000, -5.934760093688965, -20.474266052246094, 0.0, -1.1989357471466064, -2.655024766921997, 20.39379119873047, 2.6903622150421143, 2.821722984313965, 25.90587615966797, 25.997905731201172, 4.304027080535889, -6.107674598693848, 24.194259643554688)
(-4.145084381103516, -11.252787590026855, 0.0, 0.0, -1.0, 0.0, 1000, 1000, 1000, 1000, -9.98031234741211, -22.605308532714844, 0.0, -1.1812529563903809, -0.654262363910675, 19.531557083129883, 2.8920648097991943, 1.9496917724609375, 24.373313903808594, 64.2062759399414, 4.749117851257324, 11.576515197753906, 80.53190612792969)
(-3.745908498764038, -14.021602630615234, 0.0, 0.0, -1.0, 0.0, 1000, 1000, 1000, 1000, -1.8414793014526367, -13.450740814208984, 0.0, -1.7714964151382446, -1.9701160192489624, 18.30070686340332, 3.1168298721313477, 0.6236494779586792, 22.04118537902832, 55.40348434448242, 5.430444240570068, 3.3004980087280273, 64.13442993164062)
(-2.0942139625549316, -18.514986038208008, 0.0, 0.0, -1.0, 0.0, 1000, 1000, 1000, 1000, -0.042015790939331055, -26.328243255615234, 0.0, 0.37682682275772095, -4.149231433868408, -13.647534370422363, 3.180483341217041, -9.63345718383789, -20.100507736206055, 86.74287414550781, 6.319962024688721, 9.737372398376465, 102.80020904541016)
(8.19859790802002, -22.277441024780273, 0.0, 0.0, -1.0, 0.0, 1000, 1000, 1000, 1000, 16.685855865478516, -22.67713737487793, 0.0, 8.312496185302734, -6.992524147033691, -55.1358528137207, 2.648895263671875, -11.292616844177246, -63.77957534790039, 92.54878997802734, 7.46127986907959, 4.0823750495910645, 104.09244537353516)
(10.020963668823242, -21.4945125579834, 0.0, 0.0, -1.0, 0.0, 1000, 1000, 1000, 1000, 13.95263957977295, -24.818212509155273, 0.0, 4.696794509887695, -4.517676830291748, -2.7911744117736816, 2.276092529296875, 10.944499015808105, 10.429417610168457, 54.95366287231445, 8.464932441711426, -10.535111427307129, 52.88348388671875)
(-0.6428968906402588, -11.185912132263184, 0.0, 0.0, -1.0, 0.0, 1000, 1000, 1000, 1000, -14.582490921020508, -0.42615413665771484, 0.0, -2.793144941329956, 2.6301894187927246, 14.254514694213867, 2.4076149463653564, 6.033908843994141, 22.6960391998291, 16.426576614379883, 8.91138744354248, -13.020463943481445, 12.317500114440918)
(-3.3210296630859375, -1.6937837600708008, 0.0, 0.0, -1.0, 0.0, 1000, 1000, 1000, 1000, -3.0043225288391113, 8.78125286102295, 0.0, -2.1141812801361084, 6.825160026550293, 7.625582218170166, 2.528294324874878, 0.3936300277709961, 10.547506332397461, -4.883401393890381, 8.969650268554688, -8.824686050415039, -4.738437175750732)
(-3.182790517807007, 5.198639869689941, 0.0, 0.0, -1.0, 0.0, 1000, 1000, 1000, 1000, -3.177441120147705, 10.508807182312012, 0.0, -2.798175573348999, 9.65884780883789, 21.926284790039062, 2.71026611328125, 4.089454174041748, 28.72600555419922, -37.50187683105469, 8.672819137573242, -10.661198616027832, -39.490257263183594)
(-4.717140197753906, 10.732874870300293, 0.0, 0.0, 0.0, 0.0, 1000, 1000, 1000, 1000, -6.7314653396606445, 16.028244018554688, 0.0, -3.3140299320220947, 11.968602180480957, 14.063682556152344, 2.952195405960083, -1.2697007656097412, 15.746176719665527, -44.37052536010742, 8.082204818725586, -2.966200351715088, -39.254520416259766)
(-2.7967069149017334, 12.199429512023926, 0.0, 0.0, -1.0, 0.0, 1000, 1000, 1000, 1000, -0.4159274101257324, 14.983875274658203, 0.0, -1.9230238199234009, 11.212196350097656, 7.723412990570068, 3.0827598571777344, -1.820322036743164, 8.985851287841797, -49.48064422607422, 7.474025726318359, -2.1005983352661133, -44.10721969604492)
(-1.8698111772537231, 11.372182846069336, 0.0, 0.0, 0.0, 0.0, 1000, 1000, 1000, 1000, -1.7195401191711426, 11.786209106445312, 0.0, -1.6216516494750977, 9.651371955871582, 5.5280256271362305, 3.1728439331054688, -1.2419581413269043, 7.458911418914795, -40.61068344116211, 6.888100624084473, 2.0060012340545654, -31.716583251953125)
(-1.4526346921920776, 8.365391731262207, 0.0, 0.0, -1.0, 0.0, 1000, 1000, 1000, 1000, -0.894254207611084, 6.590640068054199, 0.0, -1.269364833831787, 7.92789888381958, 4.95688009262085, 3.2376277446746826, -0.4397669732570648, 7.7547407150268555, -33.55912780761719, 6.4303297996521, 2.1176576614379883, -25.011140823364258)
(-1.2414323091506958, 5.410421371459961, 0.0, 0.0, -1.0, 0.0, 1000, 1000, 1000, 1000, -1.2169697284698486, 1.7724943161010742, 0.0, -0.9763766527175903, 6.335672855377197, 1.2828022241592407, 3.2965784072875977, -1.5651381015777588, 3.01424241065979, -18.788028717041016, 6.091474533081055, 4.342344760894775, -8.354208946228027)
(0.4088975191116333, 1.9738123416900635, 0.0, 0.0, -1.0, 0.0, 1000, 1000, 1000, 1000, 2.892303943634033, -0.23575592041015625, 0.0, -0.1400962918996811, 4.754119396209717, -2.855102062225342, 3.270857810974121, -1.0750973224639893, -0.65934157371521, -9.43183422088623, 5.941926002502441, 2.929630994796753, -0.5602776408195496)
(1.280202031135559, 0.9734650254249573, 0.0, 0.0, -1.0, 0.0, 1000, 1000, 1000, 1000, 2.9172799587249756, -0.24561119079589844, 0.0, -0.3155535161495209, 5.360217094421387, -2.4134907722473145, 3.2311911582946777, 0.009635351598262787, 0.8273356556892395, -13.576786994934082, 5.798160076141357, -0.34508877992630005, -8.1237154006958)
(-0.9715918898582458, 1.2479846477508545, 0.0, 0.0, -1.0, 0.0, 1000, 1000, 1000, 1000, -2.980790138244629, -0.21891403198242188, 0.0, -2.723785161972046, 6.047260284423828, 11.910757064819336, 3.3265371322631836, 2.8664259910583496, 18.10371971130371, -14.650476455688477, 5.657481670379639, -1.4365794658660889, -10.429574012756348)
(-2.091465473175049, 3.0447499752044678, 0.0, 0.0, -1.0, 0.0, 1000, 1000, 1000, 1000, -3.913820743560791, 6.65296745300293, 0.0, -2.489943742752075, 7.391773223876953, -0.6341384649276733, 3.406480312347412, -2.8685476779937744, -0.0962059423327446, -12.130218505859375, 5.4280314445495605, 1.8093785047531128, -4.89280891418457)
(0.698853611946106, 1.6273185014724731, 0.0, 0.0, -1.0, 0.0, 1000, 1000, 1000, 1000, 2.437345027923584, -0.06250429153442383, 0.0, 0.5030441880226135, 6.471041202545166, -11.258829116821289, 3.302337884902954, -2.8984954357147217, -10.854986190795898, -11.65561580657959, 5.301839828491211, -0.10130427777767181, -6.455080509185791)
(2.5672762393951416, 1.6595816612243652, 0.0, 0.0, -1.0, 0.0, 1000, 1000, 1000, 1000, 4.96567440032959, 1.0310335159301758, 0.0, 1.0716415643692017, 6.5785112380981445, -7.513007164001465, 3.178870677947998, 0.2966730296611786, -4.037463665008545, -10.613936424255371, 5.153451442718506, 0.2798146903514862, -5.180670261383057)
(2.479393243789673, 1.5394636392593384, 0.0, 0.0, -1.0, 0.0, 1000, 1000, 1000, 1000, 4.2583184242248535, 0.6690354347229004, 0.0, 0.05395888909697533, 6.809761047363281, -7.649279594421387, 3.0996580123901367, -0.4369700253009796, -4.986591815948486, -9.49931812286377, 5.017731666564941, 0.5679148435592651, -3.9136717319488525)
(3.4299073219299316, 0.484002023935318, 0.0, 0.0, -1.0, 0.0, 1000, 1000, 1000, 1000, 5.330577850341797, -1.0052685737609863, 0.0, 0.16310523450374603, 6.101224422454834, -11.597677230834961, 2.942535877227783, -0.29546618461608887, -8.950608253479004, -2.716495990753174, 4.9419026374816895, 1.8489669561386108, 4.074373722076416)
(2.453688621520996, -0.8466156721115112, 0.0, 0.0, -1.0, 0.0, 1000, 1000, 1000, 1000, 0.5383822917938232, -1.953859567642212, 0.0, -0.9867423176765442, 5.877596855163574, -5.400120258331299, 2.8387300968170166, 1.4643669128417969, -1.0970232486724854, -0.125732421875, 4.923652172088623, 1.135441780090332, 5.933361530303955)
(0.09771807491779327, -0.768140971660614, 0.0, 0.0, -1.0, 0.0, 1000, 1000, 1000, 1000, -3.3050379753112793, -0.9604911804199219, 0.0, -1.9541200399398804, 6.040705680847168, 0.12132282555103302, 2.8207762241363525, 1.395767331123352, 4.337866306304932, -1.0493872165679932, 4.907333850860596, 0.27245721220970154, 4.130403995513916)
(-0.832115888595581, -1.524269461631775, 0.0, 0.0, -1.0, 0.0, 1000, 1000, 1000, 1000, -1.9833869934082031, -3.802865743637085, 0.0, -1.6858271360397339, 5.535675048828125, 4.1333417892456055, 2.832014799118042, 1.8366562128067017, 8.802013397216797, 5.901956081390381, 4.942774772644043, 1.764733076095581, 12.609463691711426)
(-0.807283878326416, -2.3616695404052734, 0.0, 0.0, -1.0, 0.0, 1000, 1000, 1000, 1000, 1.133866786956787, -1.6830756664276123, 0.0, -1.797260046005249, 5.4182963371276855, 6.5218186378479, 2.8865184783935547, 1.6187164783477783, 11.027053833007812, 3.3003363609313965, 5.011166572570801, -0.45316824316978455, 7.858334541320801)
(-1.6405104398727417, -2.3886702060699463, 0.0, 0.0, -1.0, 0.0, 1000, 1000, 1000, 1000, -1.6883649826049805, -3.4290528297424316, 0.0, -3.031863212585449, 5.808235168457031, 10.44009017944336, 3.002894639968872, 1.3168668746948242, 14.759851455688477, 2.530290365219116, 5.076564311981201, -1.053306221961975, 6.553548812866211)
(-2.6958019733428955, -2.754322052001953, 0.0, 0.0, -1.0, 0.0, 1000, 1000, 1000, 1000, -3.6547346115112305, -4.382739067077637, 0.0, -3.3074731826782227, 5.794209957122803, 9.271013259887695, 3.1340115070343018, -0.04105421155691147, 12.363969802856445, 7.309970855712891, 5.1543049812316895, 0.649726390838623, 13.114002227783203)
(-2.7109057903289795, -2.6601243019104004, 0.0, 0.0, -1.0, 0.0, 1000, 1000, 1000, 1000, -2.082724094390869, -3.44580078125, 0.0, -3.2960400581359863, 6.266618251800537, 13.57533073425293, 3.2695701122283936, 1.4026387929916382, 18.247539520263672, 2.835618495941162, 5.231177806854248, -1.2778702974319458, 6.788926124572754)
(-3.617055654525757, -2.371225118637085, 0.0, 0.0, -1.0, 0.0, 1000, 1000, 1000, 1000, -4.520459175109863, -1.92439603805542, 0.0, -4.074089050292969, 6.353966236114502, 16.907245635986328, 3.465585231781006, 1.3757935762405396, 21.748624801635742, 6.509291172027588, 5.303600788116455, 0.3180924654006958, 12.13098430633545)
(-4.311201572418213, -2.488738536834717, 0.0, 0.0, -1.0, 0.0, 1000, 1000, 1000, 1000, -4.967159748077393, -2.6022226810455322, 0.0, -4.270430564880371, 6.440551280975342, 15.025293350219727, 3.685060977935791, -0.4810042977333069, 18.22934913635254, 4.613490581512451, 5.38557767868042, -0.7905188798904419, 9.208549499511719)
(-4.129362106323242, -2.229631185531616, 0.0, 0.0, -1.0, 0.0, 1000, 1000, 1000, 1000, -4.034614086151123, -1.819312334060669, 0.0, -3.855947971343994, 6.62652587890625, 16.493059158325195, 3.8793954849243164, 0.46522071957588196, 20.837675094604492, 4.894134521484375, 5.446979999542236, -0.16091714799404144, 10.180197715759277)
(-4.5678205490112305, -2.502086877822876, 0.0, 0.0, -1.0, 0.0, 1000, 1000, 1000, 1000, -5.719884395599365, -2.458845615386963, 0.0, -4.008083343505859, 6.518294334411621, 18.90542984008789, 4.103403091430664, 0.8028143048286438, 23.811647415161133, 5.935176372528076, 5.52872371673584, -0.1822393238544464, 11.281661033630371)
(-5.003708362579346, -2.594276189804077, 0.0, 0.0, -1.0, 0.0, 1000, 1000, 1000, 1000, -5.475250720977783, -2.7908358573913574, 0.0, -4.2559494972229, 6.62484884262085, 20.088003158569336, 4.362231731414795, 0.2987004518508911, 24.74893569946289, 5.621007442474365, 5.60635232925415, -0.21798142790794373, 11.009378433227539)
(-4.748828411102295, -2.886544704437256, 0.0, 0.0, -1.0, 0.0, 1000, 1000, 1000, 1000, -4.760507106781006, -3.5329113006591797, 0.0, -4.002595901489258, 6.593140602111816, 17.99531364440918, 4.603024482727051, -0.3818408250808716, 22.21649742126465, 11.912033081054688, 5.702000141143799, 2.170599937438965, 19.78463363647461)
(-4.347175121307373, -2.9879775047302246, 0.0, 0.0, -1.0, 0.0, 1000, 1000, 1000, 1000, -3.0954651832580566, -2.7664577960968018, 0.0, -3.8547298908233643, 6.678507328033447, 16.852115631103516, 4.823222637176514, -0.32312479615211487, 21.35221290588379, 8.025080680847168, 5.799616813659668, 0.22959186136722565, 14.054289817810059)
(-4.030235767364502, -3.247173547744751, 0.0, 0.0, 0.0, 0.0, 1000, 1000, 1000, 1000, -3.2219738960266113, -3.7871758937835693, 0.0, -3.8135716915130615, 6.666158676147461, 16.486797332763672, 5.032835483551025, -0.10330130159854889, 21.416330337524414, 12.891133308410645, 5.909888744354248, 2.1095199584960938, 20.910541534423828)
(-4.05919075012207, -3.259921073913574, 0.0, 0.0, -1.0, 0.0, 1000, 1000, 1000, 1000, -3.9672412872314453, -3.9792721271514893, 0.0, -3.8986330032348633, 6.852744102478027, 16.77334976196289, 5.2434210777282715, 0.11718108505010605, 22.13395118713379, 8.50309944152832, 6.0235395431518555, -0.03778697922825813, 14.488851547241211)
(-3.9440131187438965, -3.2621428966522217, 0.0, 0.0, -1.0, 0.0, 1000, 1000, 1000, 1000, -3.1806764602661133, -3.687624216079712, 0.0, -3.8663151264190674, 6.974085330963135, 15.580930709838867, 5.448628902435303, -0.23432233929634094, 20.795238494873047, 8.65832805633545, 6.132724761962891, 0.04381350427865982, 14.834866523742676)
(-3.7646231651306152, -3.3592255115509033, 0.0, 0.0, -1.0, 0.0, 1000, 1000, 1000, 1000, -3.573606491088867, -3.5520856380462646, 0.0, -3.874242067337036, 7.028049945831299, 14.28759765625, 5.650814533233643, -0.5828958749771118, 19.35551643371582, 8.950109481811523, 6.252142906188965, 0.004572158679366112, 15.20682430267334)
(-2.8582544326782227, -3.895153760910034, 0.0, 0.0, -1.0, 0.0, 1000, 1000, 1000, 1000, -2.184443473815918, -10.76382827758789, 0.0, -3.571955442428589, 7.5893330574035645, 10.45740795135498, 6.524870872497559, -0.39085450768470764, 16.5914249420166, 10.824518203735352, 6.98027229309082, -0.36910077929496765, 17.43568992614746)
(-2.380089044570923, -3.7955422401428223, 0.0, 0.0, -1.0, 0.0, 1000, 1000, 1000, 1000, -2.3681368827819824, -4.37873649597168, 0.0, -3.2672295570373535, 7.796650409698486, 8.520356178283691, 6.644111156463623, -0.5809128284454346, 14.5835542678833, 9.840704917907715, 7.115856647491455, -0.44891422986984253, 16.507646560668945)
(-1.8636384010314941, -3.736694812774658, 0.0, 0.0, 0.0, 0.0, 1000, 1000, 1000, 1000, -0.4626119136810303, -3.8753769397735596, 0.0, -3.2500038146972656, 7.906405448913574, 8.259431838989258, 6.744172096252441, -0.010725338011980057, 14.992877960205078, 14.776046752929688, 7.256180286407471, 1.6947253942489624, 23.726951599121094)
(-1.8029170036315918, -3.8796398639678955, 0.0, 0.0, -1.0, 0.0, 1000, 1000, 1000, 1000, -1.7856707572937012, -4.189347267150879, 0.0, -3.2832350730895996, 8.02988338470459, 6.236058712005615, 6.840437889099121, -0.6342018842697144, 12.44229507446289, 9.83563232421875, 7.397543907165527, -0.5265470743179321, 16.706628799438477)
(-0.8537538051605225, -3.6081223487854004, 0.0, 0.0, 0.0, 0.0, 1000, 1000, 1000, 1000, 1.201556921005249, -1.7124037742614746, 0.0, -3.0294241905212402, 8.393754005432129, 2.439405679702759, 6.899930953979492, -1.3214079141616821, 8.017929077148438, 13.578829765319824, 7.524153232574463, 1.5777783393859863, 22.680761337280273)
(-1.1252033710479736, -3.341172933578491, 0.0, 0.0, -1.0, 0.0, 1000, 1000, 1000, 1000, -2.4202795028686523, -3.487529754638672, 0.0, -3.3428382873535156, 8.567992210388184, 7.4764227867126465, 6.953960418701172, 1.2130383253097534, 15.64342212677002, 8.681764602661133, 7.641830921173096, -0.2803497910499573, 16.043245315551758)
(-2.2547688484191895, -3.3333466053009033, 0.0, 0.0, -1.0, 0.0, 1000, 1000, 1000, 1000, -3.3088464736938477, -3.5637731552124023, 0.0, -3.7449724674224854, 8.658543586730957, 8.336148262023926, 7.061801910400391, 0.3617863059043884, 15.759736061096191, 9.187044143676758, 7.757312774658203, 0.03511781990528107, 16.979475021362305)
(-1.7353458404541016, -3.5805766582489014, 0.0, 0.0, -1.0, 0.0, 1100, 1100, 1100, 1100, -0.6088895797729492, -3.8408145904541016, 0.0, -3.387197732925415, 8.674702644348145, 7.112114906311035, 7.147747039794922, 0.1030408963561058, 14.362902641296387, 9.956453323364258, 7.8948140144348145, -0.03914962708950043, 17.812116622924805)
(-1.5967077016830444, -3.555046796798706, 0.0, 0.0, -1.0, 0.0, 1100, 1100, 1109, 1100, -6.890010833740234, -9.115123748779297, 0.0, -3.6390268802642822, 8.78324031829834, 10.045367240905762, 7.240341663360596, 1.3655089139938354, 18.65121841430664, 8.39091968536377, 8.020465850830078, -0.6668497323989868, 15.744536399841309)
(-1.6559596061706543, -3.1790568828582764, 0.0, 0.0, -1.0, 0.0, 1100, 1100, 1103, 1100, -2.6292500495910645, -2.8375139236450195, 0.0, -3.6815578937530518, 9.266777992248535, 6.9165215492248535, 7.325235843658447, 0.11541925370693207, 14.357176780700684, 9.05769157409668, 8.130351066589355, 0.12402546405792236, 17.31206703186035)
(-1.7450929880142212, -3.150751829147339, 0.0, 0.0, -1.0, 0.0, 1100, 1100, 1134, 1100, -0.2837958335876465, -1.5978543758392334, 0.0, -3.7410097122192383, 9.338574409484863, 6.907201290130615, 7.418028831481934, -0.09608349204063416, 14.229146957397461, 6.773739814758301, 8.236977577209473, -0.7380030751228333, 14.272713661193848)
(-2.0995025634765625, -2.6698977947235107, 0.0, -1.0, -1.0, 0.0, 1147, 1165, 1200, 1138, -6.605776786804199, 2.6047935485839844, 0.0, -3.7792725563049316, 9.770126342773438, 4.129717826843262, 7.517154216766357, -1.6367161273956299, 10.01015567779541, 4.362518310546875, 8.332271575927734, -1.461220145225525, 11.233570098876953)
(-1.7249783277511597, -2.332026720046997, 0.0, 0.0, -1.0, 0.0, 1194, 1214, 1256, 1198, -7.79791259765625, -2.225252866744995, 0.0, -3.5100648403167725, 10.255492210388184, 3.509669065475464, 7.6025824546813965, -1.4901623725891113, 9.622089385986328, 2.4500579833984375, 8.388537406921387, -1.306442141532898, 9.532153129577637)
(-1.344440221786499, -1.3731513023376465, 0.0, 0.0, -1.0, 0.0, 1230, 1258, 1306, 1240, -1.3325717449188232, 0.9694943428039551, 0.0, -3.460827112197876, 10.699243545532227, 6.1582489013671875, 7.672771453857422, -0.0007152557373046875, 13.830305099487305, 1.468214988708496, 8.406067848205566, -0.32339704036712646, 9.550885200500488)
(-0.6358402371406555, -0.5117740035057068, 0.0, 0.0, -1.0, 0.0, 1263, 1311, 1325, 1275, -24.45336151123047, 13.699956893920898, 0.0, -3.0676870346069336, 11.63232135772705, 5.104336738586426, 7.685363292694092, 1.5302246809005737, 14.319924354553223, -5.879733085632324, 8.364974975585938, -1.9562190771102905, 0.5290222764015198)
(-0.9067709445953369, 2.100597858428955, 0.0, 0.0, -1.0, 0.0, 1238, 1319, 1333, 1293, 22.666372299194336, -3.5079526901245117, 0.0, -3.32607102394104, 12.253508567810059, 9.529522895812988, 7.725671291351318, 2.9986765384674072, 20.253870010375977, -14.890195846557617, 8.2572603225708, -3.566169261932373, -10.199104309082031)
(-2.1778769493103027, 3.662365198135376, 0.0, 0.0, -1.0, 0.0, 1256, 1321, 1351, 1317, -8.28390121459961, -8.72003173828125, 0.0, -3.7422289848327637, 12.939026832580566, 7.101751804351807, 7.853386402130127, -0.2595103979110718, 14.695627212524414, -15.332387924194336, 8.043671607971191, -0.30077844858169556, -7.5894951820373535)
(-7.431943416595459, 4.247800350189209, 0.0, 0.0, -1.0, 0.0, 1100, 1384, 1460, 1310, 3.6025335788726807, -22.617496490478516, 0.0, -9.151832580566406, 13.85274600982666, 73.31314086914062, 8.311845779418945, 18.918659210205078, 100.54364776611328, -35.893638610839844, 7.767500877380371, -7.1879777908325195, -35.314117431640625)
(-9.952460289001465, 4.87521505355835, 0.0, 0.0, -1.0, 0.0, 1411, 1307, 1273, 1255, -13.632680892944336, 0.23683691024780273, 0.0, -9.03079605102539, 14.058385848999023, -16.409671783447266, 8.877062797546387, -23.888870239257812, -31.421478271484375, 8.352798461914062, 7.437745094299316, 15.030494689941406, 30.8210391998291)
(-1.0167648792266846, 3.3638362884521484, 0.0, 0.0, -1.0, 0.0, 1258, 1369, 1350, 1269, 21.747386932373047, 1.674710750579834, 0.0, -3.2570154666900635, 12.748933792114258, 22.40852165222168, 8.773390769958496, 6.933746337890625, 38.115657806396484, -15.601686477661133, 7.259672164916992, 0.8194787502288818, -7.5225348472595215)
(-4.639970302581787, 6.094890594482422, 0.0, 0.0, -1.0, 0.0, 1256, 1351, 1328, 1311, -39.5557861328125, 19.5891056060791, 0.0, -3.7861316204071045, 12.75213623046875, 10.169637680053711, 8.994810104370117, -1.2453432083129883, 17.919105529785156, -24.94053840637207, 6.971800804138184, -1.494370698928833, -19.46310806274414)
(-2.576787233352661, 5.088804721832275, 0.0, 0.0, -1.0, 0.0, 1272, 1348, 1313, 1313, -12.139321327209473, 14.234079360961914, 0.0, -1.316619873046875, 11.731252670288086, 2.502270460128784, 9.063755989074707, -2.4423916339874268, 9.123634338378906, -24.184486389160156, 6.703054428100586, -1.6719074249267578, -19.153339385986328)
(-6.476694583892822, 2.688181161880493, 0.0, 0.0, -1.0, 0.0, 1123, 1384, 1489, 1250, 22.621097564697266, 18.629013061523438, 0.0, -9.262197494506836, 11.460063934326172, 83.71165466308594, 9.564581871032715, 21.73282241821289, 115.00906372070312, -14.533212661743164, 6.443666458129883, 2.769810199737549, -5.319735527038574)
(-10.197486877441406, 0.5661184787750244, 0.0, 0.0, 0.0, 0.0, 1396, 1333, 1235, 1282, -27.97458839416504, -55.29484176635742, 0.0, -6.876068592071533, 12.295125961303711, -23.356395721435547, 10.044482231140137, -24.1966552734375, -37.508567810058594, -6.6059370040893555, 6.225233554840088, 4.276740074157715, 3.896036386489868)
(0.7252153754234314, 2.668151617050171, 0.0, 0.0, -1.0, 0.0, 1236, 1350, 1365, 1295, 22.43506622314453, 12.46267318725586, 0.0, -0.9763733744621277, 12.585367202758789, 18.147918701171875, 9.852466583251953, 7.824336051940918, 35.82472229003906, -16.306751251220703, 6.069410800933838, -0.6209325790405273, -10.85827350616455)
(-1.1909348964691162, 2.5574402809143066, 0.0, 0.0, 0.0, 0.0, 1300, 1294, 1336, 1316, 10.095306396484375, -11.2570219039917, 0.0, -3.119666337966919, 12.476832389831543, -8.724065780639648, 10.02641487121582, -8.077927589416504, -6.775578022003174, -4.473663330078125, 5.861539363861084, 5.082979679107666, 6.470855712890625)
(1.0925966501235962, -0.5072675943374634, 0.0, -1.0, -1.0, 0.0, 1270, 1328, 1361, 1287, 16.21796226501465, 52.94394302368164, 0.0, -2.294971227645874, 11.197869300842285, 8.556443214416504, 9.945428848266602, 4.692474842071533, 23.194347381591797, -3.068490505218506, 5.820118427276611, 1.131136417388916, 3.8827645778656006)
(-12.020672798156738, 4.136964321136475, 0.0, 0.0, -1.0, 0.0, 1100, 1424, 1455, 1286, -39.37480545043945, -5.854645729064941, 0.0, -15.326220512390137, 12.338723182678223, 89.83879089355469, 10.819843292236328, 16.13800621032715, 116.79663848876953, -37.01127243041992, 5.643579959869385, -10.995067596435547, -42.362762451171875)
(-2.0907230377197266, -0.6682350039482117, 0.0, 0.0, -1.0, 0.0, 1441, 1308, 1174, 1322, 47.79048156738281, 21.552318572998047, 0.0, -0.7919241189956665, 11.767231941223145, -63.49076461791992, 10.665656089782715, -27.391542434692383, -80.2166519165039, -9.058767318725586, 5.491662502288818, -0.25539398193359375, -3.822498321533203)
(1.7812870740890503, 2.6152780055999756, 0.0, 0.0, -1.0, 0.0, 1143, 1367, 1431, 1305, -15.430091857910156, -1.1368272304534912, 0.0, -1.5024421215057373, 14.856409072875977, 45.60655975341797, 10.528793334960938, 21.409685134887695, 77.54503631591797, -25.82696533203125, 5.260066986083984, -4.074956893920898, -24.641855239868164)
(-2.478048324584961, 5.222218990325928, 0.0, 0.0, -1.0, 0.0, 1322, 1313, 1304, 1307, -8.664225578308105, 72.98228454589844, 0.0, -3.7981743812561035, 15.501838684082031, -13.11219596862793, 10.782336235046387, -10.633538246154785, -12.963398933410645, -7.840095520019531, 5.029359817504883, 4.474684238433838, 1.6639485359191895)
(-0.4371994137763977, 3.9367270469665527, 0.0, 0.0, -1.0, 0.0, 1238, 1350, 1351, 1307, -23.24358367919922, -13.588406562805176, 0.0, -2.7036616802215576, 14.042542457580566, 13.090261459350586, 10.717058181762695, 5.288078308105469, 29.09539794921875, -20.259103775024414, 4.812746047973633, -1.6358978748321533, -17.08225440979004)
(-0.8274244070053101, 1.6091667413711548, 0.0, 0.0, -1.0, 0.0, 1283, 1308, 1355, 1300, 15.450554847717285, -15.002603530883789, 0.0, -3.5114357471466064, 12.565713882446289, 0.38286837935447693, 10.78138542175293, -1.108963131904602, 10.055291175842285, -1.9732520580291748, 4.6899638175964355, 4.392897605895996, 7.109609603881836)
(-11.322775840759277, 2.0879666805267334, 0.0, 0.0, -1.0, 0.0, 1100, 1465, 1449, 1243, -7.0493574142456055, 6.796955108642578, 0.0, -12.093600273132324, 13.783397674560547, 99.632568359375, 11.474970817565918, 24.109336853027344, 135.2168731689453, -36.59577178955078, 4.494813442230225, -10.170169830322266, -42.27112579345703)
(-4.722258567810059, 0.4247583746910095, 0.0, 0.0, -1.0, 0.0, 1519, 1265, 1208, 1254, 17.948997497558594, -18.376590728759766, 0.0, -4.417534351348877, 14.066478729248047, -61.8670654296875, 11.683635711669922, -34.865325927734375, -85.04875183105469, 28.59364891052246, 4.3225579261779785, 19.22662353515625, 52.14282989501953)
(-2.3840019702911377, 1.2804774045944214, 0.0, 0.0, -1.0, 0.0, 1189, 1384, 1452, 1221, -26.95995330810547, 53.354801177978516, 0.0, -5.411132335662842, 16.793004989624023, 63.21893310546875, 11.716256141662598, 21.674633026123047, 96.60982513427734, -1.8780066967010498, 4.161117076873779, 6.389881134033203, 8.672991752624512)
(-8.974908828735352, 5.442288875579834, 0.0, 0.0, -1.0, 0.0, 1359, 1362, 1263, 1261, -16.926454544067383, 43.81672668457031, 0.0, -9.03857135772705, 19.228673934936523, -4.417440891265869, 12.309011459350586, -16.774606704711914, -8.883035659790039, -10.720375061035156, 3.7912638187408447, 6.4952592849731445, -0.43385186791419983)
(0.9948496222496033, 3.8594892024993896, 0.0, 0.0, -1.0, 0.0, 1236, 1293, 1381, 1336, -11.164290428161621, 9.171463012695312, 0.0, -0.5955842733383179, 16.711904525756836, 0.1425529420375824, 12.022502899169922, 3.1049580574035645, 15.270013809204102, -9.340394973754883, 3.638535737991333, 2.760167121887207, -2.941692590713501)
(-2.053541898727417, 2.9810523986816406, 0.0, 0.0, -1.0, 0.0, 1194, 1308, 1405, 1339, -25.968286514282227, 18.958507537841797, 0.0, -4.641621112823486, 15.656883239746094, 19.189777374267578, 12.234550476074219, 3.704806089401245, 35.12913513183594, -14.485185623168945, 3.5053341388702393, -1.1393455266952515, -12.119196891784668)
(0.4486654996871948, 4.303697109222412, 0.0, 0.0, -1.0, 0.0, 1284, 1360, 1296, 1306, 6.324729919433594, 16.371217727661133, 0.0, -2.6640286445617676, 15.20596981048584, -3.9653937816619873, 12.19908332824707, -1.6418137550354004, 6.5918755531311035, -21.77576446533203, 3.287720203399658, -3.0785698890686035, -21.566614151000977)
(-12.191827774047852, 3.470689058303833, 0.0, 0.0, -1.0, 0.0, 1100, 1411, 1516, 1263, -51.2470588684082, 22.08653450012207, 0.0, -15.179574012756348, 16.023958206176758, 105.23072814941406, 13.033106803894043, 23.912919998168945, 142.1767578125, -25.907146453857422, 2.9952173233032227, -2.716562032699585, -25.62849235534668)
(2.66969633102417, 3.1125378608703613, 0.0, -1.0, -1.0, 0.0, 1408, 1320, 1122, 1399, 16.43090057373047, -49.80796813964844, 0.0, -2.420275926589966, 18.01984214782715, -81.38610076904297, 12.814056396484375, -32.57011413574219, -101.14215850830078, -40.96234893798828, 2.6568121910095215, -8.731727600097656, -47.037261962890625)
(-0.5142516493797302, 3.655388832092285, 0.0, 0.0, -1.0, 0.0, 1189, 1385, 1444, 1229, -6.976319313049316, 24.74015998840332, 0.0, -5.906708717346191, 18.973041534423828, 55.837493896484375, 12.732885360717773, 24.264301300048828, 92.83467864990234, -4.743505954742432, 2.4377431869506836, 7.129220962524414, 4.823458194732666)
(-4.196559429168701, 6.3378586769104, 0.0, 0.0, -1.0, 0.0, 1393, 1365, 1195, 1293, 0.26266908645629883, 13.936458587646484, 0.0, -7.32896614074707, 20.565881729125977, -33.36009979248047, 13.056120872497559, -21.55290985107422, -41.85689163208008, -21.93680191040039, 2.0458619594573975, 2.430798053741455, -17.460140228271484)
(-0.4383401572704315, 0.007914445362985134, 0.0, 0.0, -1.0, 0.0, 1214, 1334, 1403, 1295, -9.199224472045898, -6.141995429992676, 0.0, -2.5538132190704346, 17.994388580322266, 22.509456634521484, 12.876958847045898, 11.604337692260742, 46.990753173828125, -6.738974571228027, 1.9982757568359375, 1.5472681522369385, -3.1934309005737305)
(-3.677525520324707, 3.046917676925659, 0.0, 0.0, -1.0, 0.0, 1281, 1322, 1346, 1297, -14.454910278320312, 33.30477523803711, 0.0, -5.546038627624512, 18.889814376831055, 3.7344918251037598, 13.14909839630127, -4.42224645614624, 12.461343765258789, -3.5779144763946533, 1.838707447052002, 3.9520974159240723, 2.212890386581421)
(-2.49768328666687, 2.753878593444824, 0.0, 0.0, -1.0, 0.0, 1233, 1335, 1346, 1332, -5.138482093811035, -3.275444984436035, 0.0, -2.9449727535247803, 17.77411460876465, 5.307806491851807, 13.160691261291504, 0.4948168992996216, 18.963314056396484, -19.57649040222168, 1.7031279802322388, -4.069620132446289, -21.942983627319336)
(-2.7600481510162354, 2.4203977584838867, 0.0, 0.0, -1.0, 0.0, 1258, 1346, 1346, 1296, -17.336328506469727, -16.201419830322266, 0.0, -3.3969547748565674, 17.487525939941406, 10.479216575622559, 13.28512191772461, 0.9241704940795898, 24.688508987426758, -11.925494194030762, 1.5243239402770996, 0.6712547540664673, -9.729915618896484)
(-6.200211524963379, 1.4431391954421997, 0.0, 0.0, -1.0, 0.0, 1116, 1418, 1430, 1282, 7.351332187652588, 24.267560958862305, 0.0, -9.1314058303833, 17.99393081665039, 70.87401580810547, 13.732276916503906, 17.971271514892578, 102.57756805419922, -31.016460418701172, 1.368255376815796, -8.563863754272461, -38.21207046508789)
(-9.868709564208984, 2.966808795928955, 0.0, 0.0, -1.0, 0.0, 1356, 1300, 1288, 1302, -57.4242057800293, 21.747156143188477, 0.0, -7.635061740875244, 18.695301055908203, -19.183700561523438, 14.218629837036133, -22.627613067626953, -27.592683792114258, 1.7425216436386108, 1.158018946647644, 7.649332046508789, 10.549872398376465)
(0.035821497440338135, -1.2736576795578003, 0.0, 0.0, -1.0, 0.0, 1228, 1367, 1389, 1262, -30.367366790771484, -38.385013580322266, 0.0, -1.2323174476623535, 17.265111923217773, 28.78354263305664, 13.998533248901367, 13.490161895751953, 56.27223587036133, -4.368783950805664, 1.1497455835342407, 0.1569821834564209, -3.062056064605713)
(-4.600080966949463, 2.506087064743042, 0.0, 0.0, -1.0, 0.0, 1267, 1363, 1326, 1290, 19.777122497558594, 45.26433181762695, 0.0, -6.67454195022583, 18.780357360839844, 13.083250045776367, 14.433627128601074, -4.39565372467041, 23.12122344970703, -13.804835319519043, 1.028900146484375, -2.426086664199829, -15.202021598815918)
(-1.0869678258895874, 1.6030659675598145, 0.0, 0.0, -1.0, 0.0, 1323, 1336, 1305, 1282, 30.45374298095703, 0.5910329818725586, 0.0, -2.382774591445923, 17.082029342651367, -9.286274909973145, 14.406620025634766, -6.125672340393066, -1.0053269863128662, -1.4122635126113892, 0.9129678010940552, 2.9664697647094727, 2.4671740531921387)
(-4.552295684814453, 0.34622636437416077, 0.0, 0.0, -1.0, 0.0, 1233, 1368, 1381, 1264, -12.846891403198242, 14.863149642944336, 0.0, -4.559756278991699, 17.664955139160156, 31.331134796142578, 14.629737854003906, 6.959782600402832, 52.920654296875, -5.994661808013916, 0.8383781909942627, 0.518526554107666, -4.637756824493408)
(-2.38204026222229, 1.135814905166626, 0.0, 0.0, -1.0, 0.0, 1322, 1341, 1300, 1283, 8.455423355102539, -15.937525749206543, 0.0, -3.098628520965576, 18.020597457885742, -7.740131378173828, 14.756534576416016, -7.87391471862793, -0.8575119376182556, -3.9335033893585205, 0.6779153347015381, 2.59228253364563, -0.6633054614067078)
(-0.26282474398612976, 4.209489822387695, 0.0, 0.0, -1.0, 0.0, 1292, 1354, 1271, 1330, 20.59718894958496, 20.860069274902344, 0.0, -1.500305414199829, 18.548648834228516, -15.948701858520508, 14.735445976257324, -8.105117797851562, -9.31837272644043, -25.642837524414062, 0.4843026399612427, -5.148654460906982, -30.30718994140625)
(13.497640609741211, 1.0659048557281494, 0.0, 0.0, -1.0, 0.0, 1355, 1257, 1247, 1388, 10.431415557861328, -35.71519470214844, 0.0, 7.799999237060547, 16.6059627532959, -72.62471008300781, 13.937541961669922, -10.94259262084961, -69.6297607421875, -9.824594497680664, 0.39698556065559387, -1.4506757259368896, -10.87828540802002)
(2.0761399269104004, 4.15250825881958, 0.0, 0.0, -1.0, 0.0, 1106, 1394, 1448, 1299, -56.265316009521484, 25.76587677001953, 0.0, -4.47119140625, 19.982791900634766, 58.13446807861328, 14.017050743103027, 26.99221420288086, 99.14373016357422, -31.366130828857422, 0.022266916930675507, -3.226076126098633, -34.569942474365234)
(1.3160852193832397, 4.7405924797058105, 0.0, 0.0, 0.0, 0.0, 1425, 1310, 1172, 1338, 1.4545449018478394, -28.575197219848633, 0.0, -3.2809479236602783, 21.624404907226562, -67.33750915527344, 13.986557006835938, -27.02121925354004, -80.37217712402344, -17.10871124267578, -0.36778801679611206, 4.543065071105957, -12.93343448638916)
(2.14717173576355, 3.9178664684295654, 0.0, 0.0, -1.0, 0.0, 1172, 1375, 1411, 1288, 12.664495468139648, 24.789945602416992, 0.0, -2.575612783432007, 21.043458938598633, 36.80155563354492, 13.755321502685547, 21.09750747680664, 71.65438842773438, -19.671466827392578, -0.5475887060165405, 0.29370784759521484, -19.92534637451172)
(-3.4128241539001465, 6.165064811706543, 0.0, 0.0, 0.0, 0.0, 1372, 1360, 1263, 1251, -15.051727294921875, 64.25701141357422, 0.0, -5.131863117218018, 21.505046844482422, -13.738946914672852, 14.008508682250977, -10.111388206481934, -9.841825485229492, -2.9773330688476562, -0.8849338889122009, 9.893826484680176, 6.031559467315674)
(-0.503917932510376, 3.3519787788391113, 0.0, 0.0, -1.0, 0.0, 1263, 1358, 1335, 1291, 3.0536935329437256, 1.5895848274230957, 0.0, -1.658692717552185, 19.558561325073242, 6.820549964904785, 13.89925765991211, 4.01506233215332, 24.7348690032959, -14.066452026367188, -1.0998667478561401, 2.433475971221924, -12.732842445373535)
(-2.6041555404663086, 1.6197466850280762, 0.0, 0.0, -1.0, 0.0, 1270, 1361, 1341, 1277, -16.320653915405273, -19.2447566986084, 0.0, -4.062199115753174, 18.731426239013672, 13.123939514160156, 14.087813377380371, 1.4023714065551758, 28.614124298095703, -7.527768135070801, -1.2325636148452759, 1.992969274520874, -6.767362117767334)
(-1.5433748960494995, -4.823242664337158, 0.0, 0.0, -1.0, 0.0, 1314, 1259, 1409, 1264, 53.87092208862305, 1.0950016975402832, 0.0, -3.451680898666382, 13.609167098999023, 1.6613044738769531, 14.203714370727539, -3.344625473022461, 12.520393371582031, 39.878334045410156, -0.931868314743042, 10.772964477539062, 49.71943283081055)
(-0.6968805193901062, -0.16512176394462585, 0.0, 0.0, -1.0, 0.0, 1240, 1371, 1312, 1327, 19.932340621948242, 24.532949447631836, 0.0, -2.971346139907837, 19.70703125, 4.738741874694824, 14.243844985961914, 0.0022547245025634766, 18.984840393066406, -25.827320098876953, -1.030938744544983, -9.381719589233398, -36.2399787902832)
(-2.142033100128174, 1.4603545665740967, 0.0, 0.0, -1.0, 0.0, 1301, 1311, 1359, 1275, -44.625057220458984, -21.895282745361328, 0.0, -3.832321882247925, 19.278215408325195, 1.1047172546386719, 14.330147743225098, -2.1511011123657227, 13.283763885498047, 11.158581733703613, -1.1653941869735718, 8.611652374267578, 18.604839324951172)
(-0.6485852003097534, -3.8057243824005127, 0.0, 0.0, -1.0, 0.0, 1261, 1310, 1375, 1304, 2.504779100418091, 29.692523956298828, 0.0, -3.050004243850708, 17.330045700073242, 5.204096794128418, 14.38012409210205, 0.4617270231246948, 20.045948028564453, 5.9302144050598145, -1.0389288663864136, 0.5727100372314453, 5.463995456695557)
(-2.112001895904541, 1.2267684936523438, 0.0, 0.0, -1.0, 0.0, 1293, 1383, 1301, 1269, 20.746431350708008, 2.8549351692199707, 0.0, -4.0528998374938965, 20.778982162475586, 6.789470672607422, 14.497465133666992, -0.75040602684021, 20.536529541015625, -11.73634147644043, -1.1797986030578613, -1.648327350616455, -14.564467430114746)
(-0.7730498909950256, -2.5384175777435303, 0.0, 0.0, -1.0, 0.0, 1383, 1282, 1385, 1201, 54.54436111450195, 21.953773498535156, 0.0, -3.5512235164642334, 16.571203231811523, -0.6638978719711304, 14.573439598083496, -3.1825337409973145, 10.727007865905762, 51.83659744262695, -1.063625693321228, 20.370981216430664, 71.14395141601562)
(-1.5817559957504272, -2.8294990062713623, 0.0, 0.0, -1.0, 0.0, 1131, 1365, 1383, 1367, 43.878273010253906, -18.535968780517578, 0.0, -5.698479175567627, 20.31723976135254, 30.2050724029541, 14.76058578491211, 7.354265213012695, 52.319923400878906, -38.04785919189453, -1.050140380859375, -15.454156875610352, -54.552154541015625)
(-6.04842472076416, 8.459336280822754, 0.0, 0.0, -1.0, 0.0, 1322, 1390, 1266, 1268, 24.219980239868164, 56.023868560791016, 0.0, -7.947718143463135, 24.80581283569336, 1.315649390220642, 15.113719940185547, -9.88601016998291, 6.54335880279541, -19.422710418701172, -1.5630072355270386, 3.35292649269104, -17.632789611816406)
(0.2956017851829529, 2.1465635299682617, 0.0, -1.0, -1.0, 0.0, 1322, 1282, 1336, 1305, -26.59287452697754, 23.459625244140625, 0.0, -0.17744311690330505, 19.029903411865234, -21.42630958557129, 14.869592666625977, -5.755556106567383, -12.312272071838379, 10.511307716369629, -1.6242542266845703, 9.034933090209961, 17.921985626220703)
(0.1273556649684906, -2.500930070877075, 0.0, 0.0, -1.0, 0.0, 1188, 1284, 1427, 1347, 2.4693827629089355, -1.2175326347351074, 0.0, -1.610979676246643, 18.92502212524414, 13.929601669311523, 14.92068862915039, 5.207431316375732, 34.05772018432617, -3.167011260986328, -1.6442410945892334, 0.9031271934509277, -3.908125162124634)
(0.8262625336647034, 3.69439435005188, 0.0, 0.0, -1.0, 0.0, 1271, 1329, 1335, 1311, -36.56486129760742, 45.48337173461914, 0.0, -1.7304924726486206, 22.153833389282227, -3.914806365966797, 14.874655723571777, -0.3018953800201416, 10.657953262329102, -8.70440673828125, -1.8544315099716187, 1.9682345390319824, -8.590603828430176)
(1.5357460975646973, -5.923897743225098, 0.0, 0.0, -1.0, 0.0, 1291, 1279, 1385, 1290, -0.08970785140991211, -35.245277404785156, 0.0, -2.393296957015991, 13.77304458618164, -3.99664306640625, 14.817856788635254, -0.12283438444137573, 10.698378562927246, 24.79315185546875, -1.498961329460144, 3.3730363845825195, 26.667226791381836)
(-1.0650091171264648, -0.05881614610552788, 0.0, 0.0, -1.0, 0.0, 1203, 1400, 1334, 1309, 26.346010208129883, 23.760046005249023, 0.0, -5.147564888000488, 23.68463134765625, 22.528329849243164, 14.897870063781738, 8.319297790527344, 45.74549865722656, -33.15497970581055, -1.7997477054595947, -8.126717567443848, -43.08144760131836)
(-0.22089256346225739, -2.604541301727295, 0.0, 0.0, -1.0, 0.0, 1201, 1363, 1377, 1305, -31.46414566040039, -13.424585342407227, 0.0, -1.9128092527389526, 19.04254722595215, 22.273815155029297, 14.860003471374512, 11.250901222229004, 48.38471984863281, -14.094029426574707, -1.7571433782577515, -6.803853511810303, -22.655025482177734)
(-1.8325430154800415, 2.429537534713745, 0.0, 0.0, -1.0, 0.0, 1282, 1344, 1320, 1300, -16.95197296142578, -9.557971954345703, 0.0, -2.8702785968780518, 22.870140075683594, -1.3771454095840454, 15.003142356872559, -3.111274242401123, 10.51472282409668, -9.498638153076172, -1.962571144104004, 0.6533970832824707, -10.807812690734863)
(2.1899588108062744, -2.2280945777893066, 0.0, 0.0, -1.0, 0.0, 1300, 1323, 1348, 1275, 9.203822135925293, -13.27178955078125, 0.0, -0.699089765548706, 19.005508422851562, -2.491542339324951, 14.854938507080078, 1.988938331604004, 14.352334022521973, 11.741647720336914, -1.8157621622085571, 2.5700392723083496, 12.49592399597168)
(0.13184292614459991, -1.3150206804275513, 0.0, 0.0, -1.0, 0.0, 1253, 1356, 1333, 1304, 24.834177017211914, 2.7561769485473633, 0.0, -4.378968238830566, 23.197580337524414, 7.3994574546813965, 14.99006462097168, 0.5240786075592041, 22.91360092163086, -13.252111434936523, -1.9325904846191406, -3.041311502456665, -18.22601318359375)
(-3.0549569129943848, 3.4349288940429688, 0.0, 0.0, -1.0, 0.0, 1366, 1352, 1310, 1217, -40.37407684326172, -50.23819351196289, 0.0, -4.1824750900268555, 22.023191452026367, -1.926513671875, 15.065728187561035, -3.1899001598358154, 9.949315071105957, 17.2846736907959, -2.0362768173217773, 11.358508110046387, 26.606904983520508)
(1.3795183897018433, -10.066123008728027, 0.0, 0.0, -1.0, 0.0, 1299, 1306, 1350, 1291, 19.57778549194336, -38.15176773071289, 0.0, -1.9445180892944336, 14.395599365234375, -7.566854000091553, 14.954108238220215, -1.008943796157837, 6.378310680389404, 18.849857330322266, -1.5073156356811523, -4.308526039123535, 13.034016609191895)
(-2.004574775695801, -2.0968360900878906, 0.0, 0.0, -1.0, 0.0, 1218, 1377, 1337, 1314, -77.55341339111328, -11.633567810058594, 0.0, -3.5864391326904297, 23.983558654785156, 15.603665351867676, 15.051895141601562, 4.817329406738281, 35.4728889465332, -23.246801376342773, -1.666707992553711, -9.087615013122559, -34.00112533569336)
(1.2379947900772095, -0.5443675518035889, 0.0, 0.0, -1.0, 0.0, 1348, 1298, 1317, 1283, -3.5107603073120117, -29.087244033813477, 0.0, -2.3300364017486572, 20.064205169677734, -20.09832000732422, 15.067174911499023, -9.059496879577637, -14.090641975402832, 17.445762634277344, -1.5717791318893433, 4.937105178833008, 20.81108856201172)
(0.8509659171104431, -1.6599645614624023, 0.0, 0.0, -1.0, 0.0, 1239, 1342, 1367, 1297, 6.322032928466797, -3.365963935852051, 0.0, -3.1039695739746094, 21.783714294433594, 12.498575210571289, 15.01418399810791, 5.840313911437988, 33.35307312011719, -4.823556423187256, -1.569162130355835, -1.6948966979980469, -8.087615013122559)
(0.5850361585617065, 2.501333475112915, 0.0, -1.0, -1.0, 0.0, 1335, 1337, 1292, 1282, -13.735040664672852, -7.3161749839782715, 0.0, -4.305495738983154, 23.727916717529297, -15.0230712890625, 15.044066429138184, -7.0533013343811035, -7.03230619430542, -0.9077728390693665, -1.7742695808410645, 4.742947578430176, 2.0609052181243896)
(0.3397788405418396, 0.6876720786094666, 0.0, 0.0, -1.0, 0.0, 1268, 1346, 1330, 1302, -11.232991218566895, 25.211336135864258, 0.0, -3.1861371994018555, 22.697429656982422, 0.0067382813431322575, 14.97089958190918, 1.5409595966339111, 16.518596649169922, -8.994590759277344, -1.803490161895752, -1.7329540252685547, -12.531034469604492)
(-2.978848457336426, -0.29994189739227295, 0.0, 0.0, -1.0, 0.0, 1265, 1338, 1361, 1285, -37.383750915527344, -5.1058759689331055, 0.0, -3.591472864151001, 23.36161231994629, 9.744662284851074, 15.062918663024902, 2.316105604171753, 27.123687744140625, -0.3124275207519531, -1.911596417427063, 2.966719150543213, 0.7426952123641968)
(-1.5087522268295288, 2.3343827724456787, 0.0, 0.0, -1.0, 0.0, 1266, 1356, 1333, 1295, -36.246192932128906, 7.104766845703125, 0.0, -1.828819990158081, 23.71282958984375, 5.254521369934082, 15.081361770629883, 1.7073171138763428, 22.04319953918457, -10.459482192993164, -2.027268409729004, -0.46900439262390137, -12.955754280090332)
(-0.3697880506515503, 1.6435918807983398, 0.0, 0.0, -1.0, 0.0, 1227, 1338, 1362, 1319, 20.160720825195312, -9.801885604858398, 0.0, -2.333850622177124, 23.065574645996094, 9.723054885864258, 15.118005752563477, 3.293172597885132, 28.134233474731445, -12.891441345214844, -2.1332781314849854, -1.880596399307251, -16.905315399169922)
(0.17675569653511047, 0.2585489749908447, 0.0, 0.0, -1.0, 0.0, 1281, 1335, 1332, 1317, 11.357858657836914, -37.09461212158203, 0.0, -2.5347659587860107, 22.7174015045166, -4.609461784362793, 15.15328598022461, -3.304381847381592, 7.239442348480225, -7.2537078857421875, -2.2255802154541016, -0.17577695846557617, -9.655065536499023)
(-2.397891044616699, -0.07374747097492218, 0.0, 0.0, -1.0, 0.0, 1279, 1370, 1370, 1298, -25.676918029785156, 35.65966796875, 0.0, -3.808546781539917, 22.94590950012207, 12.737905502319336, 15.237207412719727, 2.765882730484009, 30.740995407104492, -3.21720552444458, -2.2721829414367676, 0.8499102592468262, -4.6394782066345215)
(-0.26532503962516785, 1.9857494831085205, 0.0, 0.0, -1.0, 0.0, 1316, 1367, 1310, 1329, 4.636146545410156, 20.68960952758789, 0.0, -2.96677827835083, 23.08416748046875, -10.67040729522705, 15.279553413391113, -6.375819683074951, -1.7666730880737305, -12.016168594360352, -2.3447797298431396, -2.9051499366760254, -17.266098022460938)
(-1.2138752937316895, 0.8357532024383545, 0.0, 0.0, -1.0, 0.0, 1291, 1394, 1392, 1358, -0.37700605392456055, -33.139469146728516, 0.0, -3.729125738143921, 23.334318161010742, 7.5140380859375, 15.315913200378418, 1.5597578287124634, 24.38970947265625, -13.050329208374023, -2.481403350830078, -1.5724811553955078, -17.10421371459961)
(0.702085018157959, 1.310188889503479, 0.0, 0.0, -1.0, 0.0, 1333, 1376, 1355, 1354, -9.416365623474121, -10.05310344696045, 0.0, -1.925619125366211, 23.70184898376465, -11.027852058410645, 15.252458572387695, -3.3125290870666504, 0.9120780229568481, -8.387097358703613, -2.6102287769317627, 0.6328021287918091, -10.364523887634277)
(-0.12337642908096313, 0.742362916469574, 0.0, 0.0, -1.0, 0.0, 1309, 1373, 1402, 1334, -1.4753422737121582, -14.308161735534668, 0.0, -3.194521427154541, 24.010848999023438, 5.639847278594971, 15.26766586303711, 2.033057689666748, 22.940570831298828, -0.4328666627407074, -2.7372262477874756, 4.29595947265625, 1.1258665323257446)
(-7.189872741699219, 2.7523601055145264, 0.0, 0.0, -1.0, 0.0, 1166, 1458, 1496, 1297, -36.2852668762207, 42.717445373535156, 0.0, -9.557629585266113, 25.207340240478516, 75.97900390625, 15.714818000793457, 21.179922103881836, 112.87374114990234, -18.082611083984375, -2.9134347438812256, -2.210845708847046, -23.206892013549805)
(-1.7994563579559326, 6.032929420471191, 0.0, 0.0, -1.0, 0.0, 1463, 1418, 1156, 1381, 27.19862937927246, -4.850100517272949, 0.0, -4.82561731338501, 27.10246467590332, -61.04607391357422, 15.883831024169922, -32.515968322753906, -77.67821502685547, -35.96098709106445, -3.2757396697998047, -5.597311973571777, -44.83403778076172)
(0.9284120202064514, 3.828998327255249, 0.0, 0.0, -1.0, 0.0, 1175, 1430, 1450, 1363, 18.24480438232422, -39.93925476074219, 0.0, -4.146196365356445, 26.822586059570312, 41.261962890625, 15.766576766967773, 18.259891510009766, 75.2884292602539, -33.7550163269043, -3.5425586700439453, -4.708555698394775, -42.00613021850586)
(-1.034595012664795, 6.260218143463135, 0.0, 0.0, -1.0, 0.0, 1368, 1371, 1326, 1349, 7.6623759269714355, -6.462944984436035, 0.0, -5.356561660766602, 28.616636276245117, -19.690887451171875, 15.921590805053711, -11.121699333190918, -14.890995979309082, -11.309164047241211, -3.9754819869995117, 8.799749374389648, -6.484897136688232)
(0.40339648723602295, 5.234105587005615, 0.0, -1.0, -1.0, 0.0, 1249, 1378, 1403, 1388, -5.646819114685059, 16.82234001159668, 0.0, -2.7372026443481445, 26.461149215698242, 5.118121147155762, 15.747711181640625, 4.977939605712891, 25.84377098083496, -22.814472198486328, -4.164088726043701, -1.3023474216461182, -28.280908584594727)
(-1.3594975471496582, 4.19338321685791, 0.0, 0.0, -1.0, 0.0, 1300, 1385, 1360, 1372, -12.209161758422852, -29.85904312133789, 0.0, -3.8652524948120117, 25.98630142211914, -4.464448928833008, 15.842761039733887, -3.2161002159118652, 8.162211418151855, -20.358898162841797, -4.4472975730896, 0.4114617705345154, -24.394733428955078)
(-3.7793471813201904, 0.56546550989151, 0.0, 0.0, -1.0, 0.0, 1199, 1383, 1525, 1311, 8.16092300415039, -24.808366775512695, 0.0, -6.484612941741943, 24.919532775878906, 54.971046447753906, 16.033464431762695, 18.40995216369629, 89.41445922851562, 4.030820369720459, -4.584724426269531, 8.144891738891602, 7.590987682342529)
(-9.954853057861328, 7.4614481925964355, 0.0, 0.0, -1.0, 0.0, 1331, 1381, 1333, 1373, -16.538972854614258, -6.577692031860352, 0.0, -8.014034271240234, 26.759017944335938, -7.497662544250488, 16.54486846923828, -16.658018112182617, -7.610811233520508, -18.28481674194336, -4.829431056976318, 0.4572889804840088, -22.656957626342773)
(0.14979995787143707, 2.4325973987579346, 0.0, 0.0, -1.0, 0.0, 1303, 1393, 1380, 1343, -14.199420928955078, 20.507951736450195, 0.0, 0.4538002014160156, 23.625938415527344, 1.9373855590820312, 16.282928466796875, 3.6531336307525635, 21.87344741821289, -9.315754890441895, -4.965831756591797, 1.0478427410125732, -13.233743667602539)
(-3.9278762340545654, 2.8331151008605957, 0.0, 0.0, -1.0, 0.0, 1244, 1390, 1418, 1367, 42.29928207397461, -13.58612060546875, 0.0, -4.298333644866943, 24.2480411529541, 20.955408096313477, 16.60089111328125, 1.7403631210327148, 39.296661376953125, -18.039775848388672, -5.199509143829346, -0.643531322479248, -23.882816314697266)
(2.2693281173706055, 2.2090351581573486, 0.0, 0.0, -1.0, 0.0, 1351, 1418, 1285, 1364, 19.862699508666992, 24.374069213867188, 0.0, -0.012967715039849281, 24.457643508911133, -22.3699951171875, 16.446908950805664, -7.143934726715088, -13.067021369934082, -26.031261444091797, -5.404209136962891, -4.782683372497559, -36.21815490722656)
(2.0123579502105713, 4.431731224060059, 0.0, 0.0, -1.0, 0.0, 1235, 1446, 1400, 1337, -66.95552825927734, -23.612674713134766, 0.0, -3.5643393993377686, 24.856422424316406, 28.7066650390625, 16.43180274963379, 13.215227127075195, 58.353694915771484, -27.65375328063965, -5.6662163734436035, -3.870185375213623, -37.190155029296875)
(-5.3632354736328125, 2.407454252243042, 0.0, 0.0, -1.0, 0.0, 1289, 1407, 1360, 1363, -29.989036560058594, 38.77144241333008, 0.0, -9.955954551696777, 24.680959701538086, 8.550503730773926, 16.84040641784668, -6.5102691650390625, 18.880640029907227, -21.5566463470459, -5.848885536193848, -2.953214168548584, -30.358747482299805)
(-0.16057145595550537, 2.5241262912750244, 0.0, 0.0, -1.0, 0.0, 1381, 1406, 1319, 1312, 16.412508010864258, 14.592790603637695, 0.0, -0.7268391251564026, 23.393762588500977, -16.89430046081543, 16.530405044555664, -1.8756526708602905, -2.239549160003662, -2.5355300903320312, -5.976593971252441, 3.7878308296203613, -4.724293231964111)
(-2.0483481884002686, 1.9499707221984863, 0.0, 0.0, -1.0, 0.0, 1257, 1427, 1401, 1332, 21.303361892700195, -2.0255305767059326, 0.0, -4.333393096923828, 24.29665756225586, 26.022663116455078, 16.727449417114258, 6.886106491088867, 49.6362190246582, -17.21451759338379, -6.137820243835449, -2.0618655681610107, -25.414203643798828)
(-0.016480104997754097, 1.02378249168396, 0.0, 0.0, -1.0, 0.0, 1342, 1370, 1332, 1373, 55.3765754699707, 17.980239868164062, 0.0, -1.547723412513733, 23.639039993286133, -20.495054244995117, 16.721752166748047, -9.416217803955078, -13.189520835876465, -9.9487886428833, -6.227890968322754, -1.2578089237213135, -17.43448829650879)
(1.467422604560852, 1.0075737237930298, 0.0, 0.0, -1.0, 0.0, 1273, 1381, 1429, 1334, 22.539945602416992, -13.468216896057129, 0.0, -2.637662172317505, 24.035839080810547, 16.837627410888672, 16.689836502075195, 7.418094635009766, 40.945556640625, -0.8351730108261108, -6.339456081390381, 3.877455949783325, -3.297173023223877)
(0.9831498861312866, 1.8069883584976196, 0.0, 0.0, -1.0, 0.0, 1345, 1392, 1322, 1359, 44.888885498046875, 14.936986923217773, 0.0, -3.74055814743042, 25.182180404663086, -16.371623992919922, 16.716033935546875, -7.532713890075684, -7.188305377960205, -13.496246337890625, -6.496189594268799, -0.906114935874939, -20.898550033569336)
(0.8876245021820068, 2.673222064971924, 0.0, 0.0, -1.0, 0.0, 1281, 1428, 1349, 1360, -6.433901786804199, -24.593809127807617, 0.0, -3.9878149032592773, 24.012666702270508, 4.693404197692871, 16.67254638671875, 2.6752305030822754, 24.041181564331055, -24.644107818603516, -6.553550720214844, -8.384998321533203, -39.58265686035156)
(-1.0846507549285889, 2.5814387798309326, 0.0, -1.0, -1.0, 0.0, 1299, 1421, 1390, 1307, -29.57042694091797, 53.45265197753906, 0.0, -5.296503067016602, 23.61602210998535, 18.021530151367188, 16.743061065673828, 6.527705192565918, 41.29229736328125, -5.179413795471191, -6.705831527709961, 2.1107611656188965, -9.774483680725098)
(-10.520671844482422, 3.545639991760254, 0.0, 0.0, -1.0, 0.0, 1227, 1444, 1397, 1350, -23.663972854614258, -12.775447845458984, 0.0, -11.98293685913086, 25.4521484375, 39.131465911865234, 17.40579605102539, -0.383489727973938, 56.15377426147461, -30.133777618408203, -6.9735426902771, -5.516462326049805, -42.623783111572266)
(1.0597238540649414, 0.06160868704319, 0.0, 0.0, -1.0, 0.0, 1394, 1341, 1309, 1374, -20.906585693359375, -25.787132263183594, 0.0, -0.2878142297267914, 23.239501953125, -41.677921295166016, 17.138450622558594, -14.855298042297363, -39.39476776123047, 0.6072238683700562, -7.052335262298584, 3.717923402786255, -2.7271881103515625)
(-3.0243358612060547, 2.1294848918914795, 0.0, 0.0, -1.0, 0.0, 1205, 1468, 1432, 1314, 18.80159568786621, -12.440887451171875, 0.0, -7.32424783706665, 27.090269088745117, 53.04856491088867, 17.428085327148438, 14.630143165588379, 85.10679626464844, -25.44476890563965, -7.2937846183776855, -3.655567169189453, -36.39411926269531)
(-0.8155471086502075, 4.646519660949707, 0.0, 0.0, -1.0, 0.0, 1485, 1336, 1266, 1331, -6.472512245178223, 6.444374084472656, 0.0, -4.234769821166992, 27.185237884521484, -54.030494689941406, 17.52618980407715, -27.06366729736328, -63.567970275878906, 13.560262680053711, -7.521635055541992, 14.720174789428711, 20.75880241394043)
(-2.3595728874206543, 4.888840198516846, 0.0, 0.0, -1.0, 0.0, 1107, 1497, 1464, 1350, -13.001876831054688, 10.849482536315918, 0.0, -7.413428783416748, 29.355972290039062, 72.36512756347656, 17.64592742919922, 26.02354621887207, 116.03459930419922, -50.969993591308594, -7.9098711013793945, -10.105412483215332, -68.98527526855469)
(-4.527215003967285, 7.224649429321289, 0.0, 0.0, -1.0, 0.0, 1433, 1349, 1276, 1360, -3.032440185546875, -4.6592535972595215, 0.0, -5.608856201171875, 28.32151985168457, -45.15943145751953, 17.864986419677734, -24.713422775268555, -52.007869720458984, -2.6303038597106934, -8.23338794708252, 11.093969345092773, 0.23027768731117249)
(-0.9711753726005554, 3.1352503299713135, 0.0, 0.0, -1.0, 0.0, 1120, 1400, 1519, 1379, 37.4403190612793, -5.89937162399292, 0.0, -2.8012349605560303, 27.666189193725586, 53.0798225402832, 17.70223045349121, 24.507617950439453, 95.2896728515625, -24.931245803833008, -8.469331741333008, -1.5421974658966064, -34.94277572631836)
(-0.2805164158344269, 6.187887668609619, 0.0, 0.0, -1.0, 0.0, 1319, 1342, 1342, 1419, -4.2725958824157715, -48.217254638671875, 0.0, -3.7809598445892334, 28.86725616455078, -27.463302612304688, 17.869966506958008, -13.93787670135498, -23.531211853027344, -19.849111557006836, -8.86475658416748, 3.687324047088623, -25.02654457092285)
(0.7080844640731812, 4.1324286460876465, 0.0, 0.0, -1.0, 0.0, 1196, 1459, 1415, 1347, -1.458082914352417, -4.415802955627441, 0.0, -4.672423362731934, 28.396671295166016, 38.36278533935547, 17.814401626586914, 16.72003746032715, 72.89722442626953, -34.21263885498047, -9.12087631225586, -5.315383434295654, -48.64889907836914)
(0.8144611120223999, 6.902186870574951, 0.0, 0.0, -1.0, 0.0, 1355, 1385, 1294, 1388, 43.41259765625, -33.14762496948242, 0.0, -3.3936116695404053, 27.286001205444336, -31.770038604736328, 17.825536727905273, -12.471250534057617, -26.41575050354004, -22.974599838256836, -9.473668098449707, 1.4040403366088867, -31.044227600097656)
(-0.4711126387119293, 2.956556797027588, 0.0, 0.0, -1.0, 0.0, 1210, 1438, 1435, 1336, 19.039148330688477, -4.00100040435791, 0.0, -5.028977394104004, 26.917699813842773, 37.372257232666016, 17.77219581604004, 16.643604278564453, 71.78805541992188, -21.72866439819336, -9.715429306030273, -0.6503043174743652, -32.094398498535156)
(-0.6019426584243774, 3.4543228149414062, 0.0, 0.0, -1.0, 0.0, 1375, 1378, 1297, 1373, -2.0515737533569336, 15.79661750793457, 0.0, -3.8100757598876953, 27.640260696411133, -32.128814697265625, 17.812885284423828, -13.936763763427734, -28.25269317626953, -12.402656555175781, -9.936373710632324, 2.7356133460998535, -19.603416442871094)
(-0.9022216200828552, 3.5422966480255127, 0.0, 0.0, -1.0, 0.0, 1235, 1441, 1423, 1319, -12.575511932373047, -10.59538459777832, 0.0, -6.669528007507324, 28.385997772216797, 36.36498260498047, 17.85723876953125, 13.305490493774414, 67.5277099609375, -17.09601593017578, -10.172629356384277, 1.6041326522827148, -25.664512634277344)
(-2.5929698944091797, 4.023600101470947, 0.0, 0.0, 0.0, 0.0, 1371, 1413, 1299, 1339, -15.72940444946289, 31.918087005615234, 0.0, -4.7494072914123535, 29.52593994140625, -18.969585418701172, 17.90510368347168, -8.609209060668945, -9.673689842224121, -14.216351509094238, -10.492907524108887, 4.043069839477539, -20.666189193725586)
(-0.9116578698158264, 2.542569637298584, 0.0, -1.0, -1.0, 0.0, 1262, 1403, 1424, 1329, -13.016491889953613, -65.68470764160156, 0.0, -4.44910192489624, 28.579132080078125, 22.158824920654297, 17.891864776611328, 8.63170051574707, 48.68239212036133, -5.950766563415527, -10.663601875305176, 5.217896461486816, -11.396471977233887)
(1.846010684967041, 2.879854440689087, 0.0, 0.0, 0.0, 0.0, 1362, 1301, 1370, 1385, 24.409996032714844, -11.823244094848633, 0.0, -2.435993194580078, 28.394529342651367, -33.26209259033203, 17.872587203979492, -13.431344985961914, -28.82084846496582, 10.553752899169922, -10.843486785888672, 11.676290512084961, 11.386556625366211)
(0.4315197169780731, 3.0288279056549072, 0.0, 0.0, -1.0, 0.0, 1228, 1452, 1400, 1338, 28.576370239257812, -2.1089606285095215, 0.0, -7.257030487060547, 28.929288864135742, 32.9080696105957, 17.98480987548828, 10.406697273254395, 61.29957580566406, -25.261653900146484, -11.025750160217285, -4.226705551147461, -40.51411056518555)
(0.7391317486763, 5.162095546722412, 0.0, 0.0, 0.0, 0.0, 1469, 1344, 1286, 1319, -12.226310729980469, 29.102081298828125, 0.0, -4.860537052154541, 28.84575080871582, -47.590675354003906, 17.94916534423828, -19.85545539855957, -49.49696350097656, 16.888202667236328, -11.317426681518555, 17.144664764404297, 22.71544075012207)
(-0.6068029999732971, 5.000607013702393, 0.0, 0.0, -1.0, 0.0, 1225, 1497, 1391, 1305, 15.184110641479492, 66.46617889404297, 0.0, -8.08492660522461, 30.486909866333008, 44.67111587524414, 18.002962112426758, 16.980192184448242, 79.6542739868164, -32.465843200683594, -11.661027908325195, -2.4429001808166504, -46.56977081298828)
(-0.5855659246444702, 7.758667469024658, 0.0, 0.0, 0.0, 0.0, 1396, 1343, 1283, 1396, 4.967406272888184, 4.3332061767578125, 0.0, -3.7704455852508545, 28.614049911499023, -49.90163803100586, 17.935598373413086, -19.334970474243164, -51.30101013183594, -9.644427299499512, -11.976286888122559, 6.602408409118652, -15.018305778503418)
(-2.242227554321289, 6.113003253936768, 0.0, 0.0, -1.0, 0.0, 1154, 1448, 1477, 1339, 38.956153869628906, 1.6378602981567383, 0.0, -5.0076398849487305, 28.82243537902832, 56.603057861328125, 17.951961517333984, 23.584522247314453, 98.13954162597656, -27.59835433959961, -12.35986042022705, 1.1259071826934814, -38.83230972290039)
(-1.007828950881958, 6.293229579925537, 0.0, 0.0, -1.0, 0.0, 1348, 1372, 1277, 1420, 0.7945513725280762, -17.955867767333984, 0.0, -3.2202930450439453, 29.792404174804688, -39.0418586730957, 18.071884155273438, -18.60354995727539, -39.573524475097656, -29.3680419921875, -12.773540496826172, 0.33161449432373047, -41.809967041015625)
(3.6199750900268555, 1.8357911109924316, 0.0, 0.0, -1.0, 0.0, 1215, 1413, 1429, 1362, 29.980079650878906, 28.034332275390625, 0.0, -2.603067398071289, 28.674877166748047, 24.03229331970215, 17.846982955932617, 14.360912322998047, 56.24018859863281, -19.56267738342285, -12.982868194580078, -0.2735419273376465, -32.819087982177734)
(-0.16544443368911743, 4.421455383300781, 0.0, 0.0, -1.0, 0.0, 1331, 1373, 1313, 1401, 17.086227416992188, 3.8200788497924805, 0.0, -4.25626802444458, 29.54043197631836, -26.655298233032227, 17.954700469970703, -12.668594360351562, -21.369190216064453, -18.85655403137207, -13.216020584106445, -0.40031862258911133, -32.47289276123047)
(2.628502607345581, 4.067184925079346, 0.0, 0.0, -1.0, 0.0, 1274, 1418, 1372, 1355, 27.268369674682617, 2.16495418548584, 0.0, -4.284773826599121, 28.39729118347168, 7.510378837585449, 17.852859497070312, 4.9082818031311035, 30.271520614624023, -17.000446319580078, -13.360649108886719, -1.413196086883545, -31.7742919921875)
(1.832091212272644, 4.395752429962158, 0.0, 0.0, -1.0, 0.0, 1341, 1410, 1309, 1358, -23.366300582885742, 47.973575592041016, 0.0, -5.2233405113220215, 28.10003662109375, -16.889339447021484, 17.845989227294922, -6.004315376281738, -5.047667503356934, -16.16837501525879, -13.595145225524902, 0.30810362100601196, -29.455415725708008)
(1.2740362882614136, 2.5254504680633545, 0.0, 0.0, -1.0, 0.0, 1274, 1422, 1358, 1365, -14.177362442016602, -31.081031799316406, 0.0, -4.796055316925049, 27.60491180419922, 2.659952163696289, 17.693531036376953, 4.821775436401367, 25.17525863647461, -21.760339736938477, -13.784370422363281, -2.9983489513397217, -38.543060302734375)
(-1.1272633075714111, 3.808568000793457, 0.0, 0.0, -1.0, 0.0, 1312, 1415, 1337, 1354, 18.097063064575195, -35.587425231933594, 0.0, -5.126238822937012, 28.00811767578125, -4.808020114898682, 17.71532440185547, -1.4655576944351196, 11.441746711730957, -16.795246124267578, -14.041759490966797, 0.9141138195991516, -29.922893524169922)
(1.5666275024414062, 2.0607059001922607, 0.0, 0.0, -1.0, 0.0, 1296, 1405, 1353, 1363, -16.324199676513672, -47.280357360839844, 0.0, -4.505659580230713, 27.566808700561523, -3.583583116531372, 17.62724494934082, 0.6264746189117432, 14.670135498046875, -15.779409408569336, -14.229975700378418, 0.15763922035694122, -29.85174560546875)
(-1.3393704891204834, 4.246793746948242, 0.0, -1.0, -1.0, 0.0, 1293, 1429, 1338, 1358, -32.86199188232422, -22.591699600219727, 0.0, -6.307944297790527, 28.243791580200195, 1.9428478479385376, 17.690532684326172, -0.4134540557861328, 19.219926834106445, -22.03595542907715, -14.43972396850586, -2.635007858276367, -39.110687255859375)
(-0.7414811849594116, 1.1999655961990356, 0.0, 0.0, -1.0, 0.0, 1321, 1395, 1362, 1336, 17.189659118652344, 0.5498208999633789, 0.0, -5.1509318351745605, 27.813764572143555, -2.2048068046569824, 17.65192222595215, -0.36127498745918274, 15.085840225219727, -1.9949843883514404, -14.575824737548828, 4.5717573165893555, -11.999052047729492)
(-1.419253945350647, 1.5511932373046875, 0.0, 0.0, -1.0, 0.0, 1273, 1422, 1382, 1337, 11.862147331237793, -8.396071434020996, 0.0, -6.081724643707275, 29.06330680847168, 16.042869567871094, 17.762142181396484, 4.5403289794921875, 38.345340728759766, -12.25355339050293, -14.758633613586426, 0.693467378616333, -26.3187198638916)
(-0.6015889048576355, 4.206851005554199, 0.0, 0.0, -1.0, 0.0, 1100, 1108, 1100, 1100, -21.977697372436523, -2.4947900772094727, 0.0, -3.848949909210205, 29.78449058532715, -12.398523330688477, 17.725858688354492, -4.945517063140869, 0.38181936740875244, -24.48594093322754, -14.9708251953125, -3.6764872074127197, -43.13325119018555)
(-0.5893490314483643, 2.3231325149536133, 0.0, 0.0, -1.0, 0.0, 1000, 1000, 1000, 1000, 4.026381969451904, 1.318946361541748, 0.0, -5.826998710632324, 29.325956344604492, 23.235445022583008, 17.828857421875, 7.385921001434326, 48.45022201538086, -4.633992671966553, -15.158313751220703, 4.482187747955322, -15.310118675231934)
(-4.4114484786987305, 0.6676430702209473, 0.0, 0.0, -1.0, 0.0, 1000, 1000, 1000, 1000, -9.727030754089355, -0.17978954315185547, 0.0, -8.975320816040039, 29.144092559814453, 19.718965530395508, 18.119890213012695, 0.7842570543289185, 38.623111724853516, -9.182766914367676, -15.26982307434082, 0.508721113204956, -23.94386863708496)
(-4.4900431632995605, -0.11233232170343399, 0.0, 0.0, -1.0, 0.0, 1000, 1000, 1000, 1000, -2.5093398094177246, -11.256044387817383, 0.0, -8.138431549072266, 28.883115768432617, 14.521148681640625, 18.31768798828125, -0.6753524541854858, 32.163482666015625, -2.355548620223999, -15.325578689575195, 1.5112630128860474, -16.169864654541016)
(-4.37739372253418, -1.5957082509994507, 0.0, 0.0, -1.0, 0.0, 1000, 1000, 1000, 1000, -3.211648464202881, -2.6227102279663086, 0.0, -8.4579439163208, 28.587533950805664, 20.338842391967773, 18.55462646484375, 1.0235410928726196, 39.91701126098633, 3.0901501178741455, -15.316774368286133, 1.7957535982131958, -10.43087100982666)
(-4.583952903747559, -1.243900179862976, 0.0, 0.0, -1.0, 0.0, 1000, 1000, 1000, 1000, -5.988194942474365, 1.1061921119689941, 0.0, -8.62639045715332, 28.88356590270996, 17.7016658782959, 18.792098999023438, -0.2650848627090454, 36.22867965698242, 0.43901532888412476, -15.304011344909668, 0.0525045245885849, -14.812491416931152)
(-5.237053394317627, -1.7886724472045898, 0.0, 0.0, -1.0, 0.0, 1000, 1000, 1000, 1000, -7.4365692138671875, -0.027194976806640625, 0.0, -8.742703437805176, 28.218324661254883, 20.36284828186035, 19.047199249267578, 0.28589510917663574, 39.69594192504883, 5.544933795928955, -15.254650115966797, 1.0263270139694214, -8.683389663696289)
(-5.07582426071167, -2.1444380283355713, 0.0, 0.0, -1.0, 0.0, 1000, 1000, 1000, 1000, -3.967625617980957, -1.450775146484375, 0.0, -8.444988250732422, 28.42214012145996, 20.44963836669922, 19.29681968688965, 0.3485381305217743, 40.09499740600586, 3.236288547515869, -15.192636489868164, -0.5112564563751221, -12.467604637145996)
(-4.813557147979736, -4.006114482879639, 0.0, 0.0, -1.0, 0.0, 1000, 1000, 1000, 1000, -3.2937769889831543, -9.700611114501953, 0.0, -8.834012985229492, 27.414827346801758, 23.18105697631836, 19.56393814086914, 1.1276795864105225, 43.87267303466797, 20.707386016845703, -15.054308891296387, 4.9412031173706055, 10.594280242919922)
(-7.413308143615723, -8.003049850463867, 0.0, 0.0, -1.0, 0.0, 1000, 1000, 1000, 1000, -9.359750747680664, -10.274026870727539, 0.0, -10.347123146057129, 25.657203674316406, 31.580059051513672, 19.94074821472168, 1.7682743072509766, 53.28908157348633, 30.15854263305664, -14.682571411132812, 2.8506526947021484, 18.326623916625977)
(-6.196997165679932, -7.949353218078613, 0.0, 0.0, -1.0, 0.0, 1000, 1000, 1000, 1000, -5.429518222808838, -8.035167694091797, 0.0, -9.35703182220459, 26.12138557434082, 21.592866897583008, 20.252042770385742, -1.445341944694519, 40.399566650390625, 27.236438751220703, -14.335211753845215, 0.4663902521133423, 13.367616653442383)
(-4.039246559143066, -9.05214786529541, 0.0, 0.0, -1.0, 0.0, 1000, 1000, 1000, 1000, -2.2318015098571777, -12.918359756469727, 0.0, -8.389348030090332, 25.53815269470215, 15.669179916381836, 20.465713500976562, -1.2542685270309448, 34.88062286376953, 40.25737380981445, -13.91611099243164, 4.019270420074463, 30.360532760620117)
(-2.9743967056274414, -11.218957901000977, 0.0, -1.0, -1.0, 0.0, 1000, 1000, 1000, 1000, -1.7780139446258545, -11.261675834655762, 0.0, -7.915417194366455, 24.33053207397461, 8.068318367004395, 20.61440658569336, -2.4077043533325195, 26.275020599365234, 48.16851043701172, -13.378971099853516, 4.179466247558594, 38.96900939941406)
(-5.854307174682617, -12.599422454833984, 0.0, 0.0, -1.0, 0.0, 1000, 1000, 1000, 1000, -12.372815132141113, -12.911094665527344, 0.0, -10.040721893310547, 24.397302627563477, 40.758689880371094, 20.91251564025879, 8.341937065124512, 70.01314544677734, 29.129398345947266, -12.770661354064941, -6.766223430633545, 9.592513084411621)
(-6.375804901123047, -13.074542045593262, 0.0, 0.0, -1.0, 0.0, 1000, 1000, 1000, 1000, -4.263917922973633, -16.04960060119629, 0.0, -10.105813980102539, 26.802030563354492, 39.79590606689453, 21.290029525756836, 6.134323596954346, 67.22026062011719, 33.49329376220703, -12.303523063659668, -3.041308879852295, 18.148460388183594)
(-6.896529197692871, -10.609624862670898, 0.0, 0.0, -1.0, 0.0, 1000, 1000, 1000, 1000, -9.542085647583008, -13.630763053894043, 0.0, -10.189352035522461, 28.103397369384766, 27.5129451751709, 21.66179084777832, -0.2924228608608246, 48.8823127746582, 25.828744888305664, -11.833040237426758, -5.5785932540893555, 8.41711139678955)
(-6.9872941970825195, -7.983645439147949, 0.0, 0.0, -1.0, 0.0, 1000, 1000, 1000, 1000, -10.844482421875, -13.536213874816895, 0.0, -10.284777641296387, 28.821836471557617, 28.726720809936523, 22.04336166381836, 0.09676741063594818, 50.866851806640625, 21.280563354492188, -11.45091438293457, -4.68275785446167, 5.1468915939331055)
(-6.286456108093262, -6.225914001464844, 0.0, 0.0, -1.0, 0.0, 1000, 1000, 1000, 1000, -3.652740955352783, 0.0028014183044433594, 0.0, -9.975478172302246, 29.69073486328125, 25.950702667236328, 22.36387825012207, -0.057418666779994965, 48.257164001464844, 18.464632034301758, -11.186400413513184, -2.5566632747650146, 4.7215681076049805)
(-6.434473991394043, -5.611619472503662, 0.0, 0.0, -1.0, 0.0, 1000, 1000, 1000, 1000, -7.775232315063477, -4.940502166748047, 0.0, -10.060690879821777, 29.781736373901367, 25.762287139892578, 22.69244384765625, 0.06812918931245804, 48.522857666015625, 17.787940979003906, -10.942124366760254, -1.1347929239273071, 5.711023807525635)
(-6.412177085876465, -5.253494739532471, 0.0, 0.0, -1.0, 0.0, 1000, 1000, 1000, 1000, -6.421749114990234, -5.182094097137451, 0.0, -10.103072166442871, 29.913599014282227, 25.868221282958984, 23.023914337158203, 0.0312860868871212, 48.923423767089844, 16.59934425354004, -10.718123435974121, -0.6877674460411072, 5.193453311920166)
(-6.422382831573486, -5.033832550048828, 0.0, 0.0, -1.0, 0.0, 1000, 1000, 1000, 1000, -6.398890495300293, -5.121729373931885, 0.0, -10.14636516571045, 30.046358108520508, 25.835872650146484, 23.355186462402344, -0.003123111557215452, 49.18793487548828, 15.6475248336792, -10.513389587402344, -0.39878109097480774, 4.735354423522949)
(-6.420783042907715, -4.937601089477539, 0.0, 0.0, -1.0, 0.0, 1000, 1000, 1000, 1000, -6.157801628112793, -5.22795295715332, 0.0, -10.190269470214844, 30.177749633789062, 25.805084228515625, 23.686574935913086, -0.02233576588332653, 49.469322204589844, 15.311380386352539, -10.305910110473633, -0.3632301986217499, 4.642239570617676)
(-6.395720958709717, -4.888463973999023, 0.0, 0.0, -1.0, 0.0, 1000, 1000, 1000, 1000, -6.547135353088379, -4.801253795623779, 0.0, -10.232192039489746, 30.308982849121094, 25.753616333007812, 24.01145362854004, 0.08728841692209244, 49.852359771728516, 15.041661262512207, -10.112091064453125, -0.15940333902835846, 4.770166873931885)
(-6.3980488777160645, -4.857461929321289, 0.0, 0.0, -1.0, 0.0, 1000, 1000, 1000, 1000, -6.177068710327148, -4.969705104827881, 0.0, -10.27823257446289, 30.443571090698242, 25.81170654296875, 24.341102600097656, 0.05764804035425186, 50.21045684814453, 14.893261909484863, -9.910226821899414, -0.26355478167533875, 4.719480514526367)
(-6.377932548522949, -4.8254499435424805, 0.0, 0.0, -1.0, 0.0, 1000, 1000, 1000, 1000, -6.386547088623047, -5.0, 0.0, -10.320460319519043, 30.57663345336914, 25.68246078491211, 24.66507339477539, 0.13281571865081787, 50.480350494384766, 14.765214920043945, -9.720206260681152, -0.10722482204437256, 4.937783718109131)
(-6.385838985443115, -4.8110857009887695, 0.0, 0.0, -1.0, 0.0, 1000, 1000, 1000, 1000, -5.88270378112793, -4.832810878753662, 0.0, -10.363143920898438, 30.708480834960938, 25.665307998657227, 24.99431037902832, 0.023264752700924873, 50.682884216308594, 14.683366775512695, -9.52110481262207, -0.2294224202632904, 4.932839393615723)
(-6.390483856201172, -4.826599597930908, 0.0, 0.0, -1.0, 0.0, 1000, 1000, 1000, 1000, -6.301030158996582, -4.923407077789307, 0.0, -10.4110107421875, 30.840476989746094, 25.683887481689453, 25.32412338256836, -0.013338165357708931, 50.99467086791992, 14.81859302520752, -9.332307815551758, -0.020353354513645172, 5.4659318923950195)
(-6.394763469696045, -4.82724142074585, 0.0, -1.0, -1.0, 0.0, 1000, 1000, 1000, 1000, -6.5426025390625, -5.060792922973633, 0.0, -10.456286430358887, 30.97232437133789, 21.749786376953125, 25.652305603027344, -1.8386008739471436, 45.56349182128906, 14.796771049499512, -9.137923240661621, -0.08718322217464447, 5.571665287017822)
(-6.4068803787231445, -4.795478343963623, 0.0, 0.0, -1.0, 0.0, 1000, 1000, 1000, 1000, -6.491681098937988, -4.93945837020874, 0.0, -10.501258850097656, 31.10340690612793, 25.773860931396484, 25.97856330871582, 0.08090022951364517, 51.83332443237305, 14.718500137329102, -8.949601173400879, -0.02324673905968666, 5.7456512451171875)
(-6.373133182525635, -4.784775257110596, 0.0, 0.0, -1.0, 0.0, 1000, 1000, 1000, 1000, -6.112566947937012, -5.045940399169922, 0.0, -10.546534538269043, 31.232208251953125, 25.736434936523438, 26.30821418762207, 0.024542586877942085, 52.069190979003906, 14.62690544128418, -8.751874923706055, -0.19102327525615692, 5.68400764465332)
(-6.388718128204346, -4.772246360778809, 0.0, 0.0, -1.0, 0.0, 1000, 1000, 1000, 1000, -6.204898834228516, -4.681417465209961, 0.0, -10.588912963867188, 31.36298179626465, 25.701213836669922, 26.63755226135254, -0.0018675802275538445, 52.33689880371094, 14.552400588989258, -8.564684867858887, -0.08200748264789581, 5.905708312988281)