
(-0.6609070301055908, -0.5525659322738647, 0.0, -1.0, 0.0, 0.0, 1000, 1000, 1000, 1000, -0.9500487446784973, -1.0497605800628662, 0.0, -0.46996909379959106, 1.4536609649658203, -0.8172446489334106, -0.21727533638477325, -0.0, -1.0345200300216675)
(-0.6776228547096252, -0.5769767761230469, 0.0, -1.0, 0.0, 0.0, 1000, 1000, 1000, 1000, -0.46415287256240845, -0.7079851627349854, 0.0, -0.5088410973548889, 1.5743930339813232, -0.6992355585098267, -0.2076890915632248, -0.0, -0.9069246649742126)
(-0.6767533421516418, -0.5775588154792786, 0.0, -1.0, 0.0, 0.0, 1000, 1000, 1000, 1000, -0.6171835660934448, -0.8262476921081543, 0.0, -0.5503050684928894, 1.6946680545806885, -0.6404337286949158, -0.2246301770210266, 0.0, -0.8650639057159424)
(-0.6872969269752502, -0.5935417413711548, 0.0, -1.0, 0.0, 0.0, 1000, 1000, 1000, 1000, -0.5810520648956299, -0.8560115694999695, 0.0, -0.5893301963806152, 1.8157051801681519, -0.6902942657470703, -0.21166452765464783, -0.0, -0.9019587635993958)
(-0.6775657534599304, -0.5856806635856628, 0.0, 0.0, 0.0, 0.0, 1000, 1000, 1000, 1000, -0.6112822890281677, -0.8507584929466248, 0.0, -0.6295745968818665, 1.93415105342865, 1.800621747970581, -0.16802000999450684, 0.0, 1.6326017379760742)
(-0.6949394941329956, -0.6086322665214539, 0.0, -1.0, 0.0, 0.0, 1000, 1000, 1000, 1000, -0.631084680557251, -1.1006813049316406, 0.0, -0.6699715256690979, 2.050767421722412, -0.6864317655563354, -0.0947241336107254, -0.0, -0.7811558842658997)
(-0.7084876894950867, -0.622539758682251, 0.0, -1.0, 0.0, 0.0, 1000, 1000, 1000, 1000, -0.5271798968315125, -0.7848101854324341, 0.0, -0.7036606669425964, 2.1780545711517334, -0.6373172998428345, -0.07305267453193665, -0.0, -0.7103699445724487)
(-0.7033458948135376, -0.6150245666503906, 0.0, 0.0, 0.0, 0.0, 1000, 1000, 1000, 1000, -0.6133317947387695, -0.8704951405525208, 0.0, -0.7460391521453857, 2.2960433959960938, 1.8498281240463257, 0.030194563791155815, -0.0, 1.880022644996643)
(-0.7147160768508911, -0.6238855123519897, 0.0, -1.0, 0.0, 0.0, 1000, 1000, 1000, 1000, -0.5627175569534302, -0.8188166618347168, 0.0, -0.784911572933197, 2.4166226387023926, -0.6369903087615967, 0.02916577085852623, -0.0, -0.6078245639801025)
(-0.7245293259620667, -0.6333357095718384, 0.0, -1.0, 0.0, 0.0, 1000, 1000, 1000, 1000, -0.605651319026947, -0.8430184721946716, 0.0, -0.826528012752533, 2.536745071411133, -0.5972132682800293, 0.11423207819461823, -0.0, -0.48298120498657227)
(-0.7072662711143494, -0.6148441433906555, 0.0, -1.0, 0.0, 0.0, 1000, 1000, 1000, 1000, -0.6353798508644104, -0.8145618438720703, 0.0, -0.8660101294517517, 2.660068988800049, -0.6708586812019348, 0.07440261542797089, -0.0, -0.5964560508728027)
(-0.7344544529914856, -0.6430228352546692, 0.0, -1.0, 0.0, 0.0, 1000, 1000, 1000, 1000, -0.23860737681388855, -0.32302236557006836, 0.0, -0.9027485251426697, 2.782782793045044, -0.9839858412742615, 0.125327005982399, -0.0, -0.8586588501930237)
(-0.6976141333580017, -0.5995602607727051, 0.0, 0.0, 0.0, 0.0, 1000, 1000, 1000, 1000, -0.5658798813819885, -0.7321146130561829, 0.0, -0.9429929852485657, 2.903667688369751, 1.9117182493209839, 0.1846257597208023, -0.0, 2.096343994140625)
(-0.674838662147522, -0.5746045708656311, 0.0, -1.0, 0.0, 0.0, 1000, 1000, 1000, 1000, -0.5924149751663208, -0.735812783241272, 0.0, -0.9806457757949829, 3.0295822620391846, -0.8433911800384521, 0.2223963737487793, 0.0, -0.6209948062896729)
(-0.66951984167099, -0.5563550591468811, 0.0, 0.0, 0.0, 0.0, 1000, 1000, 1000, 1000, -1.1452900171279907, -1.184201955795288, 0.0, -0.9852192997932434, 3.1745524406433105, 0.057945966720581055, 0.1881435364484787, -0.0, 0.24608950316905975)
(-0.6809202432632446, -0.5670913457870483, 0.0, -1.0, -1.0, 0.0, 1000, 1000, 1000, 1000, -0.633943498134613, -0.5987871289253235, 0.0, -1.0998538732528687, 3.245894432067871, -0.6300164461135864, 0.18886196613311768, -0.0, -0.44115447998046875)
(-0.9352118372917175, -0.8012385368347168, 0.0, -1.0, 0.0, 0.0, 1000, 1000, 1000, 1000, -2.557584047317505, -2.8835058212280273, 0.0, -1.3336952924728394, 3.174095869064331, -0.10099479556083679, 0.3085081875324249, -0.0, 0.20751340687274933)
(-2.8596720695495605, -3.245234966278076, 0.0, 0.0, 0.0, 0.0, 1000, 1000, 1000, 1000, -5.01846170425415, -5.419938087463379, 0.0, -2.970890522003174, 0.9961997270584106, 9.832107543945312, 0.9946818351745605, -0.0, 10.826788902282715)
(-4.336514949798584, -6.876167297363281, 0.0, -1.0, 0.0, 0.0, 1000, 1000, 1000, 1000, -11.13880729675293, -11.949148178100586, 0.0, -2.9240925312042236, -1.6621843576431274, 8.69189739227295, 1.7903861999511719, 0.0, 10.482283592224121)
(-4.655656814575195, -4.956329822540283, 0.0, 0.0, 0.0, 0.0, 1000, 1000, 1000, 1000, 5.320383071899414, 5.064521789550781, 0.0, -2.2657082080841064, 1.2925413846969604, 14.337312698364258, 2.920497179031372, 0.0, 17.257810592651367)
(-5.58269739151001, -6.378997325897217, 0.0, 0.0, 0.0, 0.0, 1000, 1000, 1000, 1000, -8.828128814697266, -9.390871047973633, 0.0, -2.5992441177368164, 0.3696756362915039, 16.09088897705078, 4.194836616516113, 0.0, 20.28572654724121)
(-6.029397487640381, -6.85761833190918, 0.0, 0.0, 0.0, 0.0, 1000, 1000, 1000, 1000, -5.395352363586426, -6.613053798675537, 0.0, -3.088268280029297, -0.1254463493824005, 18.625324249267578, 5.824080944061279, 0.0, 24.449405670166016)
(-9.313228607177734, -6.578541278839111, 0.0, -1.0, 0.0, 0.0, 1000, 1000, 1000, 1000, -4.889021396636963, -6.326997756958008, 0.0, -6.513420581817627, 0.5605292320251465, 34.060508728027344, 8.763245582580566, 0.0, 42.823753356933594)
(-13.144876480102539, -6.3147873878479, 0.0, -1.0, 0.0, 0.0, 1000, 1000, 1000, 1000, -13.423600196838379, -11.635041236877441, 0.0, -10.148481369018555, 2.9858338832855225, 28.42621421813965, 12.912215232849121, 0.0, 41.33842849731445)
(-12.082963943481445, -9.345854759216309, 0.0, -1.0, 0.0, 0.0, 1000, 1000, 1000, 1000, -12.719725608825684, -12.42660140991211, 0.0, -8.268450736999512, 2.281108856201172, 22.951311111450195, 15.664410591125488, -0.0, 38.61572265625)
(-10.433342933654785, -7.436206817626953, 0.0, -1.0, 0.0, 0.0, 1000, 1000, 1000, 1000, -7.502284049987793, -6.485465049743652, 0.0, -7.463266372680664, 4.285529613494873, 23.430917739868164, 18.348434448242188, 0.0, 41.77935028076172)
(-8.088685989379883, -4.161917686462402, 0.0, 0.0, 0.0, 0.0, 1000, 1000, 1000, 1000, -3.430241823196411, -1.5032421350479126, 0.0, -7.095431327819824, 6.793152809143066, 19.76439666748047, 20.636985778808594, -0.0, 40.40138244628906)
(-4.012111186981201, -2.3358941078186035, 0.0, -1.0, 0.0, 0.0, 1000, 1000, 1000, 1000, 0.3394395112991333, 1.4722683429718018, 0.0, -4.7301859855651855, 7.551385402679443, -1.798990249633789, 21.421905517578125, -0.0, 19.622915267944336)
(0.47421666979789734, 1.2843095064163208, 0.0, -1.0, 0.0, 0.0, 1000, 1000, 1000, 1000, 5.136106491088867, 6.521474838256836, 0.0, -2.6751554012298584, 8.621657371520996, -6.26176118850708, 21.010995864868164, -0.0, 14.749234199523926)
(2.786219358444214, 3.922675132751465, 0.0, -1.0, 0.0, 0.0, 1000, 1000, 1000, 1000, 4.825005054473877, 6.622902870178223, 0.0, -2.2493932247161865, 9.135527610778809, -10.060060501098633, 20.1774959564209, -0.0, 10.117435455322266)
(4.688592433929443, 4.967178821563721, 0.0, -1.0, 0.0, 0.0, 1000, 1000, 1000, 1000, 10.936837196350098, 12.461301803588867, 0.0, -1.2943624258041382, 8.991169929504395, -17.01111602783203, 18.667890548706055, -0.0, 1.6567751169204712)
(5.871217727661133, 4.752936840057373, 0.0, 0.0, 0.0, 0.0, 1000, 1000, 1000, 1000, 7.119215488433838, 7.91331672668457, 0.0, -0.26311221718788147, 7.9282121658325195, -17.178043365478516, 16.657434463500977, -0.0, -0.5206092596054077)
(6.721712589263916, 5.083334445953369, 0.0, -1.0, 0.0, 0.0, 1000, 1000, 1000, 1000, 6.840285778045654, 6.980056285858154, 0.0, 0.5016743540763855, 7.296352386474609, -20.295135498046875, 14.534502983093262, -0.0, -5.760632038116455)
(6.633289813995361, 4.457651138305664, 0.0, 0.0, 0.0, 0.0, 1000, 1000, 1000, 1000, 5.159226894378662, 5.115292072296143, 0.0, 0.8704246878623962, 6.1695237159729, -18.22956657409668, 12.391966819763184, -0.0, -5.837599277496338)
(6.042785167694092, 3.2331676483154297, 0.0, 0.0, 0.0, 0.0, 1000, 1000, 1000, 1000, 3.524324893951416, 3.0144028663635254, 0.0, 1.3155467510223389, 4.816779613494873, -16.0063533782959, 10.321929931640625, 0.0, -5.684423446655273)
(5.148745059967041, 2.3073065280914307, 0.0, -1.0, 0.0, 0.0, 1000, 1000, 1000, 1000, 2.560999631881714, 1.4200520515441895, 0.0, 1.3905467987060547, 3.8070242404937744, -15.112715721130371, 8.545979499816895, 0.0, -6.566736221313477)
(4.042754173278809, 1.4082965850830078, 0.0, 0.0, 0.0, 0.0, 1000, 1000, 1000, 1000, 1.754791021347046, 0.757607638835907, 0.0, 1.1820096969604492, 2.933548927307129, -10.015422821044922, 7.125111103057861, 0.0, -2.8903114795684814)
(3.178842306137085, -0.011717811226844788, 0.0, 0.0, 0.0, 0.0, 1000, 1000, 1000, 1000, 0.6006383895874023, -0.6593844890594482, 0.0, 1.5333818197250366, 1.7925432920455933, -8.785520553588867, 5.8156867027282715, 0.0, -2.9698338508605957)
(1.6865119934082031, -0.058199044317007065, 0.0, -1.0, -1.0, 0.0, 1000, 1000, 1000, 1000, 0.1684185266494751, -1.0588362216949463, 0.0, 0.9708819389343262, 2.000927448272705, -4.704084873199463, 5.120182037353516, 0.0, 0.4160970151424408)
(1.2773975133895874, -0.5410312414169312, 0.0, 0.0, 0.0, 0.0, 1000, 1000, 1000, 1000, 0.43093883991241455, -0.8344299793243408, 0.0, 0.9025894403457642, 1.6166282892227173, -5.830688953399658, 4.5968523025512695, 0.0, -1.2338367700576782)
(0.4046802818775177, -1.7385764122009277, 0.0, 0.0, 0.0, 0.0, 1000, 1000, 1000, 1000, -0.9737836122512817, -2.305011749267578, 0.0, 0.643595278263092, 0.6907141804695129, 0.6193968057632446, 4.2849225997924805, 0.0, 4.9043192863464355)
(-0.9784273505210876, -2.461228847503662, 0.0, 0.0, 0.0, 0.0, 1000, 1000, 1000, 1000, -1.5997560024261475, -2.9383978843688965, 0.0, -0.07972792536020279, 0.4893418550491333, 4.717410087585449, 4.481310844421387, 0.0, 9.198720932006836)
(-1.9114290475845337, -2.763045072555542, 0.0, 0.0, 0.0, 0.0, 1000, 1000, 1000, 1000, -2.7029402256011963, -3.9544835090637207, 0.0, -0.537502110004425, 0.7675430178642273, 6.302962779998779, 4.846693515777588, 0.0, 11.149656295776367)
(-3.1040964126586914, -3.0967681407928467, 0.0, -1.0, 0.0, 0.0, 1000, 1000, 1000, 1000, -3.7765626907348633, -4.586534023284912, 0.0, -1.368294596672058, 1.1390371322631836, 5.915728569030762, 5.566828727722168, -0.0, 11.48255729675293)
(-3.1397080421447754, -3.5147626399993896, 0.0, -1.0, 0.0, 0.0, 1000, 1000, 1000, 1000, -3.3229737281799316, -4.231156349182129, 0.0, -1.1681419610977173, 1.3012326955795288, 5.120611190795898, 6.163965702056885, -0.0, 11.284577369689941)
(-2.876725673675537, -3.82326078414917, 0.0, -1.0, 0.0, 0.0, 1000, 1000, 1000, 1000, -3.178013801574707, -4.24900484085083, 0.0, -0.8852148652076721, 1.2256226539611816, 3.6857168674468994, 6.69810152053833, -0.0, 10.383818626403809)
(-2.676464796066284, -3.7119691371917725, 0.0, -1.0, 0.0, 0.0, 1000, 1000, 1000, 1000, -2.6741344928741455, -4.141593933105469, 0.0, -0.6634153723716736, 1.4747084379196167, 4.11494255065918, 7.238786697387695, 0.0, 11.353729248046875)
(-2.7603342533111572, -3.3928050994873047, 0.0, 0.0, 0.0, 0.0, 1000, 1000, 1000, 1000, -2.068333625793457, -3.2953288555145264, 0.0, -0.9439032673835754, 1.765257477760315, 7.7544941902160645, 7.827029228210449, -0.0, 15.581523895263672)
(-2.6647865772247314, -3.5714995861053467, 0.0, -1.0, 0.0, 0.0, 1000, 1000, 1000, 1000, -2.588742971420288, -3.6519837379455566, 0.0, -0.8772872090339661, 1.755653977394104, 3.719893217086792, 8.441679000854492, 0.0, 12.161572456359863)
(-2.391728401184082, -3.5190813541412354, 0.0, -1.0, 0.0, 0.0, 1000, 1000, 1000, 1000, -2.057290554046631, -3.281728982925415, 0.0, -0.5647871494293213, 1.9472696781158447, 2.107369899749756, 8.907651901245117, 0.0, 11.015021324157715)
(-2.078336000442505, -3.134544849395752, 0.0, -1.0, 0.0, 0.0, 1000, 1000, 1000, 1000, -1.8247902393341064, -2.7614309787750244, 0.0, -0.40335431694984436, 2.1855320930480957, 1.1714496612548828, 9.23347282409668, -0.0, 10.404922485351562)
(-2.1100544929504395, -3.2441508769989014, 0.0, 0.0, 0.0, 0.0, 1000, 1000, 1000, 1000, -1.9358528852462769, -3.2933385372161865, 0.0, -0.472409188747406, 2.080806016921997, 4.131843566894531, 9.579063415527344, -0.0, 13.710906982421875)
(-2.2810022830963135, -3.012709617614746, 0.0, -1.0, 0.0, 0.0, 1000, 1000, 1000, 1000, -1.7353836297988892, -3.1445388793945312, 0.0, -0.79710453748703, 2.389343500137329, 3.476895809173584, 10.108389854431152, -0.0, 13.585285186767578)
(-2.159621238708496, -3.027818441390991, 0.0, -1.0, 0.0, 0.0, 1000, 1000, 1000, 1000, -2.4076569080352783, -3.760300874710083, 0.0, -0.7951229810714722, 2.53629469871521, 3.188687324523926, 10.55720329284668, 0.0, 13.745890617370605)
(-2.119614601135254, -3.023655891418457, 0.0, -1.0, 0.0, 0.0, 1000, 1000, 1000, 1000, -2.2040300369262695, -3.313060760498047, 0.0, -0.7106718420982361, 2.794222593307495, 1.1222072839736938, 10.963902473449707, -0.0, 12.08611011505127)
(-1.4821224212646484, -2.659310817718506, 0.0, -1.0, 0.0, 0.0, 1000, 1000, 1000, 1000, -2.3524909019470215, -3.4594807624816895, 0.0, -0.37332433462142944, 2.825015068054199, 2.0284767150878906, 11.1412992477417, 0.0, 13.16977596282959)
(-2.670682907104492, -2.180864095687866, 0.0, 0.0, 0.0, 0.0, 1000, 1000, 1000, 1000, -1.2117464542388916, -1.9556715488433838, 0.0, -1.3157023191452026, 3.808551073074341, 10.563901901245117, 11.812926292419434, 0.0, 22.376827239990234)
(-2.5123605728149414, -1.7080031633377075, 0.0, -1.0, 0.0, 0.0, 1000, 1000, 1000, 1000, -0.7658204436302185, -1.3862223625183105, 0.0, -1.5780497789382935, 4.64742374420166, 1.570535659790039, 12.48486042022705, -0.0, 14.05539608001709)
(-2.353046417236328, -1.629638910293579, 0.0, -1.0, 0.0, 0.0, 1000, 1000, 1000, 1000, -0.39578211307525635, -1.0474426746368408, 0.0, -1.9964947700500488, 4.648033142089844, 15.95883560180664, 12.983519554138184, 0.0, 28.942354202270508)
(-11.726576805114746, 0.6933536529541016, 0.0, -1.0, 0.0, 0.0, 1000, 1000, 1000, 1000, -8.234402656555176, -5.239622116088867, 0.0, -12.440244674682617, 8.504433631896973, 59.89570999145508, 17.778369903564453, 0.0, 77.67407989501953)
(-17.456409454345703, -1.440825343132019, 0.0, -1.0, 0.0, 0.0, 1000, 1000, 1000, 1000, -15.279987335205078, -10.641677856445312, 0.0, -19.265546798706055, 11.099859237670898, 47.695899963378906, 23.882827758789062, -0.0, 71.57872772216797)
(-16.360870361328125, -6.275762557983398, 0.0, 0.0, -1.0, 0.0, 1000, 1000, 1000, 1000, -14.165279388427734, -10.26540756225586, 0.0, -19.2518310546875, 9.694828033447266, 38.28022384643555, 28.597675323486328, 0.0, 66.87789916992188)
(-15.940674781799316, -7.975868225097656, 0.0, 0.0, 0.0, 0.0, 1000, 1000, 1000, 1000, -15.557994842529297, -11.53718376159668, 0.0, -19.55640983581543, 9.609460830688477, 38.540714263916016, 32.922027587890625, -0.0, 71.46273803710938)
(-16.3370361328125, -8.991734504699707, 0.0, 0.0, 0.0, 0.0, 1000, 1000, 1000, 1000, -16.33473014831543, -11.87299919128418, 0.0, -20.005952835083008, 10.170740127563477, 42.534664154052734, 37.347965240478516, 0.0, 79.88262939453125)
(-16.748563766479492, -9.9275541305542, 0.0, -1.0, 0.0, 0.0, 1000, 1000, 1000, 1000, -16.50274085998535, -12.033857345581055, 0.0, -20.40198516845703, 10.547261238098145, 39.569580078125, 41.850494384765625, 0.0, 81.42007446289062)
(-16.449947357177734, -10.424972534179688, 0.0, -1.0, 0.0, 0.0, 1000, 1000, 1000, 1000, -16.04198455810547, -11.577298164367676, 0.0, -20.360671997070312, 10.727900505065918, 38.121822357177734, 46.25420379638672, -0.0, 84.37602233886719)
(-16.23509979248047, -10.806212425231934, 0.0, -1.0, 0.0, 0.0, 1000, 1000, 1000, 1000, -15.639270782470703, -11.163924217224121, 0.0, -20.407318115234375, 10.66707706451416, 38.849945068359375, 50.57416534423828, -0.0, 89.42411041259766)
(-16.36825942993164, -11.146458625793457, 0.0, -1.0, 0.0, 0.0, 1000, 1000, 1000, 1000, -16.046066284179688, -11.410608291625977, 0.0, -20.580184936523438, 10.70686149597168, 38.496864318847656, 54.96705627441406, -0.0, 93.46392059326172)
(-16.508806228637695, -11.489867210388184, 0.0, -1.0, 0.0, 0.0, 1000, 1000, 1000, 1000, -16.582700729370117, -12.085929870605469, 0.0, -20.69100570678711, 10.709151268005371, 38.84823226928711, 59.458518981933594, -0.0, 98.30674743652344)
(-16.72749137878418, -11.806994438171387, 0.0, -1.0, 0.0, 0.0, 1000, 1000, 1000, 1000, -17.363670349121094, -12.867803573608398, 0.0, -20.859607696533203, 10.683235168457031, 39.9589729309082, 63.954925537109375, 0.0, 103.91390228271484)
(-16.720060348510742, -12.052000045776367, 0.0, -1.0, 0.0, 0.0, 1000, 1000, 1000, 1000, -16.419254302978516, -11.971121788024902, 0.0, -20.849092483520508, 10.620887756347656, 39.589786529541016, 68.35692596435547, -0.0, 107.94671630859375)
(-17.205778121948242, -12.353291511535645, 0.0, 0.0, 0.0, 0.0, 1000, 1000, 1000, 1000, -18.450769424438477, -14.067950248718262, 0.0, -21.234760284423828, 10.593907356262207, 43.59371566772461, 72.95777130126953, -0.0, 116.5514907836914)
(-17.866273880004883, -13.250969886779785, 0.0, -1.0, 0.0, 0.0, 1000, 1000, 1000, 1000, -18.776473999023438, -14.293279647827148, 0.0, -21.35396957397461, 10.394821166992188, 43.613853454589844, 77.66133880615234, 0.0, 121.27519226074219)
(-18.4035587310791, -14.05101490020752, 0.0, -1.0, 0.0, 0.0, 1000, 1000, 1000, 1000, -19.100080490112305, -14.78161334991455, 0.0, -21.427139282226562, 10.119059562683105, 42.77718734741211, 82.61497497558594, -0.0, 125.39215850830078)
(-18.885374069213867, -14.253412246704102, 0.0, 0.0, 0.0, 0.0, 1000, 1000, 1000, 1000, -19.302352905273438, -14.918075561523438, 0.0, -21.46921157836914, 10.421801567077637, 45.582340240478516, 87.54259490966797, 0.0, 133.12493896484375)
(-19.09711456298828, -14.173689842224121, 0.0, -1.0, 0.0, 0.0, 1000, 1000, 1000, 1000, -18.472698211669922, -13.974127769470215, 0.0, -21.535371780395508, 10.847260475158691, 45.334251403808594, 92.608154296875, 0.0, 137.94241333007812)
(-18.93385124206543, -13.802750587463379, 0.0, 0.0, 0.0, 0.0, 1000, 1000, 1000, 1000, -18.726627349853516, -14.200469970703125, 0.0, -21.754579544067383, 11.121347427368164, 47.365116119384766, 97.80870056152344, -0.0, 145.17381286621094)
(-18.1572322845459, -13.626513481140137, 0.0, -1.0, 0.0, 0.0, 1000, 1000, 1000, 1000, -17.682050704956055, -13.235174179077148, 0.0, -21.42363739013672, 11.04924488067627, 42.618690490722656, 102.68497467041016, -0.0, 145.3036651611328)
(-18.229995727539062, -13.875662803649902, 0.0, 0.0, 0.0, 0.0, 1000, 1000, 1000, 1000, -17.893692016601562, -13.593029022216797, 0.0, -21.44086265563965, 10.910067558288574, 43.42559814453125, 107.52285766601562, 0.0, 150.94845581054688)
(-18.439268112182617, -13.533904075622559, 0.0, 0.0, 0.0, 0.0, 1000, 1000, 1000, 1000, -18.338443756103516, -13.870771408081055, 0.0, -21.77074432373047, 11.258695602416992, 46.76890182495117, 112.55184173583984, -0.0, 159.32073974609375)
(-18.469179153442383, -13.380640983581543, 0.0, -1.0, 0.0, 0.0, 1000, 1000, 1000, 1000, -18.468109130859375, -13.829893112182617, 0.0, -21.835073471069336, 11.640094757080078, 44.16075134277344, 117.4970474243164, 0.0, 161.65780639648438)
(-18.60169792175293, -13.365060806274414, 0.0, -1.0, 0.0, 0.0, 1000, 1000, 1000, 1000, -18.161815643310547, -13.43399429321289, 0.0, -22.038124084472656, 11.894667625427246, 44.09571075439453, 122.49933624267578, -0.0, 166.5950469970703)
(-18.435192108154297, -13.474096298217773, 0.0, 0.0, 0.0, 0.0, 1000, 1000, 1000, 1000, -18.431533813476562, -13.966336250305176, 0.0, -21.985837936401367, 11.932931900024414, 43.831886291503906, 127.36846923828125, 0.0, 171.20034790039062)
(-18.54288101196289, -13.57772159576416, 0.0, 0.0, 0.0, 0.0, 1000, 1000, 1000, 1000, -18.5035343170166, -13.994392395019531, 0.0, -22.16236114501953, 11.977445602416992, 46.52488327026367, 132.4006805419922, 0.0, 178.92555236816406)
(-18.594228744506836, -13.716937065124512, 0.0, -1.0, 0.0, 0.0, 1000, 1000, 1000, 1000, -18.700716018676758, -14.067052841186523, 0.0, -22.2628173828125, 11.968450546264648, 44.519107818603516, 137.3831787109375, 0.0, 181.9022979736328)
(-18.3566837310791, -14.042362213134766, 0.0, -1.0, 0.0, 0.0, 1000, 1000, 1000, 1000, -18.16942596435547, -13.699639320373535, 0.0, -21.98050308227539, 11.769365310668945, 40.92219543457031, 142.3577423095703, -0.0, 183.27993774414062)
(-18.319337844848633, -13.8291597366333, 0.0, -1.0, 0.0, 0.0, 1000, 1000, 1000, 1000, -17.72930145263672, -13.290674209594727, 0.0, -22.030506134033203, 11.805795669555664, 45.76785659790039, 147.2667236328125, 0.0, 193.03457641601562)
(-18.61992645263672, -13.511202812194824, 0.0, -1.0, 0.0, 0.0, 1000, 1000, 1000, 1000, -17.892173767089844, -13.316463470458984, 0.0, -22.362363815307617, 12.338570594787598, 42.403472900390625, 152.3829345703125, -0.0, 194.78640747070312)
(-17.879777908325195, -13.541630744934082, 0.0, 0.0, 0.0, 0.0, 1000, 1000, 1000, 1000, -18.0510311126709, -13.765693664550781, 0.0, -21.831724166870117, 12.190399169921875, 45.248226165771484, 157.07821655273438, 0.0, 202.32644653320312)
(-18.57332992553711, -13.490699768066406, 0.0, 0.0, 0.0, 0.0, 1000, 1000, 1000, 1000, -19.14034652709961, -14.644296646118164, 0.0, -22.564350128173828, 12.336283683776855, 47.95771789550781, 162.1343994140625, -0.0, 210.0921173095703)
(-18.637235641479492, -13.774657249450684, 0.0, -1.0, 0.0, 0.0, 1000, 1000, 1000, 1000, -18.696374893188477, -14.255165100097656, 0.0, -22.544836044311523, 12.377443313598633, 44.169307708740234, 167.17747497558594, 0.0, 211.34678649902344)
(-18.99201774597168, -13.882966041564941, 0.0, -1.0, 0.0, 0.0, 1000, 1000, 1000, 1000, -19.039621353149414, -14.497211456298828, 0.0, -22.80900764465332, 12.59375286102295, 45.5593147277832, 172.2913055419922, 0.0, 217.85061645507812)
(-19.137691497802734, -14.010004997253418, 0.0, 0.0, 0.0, 0.0, 1000, 1000, 1000, 1000, -19.416982650756836, -14.818428039550781, 0.0, -22.878665924072266, 12.832929611206055, 48.01191329956055, 177.47230529785156, -0.0, 225.48422241210938)
(-18.88565444946289, -13.769478797912598, 0.0, -1.0, 0.0, 0.0, 1000, 1000, 1000, 1000, -17.17694664001465, -12.65538215637207, 0.0, -22.69268798828125, 13.346648216247559, 45.06474304199219, 182.54087829589844, 0.0, 227.60562133789062)
(-18.31867790222168, -13.468836784362793, 0.0, -1.0, 0.0, 0.0, 1000, 1000, 1000, 1000, -18.853729248046875, -14.669078826904297, 0.0, -22.263111114501953, 13.791158676147461, 41.54364776611328, 187.37449645996094, -0.0, 228.91815185546875)
(-15.572439193725586, -12.813343048095703, 0.0, 0.0, 0.0, 0.0, 1000, 1000, 1000, 1000, -15.375692367553711, -11.594429969787598, 0.0, -19.77606964111328, 14.121341705322266, 27.726829528808594, 191.17630004882812, -0.0, 218.90313720703125)
(-10.367920875549316, -11.75478744506836, 0.0, -1.0, 0.0, 0.0, 1000, 1000, 1000, 1000, -9.75910472869873, -6.985804080963135, 0.0, -14.754735946655273, 13.777440071105957, 7.520411491394043, 193.09254455566406, -0.0, 200.6129608154297)
(-5.094939231872559, -10.76112174987793, 0.0, 0.0, 0.0, 0.0, 1000, 1000, 1000, 1000, -6.866425037384033, -5.433527946472168, 0.0, -8.968912124633789, 12.480030059814453, -5.814479827880859, 193.21353149414062, -0.0, 187.3990478515625)
(-2.5437822341918945, -8.612138748168945, 0.0, -1.0, 0.0, 0.0, 1000, 1000, 1000, 1000, -4.570435047149658, -4.090507507324219, 0.0, -5.821503162384033, 11.553960800170898, 7.197870254516602, 192.979736328125, -0.0, 200.17759704589844)
(-3.5807600021362305, -6.629754066467285, 0.0, 0.0, 0.0, 0.0, 1000, 1000, 1000, 1000, -3.7979931831359863, -3.11037540435791, 0.0, -6.188880920410156, 11.870121002197266, 5.018973350524902, 193.80557250976562, -0.0, 198.8245391845703)
(-3.0695831775665283, -5.0694379806518555, 0.0, -1.0, 0.0, 0.0, 1000, 1000, 1000, 1000, -2.9970381259918213, -2.7618911266326904, 0.0, -5.772875785827637, 11.837652206420898, 6.454445838928223, 194.36160278320312, 0.0, 200.8160400390625)
(-3.2147512435913086, -3.889770030975342, 0.0, -1.0, 0.0, 0.0, 1000, 1000, 1000, 1000, -2.399958848953247, -2.042163610458374, 0.0, -6.116016387939453, 12.082014083862305, 6.283829212188721, 195.1644744873047, 0.0, 201.44830322265625)
(-3.1723783016204834, -3.126596689224243, 0.0, -1.0, 0.0, 0.0, 1000, 1000, 1000, 1000, -2.839123010635376, -2.6081671714782715, 0.0, -6.366321086883545, 12.280797958374023, 5.110824108123779, 195.98248291015625, -0.0, 201.0933074951172)
(-2.8494856357574463, -2.4441516399383545, 0.0, 0.0, 0.0, 0.0, 1000, 1000, 1000, 1000, -2.3138813972473145, -1.8685674667358398, 0.0, -6.3038225173950195, 12.619214057922363, 7.565787315368652, 196.73358154296875, 0.0, 204.2993621826172)
(-2.894547700881958, -2.0633816719055176, 0.0, -1.0, 0.0, 0.0, 1000, 1000, 1000, 1000, -2.9283149242401123, -2.383434295654297, 0.0, -6.500012397766113, 12.950313568115234, 4.355271339416504, 197.327392578125, -0.0, 201.6826629638672)
(-2.9252352714538574, -1.608778476715088, 0.0, 0.0, 0.0, 0.0, 1000, 1000, 1000, 1000, -2.6546213626861572, -2.1866328716278076, 0.0, -6.733852386474609, 13.39101505279541, 10.041747093200684, 198.05055236816406, 0.0, 208.09230041503906)
(-3.0341832637786865, -1.591957688331604, 0.0, -1.0, 0.0, 0.0, 1000, 1000, 1000, 1000, -2.845762252807617, -2.048574924468994, 0.0, -7.052755832672119, 13.61068058013916, 3.957409381866455, 198.78384399414062, -0.0, 202.7412567138672)
(-2.7455265522003174, -1.7428913116455078, 0.0, -1.0, 0.0, 0.0, 1000, 1000, 1000, 1000, -2.926595687866211, -2.214989423751831, 0.0, -6.890407562255859, 13.574247360229492, 4.45527982711792, 199.3036346435547, -0.0, 203.75892639160156)
(-2.711582899093628, -1.978966236114502, 0.0, 0.0, 0.0, 0.0, 1000, 1000, 1000, 1000, -2.7504072189331055, -2.095518112182617, 0.0, -6.8326334953308105, 13.477449417114258, 6.1082258224487305, 199.920654296875, -0.0, 206.0288848876953)
(-2.2359132766723633, -2.212343215942383, 0.0, 0.0, 0.0, 0.0, 1000, 1000, 1000, 1000, -2.204425811767578, -1.897216796875, 0.0, -6.2599196434021, 13.29513168334961, 4.095880508422852, 200.26382446289062, 0.0, 204.35971069335938)
(-1.9407145977020264, -2.0235326290130615, 0.0, -1.0, 0.0, 0.0, 1000, 1000, 1000, 1000, -2.0293233394622803, -1.6682325601577759, 0.0, -5.9306511878967285, 13.360830307006836, 1.3152012825012207, 200.63417053222656, 0.0, 201.94937133789062)
(-1.3318607807159424, -1.8302396535873413, 0.0, -1.0, 0.0, 0.0, 1000, 1000, 1000, 1000, -1.1118847131729126, -1.0370088815689087, 0.0, -5.420437812805176, 13.224699974060059, -0.10022610425949097, 200.74205017089844, 0.0, 200.64181518554688)
(-1.4036133289337158, -1.6237845420837402, 0.0, -1.0, 0.0, 0.0, 1000, 1000, 1000, 1000, -1.7058509588241577, -1.482440710067749, 0.0, -5.364949703216553, 13.305950164794922, 1.3139114379882812, 200.90658569335938, 0.0, 202.22048950195312)
(-1.4689711332321167, -1.5469189882278442, 0.0, -1.0, 0.0, 0.0, 1000, 1000, 1000, 1000, -1.4260153770446777, -1.3108659982681274, 0.0, -5.347114562988281, 13.344972610473633, 1.3705986738204956, 201.11053466796875, -0.0, 202.4811248779297)
(-1.5158889293670654, -1.4814330339431763, 0.0, 0.0, 0.0, 0.0, 1000, 1000, 1000, 1000, -1.2650108337402344, -1.1050926446914673, 0.0, -5.40458345413208, 13.376069068908691, 3.972649335861206, 201.34947204589844, -0.0, 205.32212829589844)
(-1.4270274639129639, -1.3879884481430054, 0.0, 0.0, 0.0, 0.0, 1000, 1000, 1000, 1000, -1.4308971166610718, -1.3167026042938232, 0.0, -5.32805871963501, 13.457319259643555, 3.8267149925231934, 201.5679168701172, 0.0, 205.39462280273438)
(-1.5353537797927856, -1.5079083442687988, 0.0, -1.0, 0.0, 0.0, 1000, 1000, 1000, 1000, -1.528885841369629, -1.5146305561065674, 0.0, -5.3984856605529785, 13.410365104675293, 0.39326244592666626, 201.85191345214844, -0.0, 202.2451629638672)
(-0.724490225315094, -1.7950445413589478, 0.0, 0.0, 0.0, 0.0, 1000, 1000, 1000, 1000, -0.9191769361495972, -1.3925201892852783, 0.0, -4.598944187164307, 12.92530345916748, 1.506347417831421, 201.7101287841797, 0.0, 203.2164764404297)
(-1.412672519683838, -1.7485733032226562, 0.0, 0.0, 0.0, 0.0, 1000, 1000, 1000, 1000, -1.672890067100525, -1.7782138586044312, 0.0, -5.072267055511475, 13.012802124023438, 2.7389984130859375, 201.9474639892578, -0.0, 204.68646240234375)
(-1.1464788913726807, -2.0535197257995605, 0.0, 0.0, 0.0, 0.0, 1000, 1000, 1000, 1000, -1.8249552249908447, -2.277947425842285, 0.0, -4.653364658355713, 12.694049835205078, 3.003392219543457, 201.97238159179688, 0.0, 204.97576904296875)
(-1.5573371648788452, -1.9448399543762207, 0.0, -1.0, 0.0, 0.0, 1000, 1000, 1000, 1000, -2.209014654159546, -2.656104803085327, 0.0, -4.889796733856201, 12.873013496398926, 0.981757640838623, 202.26535034179688, -0.0, 203.24710083007812)
(-1.4694640636444092, -1.902909278869629, 0.0, 0.0, 0.0, 0.0, 1000, 1000, 1000, 1000, -1.3451248407363892, -1.7263646125793457, 0.0, -4.727297306060791, 12.972859382629395, 4.176709175109863, 202.42788696289062, 0.0, 206.60459899902344)
(-1.7694464921951294, -1.917386531829834, 0.0, -1.0, 0.0, 0.0, 1000, 1000, 1000, 1000, -1.6834278106689453, -2.058349609375, 0.0, -4.9780592918396, 13.060359954833984, 2.5638599395751953, 202.7190399169922, -0.0, 205.2829132080078)
(-1.9926122426986694, -2.0802812576293945, 0.0, 0.0, 0.0, 0.0, 1000, 1000, 1000, 1000, -1.8968499898910522, -2.2873833179473877, 0.0, -5.127297401428223, 13.118135452270508, 5.4236040115356445, 203.1070098876953, 0.0, 208.53060913085938)
(-2.1827728748321533, -2.1471667289733887, 0.0, -1.0, 0.0, 0.0, 1000, 1000, 1000, 1000, -2.235830068588257, -2.738394021987915, 0.0, -5.368607521057129, 13.195731163024902, 3.399005174636841, 203.5688018798828, -0.0, 206.96780395507812)
(-2.6805028915405273, -2.040402889251709, 0.0, -1.0, -1.0, 0.0, 1000, 1000, 1000, 1000, -2.4194092750549316, -2.548943042755127, 0.0, -5.945131301879883, 13.525915145874023, 7.432964324951172, 204.20620727539062, 0.0, 211.63916015625)
(-3.160076141357422, -2.416712760925293, 0.0, -1.0, 0.0, 0.0, 1000, 1000, 1000, 1000, -3.4852423667907715, -3.5159051418304443, 0.0, -6.3312602043151855, 13.69603443145752, 3.8148245811462402, 204.89486694335938, 0.0, 208.70968627929688)
(-3.491534471511841, -2.6332614421844482, 0.0, -1.0, 0.0, 0.0, 1000, 1000, 1000, 1000, -3.431643486022949, -3.395636558532715, 0.0, -6.570133209228516, 13.931398391723633, 7.707494735717773, 205.73779296875, -0.0, 213.44529724121094)
(-3.317047595977783, -2.8610897064208984, 0.0, -1.0, 0.0, 0.0, 1000, 1000, 1000, 1000, -3.108614921569824, -3.2131576538085938, 0.0, -6.416933059692383, 14.01981258392334, 4.77127742767334, 206.50054931640625, -0.0, 211.27182006835938)
(-3.316126585006714, -2.846219301223755, 0.0, -1.0, 0.0, 0.0, 1000, 1000, 1000, 1000, -3.068455219268799, -3.0643627643585205, 0.0, -6.520439147949219, 14.18703842163086, 5.500682353973389, 207.16175842285156, -0.0, 212.66244506835938)
(-3.0888020992279053, -2.8385515213012695, 0.0, -1.0, 0.0, 0.0, 1000, 1000, 1000, 1000, -3.095810890197754, -3.2353947162628174, 0.0, -6.376233100891113, 14.315853118896484, 5.435420036315918, 207.8406982421875, 0.0, 213.276123046875)
(-3.1056973934173584, -2.609287738800049, 0.0, 0.0, 0.0, 0.0, 1000, 1000, 1000, 1000, -2.6399483680725098, -2.5537805557250977, 0.0, -6.514342784881592, 14.65396499633789, 7.535584926605225, 208.65072631835938, -0.0, 216.18630981445312)
(-2.7794108390808105, -2.665790557861328, 0.0, -1.0, 0.0, 0.0, 1000, 1000, 1000, 1000, -2.334414482116699, -2.6080896854400635, 0.0, -6.328824043273926, 14.64710521697998, 4.555234432220459, 209.2183074951172, 0.0, 213.77354431152344)
(-2.8625965118408203, -2.4829487800598145, 0.0, -1.0, 0.0, 0.0, 1000, 1000, 1000, 1000, -2.6959314346313477, -2.5355148315429688, 0.0, -6.527148246765137, 14.898937225341797, 4.290637493133545, 209.85133361816406, -0.0, 214.1419677734375)
(-2.7102723121643066, -2.4393324851989746, 0.0, -1.0, 0.0, 0.0, 1000, 1000, 1000, 1000, -2.7854127883911133, -2.875976085662842, 0.0, -6.464038372039795, 15.0054931640625, 5.205558776855469, 210.34234619140625, 0.0, 215.54791259765625)
(-2.8060078620910645, -2.5245697498321533, 0.0, -1.0, 0.0, 0.0, 1000, 1000, 1000, 1000, -2.612092971801758, -2.702415704727173, 0.0, -6.5840067863464355, 15.069671630859375, 4.286360740661621, 210.9438018798828, -0.0, 215.23016357421875)
(-2.832087993621826, -2.544318437576294, 0.0, -1.0, 0.0, 0.0, 1000, 1000, 1000, 1000, -2.8942861557006836, -3.007138729095459, 0.0, -6.650317668914795, 15.180037498474121, 4.747903347015381, 211.51858520507812, 0.0, 216.26649475097656)
(-2.8432250022888184, -2.574342727661133, 0.0, -1.0, 0.0, 0.0, 1000, 1000, 1000, 1000, -2.946725368499756, -3.0768539905548096, 0.0, -6.663427829742432, 15.313879013061523, 4.684282302856445, 212.08956909179688, -0.0, 216.7738494873047)
(-2.865996837615967, -2.56247615814209, 0.0, -1.0, 0.0, 0.0, 1000, 1000, 1000, 1000, -2.721576452255249, -2.6574647426605225, 0.0, -6.736903667449951, 15.441165924072266, 4.786943435668945, 212.71717834472656, -0.0, 217.50411987304688)
(-2.7997632026672363, -2.582854986190796, 0.0, 0.0, 0.0, 0.0, 1000, 1000, 1000, 1000, -2.7405600547790527, -2.9002163410186768, 0.0, -6.715409278869629, 15.54238510131836, 7.136602878570557, 213.3426971435547, 0.0, 220.47930908203125)
(-2.6853973865509033, -2.397062301635742, 0.0, -1.0, 0.0, 0.0, 1000, 1000, 1000, 1000, -1.79787278175354, -1.7609896659851074, 0.0, -6.70580530166626, 15.77759838104248, 3.7866640090942383, 213.8898468017578, -0.0, 217.676513671875)
(-2.5624518394470215, -2.3197429180145264, 0.0, 0.0, 0.0, 0.0, 1000, 1000, 1000, 1000, -2.2018890380859375, -2.318554162979126, 0.0, -6.631414413452148, 15.947874069213867, 7.473203182220459, 214.43991088867188, 0.0, 221.91311645507812)
(-2.5020101070404053, -2.328888416290283, 0.0, -1.0, 0.0, 0.0, 1000, 1000, 1000, 1000, -2.3165812492370605, -2.5132009983062744, 0.0, -6.579736232757568, 16.085222244262695, 3.0995376110076904, 214.93408203125, 0.0, 218.03363037109375)
(-2.554105758666992, -2.1895997524261475, 0.0, -1.0, 0.0, 0.0, 1000, 1000, 1000, 1000, -2.2384192943573, -2.3302671909332275, 0.0, -6.7431511878967285, 16.282480239868164, 4.3730692863464355, 215.50860595703125, -0.0, 219.88168334960938)
(-2.403493881225586, -2.186331272125244, 0.0, -1.0, 0.0, 0.0, 1000, 1000, 1000, 1000, -2.4432623386383057, -2.44529390335083, 0.0, -6.720438480377197, 16.324859619140625, 3.6459298133850098, 216.06295776367188, 0.0, 219.70887756347656)
(-2.4445018768310547, -2.148756265640259, 0.0, -1.0, 0.0, 0.0, 1000, 1000, 1000, 1000, -1.9602677822113037, -2.0333786010742188, 0.0, -6.810529708862305, 16.4833984375, 3.7027180194854736, 216.58172607421875, 0.0, 220.28443908691406)
(-2.4628729820251465, -2.183105707168579, 0.0, -1.0, 0.0, 0.0, 1000, 1000, 1000, 1000, -2.2397301197052, -2.3762969970703125, 0.0, -6.891630172729492, 16.555959701538086, 3.611450672149658, 217.06930541992188, -0.0, 220.68075561523438)
(-2.418304204940796, -2.1817028522491455, 0.0, -1.0, 0.0, 0.0, 1000, 1000, 1000, 1000, -2.2671802043914795, -2.266860246658325, 0.0, -6.899862289428711, 16.66785430908203, 3.835394859313965, 217.5631866455078, 0.0, 221.39857482910156)
(-2.4975998401641846, -2.202702522277832, 0.0, -1.0, 0.0, 0.0, 1000, 1000, 1000, 1000, -2.368391513824463, -2.4595494270324707, 0.0, -7.006113052368164, 16.780664443969727, 3.7135117053985596, 218.15414428710938, -0.0, 221.86764526367188)
(-2.59722900390625, -2.400813341140747, 0.0, -1.0, 0.0, 0.0, 1000, 1000, 1000, 1000, -3.2728686332702637, -3.313220977783203, 0.0, -6.965259552001953, 16.83904457092285, 3.5205116271972656, 218.59207153320312, -0.0, 222.11257934570312)
(-2.5317330360412598, -2.2790050506591797, 0.0, 0.0, 0.0, 0.0, 1000, 1000, 1000, 1000, -2.163485527038574, -2.185448169708252, 0.0, -6.983704090118408, 17.01435661315918, 6.87811279296875, 219.1346435546875, 0.0, 226.01275634765625)
(-2.2527971267700195, -2.134573459625244, 0.0, -1.0, 0.0, 0.0, 1000, 1000, 1000, 1000, -1.7402753829956055, -1.8390450477600098, 0.0, -6.869985103607178, 17.15277099609375, 2.583212375640869, 219.59524536132812, -0.0, 222.17845153808594)
(-2.1204073429107666, -1.919437050819397, 0.0, 0.0, 0.0, 0.0, 1000, 1000, 1000, 1000, -1.868181824684143, -2.021451473236084, 0.0, -6.902150630950928, 17.324573516845703, 5.895530700683594, 220.018310546875, 0.0, 225.91384887695312)
(-2.0075669288635254, -1.8934335708618164, 0.0, -1.0, 0.0, 0.0, 1000, 1000, 1000, 1000, -1.9286457300186157, -2.091925621032715, 0.0, -6.867242336273193, 17.420459747314453, 2.396965980529785, 220.39256286621094, -0.0, 222.78953552246094)
(-1.9912406206130981, -1.9779434204101562, 0.0, -1.0, 0.0, 0.0, 1000, 1000, 1000, 1000, -2.561655282974243, -2.678457736968994, 0.0, -6.836297035217285, 17.432052612304688, 2.5695648193359375, 220.75167846679688, -0.0, 223.3212432861328)
(-1.9085947275161743, -2.0520591735839844, 0.0, -1.0, 0.0, 0.0, 1000, 1000, 1000, 1000, -2.212921380996704, -2.3367788791656494, 0.0, -6.690260410308838, 17.465587615966797, 1.829413652420044, 221.0701446533203, 0.0, 222.89955139160156)
(-1.5338935852050781, -2.364110231399536, 0.0, -1.0, 0.0, 0.0, 1000, 1000, 1000, 1000, -1.9731776714324951, -2.37893009185791, 0.0, -6.1584014892578125, 17.25187110900879, -1.6683149337768555, 221.21876525878906, -0.0, 219.55044555664062)
(-0.9212256073951721, -2.052940607070923, 0.0, 0.0, 0.0, 0.0, 1000, 1000, 1000, 1000, -0.3772692084312439, -0.882573127746582, 0.0, -5.522731304168701, 17.2872371673584, 2.668917655944824, 221.11253356933594, 0.0, 223.78146362304688)
(-0.8179133534431458, -1.5464566946029663, 0.0, -1.0, 0.0, 0.0, 1000, 1000, 1000, 1000, -0.5020466446876526, -0.9787112474441528, 0.0, -5.578678131103516, 17.4796199798584, -0.9887531995773315, 221.14588928222656, -0.0, 220.15713500976562)
(-0.5877947211265564, -1.3176391124725342, 0.0, 0.0, 0.0, 0.0, 1000, 1000, 1000, 1000, -0.3532326817512512, -0.9788753986358643, 0.0, -5.405506134033203, 17.571237564086914, 1.149364948272705, 221.0688934326172, 0.0, 222.21826171875)
(-0.3769742250442505, -1.1797453165054321, 0.0, -1.0, 0.0, 0.0, 1000, 1000, 1000, 1000, -0.49117201566696167, -1.1831204891204834, 0.0, -5.240568161010742, 17.628093719482422, -2.258784055709839, 220.94351196289062, 0.0, 218.68472290039062)
(-0.42860114574432373, -0.965186595916748, 0.0, 0.0, 0.0, 0.0, 1000, 1000, 1000, 1000, -0.8083741664886475, -1.2794055938720703, 0.0, -5.332945823669434, 17.747915267944336, 2.4739418029785156, 220.86477661132812, 0.0, 223.33872985839844)
(-0.7442440390586853, -1.0787616968154907, 0.0, -1.0, 0.0, 0.0, 1000, 1000, 1000, 1000, -0.764655351638794, -1.2627744674682617, 0.0, -5.602914810180664, 17.802492141723633, -0.5631703734397888, 220.9581298828125, -0.0, 220.39495849609375)
(-0.8596383929252625, -1.1283941268920898, 0.0, 0.0, 0.0, 0.0, 1000, 1000, 1000, 1000, -0.7809693217277527, -1.3742880821228027, 0.0, -5.701544761657715, 17.896400451660156, 2.758852005004883, 220.98855590820312, 0.0, 223.74740600585938)
(-0.9006800651550293, -1.063408613204956, 0.0, -1.0, 0.0, 0.0, 1000, 1000, 1000, 1000, -0.9279823899269104, -1.549975872039795, 0.0, -5.788740634918213, 18.11728286743164, -0.44647055864334106, 221.1147918701172, -0.0, 220.66831970214844)
(-0.9839471578598022, -1.0906970500946045, 0.0, -1.0, 0.0, 0.0, 1000, 1000, 1000, 1000, -0.7832561731338501, -1.3277781009674072, 0.0, -5.907338619232178, 18.250669479370117, 0.7677947282791138, 221.21795654296875, 0.0, 221.98574829101562)
(-1.0190006494522095, -0.9981469511985779, 0.0, -1.0, 0.0, 0.0, 1000, 1000, 1000, 1000, -0.6198829412460327, -1.058718204498291, 0.0, -6.036604881286621, 18.495786666870117, -0.6537178754806519, 221.432373046875, -0.0, 220.77865600585938)
(-1.1943233013153076, -0.9727565050125122, 0.0, -1.0, 0.0, 0.0, 1000, 1000, 1000, 1000, -1.3032923936843872, -1.7463890314102173, 0.0, -6.261605739593506, 18.748687744140625, 1.7815399169921875, 221.62832641601562, -0.0, 223.4098663330078)
(-0.962683916091919, -1.0185325145721436, 0.0, -1.0, 0.0, 0.0, 1000, 1000, 1000, 1000, -0.5461143255233765, -1.0283617973327637, 0.0, -6.1295928955078125, 18.873233795166016, -0.7030463218688965, 221.7240753173828, 0.0, 221.02102661132812)
(-0.9915135502815247, -0.9980842471122742, 0.0, -1.0, 0.0, 0.0, 1000, 1000, 1000, 1000, -1.2298027276992798, -1.4830431938171387, 0.0, -6.223190784454346, 19.02277374267578, 0.22268632054328918, 221.80165100097656, 0.0, 222.0243377685547)
(-0.8537094593048096, -1.0440785884857178, 0.0, -1.0, 0.0, 0.0, 1000, 1000, 1000, 1000, -0.7503941655158997, -1.3139485120773315, 0.0, -6.109471797943115, 19.129331588745117, -0.4419458508491516, 221.806640625, 0.0, 221.3647003173828)
(-0.5355231165885925, -0.8602848052978516, 0.0, 0.0, -1.0, 0.0, 1000, 1000, 1000, 1000, -0.1285003423690796, -0.6551552414894104, 0.0, -6.00825309753418, 19.275068283081055, 0.14978337287902832, 221.7960662841797, -0.0, 221.9458465576172)
(-0.20595590770244598, -0.703934371471405, 0.0, -1.0, 0.0, 0.0, 1000, 1000, 1000, 1000, -0.24462896585464478, -0.8040787577629089, 0.0, -5.806270599365234, 19.384822845458984, -2.6405980587005615, 221.68385314941406, -0.0, 219.0432586669922)
(0.7337393164634705, -0.6335656046867371, 0.0, 0.0, 0.0, 0.0, 1000, 1000, 1000, 1000, 0.8003215789794922, -0.11410057544708252, 0.0, -4.853527545928955, 19.390920639038086, -4.974592208862305, 221.18453979492188, -0.0, 216.20994567871094)
(2.8012819290161133, -0.29065266251564026, 0.0, -1.0, 0.0, 0.0, 1000, 1000, 1000, 1000, 3.291362762451172, 1.8661646842956543, 0.0, -2.779137372970581, 19.236957550048828, -17.704423904418945, 219.87973022460938, -0.0, 202.17530822753906)
(6.996692657470703, 1.032192587852478, 0.0, -1.0, 0.0, 0.0, 1000, 1000, 1000, 1000, 8.047577857971191, 5.6096882820129395, 0.0, 1.2862589359283447, 19.11089324951172, -33.63502502441406, 217.11709594726562, -0.0, 183.48207092285156)
(11.563759803771973, 3.929189443588257, 0.0, 0.0, 0.0, 0.0, 1000, 1000, 1000, 1000, 12.289365768432617, 9.237587928771973, 0.0, 4.960496425628662, 18.94565200805664, -34.71732711791992, 213.18478393554688, -0.0, 178.4674530029297)
(14.949726104736328, 6.686554908752441, 0.0, -1.0, 0.0, 0.0, 1000, 1000, 1000, 1000, 15.974496841430664, 12.393939971923828, 0.0, 7.992966175079346, 19.135595321655273, -53.21272659301758, 208.45333862304688, -0.0, 155.24061584472656)
(19.86499786376953, 10.352697372436523, 0.0, 0.0, 0.0, 0.0, 1000, 1000, 1000, 1000, 21.790319442749023, 17.380401611328125, 0.0, 11.807600975036621, 19.18223762512207, -54.72346878051758, 202.21897888183594, 0.0, 147.49551391601562)
(21.555177688598633, 13.233380317687988, 0.0, -1.0, 0.0, 0.0, 1000, 1000, 1000, 1000, 22.36655044555664, 17.88202667236328, 0.0, 12.833211898803711, 19.1442813873291, -57.012943267822266, 195.87107849121094, 0.0, 138.85813903808594)
(22.333515167236328, 15.39429759979248, 0.0, 0.0, 0.0, 0.0, 1000, 1000, 1000, 1000, 23.604663848876953, 19.152254104614258, 0.0, 13.205162048339844, 19.369434356689453, -57.05329895019531, 189.4720916748047, -0.0, 132.41879272460938)
(23.128063201904297, 16.898344039916992, 0.0, -1.0, 0.0, 0.0, 1000, 1000, 1000, 1000, 23.886592864990234, 18.985248565673828, 0.0, 13.656379699707031, 19.599164962768555, -60.21345138549805, 182.8131866455078, 0.0, 122.59973907470703)
(23.376907348632812, 18.195737838745117, 0.0, -1.0, 0.0, 0.0, 1000, 1000, 1000, 1000, 23.97115135192871, 19.188404083251953, 0.0, 13.416894912719727, 19.955562591552734, -60.911781311035156, 176.26736450195312, -0.0, 115.35558319091797)
(23.936744689941406, 19.083528518676758, 0.0, -1.0, 0.0, 0.0, 1000, 1000, 1000, 1000, 25.055465698242188, 20.285993576049805, 0.0, 13.569487571716309, 20.352510452270508, -62.06747055053711, 169.47021484375, 0.0, 107.40274047851562)
(23.976001739501953, 19.402727127075195, 0.0, -1.0, 0.0, 0.0, 1000, 1000, 1000, 1000, 24.298816680908203, 19.515417098999023, 0.0, 13.404090881347656, 20.49885368347168, -62.36378479003906, 162.6842498779297, 0.0, 100.32046508789062)
(23.661720275878906, 19.726314544677734, 0.0, 0.0, 0.0, 0.0, 1000, 1000, 1000, 1000, 24.16347312927246, 19.57662582397461, 0.0, 12.932901382446289, 20.874462127685547, -57.85857009887695, 156.04962158203125, -0.0, 98.19105529785156)
(23.814311981201172, 19.548736572265625, 0.0, -1.0, 0.0, 0.0, 1000, 1000, 1000, 1000, 23.949018478393555, 19.274993896484375, 0.0, 13.082138061523438, 20.963029861450195, -63.04187774658203, 149.20553588867188, 0.0, 86.16365814208984)
(23.552814483642578, 19.490673065185547, 0.0, -1.0, 0.0, 0.0, 1000, 1000, 1000, 1000, 23.464826583862305, 18.936620712280273, 0.0, 12.753480911254883, 21.03757095336914, -60.14727783203125, 142.4875946044922, -0.0, 82.3403091430664)
(23.717741012573242, 19.514785766601562, 0.0, 0.0, 0.0, 0.0, 1000, 1000, 1000, 1000, 24.039505004882812, 19.38324546813965, 0.0, 12.930156707763672, 21.319734573364258, -59.87362289428711, 135.7860565185547, 0.0, 75.91243743896484)
(23.91309928894043, 19.695627212524414, 0.0, -1.0, 0.0, 0.0, 1000, 1000, 1000, 1000, 24.636259078979492, 19.937999725341797, 0.0, 12.964149475097656, 21.571409225463867, -63.62421417236328, 128.97500610351562, -0.0, 65.35079193115234)
(24.443960189819336, 19.796646118164062, 0.0, -1.0, 0.0, 0.0, 1000, 1000, 1000, 1000, 24.19605827331543, 19.4529972076416, 0.0, 13.298752784729004, 21.565462112426758, -63.457462310791016, 121.97384643554688, 0.0, 58.51638412475586)
(24.417648315429688, 19.935226440429688, 0.0, 0.0, 0.0, 0.0, 1000, 1000, 1000, 1000, 24.283117294311523, 19.604251861572266, 0.0, 13.216435432434082, 21.71561622619629, -60.693511962890625, 115.04053497314453, -0.0, 54.34701919555664)
(24.66114616394043, 20.012399673461914, 0.0, 0.0, 0.0, 0.0, 1000, 1000, 1000, 1000, 24.991811752319336, 20.296110153198242, 0.0, 13.380156517028809, 21.80402946472168, -62.11018371582031, 108.01132202148438, 0.0, 45.90113830566406)
(24.606534957885742, 20.174760818481445, 0.0, 0.0, 0.0, 0.0, 1000, 1000, 1000, 1000, 24.834575653076172, 20.23651695251465, 0.0, 13.274971008300781, 21.967748641967773, -61.973655700683594, 101.0615005493164, -0.0, 39.08784866333008)
(24.80360221862793, 20.161306381225586, 0.0, -1.0, 0.0, 0.0, 1000, 1000, 1000, 1000, 24.90420913696289, 20.16940689086914, 0.0, 13.40164852142334, 21.951744079589844, -64.50900268554688, 93.97842407226562, -0.0, 29.469419479370117)
(24.657739639282227, 20.235530853271484, 0.0, 0.0, 0.0, 0.0, 1000, 1000, 1000, 1000, 24.68646240234375, 19.965373992919922, 0.0, 13.23304557800293, 22.073999404907227, -61.2175178527832, 86.79057312011719, -0.0, 25.573057174682617)
(24.649192810058594, 20.23174285888672, 0.0, -1.0, 0.0, 0.0, 1000, 1000, 1000, 1000, 24.090829849243164, 19.23979949951172, 0.0, 13.222678184509277, 22.243818283081055, -64.35164642333984, 79.7509765625, -0.0, 15.399328231811523)
(24.315900802612305, 20.405065536499023, 0.0, 0.0, 0.0, 0.0, 1000, 1000, 1000, 1000, 24.899858474731445, 20.52214813232422, 0.0, 12.775725364685059, 22.47705078125, -58.59463119506836, 72.95480346679688, 0.0, 14.3601713180542)
(24.351072311401367, 20.27056312561035, 0.0, -1.0, 0.0, 0.0, 1000, 1000, 1000, 1000, 24.400249481201172, 19.708885192871094, 0.0, 12.747828483581543, 22.62111473083496, -64.55146026611328, 66.04804992675781, -0.0, 1.4965925216674805)
(24.563922882080078, 20.183855056762695, 0.0, 0.0, 0.0, 0.0, 1000, 1000, 1000, 1000, 24.796783447265625, 20.138608932495117, 0.0, 12.85316276550293, 22.640174865722656, -60.57139205932617, 58.983333587646484, 0.0, -1.5880581140518188)
(24.499879837036133, 20.112567901611328, 0.0, 0.0, 0.0, 0.0, 1000, 1000, 1000, 1000, 24.338903427124023, 19.68636703491211, 0.0, 12.761089324951172, 22.665475845336914, -61.508846282958984, 52.00148010253906, 0.0, -9.507368087768555)
(24.44330406188965, 19.977827072143555, 0.0, -1.0, 0.0, 0.0, 1000, 1000, 1000, 1000, 24.653472900390625, 19.996728897094727, 0.0, 12.751487731933594, 22.669443130493164, -60.437530517578125, 45.02116394042969, -0.0, -15.416366577148438)
(24.05611228942871, 19.889524459838867, 0.0, 0.0, 0.0, 0.0, 1000, 1000, 1000, 1000, 23.575984954833984, 18.97751235961914, 0.0, 12.35148811340332, 22.700695037841797, -59.881134033203125, 38.21714401245117, 0.0, -21.663990020751953)
(24.164531707763672, 19.87639808654785, 0.0, 0.0, 0.0, 0.0, 1000, 1000, 1000, 1000, 23.683595657348633, 19.088111877441406, 0.0, 12.496609687805176, 22.894142150878906, -60.5027961730957, 31.332555770874023, 0.0, -29.17024040222168)
(24.130695343017578, 19.949541091918945, 0.0, -1.0, 0.0, 0.0, 1000, 1000, 1000, 1000, 24.512786865234375, 20.101964950561523, 0.0, 12.392494201660156, 23.02280044555664, -62.26271057128906, 24.517362594604492, 0.0, -37.7453498840332)
(24.239582061767578, 19.710145950317383, 0.0, -1.0, 0.0, 0.0, 1000, 1000, 1000, 1000, 24.056373596191406, 19.44363784790039, 0.0, 12.505758285522461, 22.919296264648438, -61.55931854248047, 17.654212951660156, 0.0, -43.90510559082031)
(24.20829200744629, 19.65630340576172, 0.0, 0.0, 0.0, 0.0, 1000, 1000, 1000, 1000, 23.776466369628906, 18.89311408996582, 0.0, 12.49737548828125, 22.952062606811523, -59.94145965576172, 10.640660285949707, 0.0, -49.30080032348633)
(24.124662399291992, 19.670785903930664, 0.0, -1.0, 0.0, 0.0, 1000, 1000, 1000, 1000, 23.858097076416016, 19.188867568969727, 0.0, 12.399358749389648, 23.10373878479004, -63.238487243652344, 3.7799389362335205, 0.0, -59.45854949951172)
(24.158611297607422, 19.574108123779297, 0.0, 0.0, 0.0, 0.0, 1000, 1000, 1000, 1000, 24.53215980529785, 19.75577735900879, 0.0, 12.462775230407715, 23.134689331054688, -59.6800651550293, -3.1116394996643066, 0.0, -62.79170608520508)
(23.956838607788086, 19.443889617919922, 0.0, -1.0, 0.0, 0.0, 1000, 1000, 1000, 1000, 23.299331665039062, 18.641447067260742, 0.0, 12.274514198303223, 23.098102569580078, -63.062828063964844, -9.909786224365234, -0.0, -72.97261810302734)
(23.828081130981445, 19.36878776550293, 0.0, -1.0, 0.0, 0.0, 1000, 1000, 1000, 1000, 23.773712158203125, 19.090486526489258, 0.0, 12.247679710388184, 23.209230422973633, -61.17081069946289, -16.792680740356445, -0.0, -77.96349334716797)
(23.76203727722168, 19.3997802734375, 0.0, -1.0, 0.0, 0.0, 1000, 1000, 1000, 1000, 24.109169006347656, 19.404422760009766, 0.0, 12.199662208557129, 23.402528762817383, -62.17948532104492, -23.579618453979492, 0.0, -85.75910186767578)
(23.85101318359375, 19.517911911010742, 0.0, -1.0, 0.0, 0.0, 1000, 1000, 1000, 1000, 24.079591751098633, 19.440284729003906, 0.0, 12.17268180847168, 23.561521530151367, -61.83789825439453, -30.31130599975586, -0.0, -92.14920043945312)
(23.909543991088867, 19.561220169067383, 0.0, 0.0, 0.0, 0.0, 1000, 1000, 1000, 1000, 24.25433921813965, 19.557729721069336, 0.0, 12.161401748657227, 23.702381134033203, -62.212886810302734, -37.11875534057617, 0.0, -99.3316421508789)
(23.902873992919922, 19.551345825195312, 0.0, -1.0, 0.0, 0.0, 1000, 1000, 1000, 1000, 24.08094596862793, 19.56355857849121, 0.0, 12.078624725341797, 23.77753448486328, -62.31816101074219, -43.91456985473633, -0.0, -106.23273468017578)
(23.930727005004883, 19.49866485595703, 0.0, -1.0, 0.0, 0.0, 1000, 1000, 1000, 1000, 23.986316680908203, 19.344280242919922, 0.0, 12.084721565246582, 23.84567642211914, -62.09815979003906, -50.71439743041992, 0.0, -112.81255340576172)
(23.972721099853516, 19.554719924926758, 0.0, -1.0, 0.0, 0.0, 1000, 1000, 1000, 1000, 23.976581573486328, 19.265682220458984, 0.0, 12.074963569641113, 23.995677947998047, -62.8586311340332, -57.566307067871094, -0.0, -120.42494201660156)
(23.899341583251953, 19.603200912475586, 0.0, -1.0, 0.0, 0.0, 1000, 1000, 1000, 1000, 24.18935203552246, 19.538333892822266, 0.0, 12.005449295043945, 24.191871643066406, -61.745304107666016, -64.34761047363281, 0.0, -126.09291076660156)
(23.98342514038086, 19.712873458862305, 0.0, -1.0, 0.0, 0.0, 1000, 1000, 1000, 1000, 24.174375534057617, 19.55487823486328, 0.0, 11.937615394592285, 24.355894088745117, -62.336612701416016, -71.15238189697266, 0.0, -133.48899841308594)
(24.058591842651367, 19.584938049316406, 0.0, -1.0, 0.0, 0.0, 1000, 1000, 1000, 1000, 24.023157119750977, 19.336149215698242, 0.0, 12.006826400756836, 24.355131149291992, -62.646480560302734, -78.02702331542969, 0.0, -140.6735076904297)
(23.971450805664062, 19.620166778564453, 0.0, -1.0, 0.0, 0.0, 1000, 1000, 1000, 1000, 24.120038986206055, 19.489526748657227, 0.0, 11.875879287719727, 24.48288345336914, -62.276187896728516, -84.83580017089844, -0.0, -147.1119842529297)
(24.013757705688477, 19.50031089782715, 0.0, -1.0, 0.0, 0.0, 1000, 1000, 1000, 1000, 23.886241912841797, 19.212909698486328, 0.0, 11.912616729736328, 24.488834381103516, -62.09231948852539, -91.9784164428711, 0.0, -154.07073974609375)
(23.896371841430664, 19.390777587890625, 0.0, -1.0, 0.0, 0.0, 1000, 1000, 1000, 1000, 24.09650421142578, 19.255796432495117, 0.0, 11.824506759643555, 24.535327911376953, -62.68300247192383, -98.74675750732422, -0.0, -161.4297637939453)
(23.93768882751465, 19.272907257080078, 0.0, -1.0, 0.0, 0.0, 1000, 1000, 1000, 1000, 23.668691635131836, 18.917980194091797, 0.0, 11.955142974853516, 24.56627082824707, -62.28324890136719, -105.6793441772461, 0.0, -167.9626007080078)
(23.848308563232422, 19.389135360717773, 0.0, -1.0, 0.0, 0.0, 1000, 1000, 1000, 1000, 23.900440216064453, 19.194721221923828, 0.0, 11.881363868713379, 24.795839309692383, -62.36467742919922, -112.47030639648438, -0.0, -174.83497619628906)
(24.133726119995117, 19.62089729309082, 0.0, 0.0, 0.0, 0.0, 1000, 1000, 1000, 1000, 24.41014289855957, 19.596355438232422, 0.0, 12.07465648651123, 25.049041748046875, -60.73065948486328, -119.36262512207031, 0.0, -180.09329223632812)
(24.42741584777832, 20.043821334838867, 0.0, -1.0, 0.0, 0.0, 1000, 1000, 1000, 1000, 25.31462287902832, 20.73664665222168, 0.0, 12.074048042297363, 25.321447372436523, -63.69049072265625, -126.29457092285156, -0.0, -189.9850616455078)
(24.715648651123047, 19.988298416137695, 0.0, -1.0, 0.0, 0.0, 1000, 1000, 1000, 1000, 24.729663848876953, 19.734756469726562, 0.0, 12.301491737365723, 25.34034538269043, -64.5787582397461, -133.3726348876953, 0.0, -197.95140075683594)
(24.563352584838867, 20.113168716430664, 0.0, -1.0, 0.0, 0.0, 1000, 1000, 1000, 1000, 24.456302642822266, 19.81536865234375, 0.0, 12.131978034973145, 25.517173767089844, -61.53033447265625, -140.37850952148438, -0.0, -201.90884399414062)
(24.78168487548828, 20.322736740112305, 0.0, 0.0, 0.0, 0.0, 1000, 1000, 1000, 1000, 24.883056640625, 19.987789154052734, 0.0, 12.281214714050293, 25.843852996826172, -61.64933395385742, -147.48655700683594, 0.0, -209.13589477539062)
(24.79445457458496, 20.35594940185547, 0.0, -1.0, 0.0, 0.0, 1000, 1000, 1000, 1000, 24.810869216918945, 20.035751342773438, 0.0, 12.158500671386719, 25.932113647460938, -64.40991973876953, -154.49545288085938, -0.0, -218.90538024902344)
(24.778141021728516, 20.368192672729492, 0.0, 0.0, 0.0, 0.0, 1000, 1000, 1000, 1000, 24.989351272583008, 20.199846267700195, 0.0, 12.12648868560791, 26.090347290039062, -61.731937408447266, -161.55821228027344, -0.0, -223.29014587402344)
(24.84716033935547, 20.523929595947266, 0.0, -1.0, 0.0, 0.0, 1000, 1000, 1000, 1000, 25.022235870361328, 20.324748992919922, 0.0, 12.10590934753418, 26.37159538269043, -64.66363525390625, -168.6731414794922, -0.0, -233.33677673339844)
(24.988489151000977, 20.611507415771484, 0.0, -1.0, 0.0, 0.0, 1000, 1000, 1000, 1000, 25.054079055786133, 20.2725830078125, 0.0, 12.116275787353516, 26.52342987060547, -64.94073486328125, -175.78082275390625, -0.0, -240.7215576171875)
(25.060041427612305, 20.53577995300293, 0.0, -1.0, 0.0, 0.0, 1000, 1000, 1000, 1000, 24.90082550048828, 20.233966827392578, 0.0, 12.110481262207031, 26.55162811279297, -64.90619659423828, -182.97262573242188, 0.0, -247.87881469726562)
(25.037492752075195, 20.49089241027832, 0.0, -1.0, 0.0, 0.0, 1000, 1000, 1000, 1000, 25.003875732421875, 20.206966400146484, 0.0, 12.122523307800293, 26.677093505859375, -65.39861297607422, -190.10784912109375, -0.0, -255.50645446777344)
(25.076669692993164, 20.477476119995117, 0.0, -1.0, 0.0, 0.0, 1000, 1000, 1000, 1000, 24.9926700592041, 20.239362716674805, 0.0, 12.171607971191406, 26.79218292236328, -65.14594268798828, -197.27017211914062, 0.0, -262.4161071777344)
(25.08844566345215, 20.5637149810791, 0.0, -1.0, 0.0, 0.0, 1000, 1000, 1000, 1000, 25.285545349121094, 20.34441375732422, 0.0, 12.123130798339844, 26.977394104003906, -65.32781982421875, -204.43202209472656, -0.0, -269.7598571777344)
(25.204198837280273, 20.593721389770508, 0.0, -1.0, 0.0, 0.0, 1000, 1000, 1000, 1000, 25.34288787841797, 20.529621124267578, 0.0, 12.160326957702637, 27.056671142578125, -65.3885498046875, -211.70298767089844, 0.0, -277.091552734375)
(25.045757293701172, 20.40397071838379, 0.0, -1.0, 0.0, 0.0, 1000, 1000, 1000, 1000, 24.847537994384766, 20.0631160736084, 0.0, 12.049200057983398, 27.05652618408203, -65.16012573242188, -218.79884338378906, -0.0, -283.9589538574219)
(25.14141845703125, 20.290803909301758, 0.0, -1.0, 0.0, 0.0, 1000, 1000, 1000, 1000, 25.24666404724121, 20.21875, 0.0, 12.163986206054688, 27.059274673461914, -62.96025466918945, -225.98243713378906, 0.0, -288.94268798828125)
(25.039749145507812, 20.34575843811035, 0.0, 0.0, 0.0, 0.0, 1000, 1000, 1000, 1000, 24.98713493347168, 20.11663055419922, 0.0, 12.08487319946289, 27.20210838317871, -62.736568450927734, -233.1649627685547, 0.0, -295.90155029296875)
(24.959224700927734, 20.226913452148438, 0.0, -1.0, 0.0, 0.0, 1000, 1000, 1000, 1000, 24.834091186523438, 19.884061813354492, 0.0, 12.102401733398438, 27.276351928710938, -64.88282012939453, -236.26593017578125, 0.0, -300.0)
(24.951509475708008, 20.30373191833496, 0.0, -1.0, 0.0, 0.0, 1000, 1000, 1000, 1000, 25.303180694580078, 20.386638641357422, 0.0, 12.09157943725586, 27.47208595275879, -64.9702377319336, -237.214599609375, -0.0, -300.0)
(25.118146896362305, 20.482397079467773, 0.0, 0.0, 0.0, 0.0, 1000, 1000, 1000, 1000, 25.42154312133789, 20.474626541137695, 0.0, 12.094470977783203, 27.64342498779297, -64.99048614501953, -237.97299194335938, 0.0, -300.0)
(25.189525604248047, 20.470422744750977, 0.0, -1.0, 0.0, 0.0, 1000, 1000, 1000, 1000, 25.608734130859375, 20.629993438720703, 0.0, 12.045233726501465, 27.688705444335938, -65.5347900390625, -238.72848510742188, -0.0, -300.0)
(24.984712600708008, 20.318920135498047, 0.0, -1.0, 0.0, 0.0, 1000, 1000, 1000, 1000, 24.55573844909668, 19.662158966064453, 0.0, 11.844470977783203, 27.67270278930664, -64.16909790039062, -238.72848510742188, 0.0, -300.0)
(24.75639533996582, 20.169275283813477, 0.0, -1.0, 0.0, 0.0, 1000, 1000, 1000, 1000, 24.69963836669922, 19.77069091796875, 0.0, 11.71108627319336, 27.769800186157227, -64.23855590820312, -239.46969604492188, 0.0, -300.0)
(24.672637939453125, 20.20537567138672, 0.0, 0.0, 0.0, 0.0, 1000, 1000, 1000, 1000, 25.172178268432617, 20.38483428955078, 0.0, 11.522062301635742, 27.903789520263672, -60.980377197265625, -240.028076171875, 0.0, -300.0)
(24.667856216430664, 19.97323226928711, 0.0, -1.0, 0.0, 0.0, 1000, 1000, 1000, 1000, 24.53447723388672, 19.5867977142334, 0.0, 11.464898109436035, 27.759733200073242, -63.468421936035156, -240.028076171875, 0.0, -300.0)
(23.212947845458984, 19.76536750793457, 0.0, 0.0, 0.0, 0.0, 1000, 1000, 1000, 1000, 23.232646942138672, 18.631174087524414, 0.0, 10.135022163391113, 27.97848129272461, -50.54761505126953, -244.249267578125, 0.0, -294.796875)
(19.012027740478516, 19.407062530517578, 0.0, 0.0, 0.0, 0.0, 1000, 1000, 1000, 1000, 18.647600173950195, 15.159767150878906, 0.0, 6.10316276550293, 28.997079849243164, -33.68860626220703, -249.0492706298828, 0.0, -282.7378845214844)
(11.561538696289062, 17.805572509765625, 0.0, 0.0, 0.0, 0.0, 1000, 1000, 1000, 1000, 11.00544548034668, 8.950359344482422, 0.0, -1.2972949743270874, 30.372230529785156, -3.995309829711914, -251.29673767089844, 0.0, -255.2920379638672)
(3.13525128364563, 12.691327095031738, 0.0, 0.0, 0.0, 0.0, 1000, 1000, 1000, 1000, -1.1304948329925537, -1.0371699333190918, 0.0, -9.107357025146484, 30.369186401367188, 2.558213233947754, -251.0586395263672, -0.0, -248.5004119873047)
(-0.08145809173583984, 7.820069313049316, 0.0, 0.0, 0.0, 0.0, 1000, 1000, 1000, 1000, 0.48126718401908875, 0.5456919074058533, 0.0, -11.53677749633789, 30.633209228515625, 6.377425670623779, -250.92381286621094, 0.0, -244.54640197753906)
(-0.2822032570838928, 4.524381637573242, 0.0, -1.0, 0.0, 0.0, 1000, 1000, 1000, 1000, -1.1277527809143066, -0.9926413297653198, 0.0, -11.560403823852539, 30.646018981933594, -5.635955333709717, -250.96397399902344, -0.0, -256.59991455078125)
(0.5622876882553101, 2.09834361076355, 0.0, 0.0, 0.0, 0.0, 1000, 1000, 1000, 1000, -0.4307428300380707, -0.7244035005569458, 0.0, -10.399582862854004, 30.022235870361328, -2.2746217250823975, -251.55862426757812, 0.0, -253.833251953125)
(-0.032903093844652176, 1.0299572944641113, 0.0, -1.0, 0.0, 0.0, 1000, 1000, 1000, 1000, -1.3347638845443726, -1.2730779647827148, 0.0, -10.459186553955078, 30.154706954956055, -2.661644697189331, -251.81546020507812, -0.0, -254.4770965576172)
(-0.014665761031210423, 0.3282608985900879, 0.0, 0.0, 0.0, 0.0, 1000, 1000, 1000, 1000, -0.4421265423297882, -0.5566385984420776, 0.0, -10.06208324432373, 30.25287628173828, -1.487725853919983, -252.06431579589844, 0.0, -253.55203247070312)
(-0.09868086874485016, 0.002927621128037572, 0.0, 0.0, 0.0, 0.0, 1000, 1000, 1000, 1000, 0.40715283155441284, 0.2181633710861206, 0.0, -9.961018562316895, 30.291440963745117, 1.0393850803375244, -252.27218627929688, 0.0, -251.2327880859375)
(-0.049971435219049454, -0.10489857941865921, 0.0, 0.0, 0.0, 0.0, 1000, 1000, 1000, 1000, -0.1986449807882309, -0.3580629825592041, 0.0, -9.907666206359863, 30.374515533447266, -1.612876296043396, -252.3962860107422, -0.0, -254.0091552734375)
(0.15389764308929443, 0.015604987740516663, 0.0, -1.0, 0.0, 0.0, 1000, 1000, 1000, 1000, 0.3672967553138733, 0.1243545413017273, 0.0, -9.727632522583008, 30.553173065185547, -1.985353946685791, -252.6884765625, 0.0, -254.673828125)
(0.17627549171447754, 0.046478524804115295, 0.0, -1.0, 0.0, 0.0, 1000, 1000, 1000, 1000, 0.5729159116744995, 0.2915514409542084, 0.0, -9.745619773864746, 30.668880462646484, -1.6602009534835815, -252.801513671875, -0.0, -254.4617156982422)
(0.25496986508369446, 0.29301717877388, 0.0, -1.0, 0.0, 0.0, 1000, 1000, 1000, 1000, 0.40532225370407104, 0.06085878610610962, 0.0, -9.803850173950195, 30.887479782104492, -0.9727904796600342, -253.15744018554688, 0.0, -254.13023376464844)
(0.2771083414554596, 0.3746272921562195, 0.0, -1.0, 0.0, 0.0, 1000, 1000, 1000, 1000, 0.3854060471057892, 0.10301551222801208, 0.0, -9.879308700561523, 31.087173461914062, -4.442770957946777, -253.36746215820312, -0.0, -257.81024169921875)
(0.4022957980632782, 0.3580503761768341, 0.0, 0.0, 0.0, 0.0, 1000, 1000, 1000, 1000, 0.7381086349487305, 0.5126819610595703, 0.0, -9.735860824584961, 31.21980094909668, -0.7313492298126221, -253.75340270996094, -0.0, -254.48475646972656)
(0.7138530611991882, 0.44599080085754395, 0.0, -1.0, 0.0, 0.0, 1000, 1000, 1000, 1000, 0.9358974099159241, 0.5087745189666748, 0.0, -9.549885749816895, 31.308826446533203, -6.144388675689697, -254.15296936035156, 0.0, -260.29736328125)
(0.974579393863678, 0.7163523435592651, 0.0, -1.0, 0.0, 0.0, 1000, 1000, 1000, 1000, 1.1981353759765625, 0.85797119140625, 0.0, -9.400035858154297, 31.500133514404297, -4.296204566955566, -254.67466735839844, -0.0, -258.9708557128906)
(1.110414981842041, 0.7086262702941895, 0.0, -1.0, 0.0, 0.0, 1000, 1000, 1000, 1000, 1.231142282485962, 0.8326324820518494, 0.0, -9.31131649017334, 31.499069213867188, -5.916281223297119, -255.22682189941406, -0.0, -261.1430969238281)
(1.2805644273757935, 0.8871445655822754, 0.0, -1.0, 0.0, 0.0, 1000, 1000, 1000, 1000, 1.714487910270691, 1.2534489631652832, 0.0, -9.211315155029297, 31.63367462158203, -5.869094371795654, -255.8367919921875, -0.0, -261.70587158203125)
(1.2994377613067627, 0.9026384353637695, 0.0, -1.0, 0.0, 0.0, 1000, 1000, 1000, 1000, 1.6319135427474976, 1.2673577070236206, 0.0, -9.241040229797363, 31.64862060546875, -3.294326066970825, -256.3156433105469, -0.0, -259.6099548339844)
(1.6317319869995117, 1.023112416267395, 0.0, -1.0, 0.0, 0.0, 1000, 1000, 1000, 1000, 1.8480143547058105, 1.2926499843597412, 0.0, -8.954910278320312, 31.758834838867188, -7.890305519104004, -257.0101623535156, 0.0, -264.9004821777344)
(1.7866243124008179, 1.3278084993362427, 0.0, -1.0, 0.0, 0.0, 1000, 1000, 1000, 1000, 1.8053419589996338, 1.2688145637512207, 0.0, -8.89820384979248, 31.980331420898438, -6.402536392211914, -257.7134094238281, 0.0, -264.1159362792969)
(2.0148162841796875, 1.7171211242675781, 0.0, 0.0, 0.0, 0.0, 1000, 1000, 1000, 1000, 1.8919343948364258, 1.5112401247024536, 0.0, -8.809940338134766, 32.343135833740234, -5.936430931091309, -258.3908996582031, -0.0, -264.32733154296875)
(2.5738112926483154, 2.2109012603759766, 0.0, -1.0, 0.0, 0.0, 1000, 1000, 1000, 1000, 3.6171200275421143, 3.052330493927002, 0.0, -8.445612907409668, 32.71829605102539, -8.507699012756348, -259.29156494140625, 0.0, -267.79925537109375)
(2.467236042022705, 2.6742563247680664, 0.0, -1.0, 0.0, 0.0, 1000, 1000, 1000, 1000, 2.893754005432129, 2.608152389526367, 0.0, -8.956435203552246, 32.939029693603516, -6.869309425354004, -260.04833984375, -0.0, -266.91766357421875)
(1.948853611946106, 2.4319045543670654, 0.0, -1.0, 0.0, 0.0, 1000, 1000, 1000, 1000, 2.718951940536499, 2.6590867042541504, 0.0, -9.661619186401367, 32.7787971496582, -5.3904266357421875, -260.5762634277344, -0.0, -265.9667053222656)
(1.22883939743042, 1.8377684354782104, 0.0, -1.0, 0.0, 0.0, 1000, 1000, 1000, 1000, 0.2336629182100296, 0.06497493386268616, 0.0, -10.453542709350586, 32.459590911865234, -3.026366949081421, -261.0186462402344, 0.0, -264.0450134277344)
(0.6808068156242371, 1.193678617477417, 0.0, -1.0, 0.0, 0.0, 1000, 1000, 1000, 1000, 0.39319610595703125, 0.2544916868209839, 0.0, -10.897140502929688, 32.371620178222656, -2.11360239982605, -261.20623779296875, -0.0, -263.31982421875)
(0.8059319853782654, 0.4978143870830536, 0.0, -1.0, 0.0, 0.0, 1000, 1000, 1000, 1000, 1.998410940170288, 1.519932508468628, 0.0, -10.241499900817871, 32.507896423339844, -6.633732795715332, -261.7929992675781, 0.0, -268.4267272949219)
(0.8458958864212036, 0.9813084602355957, 0.0, -1.0, 0.0, 0.0, 1000, 1000, 1000, 1000, -1.1533058881759644, -1.5791044235229492, 0.0, -10.277782440185547, 33.016136169433594, -3.8982765674591064, -262.2657470703125, -0.0, -266.1640319824219)
(0.3282782733440399, 1.3782862424850464, 0.0, -1.0, 0.0, 0.0, 1000, 1000, 1000, 1000, 1.31186842918396, 1.5814458131790161, 0.0, -10.503697395324707, 34.006370544433594, -2.070695638656616, -262.55462646484375, -0.0, -264.6253356933594)
(2.064141273498535, 1.5942823886871338, 0.0, 0.0, 0.0, 0.0, 1000, 1000, 1000, 1000, 5.044224739074707, 3.927408218383789, 0.0, -9.979917526245117, 33.57695007324219, -11.882913589477539, -263.20684814453125, -0.0, -275.0897521972656)
(2.8301892280578613, -0.36765342950820923, 0.0, -1.0, 0.0, 0.0, 1000, 1000, 1000, 1000, -2.1758360862731934, -2.5459811687469482, 0.0, -7.9370832443237305, 31.956214904785156, -11.298033714294434, -264.7430725097656, 0.0, -276.0411071777344)
(-1.2784855365753174, -2.613431692123413, 0.0, -1.0, 0.0, 0.0, 1000, 1000, 1000, 1000, -4.590185165405273, -5.467414379119873, 0.0, -9.81726360321045, 31.033653259277344, 8.363897323608398, -264.57562255859375, 0.0, -256.21173095703125)
(-3.8577258586883545, -4.001132488250732, 0.0, -1.0, 0.0, 0.0, 1000, 1000, 1000, 1000, -5.255237102508545, -5.5678205490112305, 0.0, -11.504611015319824, 30.626487731933594, 5.619924545288086, -263.4305114746094, -0.0, -257.8105773925781)
(-3.095430850982666, -3.0141491889953613, 0.0, -1.0, 0.0, 0.0, 1000, 1000, 1000, 1000, 1.9512391090393066, 1.436274528503418, 0.0, -11.93052864074707, 30.59813117980957, 22.84528350830078, -262.6688537597656, -0.0, -239.82357788085938)
(-3.4292984008789062, -3.194570302963257, 0.0, 0.0, 0.0, 0.0, 1000, 1000, 1000, 1000, -2.0233213901519775, -2.386317014694214, 0.0, -12.54394245147705, 30.606367111206055, 13.23788070678711, -261.6750793457031, 0.0, -248.4372100830078)
(-4.35111141204834, -4.179919719696045, 0.0, -1.0, 0.0, 0.0, 1000, 1000, 1000, 1000, -5.830048084259033, -6.320163726806641, 0.0, -12.341959953308105, 31.062162399291992, 5.969242095947266, -260.6336669921875, -0.0, -254.6644287109375)
(-2.2863078117370605, -2.071160316467285, 0.0, -1.0, 0.0, 0.0, 1000, 1000, 1000, 1000, -2.134204626083374, -2.6727294921875, 0.0, -10.212389945983887, 33.5546875, -5.198863983154297, -260.43890380859375, -0.0, -265.63775634765625)
(-0.022560449317097664, 0.09158695489168167, 0.0, 0.0, 0.0, 0.0, 1000, 1000, 1000, 1000, -1.6540803909301758, -2.2687931060791016, 0.0, -10.548973083496094, 33.36810302734375, 8.608230590820312, -260.37652587890625, 0.0, -251.76828002929688)
(-1.7272162437438965, -1.6927412748336792, 0.0, -1.0, 0.0, 0.0, 1000, 1000, 1000, 1000, -3.9028737545013428, -4.271031379699707, 0.0, -11.031898498535156, 33.03669357299805, -2.8465936183929443, -260.0527038574219, -0.0, -262.8992919921875)
(1.9123557806015015, 1.9337621927261353, 0.0, -1.0, 0.0, 0.0, 1000, 1000, 1000, 1000, 10.085206985473633, 10.507773399353027, 0.0, -8.97000503540039, 35.402099609375, -1.8235726356506348, -260.73687744140625, 0.0, -262.5604248046875)
(1.4231609106063843, 1.4503542184829712, 0.0, -1.0, 0.0, 0.0, 1000, 1000, 1000, 1000, 1.299454689025879, 0.7521231174468994, 0.0, -9.285554885864258, 35.250885009765625, -10.463390350341797, -261.1976013183594, 0.0, -271.6609802246094)
(2.093406915664673, 2.0625109672546387, 0.0, -1.0, 0.0, 0.0, 1000, 1000, 1000, 1000, 2.765162706375122, 2.155369997024536, 0.0, -9.320920944213867, 35.370704650878906, -8.785346031188965, -261.884765625, 0.0, -270.67010498046875)
(2.5162482261657715, 2.460838556289673, 0.0, -1.0, 0.0, 0.0, 1000, 1000, 1000, 1000, 4.0014967918396, 3.614030122756958, 0.0, -9.338907241821289, 35.50727844238281, -9.019279479980469, -262.6714782714844, -0.0, -271.6907653808594)
(2.7294070720672607, 2.6609408855438232, 0.0, -1.0, 0.0, 0.0, 1000, 1000, 1000, 1000, 3.2678048610687256, 2.983881711959839, 0.0, -9.385706901550293, 35.61199951171875, -8.911931991577148, -263.6044921875, 0.0, -272.51641845703125)
(2.7840287685394287, 2.712351083755493, 0.0, -1.0, 0.0, 0.0, 1000, 1000, 1000, 1000, 2.7490408420562744, 2.3410730361938477, 0.0, -9.443788528442383, 35.710933685302734, -9.368608474731445, -264.5679016113281, -0.0, -273.9365234375)
(2.8459396362304688, 2.7694127559661865, 0.0, 0.0, 0.0, 0.0, 1000, 1000, 1000, 1000, 3.0965259075164795, 2.748779296875, 0.0, -9.469244956970215, 35.84173583984375, -7.236800193786621, -265.5242004394531, 0.0, -272.7610168457031)
(2.8877999782562256, 2.806002140045166, 0.0, -1.0, 0.0, 0.0, 1000, 1000, 1000, 1000, 2.949007987976074, 2.666402816772461, 0.0, -9.512385368347168, 35.952857971191406, -9.536572456359863, -266.53167724609375, -0.0, -276.0682373046875)