
(-4.375933647155762, -5.317993640899658, 0.0, -1.0, 0.0, 0.0, 1000, 1000, 1000, 1000, -3.79994535446167, -5.081939220428467, 0.0)
(-4.335549354553223, -5.492707252502441, 0.0, -1.0, 0.0, 0.0, 1000, 1000, 1000, 1000, -2.357616662979126, -4.979092597961426, 0.0)
(-4.698014259338379, -6.3817667961120605, 0.0, -1.0, 0.0, 0.0, 1000, 1000, 1000, 1000, -5.053242206573486, -5.558295726776123, 0.0)
(-5.763696670532227, -9.642228126525879, 0.0, -1.0, 0.0, 0.0, 1000, 1000, 1000, 1000, -6.699820518493652, -13.710489273071289, 0.0)
(-8.026930809020996, -13.62148380279541, 0.0, 0.0, 0.0, 0.0, 1000, 1000, 1000, 1000, -14.672056198120117, -20.639686584472656, 0.0)
(-5.1028547286987305, -12.610527992248535, 0.0, -1.0, 0.0, 0.0, 1000, 1000, 1000, 1000, -13.794215202331543, -29.726787567138672, 0.0)
(-7.209230422973633, -13.251327514648438, 0.0, -1.0, 0.0, 0.0, 1000, 1000, 1000, 1000, -11.875849723815918, -15.82859992980957, 0.0)
(-6.776349067687988, -11.35838794708252, 0.0, -1.0, 0.0, 0.0, 1000, 1000, 1000, 1000, -9.748066902160645, -13.300233840942383, 0.0)
(-8.272018432617188, -13.809403419494629, 0.0, -1.0, 0.0, 0.0, 1000, 1000, 1000, 1000, -9.539088249206543, -19.193695068359375, 0.0)
(-11.844192504882812, -10.099822998046875, 0.0, -1.0, 0.0, 0.0, 1000, 1000, 1000, 1000, -11.767463684082031, -10.922174453735352, 0.0)
(-8.24539852142334, -6.219883918762207, 0.0, -1.0, 0.0, 0.0, 1000, 1000, 1000, 1000, -5.02373743057251, -4.361739635467529, 0.0)
(-5.36460018157959, -2.0841877460479736, 0.0, -1.0, 0.0, 0.0, 1000, 1000, 1000, 1000, -1.767188310623169, 0.8996455669403076, 0.0)
(-2.7636451721191406, 4.7034759521484375, 0.0, -1.0, 0.0, 0.0, 1000, 1000, 1000, 1000, -2.328472137451172, 7.927019119262695, 0.0)
(-2.22477126121521, 5.233863353729248, 0.0, -1.0, 0.0, 0.0, 1000, 1000, 1000, 1000, -2.2607574462890625, 7.056939125061035, 0.0)
(0.4735015034675598, 4.3016438484191895, 0.0, -1.0, 0.0, 0.0, 1000, 1000, 1000, 1000, 2.5856950283050537, 4.875231742858887, 0.0)
(1.4716969728469849, 3.7917308807373047, 0.0, 0.0, 0.0, 0.0, 1000, 1000, 1000, 1000, 2.217379570007324, 3.4171581268310547, 0.0)
(-0.01678152196109295, 0.9593552350997925, 0.0, -1.0, 0.0, 0.0, 1000, 1000, 1000, 1000, -0.9480116367340088, -1.335143804550171, 0.0)
(-0.13490474224090576, -0.5707387924194336, 0.0, 0.0, 0.0, 0.0, 1000, 1000, 1000, 1000, 0.38608771562576294, -0.6160046458244324, 0.0)
(0.339031457901001, 0.08494509011507034, 0.0, -1.0, 0.0, 0.0, 1000, 1000, 1000, 1000, -0.07736681401729584, -0.22055280208587646, 0.0)
(0.8235615491867065, 2.423180341720581, 0.0, -1.0, 0.0, 0.0, 1000, 1000, 1000, 1000, 0.407825231552124, 2.922222137451172, 0.0)
(0.22175687551498413, 3.1786348819732666, 0.0, -1.0, 0.0, 0.0, 1000, 1000, 1000, 1000, 0.004209280014038086, 3.6390862464904785, 0.0)
(0.358589768409729, 3.626201868057251, 0.0, -1.0, 0.0, 0.0, 1000, 1000, 1000, 1000, 0.0016558170318603516, 2.712860345840454, 0.0)
(0.6372901797294617, 3.1033506393432617, 0.0, -1.0, 0.0, 0.0, 1000, 1000, 1000, 1000, 0.5130184888839722, 1.706904649734497, 0.0)
(1.2967299222946167, 3.1971347332000732, 0.0, -1.0, 0.0, 0.0, 1000, 1000, 1000, 1000, 2.849353313446045, 4.0705671310424805, 0.0)
(1.4930250644683838, 3.624234914779663, 0.0, -1.0, 0.0, 0.0, 1000, 1000, 1000, 1000, 1.9169275760650635, 3.704190731048584, 0.0)
(0.8302521109580994, 3.4770750999450684, 0.0, -1.0, 0.0, 0.0, 1000, 1000, 1000, 1000, -0.6792140007019043, 1.9780144691467285, 0.0)
(0.6177271008491516, 3.083244800567627, 0.0, -1.0, 0.0, 0.0, 1000, 1000, 1000, 1000, 0.915839433670044, 3.178764820098877, 0.0)
(0.5641635656356812, 3.3692288398742676, 0.0, -1.0, 0.0, 0.0, 1000, 1000, 1000, 1000, 0.7724459171295166, 3.244940996170044, 0.0)
(0.8757012486457825, 3.365461587905884, 0.0, -1.0, 0.0, 0.0, 1000, 1000, 1000, 1000, 0.5966482162475586, 2.982501983642578, 0.0)
(1.4506536722183228, 3.2905352115631104, 0.0, -1.0, 0.0, 0.0, 1000, 1000, 1000, 1000, 2.2557718753814697, 2.965515375137329, 0.0)
(2.154834747314453, 3.592575788497925, 0.0, 0.0, 0.0, 0.0, 1000, 1000, 1000, 1000, 2.468207836151123, 4.286937236785889, 0.0)
(2.2930567264556885, 3.7269532680511475, 0.0, -1.0, 0.0, 0.0, 1000, 1000, 1000, 1000, 2.3618102073669434, 3.748053789138794, 0.0)
(2.0469069480895996, 3.101222515106201, 0.0, -1.0, 0.0, 0.0, 1000, 1000, 1000, 1000, 1.2959760427474976, 2.668328285217285, 0.0)
(1.3529088497161865, 1.7370288372039795, 0.0, -1.0, 0.0, 0.0, 1000, 1000, 1000, 1000, 1.269422173500061, 1.6588163375854492, 0.0)
(0.593584418296814, -0.3462125062942505, 0.0, -1.0, 0.0, 0.0, 1000, 1000, 1000, 1000, -0.9291782379150391, -2.996890068054199, 0.0)
(-1.0908002853393555, -1.7464665174484253, 0.0, -1.0, 0.0, 0.0, 1000, 1000, 1000, 1000, -1.9879423379898071, -2.522031307220459, 0.0)
(-2.6993136405944824, -1.9080179929733276, 0.0, -1.0, 0.0, 0.0, 1000, 1000, 1000, 1000, -2.933925151824951, -1.9940418004989624, 0.0)
(-2.7782154083251953, -1.8530704975128174, 0.0, -1.0, 0.0, 0.0, 1000, 1000, 1000, 1000, -2.376464366912842, -1.521181583404541, 0.0)
(-2.3147239685058594, -1.9521875381469727, 0.0, -1.0, 0.0, 0.0, 1000, 1000, 1000, 1000, -2.2233643531799316, -2.35624361038208, 0.0)
(-2.5151736736297607, -2.1723477840423584, 0.0, -1.0, 0.0, 0.0, 1000, 1000, 1000, 1000, -2.4055464267730713, -2.4758214950561523, 0.0)
(-2.338172435760498, -2.3960602283477783, 0.0, -1.0, 0.0, 0.0, 1000, 1000, 1000, 1000, -1.695430040359497, -2.000786781311035, 0.0)
(-2.587423086166382, -2.485137701034546, 0.0, -1.0, 0.0, 0.0, 1000, 1000, 1000, 1000, -2.670504331588745, -2.2872838973999023, 0.0)
(-2.6309685707092285, -2.418907642364502, 0.0, -1.0, 0.0, 0.0, 1000, 1000, 1000, 1000, -2.357271909713745, -2.6686244010925293, 0.0)
(-2.263495445251465, -2.6301889419555664, 0.0, 0.0, 0.0, 0.0, 1000, 1000, 1000, 1000, -1.9609941244125366, -2.487825393676758, 0.0)
(-2.2262465953826904, -2.5420033931732178, 0.0, -1.0, 0.0, 0.0, 1000, 1000, 1000, 1000, -2.1986351013183594, -2.7215383052825928, 0.0)
(-2.1377370357513428, -2.2280282974243164, 0.0, 0.0, 0.0, 0.0, 1000, 1000, 1000, 1000, -1.8952324390411377, -2.0882582664489746, 0.0)
(-2.154020309448242, -1.9277801513671875, 0.0, -1.0, 0.0, 0.0, 1000, 1000, 1000, 1000, -1.7912224531173706, -2.034597396850586, 0.0)
(-2.188664674758911, -2.0949325561523438, 0.0, -1.0, 0.0, 0.0, 1000, 1000, 1000, 1000, -1.6714107990264893, -1.8638949394226074, 0.0)
(-2.1693687438964844, -2.1457924842834473, 0.0, -1.0, 0.0, 0.0, 1000, 1000, 1000, 1000, -1.6492527723312378, -2.2919459342956543, 0.0)
(-2.070913314819336, -1.999948501586914, 0.0, -1.0, 0.0, 0.0, 1000, 1000, 1000, 1000, -2.134566307067871, -2.4861087799072266, 0.0)
(-2.1404449939727783, -1.9987233877182007, 0.0, -1.0, 0.0, 0.0, 1000, 1000, 1000, 1000, -1.889382243156433, -2.2342493534088135, 0.0)
(-2.3034889698028564, -2.060255289077759, 0.0, -1.0, -1.0, 0.0, 1000, 1000, 1000, 1000, -2.004650115966797, -1.7932733297348022, 0.0)
(-2.7588324546813965, -2.8631434440612793, 0.0, -1.0, 0.0, 0.0, 1000, 1000, 1000, 1000, -2.5815091133117676, -3.135768413543701, 0.0)
(-2.826082706451416, -3.0682783126831055, 0.0, -1.0, 0.0, 0.0, 1000, 1000, 1000, 1000, -3.248014450073242, -3.6001014709472656, 0.0)
(-2.873253107070923, -3.127624034881592, 0.0, -1.0, 0.0, 0.0, 1000, 1000, 1000, 1000, -3.1100168228149414, -3.4200377464294434, 0.0)
(-2.821838140487671, -3.1374871730804443, 0.0, -1.0, 0.0, 0.0, 1000, 1000, 1000, 1000, -3.2131588459014893, -4.0647711753845215, 0.0)
(-2.7126803398132324, -3.1935932636260986, 0.0, -1.0, 0.0, 0.0, 1000, 1000, 1000, 1000, -2.7529494762420654, -3.3009371757507324, 0.0)
(-2.8398008346557617, -3.2726552486419678, 0.0, -1.0, -1.0, 0.0, 1000, 1000, 1000, 1000, -2.926880359649658, -4.0585527420043945, 0.0)
(-3.1567413806915283, -3.2053468227386475, 0.0, -1.0, 0.0, 0.0, 1000, 1000, 1000, 1000, -3.3986549377441406, -2.7462430000305176, 0.0)
(-3.268948793411255, -3.725421667098999, 0.0, -1.0, 0.0, 0.0, 1000, 1000, 1000, 1000, -2.4858837127685547, -4.023775100708008, 0.0)
(-2.607192039489746, -3.724649429321289, 0.0, -1.0, 0.0, 0.0, 1000, 1000, 1000, 1000, -2.0840721130371094, -3.8169851303100586, 0.0)
(-2.6224913597106934, -3.5718603134155273, 0.0, -1.0, 0.0, 0.0, 1000, 1000, 1000, 1000, -2.625002145767212, -3.3515472412109375, 0.0)
(-2.877408266067505, -3.641305923461914, 0.0, -1.0, 0.0, 0.0, 1000, 1000, 1000, 1000, -3.3152315616607666, -3.9524669647216797, 0.0)
(-2.9488070011138916, -3.898075580596924, 0.0, -1.0, 0.0, 0.0, 1000, 1000, 1000, 1000, -2.7742443084716797, -3.8516640663146973, 0.0)
(-2.7357327938079834, -4.001542091369629, 0.0, -1.0, 0.0, 0.0, 1000, 1000, 1000, 1000, -2.587223768234253, -3.9115066528320312, 0.0)
(-2.676841974258423, -3.819066286087036, 0.0, 0.0, 0.0, 0.0, 1000, 1000, 1000, 1000, -1.8665916919708252, -3.4372165203094482, 0.0)
(-2.849118709564209, -3.7720530033111572, 0.0, -1.0, 0.0, 0.0, 1000, 1000, 1000, 1000, -2.7110533714294434, -4.176951885223389, 0.0)
(-3.1837306022644043, -4.032532691955566, 0.0, -1.0, 0.0, 0.0, 1000, 1000, 1000, 1000, -3.841425895690918, -4.5101165771484375, 0.0)
(-3.54293155670166, -4.245560169219971, 0.0, -1.0, 0.0, 0.0, 1000, 1000, 1000, 1000, -3.9597153663635254, -4.6933512687683105, 0.0)
(-3.660700559616089, -4.1159348487854, 0.0, -1.0, 0.0, 0.0, 1000, 1000, 1000, 1000, -3.59244704246521, -4.432371139526367, 0.0)
(-3.925348997116089, -4.191900253295898, 0.0, -1.0, 0.0, 0.0, 1000, 1000, 1000, 1000, -4.083752155303955, -4.558148384094238, 0.0)
(-3.6692698001861572, -4.251380920410156, 0.0, -1.0, 0.0, 0.0, 1100, 1100, 1109, 1100, -3.2013611793518066, -4.02754545211792, 0.0)
(-3.2169947624206543, -4.046841621398926, 0.0, -1.0, 0.0, 0.0, 1100, 1100, 1121, 1100, -2.281841516494751, -2.429037570953369, 0.0)
(-2.946120500564575, -3.3183534145355225, 0.0, -1.0, 0.0, 0.0, 1100, 1100, 1105, 1100, -1.4758237600326538, -2.1827914714813232, 0.0)
(-3.2961223125457764, -3.4917266368865967, 0.0, -1.0, 0.0, 0.0, 1100, 1100, 1116, 1100, -4.652758598327637, -5.484016418457031, 0.0)
(-3.65372896194458, -3.696608781814575, 0.0, -1.0, 0.0, 0.0, 1100, 1100, 1118, 1100, -4.422091960906982, -1.5818766355514526, 0.0)
(-3.3759536743164062, -3.475062370300293, 0.0, -1.0, 0.0, 0.0, 1100, 1100, 1166, 1100, -2.325939416885376, -5.440723896026611, 0.0)
(-3.0655219554901123, -3.472689390182495, 0.0, -1.0, 0.0, 0.0, 1100, 1100, 1158, 1100, -1.1338448524475098, -1.3718974590301514, 0.0)
(-2.9050047397613525, -4.235917568206787, 0.0, -1.0, 0.0, 0.0, 1120, 1115, 1187, 1100, -2.8411741256713867, -6.879795074462891, 0.0)
(-3.1821463108062744, -4.5306315422058105, 0.0, -1.0, 0.0, 0.0, 1140, 1138, 1203, 1100, -0.7732272148132324, -7.757467746734619, 0.0)
(-3.484801769256592, -4.220798492431641, 0.0, -1.0, 0.0, 0.0, 1156, 1157, 1243, 1113, -6.86810302734375, -0.022121667861938477, 0.0)
(-2.701996326446533, -3.624014139175415, 0.0, -1.0, 0.0, 0.0, 1180, 1171, 1243, 1116, -3.4485981464385986, -0.7957477569580078, 0.0)
(-2.138284683227539, -2.816645622253418, 0.0, -1.0, 0.0, 0.0, 1205, 1208, 1267, 1150, -7.890360355377197, -0.6777315139770508, 0.0)
(-2.1980597972869873, -1.6411560773849487, 0.0, -1.0, 0.0, 0.0, 1238, 1244, 1303, 1188, -8.08677864074707, 6.4776530265808105, 0.0)
(-3.4328854084014893, -3.4277663230895996, 0.0, 0.0, 0.0, 0.0, 1260, 1265, 1325, 1189, -12.36101245880127, -2.7114486694335938, 0.0)
(-2.394434928894043, -2.5174059867858887, 0.0, -1.0, 0.0, 0.0, 1275, 1275, 1331, 1221, 1.976822853088379, -11.686193466186523, 0.0)
(-1.7305467128753662, -0.3585706353187561, 0.0, 0.0, 0.0, 0.0, 1262, 1269, 1340, 1227, 1.1055278778076172, -9.441959381103516, 0.0)
(-1.4818280935287476, 0.03324643522500992, 0.0, -1.0, 0.0, 0.0, 1254, 1273, 1339, 1232, 4.428280830383301, -15.162585258483887, 0.0)
(0.35219085216522217, 3.603423595428467, 0.0, -1.0, 0.0, 0.0, 1257, 1270, 1327, 1244, 2.5408425331115723, 7.021675109863281, 0.0)
(0.5471372604370117, 2.234302282333374, 0.0, -1.0, 0.0, 0.0, 1267, 1274, 1319, 1237, 16.19153594970703, -0.7403230667114258, 0.0)
(0.1293196827173233, 2.3730990886688232, 0.0, -1.0, 0.0, 0.0, 1255, 1260, 1339, 1244, 1.8786935806274414, 13.269539833068848, 0.0)
(0.5563910603523254, 2.3134193420410156, 0.0, -1.0, 0.0, 0.0, 1265, 1267, 1329, 1237, 7.245927810668945, 26.4644775390625, 0.0)
(0.4336615204811096, 1.9362523555755615, 0.0, -1.0, 0.0, 0.0, 1267, 1277, 1316, 1237, 13.312448501586914, 34.674591064453125, 0.0)
(1.7620779275894165, 4.266031742095947, 0.0, -1.0, 0.0, 0.0, 1258, 1279, 1316, 1245, 17.263023376464844, -6.162142753601074, 0.0)
(-1.1260052919387817, 1.2285727262496948, 0.0, -1.0, 0.0, 0.0, 1273, 1272, 1326, 1227, -21.046844482421875, 5.73133659362793, 0.0)
(-0.42941585183143616, -0.04695655032992363, 0.0, -1.0, 0.0, 0.0, 1264, 1275, 1325, 1234, -6.235622406005859, -2.411357879638672, 0.0)
(-1.3518922328948975, -2.7997679710388184, 0.0, -1.0, 0.0, 0.0, 1270, 1264, 1339, 1225, 1.1430721282958984, -19.052677154541016, 0.0)
(1.2648003101348877, -0.32947683334350586, 0.0, -1.0, 0.0, 0.0, 1272, 1262, 1326, 1237, 13.334754943847656, -3.5050106048583984, 0.0)
(1.9129650592803955, 0.7843481302261353, 0.0, -1.0, 0.0, 0.0, 1269, 1261, 1325, 1243, 6.2959771156311035, 12.874435424804688, 0.0)
(0.4197978079319, -0.13737255334854126, 0.0, -1.0, 0.0, 0.0, 1275, 1270, 1327, 1231, -16.59372901916504, -10.800639152526855, 0.0)
(0.21064212918281555, -0.5781856179237366, 0.0, -1.0, 0.0, 0.0, 1261, 1272, 1326, 1239, -1.7011940479278564, -4.462857246398926, 0.0)
(0.9772855639457703, -0.9360144138336182, 0.0, -1.0, 0.0, 0.0, 1285, 1273, 1319, 1225, 9.453489303588867, -4.02561092376709, 0.0)
(1.4841020107269287, -0.360185831785202, 0.0, -1.0, 0.0, 0.0, 1267, 1254, 1333, 1244, 8.992229461669922, 4.783710479736328, 0.0)
(3.0591530799865723, 1.368993878364563, 0.0, -1.0, 0.0, 0.0, 1277, 1269, 1313, 1240, -9.352728843688965, -6.911794662475586, 0.0)
(2.414208173751831, -1.4859646558761597, 0.0, -1.0, 0.0, 0.0, 1290, 1275, 1314, 1219, 11.284605979919434, 0.5453462600708008, 0.0)
(-3.2306199073791504, 0.49638494849205017, 0.0, 0.0, 0.0, 0.0, 1263, 1306, 1322, 1207, -37.75665283203125, -7.348454475402832, 0.0)
(-4.77421760559082, -1.7274169921875, 0.0, -1.0, 0.0, 0.0, 1236, 1283, 1357, 1222, 15.318072319030762, 27.566192626953125, 0.0)
(-10.756752014160156, -2.3776917457580566, 0.0, 0.0, 0.0, 0.0, 1236, 1310, 1375, 1177, -0.5773987770080566, 3.7292346954345703, 0.0)
(-14.341804504394531, -1.6084221601486206, 0.0, -1.0, 0.0, 0.0, 1219, 1326, 1367, 1185, -19.889453887939453, -7.039252758026123, 0.0)
(-14.736706733703613, -3.234368085861206, 0.0, -1.0, 0.0, 0.0, 1294, 1339, 1318, 1147, -48.77865982055664, -15.091499328613281, 0.0)
(-14.214178085327148, -2.587000608444214, 0.0, -1.0, 0.0, 0.0, 1252, 1306, 1361, 1179, -20.9986515045166, 12.271169662475586, 0.0)
(-11.449511528015137, -2.073091506958008, 0.0, -1.0, 0.0, 0.0, 1252, 1306, 1352, 1188, 5.259840965270996, -3.244464874267578, 0.0)
(-13.299056053161621, -3.0538296699523926, 0.0, -1.0, -1.0, 0.0, 1240, 1302, 1369, 1187, -10.973468780517578, 24.765682220458984, 0.0)
(-13.420052528381348, -3.620917558670044, 0.0, -1.0, 0.0, 0.0, 1242, 1298, 1375, 1183, -18.82097816467285, -8.490470886230469, 0.0)
(-11.681816101074219, -0.9158129096031189, 0.0, -1.0, 0.0, 0.0, 1247, 1298, 1365, 1188, -21.435279846191406, -5.907883644104004, 0.0)
(-11.933595657348633, -2.607309579849243, 0.0, -1.0, 0.0, 0.0, 1245, 1288, 1377, 1188, -15.700372695922852, -0.6618518829345703, 0.0)
(-11.081666946411133, -3.7212328910827637, 0.0, -1.0, 0.0, 0.0, 1250, 1287, 1374, 1187, -23.6596736907959, -6.478597640991211, 0.0)
(-9.745290756225586, -2.948150396347046, 0.0, -1.0, 0.0, 0.0, 1253, 1294, 1365, 1186, -10.209321975708008, 21.684356689453125, 0.0)
(-7.953993320465088, -0.3736528158187866, 0.0, -1.0, 0.0, 0.0, 1245, 1286, 1360, 1207, -9.807010650634766, 12.68482780456543, 0.0)
(-5.680861949920654, -0.12620913982391357, 0.0, -1.0, 0.0, 0.0, 1249, 1295, 1348, 1207, -14.833745002746582, -22.363712310791016, 0.0)
(-6.421736717224121, -0.7526491284370422, 0.0, -1.0, 0.0, 0.0, 1231, 1273, 1377, 1217, 12.016470909118652, -0.5016098022460938, 0.0)
(-5.31448221206665, 0.12983886897563934, 0.0, -1.0, 0.0, 0.0, 1241, 1275, 1360, 1222, -10.494438171386719, -10.92104434967041, 0.0)
(-3.0383543968200684, 1.2985275983810425, 0.0, -1.0, 0.0, 0.0, 1251, 1286, 1344, 1216, -26.952157974243164, 6.60930871963501, 0.0)
(0.17140835523605347, 3.5012710094451904, 0.0, -1.0, 0.0, 0.0, 1252, 1281, 1334, 1232, 18.006141662597656, 8.197259902954102, 0.0)
(-0.11010710150003433, 2.538118839263916, 0.0, -1.0, 0.0, 0.0, 1260, 1291, 1330, 1220, 12.345547676086426, -12.536187171936035, 0.0)
(-1.0444514751434326, 1.8619723320007324, 0.0, -1.0, 0.0, 0.0, 1257, 1294, 1332, 1214, -4.975353240966797, -6.360237121582031, 0.0)
(0.031813059002161026, 0.48396503925323486, 0.0, -1.0, 0.0, 0.0, 1275, 1283, 1316, 1229, -6.556987285614014, -12.814483642578125, 0.0)
(2.4613256454467773, -2.8368630409240723, 0.0, -1.0, 0.0, 0.0, 1304, 1241, 1315, 1238, 32.19994354248047, 13.699249267578125, 0.0)
(13.02620792388916, 2.4052836894989014, 0.0, -1.0, 0.0, 0.0, 1301, 1254, 1272, 1271, 16.123729705810547, 8.60158634185791, 0.0)
(19.37506675720215, 7.01031494140625, 0.0, -1.0, 0.0, 0.0, 1235, 1206, 1320, 1337, 45.471832275390625, 13.292356491088867, 0.0)
(19.026350021362305, 12.006942749023438, 0.0, 0.0, 0.0, 0.0, 1212, 1217, 1318, 1351, 12.788348197937012, -7.631562232971191, 0.0)
(14.727473258972168, 9.168196678161621, 0.0, -1.0, 0.0, 0.0, 1248, 1222, 1302, 1326, 17.99974822998047, -2.127291679382324, 0.0)
(15.953755378723145, 5.83360481262207, 0.0, 0.0, 0.0, 0.0, 1276, 1231, 1293, 1298, 7.171647548675537, 0.7194685935974121, 0.0)
(16.326374053955078, 6.781745910644531, 0.0, -1.0, 0.0, 0.0, 1246, 1237, 1299, 1316, 1.0920734405517578, -29.293664932250977, 0.0)
(17.426668167114258, 8.807957649230957, 0.0, 0.0, 0.0, 0.0, 1266, 1256, 1270, 1306, 14.942161560058594, -7.448129653930664, 0.0)
(13.385860443115234, 4.274477005004883, 0.0, -1.0, 0.0, 0.0, 1286, 1254, 1280, 1278, 19.30651092529297, 17.689876556396484, 0.0)
(12.700294494628906, 3.445950746536255, 0.0, 0.0, 0.0, 0.0, 1270, 1238, 1298, 1292, 10.472195625305176, 18.19977378845215, 0.0)
(12.7467679977417, 3.5350492000579834, 0.0, -1.0, 0.0, 0.0, 1286, 1248, 1278, 1286, 23.98044776916504, 2.1441497802734375, 0.0)
(11.104503631591797, 2.4249582290649414, 0.0, -1.0, 0.0, 0.0, 1287, 1246, 1289, 1277, 24.986576080322266, 11.149465560913086, 0.0)
(14.070436477661133, 8.179502487182617, 0.0, -1.0, 0.0, 0.0, 1289, 1255, 1261, 1293, 21.043437957763672, 24.555803298950195, 0.0)
(10.019519805908203, 0.5296499729156494, 0.0, -1.0, 0.0, 0.0, 1292, 1251, 1291, 1264, 6.190926551818848, -12.508748054504395, 0.0)
(10.646018981933594, 0.0654606819152832, 0.0, -1.0, 0.0, 0.0, 1287, 1231, 1299, 1281, 14.98909854888916, -2.5397634506225586, 0.0)
(12.658039093017578, 5.293488502502441, 0.0, -1.0, 0.0, 0.0, 1300, 1260, 1257, 1280, 29.604026794433594, 9.732123374938965, 0.0)
(11.956156730651855, 4.852160930633545, 0.0, -1.0, 0.0, 0.0, 1274, 1240, 1281, 1302, 28.657302856445312, 20.358009338378906, 0.0)
(15.687182426452637, 7.243611812591553, 0.0, -1.0, 0.0, 0.0, 1297, 1250, 1252, 1299, 31.77837371826172, 2.8059425354003906, 0.0)
(13.105969429016113, 4.755191326141357, 0.0, -1.0, 0.0, 0.0, 1287, 1243, 1272, 1295, 4.891563415527344, 0.2713456153869629, 0.0)
(10.311903953552246, 2.8782668113708496, 0.0, -1.0, 0.0, 0.0, 1302, 1259, 1270, 1267, 12.330628395080566, -0.15524005889892578, 0.0)
(9.894579887390137, 3.315221071243286, 0.0, -1.0, 0.0, 0.0, 1287, 1260, 1273, 1278, -0.7030177116394043, 3.2605082988739014, 0.0)
(12.080026626586914, 5.651486873626709, 0.0, -1.0, 0.0, 0.0, 1285, 1247, 1261, 1305, 8.860727310180664, -11.006570816040039, 0.0)
(10.276388168334961, 0.863872766494751, 0.0, -1.0, 0.0, 0.0, 1280, 1231, 1293, 1294, 17.687767028808594, -8.060325622558594, 0.0)
(13.184514999389648, 8.847757339477539, 0.0, -1.0, 0.0, 0.0, 1296, 1253, 1249, 1300, 7.661437034606934, -0.014734268188476562, 0.0)
(9.750480651855469, 6.447018623352051, 0.0, -1.0, 0.0, 0.0, 1305, 1270, 1249, 1274, 19.095008850097656, 5.872866630554199, 0.0)
(11.040592193603516, 9.365799903869629, 0.0, -1.0, 0.0, 0.0, 1285, 1271, 1245, 1297, 25.38055992126465, 40.6422004699707, 0.0)
(6.872339725494385, 4.446844577789307, 0.0, -1.0, 0.0, 0.0, 1308, 1266, 1259, 1265, -4.422613143920898, 10.720747947692871, 0.0)
(6.941010475158691, 5.130191802978516, 0.0, -1.0, 0.0, 0.0, 1276, 1258, 1272, 1292, 16.978668212890625, 5.013952732086182, 0.0)
(3.5209693908691406, 1.4943617582321167, 0.0, -1.0, 0.0, 0.0, 1257, 1255, 1298, 1287, 1.411123275756836, -22.290124893188477, 0.0)
(4.645204067230225, 2.82393741607666, 0.0, -1.0, 0.0, 0.0, 1293, 1260, 1270, 1276, 15.984930038452148, 20.198881149291992, 0.0)
(3.6042397022247314, -2.593912124633789, 0.0, -1.0, 0.0, 0.0, 1275, 1243, 1302, 1283, 6.151773452758789, 15.73182201385498, 0.0)
(1.8812017440795898, -1.2225836515426636, 0.0, -1.0, 0.0, 0.0, 1277, 1263, 1294, 1263, 17.891996383666992, -2.779975414276123, 0.0)
(0.09186114370822906, 2.0697402954101562, 0.0, -1.0, 0.0, 0.0, 1279, 1277, 1284, 1259, -19.709253311157227, 14.675821304321289, 0.0)
(0.7993707656860352, 4.2969489097595215, 0.0, -1.0, 0.0, 0.0, 1285, 1282, 1271, 1261, 0.7386808395385742, 14.533989906311035, 0.0)
(3.987283706665039, 4.016529083251953, 0.0, -1.0, 0.0, 0.0, 1298, 1282, 1255, 1259, 7.6220245361328125, 1.1143126487731934, 0.0)
(-2.1529576778411865, -1.4587790966033936, 0.0, -1.0, 0.0, 0.0, 1301, 1286, 1287, 1224, -11.692510604858398, -27.769134521484375, 0.0)
(-0.9522114992141724, 1.7973169088363647, 0.0, -1.0, 0.0, 0.0, 1283, 1297, 1273, 1245, 8.740211486816406, 19.11285400390625, 0.0)
(1.1952908039093018, 3.298368215560913, 0.0, -1.0, 0.0, 0.0, 1301, 1275, 1263, 1260, -2.108504295349121, 12.152763366699219, 0.0)
(0.475994735956192, 3.107867479324341, 0.0, -1.0, 0.0, 0.0, 1282, 1288, 1270, 1259, 6.769831657409668, -2.7018566131591797, 0.0)
(-1.3208799362182617, -2.806256055831909, 0.0, -1.0, 0.0, 0.0, 1282, 1256, 1311, 1250, -14.319438934326172, -9.740859985351562, 0.0)
(-1.6359779834747314, -1.9458481073379517, 0.0, 0.0, 0.0, 0.0, 1291, 1265, 1297, 1245, -16.508651733398438, -4.920368194580078, 0.0)
(2.700829267501831, 3.077347755432129, 0.0, -1.0, 0.0, 0.0, 1284, 1265, 1273, 1277, -10.343637466430664, -4.226134300231934, 0.0)
(2.250779390335083, -1.5991021394729614, 0.0, 0.0, 0.0, 0.0, 1282, 1260, 1305, 1251, 16.455427169799805, -3.9100356101989746, 0.0)
(-3.028785467147827, -3.856353759765625, 0.0, -1.0, 0.0, 0.0, 1260, 1265, 1321, 1253, -4.88283109664917, -11.469351768493652, 0.0)
(-3.3966896533966064, -2.222146511077881, 0.0, 0.0, 0.0, 0.0, 1281, 1267, 1299, 1250, -8.590330123901367, -4.684627056121826, 0.0)
(-0.8929837346076965, -0.6083420515060425, 0.0, -1.0, 0.0, 0.0, 1291, 1263, 1280, 1264, -3.7220077514648438, -17.381282806396484, 0.0)
(5.352104663848877, 7.282268047332764, 0.0, 0.0, 0.0, 0.0, 1256, 1256, 1278, 1308, 13.922893524169922, 13.99763298034668, 0.0)
(4.005239963531494, 3.810725688934326, 0.0, -1.0, 0.0, 0.0, 1228, 1234, 1325, 1311, -3.3966293334960938, -22.009788513183594, 0.0)
(1.6544157266616821, 3.165987730026245, 0.0, -1.0, 0.0, 0.0, 1275, 1276, 1277, 1270, -2.613321304321289, -20.83473777770996, 0.0)
(-0.19772692024707794, 0.5372787714004517, 0.0, -1.0, 0.0, 0.0, 1294, 1268, 1285, 1251, -4.337499618530273, 6.605630874633789, 0.0)
(2.9182372093200684, 0.12558765709400177, 0.0, 0.0, 0.0, 0.0, 1308, 1282, 1260, 1247, 9.816610336303711, -0.37260961532592773, 0.0)
(1.0310399532318115, 2.9673354625701904, 0.0, -1.0, 0.0, 0.0, 1265, 1272, 1286, 1275, -12.196512222290039, -14.926050186157227, 0.0)
(4.6161956787109375, 3.196948766708374, 0.0, -1.0, 0.0, 0.0, 1303, 1281, 1285, 1305, 17.61316680908203, 6.9125871658325195, 0.0)
(0.6893672943115234, 3.0147323608398438, 0.0, -1.0, 0.0, 0.0, 1301, 1297, 1295, 1289, 2.4804422855377197, 0.8160429000854492, 0.0)
(-1.7088176012039185, 2.1502130031585693, 0.0, -1.0, 0.0, 0.0, 1314, 1325, 1342, 1320, -11.464096069335938, -3.355548858642578, 0.0)
(-3.318593978881836, -1.570568561553955, 0.0, -1.0, 0.0, 0.0, 1344, 1336, 1316, 1298, -6.917052268981934, -19.426280975341797, 0.0)
(-1.656821608543396, 0.8032634854316711, 0.0, -1.0, 0.0, 0.0, 1306, 1318, 1333, 1333, -5.840341567993164, -15.882278442382812, 0.0)
(-0.42629897594451904, 1.6014498472213745, 0.0, -1.0, 0.0, 0.0, 1313, 1305, 1344, 1327, 10.627840042114258, -7.934961318969727, 0.0)
(0.3830995559692383, 2.4750540256500244, 0.0, -1.0, 0.0, 0.0, 1314, 1310, 1338, 1328, 17.851652145385742, 12.940732955932617, 0.0)
(2.1423611640930176, 5.401625156402588, 0.0, -1.0, 0.0, 0.0, 1307, 1310, 1325, 1349, 9.550945281982422, -13.491472244262695, 0.0)
(0.47586867213249207, 4.408781051635742, 0.0, -1.0, 0.0, 0.0, 1318, 1307, 1333, 1333, -15.630939483642578, 19.862079620361328, 0.0)
(0.07346592098474503, 3.1763949394226074, 0.0, -1.0, 0.0, 0.0, 1315, 1325, 1328, 1322, -29.10378646850586, -10.426834106445312, 0.0)
(-0.4382524788379669, 3.1080310344696045, 0.0, -1.0, 0.0, 0.0, 1319, 1321, 1325, 1329, -1.5708847045898438, -18.459423065185547, 0.0)
(-0.6731842756271362, 2.1308553218841553, 0.0, -1.0, 0.0, 0.0, 1384, 1377, 1376, 1373, -0.16445308923721313, 0.42079854011535645, 0.0)
(-0.5699585676193237, 4.691463470458984, 0.0, -1.0, 0.0, 0.0, 1368, 1392, 1365, 1385, 10.521153450012207, 25.9072322845459, 0.0)
(-0.7582574486732483, 3.328157901763916, 0.0, -1.0, 0.0, 0.0, 1379, 1401, 1363, 1367, -11.720595359802246, 0.8102455139160156, 0.0)
(1.547418475151062, 5.063185691833496, 0.0, -1.0, 0.0, 0.0, 1362, 1366, 1381, 1401, -24.29067611694336, -29.24683380126953, 0.0)
(2.9886136054992676, 7.635440826416016, 0.0, -1.0, 0.0, 0.0, 1379, 1390, 1358, 1383, 8.831888198852539, -9.779912948608398, 0.0)
(-0.5185097455978394, 6.745632648468018, 0.0, -1.0, 0.0, 0.0, 1351, 1375, 1392, 1392, 0.7644023895263672, 13.609554290771484, 0.0)
(-2.6592025756835938, 4.832365989685059, 0.0, -1.0, -1.0, 0.0, 1367, 1404, 1364, 1375, -23.689125061035156, 8.417137145996094, 0.0)
(-2.1310412883758545, 4.651261806488037, 0.0, -1.0, 0.0, 0.0, 1378, 1391, 1363, 1379, -0.6280441284179688, -1.3095998764038086, 0.0)
(-0.0030127023346722126, 5.3705034255981445, 0.0, -1.0, 0.0, 0.0, 1377, 1392, 1353, 1389, 17.062732696533203, 25.814380645751953, 0.0)
(0.8349255323410034, 6.586095333099365, 0.0, -1.0, -1.0, 0.0, 1351, 1381, 1379, 1400, 26.972949981689453, 25.596267700195312, 0.0)
(-0.882068395614624, 5.515812873840332, 0.0, -1.0, 0.0, 0.0, 1349, 1375, 1381, 1406, -4.746464252471924, -2.8831706047058105, 0.0)
(1.71064031124115, 7.769952297210693, 0.0, -1.0, 0.0, 0.0, 1346, 1369, 1370, 1425, -15.024100303649902, 8.929156303405762, 0.0)
(4.025383472442627, 10.971757888793945, 0.0, -1.0, 0.0, 0.0, 1361, 1402, 1343, 1404, 19.377910614013672, 6.378976821899414, 0.0)
(1.879858136177063, 10.707365036010742, 0.0, -1.0, 0.0, 0.0, 1339, 1388, 1363, 1419, 1.6281671524047852, 12.898597717285156, 0.0)
(2.4824230670928955, 8.474223136901855, 0.0, -1.0, 0.0, 0.0, 1355, 1386, 1356, 1412, -4.7262396812438965, -5.915510177612305, 0.0)
(-1.9095277786254883, 7.552200794219971, 0.0, -1.0, 0.0, 0.0, 1330, 1407, 1369, 1403, -0.20466327667236328, -5.287620544433594, 0.0)
(-3.409940481185913, 4.247161388397217, 0.0, -1.0, 0.0, 0.0, 1380, 1393, 1359, 1378, 26.194400787353516, 6.15007209777832, 0.0)
(-1.3719563484191895, 6.292464256286621, 0.0, -1.0, 0.0, 0.0, 1365, 1393, 1362, 1390, 17.653560638427734, 44.47278594970703, 0.0)
(-1.0780611038208008, 5.531966686248779, 0.0, -1.0, 0.0, 0.0, 1350, 1405, 1363, 1392, 3.006784677505493, 4.2975921630859375, 0.0)
(-1.1479018926620483, 7.155088901519775, 0.0, -1.0, 0.0, 0.0, 1324, 1402, 1370, 1414, -39.11226272583008, -4.394172668457031, 0.0)
(-0.3419494330883026, 7.175852298736572, 0.0, -1.0, 0.0, 0.0, 1356, 1399, 1351, 1404, 7.2698235511779785, 5.958199977874756, 0.0)
(-0.5638701319694519, 6.813966274261475, 0.0, -1.0, 0.0, 0.0, 1362, 1398, 1358, 1392, -39.09223937988281, 12.536945343017578, 0.0)
(-0.2810738980770111, 6.110658645629883, 0.0, -1.0, 0.0, 0.0, 1369, 1399, 1354, 1387, -3.5144410133361816, 0.5975666046142578, 0.0)
(-1.1762341260910034, 6.591794013977051, 0.0, -1.0, 0.0, 0.0, 1353, 1393, 1362, 1397, -27.808385848999023, 9.181474685668945, 0.0)
(-0.8666064739227295, 5.29747200012207, 0.0, -1.0, 0.0, 0.0, 1371, 1399, 1356, 1384, 25.699235916137695, 22.744991302490234, 0.0)
(1.6483842134475708, 8.911797523498535, 0.0, -1.0, 0.0, 0.0, 1327, 1401, 1362, 1420, -20.847150802612305, 25.361745834350586, 0.0)
(-0.9915562272071838, 4.256487846374512, 0.0, -1.0, 0.0, 0.0, 1340, 1392, 1374, 1404, -43.09211730957031, 20.433897018432617, 0.0)
(0.6187160611152649, 5.147474765777588, 0.0, -1.0, 0.0, 0.0, 1355, 1382, 1361, 1412, 33.0845832824707, 12.544435501098633, 0.0)
(0.34148749709129333, 5.364288330078125, 0.0, -1.0, 0.0, 0.0, 1337, 1373, 1379, 1421, -18.920059204101562, -6.5813069343566895, 0.0)
(0.39646100997924805, 4.355740070343018, 0.0, -1.0, 0.0, 0.0, 1340, 1395, 1372, 1412, 6.352354049682617, -12.998489379882812, 0.0)
(-1.5055248737335205, 3.1153922080993652, 0.0, -1.0, 0.0, 0.0, 1361, 1411, 1365, 1385, -10.529441833496094, 5.721706390380859, 0.0)
(-0.6075764894485474, 4.495048999786377, 0.0, -1.0, 0.0, 0.0, 1356, 1405, 1360, 1405, 0.16796493530273438, 18.767580032348633, 0.0)
(-1.4993951320648193, 4.37675666809082, 0.0, -1.0, 0.0, 0.0, 1374, 1407, 1362, 1384, 3.6541919708251953, 33.523895263671875, 0.0)
(-1.3929650783538818, 3.8552756309509277, 0.0, -1.0, 0.0, 0.0, 1343, 1406, 1374, 1407, -20.246557235717773, -41.32640838623047, 0.0)
(-1.295200228691101, 2.0408194065093994, 0.0, -1.0, 0.0, 0.0, 1363, 1414, 1379, 1413, 2.1091957092285156, -19.377174377441406, 0.0)
(-2.1222033500671387, 1.651289939880371, 0.0, -1.0, 0.0, 0.0, 1360, 1409, 1401, 1421, 1.7682971954345703, 32.5580940246582, 0.0)
(-1.3658009767532349, 1.004967212677002, 0.0, -1.0, 0.0, 0.0, 1398, 1414, 1410, 1423, 4.736427307128906, 0.5400595664978027, 0.0)
(-2.303969621658325, -1.0950977802276611, 0.0, -1.0, 0.0, 0.0, 1392, 1432, 1410, 1416, -18.81072235107422, -62.79161834716797, 0.0)
(-0.4417760372161865, 4.045094966888428, 0.0, -1.0, 0.0, 0.0, 1412, 1433, 1388, 1417, 9.650411605834961, 13.744186401367188, 0.0)
(0.5430775880813599, 4.680097579956055, 0.0, -1.0, 0.0, 0.0, 1406, 1440, 1380, 1424, 38.49691390991211, 5.57269287109375, 0.0)
(1.4014660120010376, 6.784615516662598, 0.0, -1.0, 0.0, 0.0, 1383, 1422, 1393, 1452, 17.645488739013672, -10.601102828979492, 0.0)
(0.23340223729610443, 5.951167106628418, 0.0, -1.0, -1.0, 0.0, 1368, 1420, 1403, 1459, 1.5463975667953491, 1.7073698043823242, 0.0)
(-0.4747384190559387, 4.682833671569824, 0.0, -1.0, 0.0, 0.0, 1388, 1410, 1414, 1438, 6.591365814208984, 8.630607604980469, 0.0)
(0.34932267665863037, 6.358706951141357, 0.0, -1.0, 0.0, 0.0, 1391, 1439, 1377, 1443, -7.826416015625, 35.29228973388672, 0.0)
(-1.2283563613891602, 5.429792881011963, 0.0, -1.0, 0.0, 0.0, 1378, 1446, 1389, 1437, -27.625286102294922, -10.596125602722168, 0.0)
(0.12350998818874359, 3.920179843902588, 0.0, -1.0, 0.0, 0.0, 1387, 1434, 1386, 1443, 6.880168914794922, -1.5496034622192383, 0.0)
(0.15249387919902802, 2.8161373138427734, 0.0, -1.0, 0.0, 0.0, 1387, 1432, 1402, 1429, 5.857892036437988, -0.5293569564819336, 0.0)
(1.4773650169372559, 4.204726696014404, 0.0, -1.0, 0.0, 0.0, 1392, 1427, 1382, 1449, 38.04454803466797, 7.5695953369140625, 0.0)
(0.6770032048225403, 4.559216499328613, 0.0, -1.0, 0.0, 0.0, 1370, 1423, 1398, 1459, 7.48423433303833, -5.8207478523254395, 0.0)
(-1.2813485860824585, 1.846234679222107, 0.0, -1.0, 0.0, 0.0, 1387, 1432, 1395, 1436, 8.981405258178711, 1.0024433135986328, 0.0)
(-2.8277201652526855, -2.095916271209717, 0.0, -1.0, 0.0, 0.0, 1401, 1417, 1407, 1425, -10.056365966796875, 17.45586395263672, 0.0)
(-4.348486423492432, -2.1248350143432617, 0.0, -1.0, 0.0, 0.0, 1369, 1442, 1407, 1432, -4.331136703491211, -18.359617233276367, 0.0)
(-2.304914712905884, 1.7343721389770508, 0.0, -1.0, 0.0, 0.0, 1403, 1437, 1392, 1418, 8.322318077087402, 12.277557373046875, 0.0)
(0.13187287747859955, 3.2301483154296875, 0.0, -1.0, 0.0, 0.0, 1379, 1431, 1390, 1449, 27.241863250732422, -0.1627216339111328, 0.0)
(-0.2677547335624695, 4.134492874145508, 0.0, -1.0, 0.0, 0.0, 1366, 1419, 1406, 1458, 25.662555694580078, 44.24541473388672, 0.0)
(0.8950836658477783, 5.649385452270508, 0.0, -1.0, 0.0, 0.0, 1367, 1433, 1387, 1463, -1.6689796447753906, -1.8177309036254883, 0.0)
(-0.8384392261505127, 2.8913512229919434, 0.0, -1.0, 0.0, 0.0, 1377, 1437, 1409, 1427, -40.48600387573242, 3.102358818054199, 0.0)
(-0.5836763978004456, 0.9472971558570862, 0.0, -1.0, 0.0, 0.0, 1398, 1441, 1385, 1426, 11.565789222717285, -7.549429893493652, 0.0)
(0.18886834383010864, 1.4427059888839722, 0.0, -1.0, 0.0, 0.0, 1395, 1426, 1388, 1436, -16.184730529785156, 16.392662048339844, 0.0)
(-0.37287136912345886, 2.2737104892730713, 0.0, -1.0, 0.0, 0.0, 1397, 1433, 1394, 1426, -12.322650909423828, 34.691322326660156, 0.0)
(-2.8047852516174316, 0.41896694898605347, 0.0, -1.0, 0.0, 0.0, 1384, 1452, 1391, 1423, -8.319803237915039, -11.797865867614746, 0.0)
(-0.1504170298576355, 3.902973175048828, 0.0, -1.0, 0.0, 0.0, 1386, 1424, 1384, 1455, -8.91319465637207, -1.803293228149414, 0.0)
(0.6276659965515137, 3.4060401916503906, 0.0, -1.0, 0.0, 0.0, 1375, 1430, 1396, 1449, 4.202537536621094, 37.14115905761719, 0.0)
(-2.635892391204834, 1.1790111064910889, 0.0, -1.0, 0.0, 0.0, 1374, 1418, 1420, 1438, 0.6479005813598633, -14.502542495727539, 0.0)
(-1.2104825973510742, 1.3272396326065063, 0.0, -1.0, 0.0, 0.0, 1404, 1425, 1395, 1426, -7.678956985473633, 28.368833541870117, 0.0)
(-3.496978282928467, 0.287689208984375, 0.0, -1.0, 0.0, 0.0, 1377, 1459, 1389, 1425, -6.583266735076904, -6.13703727722168, 0.0)
(-1.1802978515625, 1.6191987991333008, 0.0, -1.0, 0.0, 0.0, 1418, 1446, 1373, 1413, 23.773591995239258, 9.746670722961426, 0.0)
(1.2065621614456177, 4.047603607177734, 0.0, -1.0, 0.0, 0.0, 1402, 1445, 1373, 1430, 2.1740455627441406, 36.10088348388672, 0.0)
(0.10305953025817871, 3.728450298309326, 0.0, -1.0, 0.0, 0.0, 1375, 1421, 1404, 1450, 20.977291107177734, -11.2979097366333, 0.0)
(-0.9319139719009399, 3.971895694732666, 0.0, 0.0, 0.0, 0.0, 1375, 1439, 1399, 1437, -22.97824478149414, -8.731721878051758, 0.0)
(-1.076786756515503, 4.025607109069824, 0.0, -1.0, 0.0, 0.0, 1398, 1449, 1378, 1425, -32.61564636230469, 5.821818828582764, 0.0)
(-2.150681257247925, 2.7028305530548096, 0.0, 0.0, 0.0, 0.0, 1401, 1446, 1392, 1411, -2.532024383544922, -9.277116775512695, 0.0)
(-3.0161473751068115, 1.3569122552871704, 0.0, -1.0, 0.0, 0.0, 1410, 1455, 1373, 1413, -8.699810981750488, 1.224961280822754, 0.0)
(-2.613529920578003, -0.08306168764829636, 0.0, 0.0, 0.0, 0.0, 1392, 1428, 1399, 1430, 14.811717987060547, -11.344459533691406, 0.0)
(-2.1188392639160156, 1.5799996852874756, 0.0, -1.0, 0.0, 0.0, 1357, 1436, 1401, 1455, -11.894783020019531, -12.476752281188965, 0.0)
(-2.4946863651275635, -1.658644437789917, 0.0, 0.0, 0.0, 0.0, 1379, 1425, 1414, 1432, -2.6771297454833984, -22.849451065063477, 0.0)
(-2.7332425117492676, -0.8105992078781128, 0.0, -1.0, 0.0, 0.0, 1371, 1417, 1424, 1438, -20.409147262573242, -29.157228469848633, 0.0)
(-0.43499118089675903, 5.712043285369873, 0.0, -1.0, 0.0, 0.0, 1354, 1434, 1389, 1473, -3.058155059814453, 6.385529518127441, 0.0)
(2.1151435375213623, 7.063499927520752, 0.0, -1.0, 0.0, 0.0, 1377, 1441, 1374, 1459, -3.3398900032043457, -4.943556785583496, 0.0)
(0.800425112247467, 8.419929504394531, 0.0, -1.0, 0.0, 0.0, 1367, 1439, 1394, 1454, -33.21497344970703, -32.319122314453125, 0.0)
(-1.0839405059814453, 5.462182998657227, 0.0, -1.0, 0.0, 0.0, 1365, 1438, 1392, 1455, -4.059142589569092, 6.783299922943115, 0.0)
(-4.629662036895752, 1.0272880792617798, 0.0, -1.0, 0.0, 0.0, 1389, 1449, 1396, 1420, -29.480945587158203, 1.1566925048828125, 0.0)
(0.42726582288742065, 3.8198938369750977, 0.0, -1.0, 0.0, 0.0, 1384, 1429, 1383, 1455, 8.241171836853027, -10.765942573547363, 0.0)
(-1.0788626670837402, 1.9446744918823242, 0.0, -1.0, 0.0, 0.0, 1387, 1433, 1398, 1435, 34.724456787109375, 27.037776947021484, 0.0)
(-1.511414647102356, 3.342621326446533, 0.0, -1.0, 0.0, 0.0, 1365, 1428, 1399, 1459, 34.73409652709961, -2.4825034141540527, 0.0)
(-1.033036708831787, 3.864959716796875, 0.0, -1.0, 0.0, 0.0, 1356, 1430, 1401, 1467, 1.7962779998779297, -3.045720100402832, 0.0)
(-0.4572378396987915, 1.8725675344467163, 0.0, -1.0, 0.0, 0.0, 1374, 1441, 1391, 1445, 18.203561782836914, -14.141695022583008, 0.0)
(-1.4622501134872437, 1.4076725244522095, 0.0, -1.0, 0.0, 0.0, 1397, 1436, 1399, 1419, 18.812602996826172, 8.16569709777832, 0.0)
(-1.9125957489013672, -0.5404629707336426, 0.0, -1.0, 0.0, 0.0, 1378, 1437, 1398, 1438, -17.05232810974121, -14.663265228271484, 0.0)
(1.02567458152771, 3.679800510406494, 0.0, -1.0, 0.0, 0.0, 1374, 1422, 1395, 1460, -16.932666778564453, 30.035442352294922, 0.0)
(-3.00980281829834, 1.3943225145339966, 0.0, -1.0, 0.0, 0.0, 1350, 1430, 1416, 1447, -44.17030334472656, -1.903799057006836, 0.0)
(-0.5247752666473389, 3.7574639320373535, 0.0, -1.0, 0.0, 0.0, 1404, 1474, 1442, 1526, -9.905183792114258, -7.551253318786621, 0.0)
(-1.5169202089309692, 2.5172510147094727, 0.0, -1.0, 0.0, 0.0, 1401, 1470, 1461, 1518, -1.9680376052856445, 7.52122688293457, 0.0)
(-0.7296096086502075, 1.7488107681274414, 0.0, -1.0, -1.0, 0.0, 1418, 1494, 1433, 1501, -15.817319869995117, 19.380762100219727, 0.0)
(1.9678642749786377, 6.083843231201172, 0.0, -1.0, 0.0, 0.0, 1429, 1496, 1416, 1504, 24.771902084350586, 48.287994384765625, 0.0)
(2.7491037845611572, 7.3334431648254395, 0.0, -1.0, 0.0, 0.0, 1407, 1500, 1425, 1515, -9.431100845336914, 16.53772735595703, 0.0)
(-0.5482521057128906, 8.316849708557129, 0.0, -1.0, 0.0, 0.0, 1407, 1490, 1442, 1507, 7.285020351409912, -6.459868907928467, 0.0)
(-3.0569920539855957, 3.920419931411743, 0.0, -1.0, 0.0, 0.0, 1419, 1490, 1440, 1497, 10.788864135742188, 8.434707641601562, 0.0)
(-5.3717217445373535, 4.896783828735352, 0.0, -1.0, 0.0, 0.0, 1431, 1509, 1434, 1472, 7.17186164855957, 28.686386108398438, 0.0)
(-1.5913110971450806, 4.883739471435547, 0.0, -1.0, 0.0, 0.0, 1448, 1536, 1393, 1469, -41.16204071044922, 7.18522834777832, 0.0)
(0.16819581389427185, 4.56553316116333, 0.0, -1.0, 0.0, 0.0, 1418, 1513, 1416, 1500, -16.315153121948242, -6.426899433135986, 0.0)
(-1.654286503791809, 3.517853260040283, 0.0, -1.0, 0.0, 0.0, 1413, 1496, 1442, 1496, 26.35704231262207, 7.081996917724609, 0.0)
(-0.7852145433425903, 4.718807697296143, 0.0, -1.0, 0.0, 0.0, 1408, 1491, 1431, 1516, -9.257855415344238, -8.399288177490234, 0.0)
(-0.6174414753913879, 5.917747497558594, 0.0, -1.0, 0.0, 0.0, 1415, 1503, 1427, 1501, -6.109960556030273, 18.248321533203125, 0.0)
(2.4964115619659424, 7.93133544921875, 0.0, -1.0, 0.0, 0.0, 1438, 1509, 1402, 1498, -5.631555557250977, 0.1871013641357422, 0.0)
(1.498937726020813, 5.834173679351807, 0.0, -1.0, 0.0, 0.0, 1441, 1500, 1414, 1491, 19.678197860717773, 46.838592529296875, 0.0)
(1.3991780281066895, 6.735599040985107, 0.0, 0.0, 0.0, 0.0, 1421, 1494, 1416, 1516, 7.185879230499268, 5.4642653465271, 0.0)
(0.5962390899658203, 5.250401020050049, 0.0, -1.0, 0.0, 0.0, 1435, 1480, 1430, 1501, 22.716327667236328, -10.918647766113281, 0.0)
(4.110269546508789, 9.855506896972656, 0.0, 0.0, 0.0, 0.0, 1392, 1490, 1417, 1547, 34.04297637939453, 27.154664993286133, 0.0)
(1.5349770784378052, 9.047038078308105, 0.0, -1.0, 0.0, 0.0, 1404, 1499, 1438, 1506, -41.083953857421875, 1.8063573837280273, 0.0)
(-7.942468166351318, -0.0115415183827281, 0.0, -1.0, 0.0, 0.0, 1422, 1537, 1429, 1458, -20.163660049438477, 9.161684036254883, 0.0)
(-2.5932788848876953, 3.8080101013183594, 0.0, -1.0, 0.0, 0.0, 1443, 1513, 1389, 1501, 19.89655303955078, 38.822696685791016, 0.0)
(-0.647415816783905, 7.097217559814453, 0.0, -1.0, 0.0, 0.0, 1442, 1522, 1406, 1480, 4.915308952331543, -1.541236162185669, 0.0)
(-1.522534728050232, 5.2750139236450195, 0.0, -1.0, 0.0, 0.0, 1418, 1514, 1419, 1495, -22.38963508605957, 9.308162689208984, 0.0)
(-5.66252326965332, -0.6446641683578491, 0.0, -1.0, 0.0, 0.0, 1399, 1494, 1459, 1497, -39.83389663696289, -20.953144073486328, 0.0)
(-2.534735918045044, 0.5399351716041565, 0.0, -1.0, 0.0, 0.0, 1409, 1500, 1428, 1509, -26.6478214263916, -16.929269790649414, 0.0)
(0.4991900324821472, 3.3892436027526855, 0.0, -1.0, 0.0, 0.0, 1407, 1494, 1428, 1521, 4.224145889282227, 29.118623733520508, 0.0)
(2.144434928894043, 6.67384147644043, 0.0, -1.0, 0.0, 0.0, 1408, 1500, 1431, 1508, -32.094703674316406, 8.050928115844727, 0.0)
(-0.6196123361587524, 4.339961051940918, 0.0, -1.0, 0.0, 0.0, 1414, 1489, 1443, 1500, -2.3660202026367188, 22.375646591186523, 0.0)
(0.1303047388792038, 5.524980068206787, 0.0, -1.0, 0.0, 0.0, 1419, 1488, 1421, 1518, -3.261777877807617, -20.115985870361328, 0.0)
(-1.0541362762451172, -0.08749132603406906, 0.0, -1.0, 0.0, 0.0, 1432, 1497, 1429, 1489, 13.464157104492188, 8.206954956054688, 0.0)
(-2.7729902267456055, 2.676443099975586, 0.0, -1.0, 0.0, 0.0, 1409, 1493, 1435, 1509, 5.694087982177734, 5.7905426025390625, 0.0)
(-2.3589701652526855, 2.392613172531128, 0.0, -1.0, 0.0, 0.0, 1396, 1496, 1435, 1519, -14.695900917053223, -19.589630126953125, 0.0)
(-2.2674381732940674, 3.4792556762695312, 0.0, -1.0, 0.0, 0.0, 1425, 1518, 1422, 1480, 21.82638931274414, 45.1085090637207, 0.0)
(-3.5831942558288574, 3.88405179977417, 0.0, -1.0, 0.0, 0.0, 1417, 1521, 1414, 1493, 20.494884490966797, 6.3938188552856445, 0.0)
(-2.43074631690979, 2.436030864715576, 0.0, -1.0, 0.0, 0.0, 1435, 1514, 1420, 1477, -10.879352569580078, -48.816375732421875, 0.0)
(-2.6160635948181152, 1.8995654582977295, 0.0, -1.0, 0.0, 0.0, 1403, 1516, 1423, 1505, -9.278573036193848, -8.019622802734375, 0.0)
(-2.4894602298736572, 3.1855390071868896, 0.0, -1.0, 0.0, 0.0, 1398, 1512, 1422, 1514, -6.1785888671875, -24.038455963134766, 0.0)
(0.8721878528594971, 7.783957481384277, 0.0, -1.0, -1.0, 0.0, 1396, 1535, 1395, 1520, -41.00700378417969, 12.588082313537598, 0.0)
(0.4087488651275635, 4.58780574798584, 0.0, -1.0, 0.0, 0.0, 1421, 1503, 1415, 1507, 36.77307891845703, 32.92429733276367, 0.0)
(-2.3091726303100586, -0.5373526811599731, 0.0, -1.0, 0.0, 0.0, 1439, 1505, 1429, 1473, 7.711517810821533, 6.816531181335449, 0.0)
(-1.5430123805999756, 1.741938829421997, 0.0, -1.0, 0.0, 0.0, 1433, 1525, 1406, 1482, -11.099566459655762, -13.6754150390625, 0.0)
(-1.3922386169433594, 2.3353474140167236, 0.0, -1.0, 0.0, 0.0, 1422, 1521, 1403, 1500, -32.17351531982422, -6.439558029174805, 0.0)
(3.837383270263672, 6.5125956535339355, 0.0, 0.0, 0.0, 0.0, 1418, 1490, 1412, 1527, 35.583465576171875, -4.1195220947265625, 0.0)
(0.6696785688400269, 4.587512493133545, 0.0, -1.0, 0.0, 0.0, 1383, 1511, 1427, 1526, -11.786794662475586, -7.019458770751953, 0.0)
(-7.615023136138916, -5.128335475921631, 0.0, 0.0, 0.0, 0.0, 1398, 1484, 1472, 1491, -11.359521865844727, -33.55909729003906, 0.0)
(-2.232616424560547, 2.6222941875457764, 0.0, -1.0, 0.0, 0.0, 1384, 1506, 1427, 1529, -10.947540283203125, 28.03366470336914, 0.0)
(-0.3179672658443451, 3.874760150909424, 0.0, -1.0, 0.0, 0.0, 1424, 1529, 1409, 1485, -35.69071578979492, 15.330191612243652, 0.0)
(-1.2946518659591675, 7.714198112487793, 0.0, -1.0, 0.0, 0.0, 1419, 1524, 1406, 1496, 21.23451805114746, 46.72001266479492, 0.0)
(0.5366327166557312, 5.9232683181762695, 0.0, -1.0, 0.0, 0.0, 1428, 1522, 1399, 1500, 17.193885803222656, 7.535607814788818, 0.0)
(0.31985148787498474, 4.355888366699219, 0.0, -1.0, 0.0, 0.0, 1407, 1509, 1410, 1520, 26.993885040283203, 15.917901992797852, 0.0)
(-8.59326171875, -3.750683069229126, 0.0, -1.0, 0.0, 0.0, 1415, 1532, 1446, 1453, -42.90046310424805, -6.562268257141113, 0.0)
(-7.03774881362915, -4.890919208526611, 0.0, -1.0, 0.0, 0.0, 1414, 1487, 1452, 1490, -20.589263916015625, -5.965566635131836, 0.0)
(-1.0818521976470947, 0.2844962179660797, 0.0, -1.0, 0.0, 0.0, 1454, 1521, 1407, 1465, 4.734783172607422, 42.77839660644531, 0.0)
(1.954093098640442, 5.6700639724731445, 0.0, -1.0, 0.0, 0.0, 1377, 1488, 1435, 1546, 7.299548625946045, 4.712646484375, 0.0)
(-0.4492572844028473, 4.261671543121338, 0.0, -1.0, 0.0, 0.0, 1408, 1492, 1426, 1516, 27.644207000732422, 31.063079833984375, 0.0)
(2.8044469356536865, 9.492036819458008, 0.0, -1.0, 0.0, 0.0, 1367, 1506, 1412, 1561, -42.382484436035156, 3.663877487182617, 0.0)
(-1.1136754751205444, 7.614752769470215, 0.0, -1.0, 0.0, 0.0, 1407, 1515, 1407, 1517, 7.330692291259766, -12.039663314819336, 0.0)
(0.2821841239929199, 3.2615954875946045, 0.0, -1.0, 0.0, 0.0, 1415, 1498, 1419, 1514, -8.627363204956055, 20.373428344726562, 0.0)
(3.062145948410034, 6.609055042266846, 0.0, -1.0, 0.0, 0.0, 1401, 1503, 1398, 1544, 14.621313095092773, 6.141446590423584, 0.0)
(3.811133861541748, 9.180330276489258, 0.0, -1.0, 0.0, 0.0, 1413, 1507, 1406, 1519, -7.134296417236328, 6.723365783691406, 0.0)
(-1.5907652378082275, 8.62637710571289, 0.0, -1.0, 0.0, 0.0, 1404, 1528, 1399, 1515, 8.015012741088867, 1.5966787338256836, 0.0)
(-7.366700172424316, -1.1644452810287476, 0.0, -1.0, 0.0, 0.0, 1407, 1510, 1433, 1496, -19.112810134887695, -37.1462287902832, 0.0)
(-4.622145652770996, 1.9623805284500122, 0.0, -1.0, 0.0, 0.0, 1411, 1537, 1400, 1498, -2.53021240234375, -11.893606185913086, 0.0)
(1.0428402423858643, 6.041173458099365, 0.0, 0.0, 0.0, 0.0, 1401, 1514, 1410, 1521, -0.7477188110351562, 33.01807403564453, 0.0)
(3.9737532138824463, 8.290914535522461, 0.0, -1.0, 0.0, 0.0, 1363, 1507, 1414, 1562, -13.250534057617188, -15.491024017333984, 0.0)
(-1.0481929779052734, 1.3355708122253418, 0.0, -1.0, 0.0, 0.0, 1366, 1478, 1460, 1542, 9.879613876342773, -14.069999694824219, 0.0)
(-3.5153262615203857, -0.04460742697119713, 0.0, -1.0, 0.0, 0.0, 1373, 1489, 1448, 1536, -23.162506103515625, 9.790210723876953, 0.0)
(2.666527032852173, 3.65494966506958, 0.0, -1.0, 0.0, 0.0, 1424, 1511, 1392, 1523, -2.5636043548583984, -25.594444274902344, 0.0)
(2.4714035987854004, 0.4983535706996918, 0.0, -1.0, 0.0, 0.0, 1404, 1508, 1415, 1520, -3.760383367538452, -1.4825639724731445, 0.0)
(5.7087082862854, 9.862199783325195, 0.0, -1.0, 0.0, 0.0, 1428, 1510, 1381, 1531, 12.999043464660645, 16.647218704223633, 0.0)
(2.7446250915527344, 5.482251167297363, 0.0, -1.0, 0.0, 0.0, 1405, 1517, 1407, 1518, -21.334930419921875, 7.8994622230529785, 0.0)
(-1.0034829378128052, 2.5475308895111084, 0.0, -1.0, 0.0, 0.0, 1428, 1525, 1394, 1499, 3.3481149673461914, -6.772339820861816, 0.0)
(0.3969033658504486, 3.1046812534332275, 0.0, -1.0, 0.0, 0.0, 1433, 1527, 1373, 1514, 12.581451416015625, -1.1087875366210938, 0.0)
(-3.965371608734131, -1.9145368337631226, 0.0, -1.0, 0.0, 0.0, 1398, 1510, 1435, 1502, -24.234790802001953, -1.6716594696044922, 0.0)
(-0.7897055745124817, 4.028819561004639, 0.0, -1.0, 0.0, 0.0, 1427, 1521, 1384, 1514, 8.525440216064453, 1.3180255889892578, 0.0)
(1.7280774116516113, 6.650655746459961, 0.0, -1.0, 0.0, 0.0, 1388, 1494, 1419, 1545, 12.423566818237305, 29.39519500732422, 0.0)
(0.359159380197525, 5.017219543457031, 0.0, -1.0, 0.0, 0.0, 1384, 1483, 1445, 1535, 3.6024341583251953, 17.946491241455078, 0.0)
(-0.8297534584999084, 3.066804885864258, 0.0, -1.0, 0.0, 0.0, 1399, 1490, 1433, 1524, -4.798791885375977, -13.246143341064453, 0.0)
(0.24255329370498657, 6.040520191192627, 0.0, -1.0, 0.0, 0.0, 1404, 1516, 1400, 1526, -7.514132022857666, -8.338470458984375, 0.0)
(0.32232147455215454, 2.504969596862793, 0.0, -1.0, 0.0, 0.0, 1429, 1532, 1388, 1497, 24.493837356567383, 5.646673679351807, 0.0)
(4.857068061828613, 7.142146110534668, 0.0, -1.0, 0.0, 0.0, 1408, 1510, 1385, 1543, 6.751025199890137, 7.459455490112305, 0.0)
(3.2531161308288574, 5.036757946014404, 0.0, -1.0, 0.0, 0.0, 1397, 1508, 1410, 1530, 46.77000045776367, 18.42780303955078, 0.0)
(0.5745226144790649, 4.762455463409424, 0.0, 0.0, 0.0, 0.0, 1381, 1514, 1416, 1536, 3.2648801803588867, 8.478904724121094, 0.0)
(-1.9876515865325928, 3.329460620880127, 0.0, -1.0, 0.0, 0.0, 1389, 1540, 1403, 1514, -23.138731002807617, 8.097164154052734, 0.0)
(0.9558567404747009, 6.856377601623535, 0.0, -1.0, 0.0, 0.0, 1439, 1530, 1372, 1505, 14.518640518188477, -0.241912841796875, 0.0)
(-1.8681926727294922, 2.843895673751831, 0.0, -1.0, 0.0, 0.0, 1404, 1543, 1396, 1502, -22.049543380737305, -19.401639938354492, 0.0)
(-4.6594648361206055, -1.7226547002792358, 0.0, -1.0, 0.0, 0.0, 1419, 1515, 1416, 1496, -5.277244567871094, 19.30104637145996, 0.0)
(-3.288587808609009, -0.4318341910839081, 0.0, -1.0, 0.0, 0.0, 1426, 1518, 1406, 1496, -5.794923782348633, -4.576168537139893, 0.0)
(-3.4548110961914062, -1.2897542715072632, 0.0, -1.0, 0.0, 0.0, 1402, 1518, 1421, 1504, -12.462172508239746, 5.4766340255737305, 0.0)
(1.2878726720809937, 1.3330928087234497, 0.0, -1.0, -1.0, 0.0, 1411, 1498, 1409, 1527, -1.6545085906982422, 8.704479217529297, 0.0)
(4.083720684051514, 4.969961643218994, 0.0, -1.0, 0.0, 0.0, 1380, 1510, 1409, 1546, -16.576793670654297, -25.491374969482422, 0.0)
(1.4795840978622437, 4.1898674964904785, 0.0, -1.0, 0.0, 0.0, 1362, 1507, 1423, 1554, 6.4224653244018555, 10.228330612182617, 0.0)
(-1.5968095064163208, 3.8790013790130615, 0.0, -1.0, 0.0, 0.0, 1378, 1508, 1417, 1543, 6.483767032623291, -0.6356768608093262, 0.0)
(-1.2207844257354736, 3.972108840942383, 0.0, -1.0, 0.0, 0.0, 1450, 1551, 1361, 1484, 15.250913619995117, 32.74378967285156, 0.0)
(-1.885962724685669, 0.974951446056366, 0.0, -1.0, 0.0, 0.0, 1411, 1531, 1403, 1501, 1.599325180053711, -23.142894744873047, 0.0)
(-3.3980205059051514, 1.0403696298599243, 0.0, -1.0, 0.0, 0.0, 1411, 1529, 1400, 1506, -16.465089797973633, 12.041669845581055, 0.0)
(-1.8090331554412842, 1.2709065675735474, 0.0, -1.0, 0.0, 0.0, 1418, 1527, 1393, 1509, -43.84352493286133, -4.790134429931641, 0.0)
(-2.5539822578430176, 1.950076937675476, 0.0, 0.0, 0.0, 0.0, 1391, 1514, 1423, 1517, -24.845672607421875, -37.37389373779297, 0.0)
(0.10755223780870438, 7.343396186828613, 0.0, -1.0, 0.0, 0.0, 1377, 1513, 1401, 1555, -3.5138330459594727, 9.111557006835938, 0.0)
(1.8025833368301392, 6.537757396697998, 0.0, -1.0, 0.0, 0.0, 1397, 1515, 1400, 1534, 25.036033630371094, 43.93051528930664, 0.0)
(-1.7882275581359863, 4.992178916931152, 0.0, -1.0, 0.0, 0.0, 1384, 1520, 1407, 1530, 13.516276359558105, -0.3218040466308594, 0.0)
(-2.6152756214141846, 0.2054399847984314, 0.0, -1.0, 0.0, 0.0, 1408, 1533, 1399, 1507, -12.013832092285156, -46.71031951904297, 0.0)
(-1.4835474491119385, 1.117675542831421, 0.0, -1.0, 0.0, 0.0, 1396, 1527, 1395, 1524, 0.5495376586914062, 7.825662612915039, 0.0)
(-3.486691474914551, 2.108389139175415, 0.0, -1.0, 0.0, 0.0, 1417, 1525, 1405, 1499, -7.534578323364258, -21.89803123474121, 0.0)
(1.7495522499084473, 3.820021629333496, 0.0, -1.0, 0.0, 0.0, 1394, 1504, 1386, 1558, 11.98360538482666, 2.823244333267212, 0.0)
(3.2294883728027344, 4.125936985015869, 0.0, -1.0, 0.0, 0.0, 1363, 1490, 1428, 1562, -22.04423713684082, -39.65952682495117, 0.0)
(2.687079429626465, 6.3685383796691895, 0.0, -1.0, 0.0, 0.0, 1355, 1490, 1426, 1570, 8.160775184631348, 2.206773281097412, 0.0)
(-0.7076312303543091, 3.2950103282928467, 0.0, -1.0, 0.0, 0.0, 1393, 1523, 1399, 1527, 0.10622596740722656, -5.725517272949219, 0.0)
(-1.8141069412231445, 1.8807039260864258, 0.0, -1.0, 0.0, 0.0, 1416, 1542, 1378, 1505, -12.187885284423828, -0.3382687568664551, 0.0)
(-2.7125649452209473, 1.2527320384979248, 0.0, -1.0, 0.0, 0.0, 1440, 1540, 1375, 1486, 4.431634902954102, 26.66942596435547, 0.0)
(-2.0101912021636963, 1.5009961128234863, 0.0, -1.0, 0.0, 0.0, 1393, 1528, 1398, 1523, -8.069534301757812, -9.34347152709961, 0.0)
(1.1633827686309814, 2.354681968688965, 0.0, -1.0, 0.0, 0.0, 1390, 1518, 1394, 1541, -28.40452766418457, -35.4271125793457, 0.0)
(-2.718581438064575, 1.088559865951538, 0.0, 0.0, 0.0, 0.0, 1350, 1513, 1448, 1530, -48.86063003540039, 6.497829437255859, 0.0)
(-1.0522750616073608, 2.037600517272949, 0.0, -1.0, 0.0, 0.0, 1379, 1519, 1409, 1536, -15.666722297668457, 15.866215705871582, 0.0)
(-4.163794994354248, -4.075996398925781, 0.0, -1.0, 0.0, 0.0, 1425, 1524, 1401, 1493, -7.21750545501709, -19.81922149658203, 0.0)
(-2.6062283515930176, -2.3284108638763428, 0.0, -1.0, 0.0, 0.0, 1437, 1544, 1371, 1491, 14.816394805908203, 15.004138946533203, 0.0)
(2.8783111572265625, 2.314072608947754, 0.0, -1.0, 0.0, 0.0, 1392, 1509, 1398, 1547, 11.165910720825195, 4.3352508544921875, 0.0)
(5.723817825317383, 7.838650226593018, 0.0, -1.0, 0.0, 0.0, 1380, 1521, 1390, 1551, -0.10582304000854492, 3.2144527435302734, 0.0)
(0.7220852971076965, 5.589925289154053, 0.0, -1.0, 0.0, 0.0, 1353, 1499, 1435, 1556, -12.068649291992188, 37.4721794128418, 0.0)
(-3.065178155899048, 1.5829408168792725, 0.0, -1.0, 0.0, 0.0, 1370, 1516, 1420, 1536, -12.062055587768555, -32.362060546875, 0.0)
(1.9388322830200195, 7.434669017791748, 0.0, -1.0, 0.0, 0.0, 1442, 1540, 1351, 1510, -5.808804512023926, 4.394502639770508, 0.0)
(1.924870491027832, 4.201066017150879, 0.0, -1.0, 0.0, 0.0, 1420, 1527, 1376, 1519, -7.2947492599487305, -16.473918914794922, 0.0)
(0.4855191707611084, 1.3533374071121216, 0.0, -1.0, 0.0, 0.0, 1398, 1539, 1388, 1517, -37.58043670654297, -18.826257705688477, 0.0)
(-10.102910041809082, -8.935059547424316, 0.0, -1.0, 0.0, 0.0, 1407, 1514, 1443, 1478, -3.7495269775390625, -55.2333869934082, 0.0)
(-3.8578970432281494, -2.3388750553131104, 0.0, -1.0, 0.0, 0.0, 1426, 1530, 1377, 1508, 12.245867729187012, 14.697492599487305, 0.0)
(-1.615864872932434, -1.121678352355957, 0.0, -1.0, 0.0, 0.0, 1381, 1525, 1412, 1525, -16.328441619873047, -13.001065254211426, 0.0)
(0.997846245765686, 4.112451076507568, 0.0, -1.0, 0.0, 0.0, 1376, 1516, 1399, 1550, -21.86394500732422, 20.757667541503906, 0.0)
(2.001664876937866, 4.139155864715576, 0.0, -1.0, 0.0, 0.0, 1383, 1503, 1403, 1553, -4.8015642166137695, -14.283674240112305, 0.0)
(1.0519659519195557, 2.2300968170166016, 0.0, -1.0, 0.0, 0.0, 1386, 1488, 1427, 1541, 0.5809346437454224, 0.747899055480957, 0.0)
(1.0964395999908447, 0.7286398410797119, 0.0, -1.0, 0.0, 0.0, 1370, 1501, 1419, 1556, -30.21372413635254, -35.371673583984375, 0.0)
(2.861729860305786, 4.695488929748535, 0.0, -1.0, 0.0, 0.0, 1389, 1508, 1392, 1549, 2.016524314880371, -9.879236221313477, 0.0)
(0.05280807614326477, 6.628227233886719, 0.0, -1.0, 0.0, 0.0, 1380, 1523, 1394, 1541, 21.29718780517578, 57.274192810058594, 0.0)
(-2.4784176349639893, 2.2733027935028076, 0.0, -1.0, 0.0, 0.0, 1412, 1528, 1376, 1514, 36.0059928894043, 28.345462799072266, 0.0)
(-1.218428611755371, 2.903859853744507, 0.0, -1.0, 0.0, 0.0, 1429, 1564, 1347, 1491, -4.151177406311035, -9.080699920654297, 0.0)
(-2.168302059173584, 0.5674781203269958, 0.0, -1.0, 0.0, 0.0, 1401, 1535, 1377, 1516, -28.509132385253906, 9.124602317810059, 0.0)
(-7.125661373138428, -3.889268159866333, 0.0, -1.0, 0.0, 0.0, 1399, 1520, 1420, 1490, -36.12352752685547, -12.885372161865234, 0.0)
(-2.617267370223999, -1.0745652914047241, 0.0, -1.0, 0.0, 0.0, 1337, 1476, 1448, 1569, -20.402488708496094, -17.126222610473633, 0.0)
(0.9115279316902161, 4.300429344177246, 0.0, -1.0, 0.0, 0.0, 1340, 1509, 1412, 1569, -3.390026092529297, 39.67644119262695, 0.0)
(2.1530821323394775, 6.1400651931762695, 0.0, -1.0, 0.0, 0.0, 1361, 1500, 1399, 1567, -15.039198875427246, -0.5179977416992188, 0.0)
(1.116822361946106, 4.791231155395508, 0.0, -1.0, 0.0, 0.0, 1371, 1506, 1394, 1559, 9.158616065979004, 0.8535785675048828, 0.0)
(-0.35943129658699036, 6.077113628387451, 0.0, 0.0, 0.0, 0.0, 1355, 1509, 1410, 1560, 4.787691116333008, -0.3245668411254883, 0.0)
(-3.8775429725646973, 3.8312342166900635, 0.0, -1.0, 0.0, 0.0, 1397, 1519, 1391, 1527, -31.89087677001953, 11.024418830871582, 0.0)
(-0.9870210886001587, 0.8086634874343872, 0.0, -1.0, 0.0, 0.0, 1398, 1514, 1384, 1510, -7.686037063598633, -18.858722686767578, 0.0)
(-0.5265423655509949, 0.5037460327148438, 0.0, -1.0, 0.0, 0.0, 1100, 1151, 1100, 1227, 20.521970748901367, 49.32248306274414, 0.0)
(-0.6059045195579529, 3.526369094848633, 0.0, -1.0, 0.0, 0.0, 1000, 1000, 1000, 1000, -17.331090927124023, 10.023836135864258, 0.0)
(-2.0247693061828613, -0.0343768373131752, 0.0, -1.0, 0.0, 0.0, 1000, 1000, 1000, 1000, -0.2734675407409668, -3.848679542541504, 0.0)
(-0.09983228892087936, 0.5280017256736755, 0.0, -1.0, 0.0, 0.0, 1000, 1000, 1000, 1000, 2.5506372451782227, 4.172377586364746, 0.0)
(0.5284299254417419, 0.14706923067569733, 0.0, -1.0, 0.0, 0.0, 1000, 1000, 1000, 1000, -1.719643235206604, 1.8204232454299927, 0.0)
(-1.1517003774642944, -1.8041809797286987, 0.0, -1.0, 0.0, 0.0, 1000, 1000, 1000, 1000, -3.6200854778289795, -4.074880599975586, 0.0)
(-2.4006881713867188, -2.760554552078247, 0.0, -1.0, 0.0, 0.0, 1000, 1000, 1000, 1000, -3.5485050678253174, -2.855328321456909, 0.0)
(-2.582463264465332, -2.816301107406616, 0.0, -1.0, 0.0, 0.0, 1000, 1000, 1000, 1000, -1.6803351640701294, -2.110926628112793, 0.0)
(-2.675428867340088, -2.6358020305633545, 0.0, -1.0, 0.0, 0.0, 1000, 1000, 1000, 1000, -3.25768780708313, -2.359388589859009, 0.0)
(-3.126107692718506, -3.6303207874298096, 0.0, -1.0, 0.0, 0.0, 1000, 1000, 1000, 1000, -4.590066432952881, -5.753121376037598, 0.0)
(-3.434702157974243, -3.287090301513672, 0.0, 0.0, 0.0, 0.0, 1000, 1000, 1000, 1000, -1.7900937795639038, -3.0626087188720703, 0.0)
(-1.5795230865478516, 1.2821002006530762, 0.0, -1.0, 0.0, 0.0, 1000, 1000, 1000, 1000, 1.7310999631881714, 2.581745147705078, 0.0)
(-1.227307677268982, 2.307183265686035, 0.0, -1.0, 0.0, 0.0, 1000, 1000, 1000, 1000, -2.1521005630493164, -0.6385617256164551, 0.0)
(-1.4678651094436646, 3.723494052886963, 0.0, -1.0, 0.0, 0.0, 1000, 1000, 1000, 1000, -0.21512603759765625, 4.734621524810791, 0.0)
(1.1020246744155884, 6.113714694976807, 0.0, -1.0, 0.0, 0.0, 1000, 1000, 1000, 1000, 1.890854835510254, 6.054101943969727, 0.0)
(2.9257638454437256, 6.229084491729736, 0.0, -1.0, 0.0, 0.0, 1000, 1000, 1000, 1000, 3.753358840942383, 7.333589553833008, 0.0)
(0.038625773042440414, 4.674694538116455, 0.0, -1.0, 0.0, 0.0, 1000, 1000, 1000, 1000, -5.0381388664245605, 0.6414661407470703, 0.0)
(-3.4409022331237793, 0.47282177209854126, 0.0, -1.0, 0.0, 0.0, 1000, 1000, 1000, 1000, -6.047311782836914, -3.2684102058410645, 0.0)
(-3.556130886077881, -2.8531882762908936, 0.0, -1.0, 0.0, 0.0, 1000, 1000, 1000, 1000, -2.722447633743286, -2.2741177082061768, 0.0)
(-3.765563726425171, -3.8301002979278564, 0.0, -1.0, 0.0, 0.0, 1000, 1000, 1000, 1000, -2.1123247146606445, -3.824606418609619, 0.0)
(-4.764825820922852, -3.9399125576019287, 0.0, -1.0, 0.0, 0.0, 1000, 1000, 1000, 1000, -4.653835296630859, -2.760798692703247, 0.0)
(-3.302245855331421, -5.827359199523926, 0.0, 0.0, 0.0, 0.0, 1000, 1000, 1000, 1000, -0.0005807876586914062, -5.505177021026611, 0.0)
(-1.0684024095535278, -7.8701558113098145, 0.0, -1.0, 0.0, 0.0, 1000, 1000, 1000, 1000, -0.5202865600585938, -8.763365745544434, 0.0)
(-4.100531101226807, -6.60543966293335, 0.0, -1.0, 0.0, 0.0, 1000, 1000, 1000, 1000, -8.58487319946289, -8.671993255615234, 0.0)
(-7.018195152282715, -10.5498685836792, 0.0, -1.0, 0.0, 0.0, 1000, 1000, 1000, 1000, -10.526241302490234, -19.08949851989746, 0.0)
(-8.312129020690918, -9.528578758239746, 0.0, -1.0, 0.0, 0.0, 1000, 1000, 1000, 1000, -12.214423179626465, -13.026719093322754, 0.0)
(-7.6060590744018555, -8.320182800292969, 0.0, -1.0, 0.0, 0.0, 1000, 1000, 1000, 1000, -6.8827338218688965, -8.78868579864502, 0.0)
(-6.688252925872803, -7.499556064605713, 0.0, -1.0, 0.0, 0.0, 1000, 1000, 1000, 1000, -4.109184741973877, -7.465250015258789, 0.0)
(-6.499613285064697, -6.070224285125732, 0.0, -1.0, 0.0, 0.0, 1000, 1000, 1000, 1000, -7.791209697723389, -7.571491241455078, 0.0)
(-6.704226016998291, -5.81747579574585, 0.0, -1.0, 0.0, 0.0, 1000, 1000, 1000, 1000, -7.026095867156982, -5.055915832519531, 0.0)
(-6.602033615112305, -5.910131454467773, 0.0, -1.0, 0.0, 0.0, 1000, 1000, 1000, 1000, -6.258790016174316, -5.944369316101074, 0.0)
(-6.516765594482422, -5.884840488433838, 0.0, -1.0, 0.0, 0.0, 1000, 1000, 1000, 1000, -6.4516401290893555, -6.059048175811768, 0.0)
(-6.52275276184082, -5.910279273986816, 0.0, 0.0, 0.0, 0.0, 1000, 1000, 1000, 1000, -6.405868053436279, -5.9459004402160645, 0.0)
(-6.497529029846191, -5.904707908630371, 0.0, -1.0, -1.0, 0.0, 1000, 1000, 1000, 1000, -6.251524448394775, -5.806563854217529, 0.0)
(-6.4640350341796875, -5.877437591552734, 0.0, -1.0, 0.0, 0.0, 1000, 1000, 1000, 1000, -6.419137477874756, -6.064087867736816, 0.0)
(-6.506677150726318, -5.911732196807861, 0.0, -1.0, 0.0, 0.0, 1000, 1000, 1000, 1000, -6.557614803314209, -6.015072822570801, 0.0)
(-6.502852916717529, -5.915055274963379, 0.0, -1.0, 0.0, 0.0, 1000, 1000, 1000, 1000, -6.641140937805176, -6.073892593383789, 0.0)
(-6.511088848114014, -5.893880367279053, 0.0, -1.0, 0.0, 0.0, 1000, 1000, 1000, 1000, -6.648240089416504, -6.186826229095459, 0.0)
(-6.499914646148682, -5.90416145324707, 0.0, -1.0, 0.0, 0.0, 1000, 1000, 1000, 1000, -6.372862815856934, -5.790751934051514, 0.0)
(-6.483676433563232, -5.882352352142334, 0.0, -1.0, 0.0, 0.0, 1000, 1000, 1000, 1000, -6.416129112243652, -5.973884582519531, 0.0)
(-6.455247402191162, -5.878535747528076, 0.0, -1.0, 0.0, 0.0, 1000, 1000, 1000, 1000, -5.912099838256836, -5.959803581237793, 0.0)
(-6.457473278045654, -5.905444622039795, 0.0, -1.0, 0.0, 0.0, 1000, 1000, 1000, 1000, -6.383896827697754, -5.730613708496094, 0.0)
(-6.45844030380249, -5.875051498413086, 0.0, -1.0, 0.0, 0.0, 1000, 1000, 1000, 1000, -6.305849075317383, -5.855870246887207, 0.0)
(-6.464903354644775, -5.87705135345459, 0.0, -1.0, 0.0, 0.0, 1000, 1000, 1000, 1000, -6.470617771148682, -6.118498802185059, 0.0)
(-6.488155841827393, -5.882983684539795, 0.0, -1.0, 0.0, 0.0, 1000, 1000, 1000, 1000, -6.575005531311035, -6.158390045166016, 0.0)
(-6.4879560470581055, -5.880651473999023, 0.0, -1.0, 0.0, 0.0, 1000, 1000, 1000, 1000, -6.467099189758301, -5.954256057739258, 0.0)
(-6.484085559844971, -5.88980770111084, 0.0, -1.0, 0.0, 0.0, 1000, 1000, 1000, 1000, -6.438034534454346, -6.035162925720215, 0.0)
(-6.453557014465332, -5.886669635772705, 0.0, -1.0, 0.0, 0.0, 1000, 1000, 1000, 1000, -6.604291915893555, -6.244748115539551, 0.0)