
(-1.340409278869629, -1.2668930292129517, 0.0, -1.0, 0.0, 0.0, 1000, 1000, 1000, 1000, -1.173370599746704, -1.4345433712005615, 0.0, -0.3144814670085907, 0.9701230525970459, 1.8849732875823975, 0.07497163861989975, -0.0, 1.9599449634552002)
(-1.3363564014434814, -1.2632238864898682, 0.0, -1.0, -1.0, 0.0, 1000, 1000, 1000, 1000, -1.2517426013946533, -1.4620009660720825, 0.0, -0.3541155755519867, 1.0913126468658447, 1.8647089004516602, 0.0975894033908844, -0.0, 1.9622982740402222)
(-1.3343474864959717, -1.2670786380767822, 0.0, 0.0, -1.0, 0.0, 1000, 1000, 1000, 1000, -1.170907974243164, -1.4277186393737793, 0.0, -0.3929874897003174, 1.21021568775177, 6.885152339935303, 0.12384174764156342, -0.0, 7.008994102478027)
(-1.342238426208496, -1.2702884674072266, 0.0, -1.0, -1.0, 0.0, 1000, 1000, 1000, 1000, -1.117490291595459, -1.2150673866271973, 0.0, -0.4332313537597656, 1.3324722051620483, 2.0160701274871826, 0.14262565970420837, -0.0, 2.158695697784424)
(-1.3772809505462646, -1.3134722709655762, 0.0, -1.0, -1.0, 0.0, 1000, 1000, 1000, 1000, -1.166835069656372, -1.5215318202972412, 0.0, -0.47240814566612244, 1.450155258178711, 2.130307197570801, 0.16627199947834015, 0.0, 2.296579122543335)
(-1.3624379634857178, -1.2951390743255615, 0.0, -1.0, -1.0, 0.0, 1000, 1000, 1000, 1000, -1.3346270322799683, -1.575211524963379, 0.0, -0.5109753012657166, 1.570429801940918, 2.208531379699707, 0.18541797995567322, 0.0, 2.393949270248413)
(-1.3629907369613647, -1.2939879894256592, 0.0, -1.0, -1.0, 0.0, 1000, 1000, 1000, 1000, -1.395444393157959, -1.520047664642334, 0.0, -0.5500001311302185, 1.6894851922988892, 1.9673926830291748, 0.20925582945346832, -0.0, 2.1766486167907715)
(-1.3589084148406982, -1.2837556600570679, 0.0, -1.0, -1.0, 0.0, 1000, 1000, 1000, 1000, -1.251288890838623, -1.5755555629730225, 0.0, -0.5894821882247925, 1.8117417097091675, 1.91649329662323, 0.2279248833656311, -0.0, 2.144418239593506)
(-1.3562816381454468, -1.2852325439453125, 0.0, -1.0, 0.0, 0.0, 1000, 1000, 1000, 1000, -1.38580322265625, -1.6273674964904785, 0.0, -0.6286596059799194, 1.932321310043335, 1.9948228597640991, 0.25163039565086365, 0.0, 2.246453285217285)
(-1.3485674858093262, -1.2774102687835693, 0.0, 0.0, -1.0, 0.0, 1000, 1000, 1000, 1000, -1.1302907466888428, -1.4663364887237549, 0.0, -0.6663124561309814, 2.052443504333496, 6.559910774230957, 0.27383118867874146, -0.0, 6.833742141723633)
(-1.3587672710418701, -1.289702296257019, 0.0, -1.0, -1.0, 0.0, 1000, 1000, 1000, 1000, -1.3211424350738525, -1.6192346811294556, 0.0, -0.705184817314148, 2.1728708744049072, 2.037738800048828, 0.29311034083366394, 0.0, 2.3308491706848145)
(-1.371565818786621, -1.2969260215759277, 0.0, -1.0, -1.0, 0.0, 1000, 1000, 1000, 1000, -1.2528908252716064, -1.4782761335372925, 0.0, -0.7454290390014648, 2.2949745655059814, 2.2541706562042236, 0.31720614433288574, 0.0, 2.5713768005371094)
(-1.3201839923858643, -1.2425440549850464, 0.0, -1.0, -1.0, 0.0, 1000, 1000, 1000, 1000, -0.9577730298042297, -1.235749363899231, 0.0, -0.7763743996620178, 2.420433282852173, 1.661895513534546, 0.33536726236343384, 0.0, 1.997262716293335)
(-1.327585220336914, -1.2340902090072632, 0.0, -1.0, -1.0, 0.0, 1000, 1000, 1000, 1000, -0.7344042062759399, -1.088785171508789, 0.0, -0.8189050555229187, 2.5827808380126953, 2.278170108795166, 0.3570495843887329, 0.0, 2.6352198123931885)
(-1.4580192565917969, -1.4444655179977417, 0.0, -1.0, -1.0, 0.0, 1000, 1000, 1000, 1000, -0.8920358419418335, -1.3285444974899292, 0.0, -1.2365881204605103, 2.2463479042053223, 7.716925621032715, 0.3952133059501648, 0.0, 8.112138748168945)
(-3.42616868019104, -4.996404647827148, 0.0, -1.0, -1.0, 0.0, 1000, 1000, 1000, 1000, -6.482334613800049, -6.705216884613037, 0.0, -2.0015265941619873, -0.32133495807647705, -1.0398883819580078, 0.5043253302574158, -0.0, -0.535563051700592)
(-5.196226596832275, -5.689402103424072, 0.0, -1.0, 0.0, 0.0, 1000, 1000, 1000, 1000, -3.5950186252593994, -5.64051628112793, 0.0, -2.4850637912750244, -0.06523756682872772, 22.078693389892578, 0.6772676110267639, 0.0, 22.75596046447754)
(-4.87308406829834, -6.115992546081543, 0.0, -1.0, -1.0, 0.0, 1000, 1000, 1000, 1000, -9.629778861999512, -10.296574592590332, 0.0, -2.4725632667541504, -0.5394755601882935, 13.816640853881836, 0.8476487994194031, -0.0, 14.664289474487305)
(-5.800167560577393, -6.353308200836182, 0.0, 0.0, -1.0, 0.0, 1000, 1000, 1000, 1000, -4.521332740783691, -4.704230308532715, 0.0, -2.519361972808838, -0.11005470901727676, 36.897178649902344, 1.030811071395874, 0.0, 37.9279899597168)
(-8.070612907409668, -6.277900695800781, 0.0, -1.0, -1.0, 0.0, 1000, 1000, 1000, 1000, 0.13297021389007568, 0.8686248064041138, 0.0, -4.888112545013428, 0.6583902835845947, 40.87135696411133, 1.4289705753326416, -0.0, 42.30032730102539)
(-4.081364154815674, -2.2457892894744873, 0.0, -1.0, -1.0, 0.0, 1000, 1000, 1000, 1000, -1.0470969676971436, -1.353234887123108, 0.0, -2.144362211227417, 4.303511619567871, -6.0565948486328125, 1.5504282712936401, -0.0, -4.506166458129883)
(0.7321383357048035, 0.48154640197753906, 0.0, -1.0, -1.0, 0.0, 1000, 1000, 1000, 1000, 6.558210849761963, 5.908194065093994, 0.0, 0.8749974966049194, 5.704578399658203, -9.209471702575684, 1.421228051185608, 0.0, -7.788243770599365)
(-1.1370136737823486, 0.6813980340957642, 0.0, -1.0, -1.0, 0.0, 1000, 1000, 1000, 1000, -3.8470101356506348, -3.163597822189331, 0.0, -1.4550330638885498, 5.770735263824463, 9.069214820861816, 1.4884339570999146, -0.0, 10.557648658752441)
(-2.81347918510437, -1.8722351789474487, 0.0, -1.0, -1.0, 0.0, 1000, 1000, 1000, 1000, -6.022824287414551, -5.830356121063232, 0.0, -1.9815577268600464, 4.9181437492370605, 8.36617660522461, 1.566963791847229, 0.0, 9.933140754699707)
(-1.9749364852905273, -2.6317851543426514, 0.0, -1.0, -1.0, 0.0, 1000, 1000, 1000, 1000, -2.7135660648345947, -2.353327751159668, 0.0, -0.4460393786430359, 4.804119110107422, -12.96068286895752, 1.5742264986038208, -0.0, -11.386456489562988)
(1.3594731092453003, -0.1313134729862213, 0.0, -1.0, 0.0, 0.0, 1000, 1000, 1000, 1000, 6.311416149139404, 5.761857032775879, 0.0, 1.563106894493103, 5.506862163543701, -9.998584747314453, 1.4372715950012207, 0.0, -8.561312675476074)
(1.1413911581039429, 3.458725690841675, 0.0, -1.0, -1.0, 0.0, 1000, 1000, 1000, 1000, 4.969880104064941, 5.541370868682861, 0.0, -0.9632651805877686, 7.095889091491699, 8.012557029724121, 1.4557623863220215, 0.0, 9.468318939208984)
(0.871694803237915, 4.3000874519348145, 0.0, -1.0, -1.0, 0.0, 1000, 1000, 1000, 1000, 3.5412421226501465, 4.573529243469238, 0.0, -2.327594757080078, 8.089791297912598, -13.74871826171875, 1.450176477432251, -0.0, -12.298542022705078)
(2.8235936164855957, 4.052685737609863, 0.0, -1.0, -1.0, 0.0, 1000, 1000, 1000, 1000, 4.836922645568848, 5.206763744354248, 0.0, -0.973783552646637, 8.063720703125, -23.203332901000977, 1.2469797134399414, 0.0, -21.95635223388672)
(2.3169548511505127, 3.6356921195983887, 0.0, -1.0, -1.0, 0.0, 1000, 1000, 1000, 1000, 1.8964574337005615, 2.385347366333008, 0.0, -1.4271368980407715, 8.016464233398438, -13.048189163208008, 1.1005374193191528, 0.0, -11.947651863098145)
(1.6512113809585571, 3.340956449508667, 0.0, -1.0, -1.0, 0.0, 1000, 1000, 1000, 1000, 1.5405009984970093, 2.2972397804260254, 0.0, -2.1682958602905273, 8.118900299072266, -9.384105682373047, 0.998197615146637, -0.0, -8.385908126831055)
(1.8620232343673706, 2.3856570720672607, 0.0, -1.0, -1.0, 0.0, 1000, 1000, 1000, 1000, 1.216745138168335, 1.540397047996521, 0.0, -1.8655520677566528, 7.560363292694092, -20.285724639892578, 0.8721576929092407, -0.0, -19.41356658935547)
(2.4489738941192627, 1.339532732963562, 0.0, -1.0, -1.0, 0.0, 1000, 1000, 1000, 1000, 1.4838138818740845, 1.4274553060531616, 0.0, -1.072412371635437, 6.435516834259033, -17.488771438598633, 0.6812889575958252, 0.0, -16.80748176574707)
(1.2270777225494385, 0.5884758234024048, 0.0, -1.0, -1.0, 0.0, 1000, 1000, 1000, 1000, -0.37113696336746216, -0.5912859439849854, 0.0, -1.6766806840896606, 5.87926721572876, -7.568315505981445, 0.5814909934997559, 0.0, -6.9868245124816895)
(0.2662717401981354, 0.17295116186141968, 0.0, -1.0, 0.0, 0.0, 1000, 1000, 1000, 1000, -0.11211451888084412, -0.057641513645648956, 0.0, -1.982778787612915, 5.960060119628906, -4.5020904541015625, 0.5199323892593384, 0.0, -3.9821581840515137)
(-0.25517982244491577, 0.4684929847717285, 0.0, -1.0, -1.0, 0.0, 1000, 1000, 1000, 1000, 0.25327828526496887, 0.5787354707717896, 0.0, -2.209150791168213, 6.680334091186523, -4.577759265899658, 0.49474194645881653, -0.0, -4.083017349243164)
(-0.20072700083255768, 0.19041526317596436, 0.0, 0.0, -1.0, 0.0, 1000, 1000, 1000, 1000, -0.518173098564148, -0.3291202783584595, 0.0, -2.048023223876953, 6.658686637878418, -0.3683161735534668, 0.4571475684642792, 0.0, 0.08883140981197357)
(-0.06178251653909683, -0.012923107482492924, 0.0, -1.0, -1.0, 0.0, 1000, 1000, 1000, 1000, 0.12883010506629944, 0.026423364877700806, 0.0, -1.8388763666152954, 6.589783191680908, -5.483770370483398, 0.40947225689888, 0.0, -5.074297904968262)
(0.09533505141735077, 0.42202815413475037, 0.0, -1.0, -1.0, 0.0, 1000, 1000, 1000, 1000, 0.31195640563964844, 0.36029839515686035, 0.0, -1.8070164918899536, 6.998929023742676, -5.873016357421875, 0.36117517948150635, -0.0, -5.511841297149658)
(0.5657066106796265, 0.8840306997299194, 0.0, -1.0, -1.0, 0.0, 1000, 1000, 1000, 1000, 1.1106884479522705, 1.0446670055389404, 0.0, -1.645583152770996, 7.315545082092285, -8.560240745544434, 0.29001185297966003, 0.0, -8.27022933959961)
(0.7577248811721802, 1.0274101495742798, 0.0, -1.0, -1.0, 0.0, 1000, 1000, 1000, 1000, 0.6275408267974854, 0.7184536457061768, 0.0, -1.6211930513381958, 7.398928165435791, -7.904478549957275, 0.21415482461452484, 0.0, -7.690323829650879)
(0.5671213865280151, 1.058029294013977, 0.0, -1.0, -1.0, 0.0, 1000, 1000, 1000, 1000, 0.9654166102409363, 0.9942210912704468, 0.0, -1.8464981317520142, 7.549842834472656, -6.219753265380859, 0.1483859419822693, 0.0, -6.071367263793945)
(0.5542514324188232, 1.1674141883850098, 0.0, -1.0, -1.0, 0.0, 1000, 1000, 1000, 1000, 0.8738536834716797, 1.0250951051712036, 0.0, -1.9442116022109985, 7.804722785949707, -7.954184055328369, 0.08825107663869858, 0.0, -7.865932941436768)
(0.6367074251174927, 1.1396899223327637, 0.0, -1.0, 0.0, 0.0, 1000, 1000, 1000, 1000, 1.0322946310043335, 1.1626808643341064, 0.0, -2.0240893363952637, 7.838868618011475, -5.256708145141602, 0.016631850972771645, 0.0, -5.240076065063477)
(0.01963687315583229, 0.9866238832473755, 0.0, -1.0, -1.0, 0.0, 1000, 1000, 1000, 1000, 0.11507058143615723, 0.5320357084274292, 0.0, -2.6041197776794434, 7.975911617279053, -2.964038133621216, -0.005546023137867451, -0.0, -2.9695842266082764)
(0.16724251210689545, 0.7297236323356628, 0.0, -1.0, -1.0, 0.0, 1000, 1000, 1000, 1000, 0.26654380559921265, 0.4086694121360779, 0.0, -2.439332962036133, 8.02072811126709, -2.848407745361328, -0.05588620528578758, 0.0, -2.904294013977051)
(0.23417596518993378, 0.669147789478302, 0.0, -1.0, -1.0, 0.0, 1000, 1000, 1000, 1000, 0.424338161945343, 0.5961279273033142, 0.0, -2.4022910594940186, 8.077739715576172, -5.774538516998291, -0.11500858515501022, 0.0, -5.889546871185303)
(0.013025734573602676, 0.4919998049736023, 0.0, -1.0, -1.0, 0.0, 1000, 1000, 1000, 1000, -0.0577879399061203, 0.15771742165088654, 0.0, -2.6891818046569824, 7.969506740570068, -0.27854347229003906, -0.15151584148406982, 0.0, -0.4300593137741089)
(-0.6813358068466187, 0.0363064669072628, 0.0, -1.0, -1.0, 0.0, 1000, 1000, 1000, 1000, -1.043587327003479, -0.8558278679847717, 0.0, -3.1792733669281006, 7.961731433868408, -2.934784412384033, -0.152752086520195, -0.0, -3.087536573410034)
(-0.4380354583263397, -0.01710619032382965, 0.0, -1.0, -1.0, 0.0, 1000, 1000, 1000, 1000, -0.3361072540283203, -0.1700432151556015, 0.0, -2.8359804153442383, 8.170269012451172, -3.724457025527954, -0.1796727329492569, 0.0, -3.90412974357605)
(-0.24729453027248383, 0.06817057728767395, 0.0, -1.0, -1.0, 0.0, 1000, 1000, 1000, 1000, 0.4356827735900879, 0.5341812372207642, 0.0, -2.7699732780456543, 8.236581802368164, -4.495234489440918, -0.2137650102376938, -0.0, -4.7089996337890625)
(-0.23135772347450256, -0.06958118826150894, 0.0, -1.0, -1.0, 0.0, 1000, 1000, 1000, 1000, -0.4555007815361023, -0.4030892848968506, 0.0, -2.8218026161193848, 8.120115280151367, -2.715162754058838, -0.24412530660629272, 0.0, -2.9592881202697754)
(-0.44632694125175476, -0.07015437632799149, 0.0, -1.0, -1.0, 0.0, 1000, 1000, 1000, 1000, -0.5619031190872192, -0.47340425848960876, 0.0, -3.054882049560547, 8.222552299499512, -1.2744629383087158, -0.2637631297111511, -0.0, -1.5382260084152222)
(-0.7731831073760986, -0.13378506898880005, 0.0, -1.0, -1.0, 0.0, 1000, 1000, 1000, 1000, -1.0839518308639526, -0.8950042724609375, 0.0, -3.3236329555511475, 8.410511016845703, -0.18896251916885376, -0.2637450098991394, -0.0, -0.45270752906799316)
(-0.8341554999351501, -0.5296910405158997, 0.0, 0.0, -1.0, 0.0, 1000, 1000, 1000, 1000, -1.1763343811035156, -1.0654270648956299, 0.0, -3.196955442428589, 8.36233901977539, 2.798826217651367, -0.2759630084037781, 0.0, 2.5228631496429443)
(-0.8031312823295593, -0.43384718894958496, 0.0, -1.0, -1.0, 0.0, 1000, 1000, 1000, 1000, -0.5919762849807739, -0.5033895969390869, 0.0, -3.1545777320861816, 8.553192138671875, 0.783949077129364, -0.2841392755508423, 0.0, 0.49980980157852173)
(-1.0451529026031494, -0.5173791646957397, 0.0, -1.0, -1.0, 0.0, 1000, 1000, 1000, 1000, -0.9102423787117004, -0.8671541810035706, 0.0, -3.452291250228882, 8.585969924926758, 0.25625231862068176, -0.26101452112197876, -0.0, -0.0047622076235711575)
(-1.187045693397522, -0.8153213262557983, 0.0, -1.0, -1.0, 0.0, 1000, 1000, 1000, 1000, -1.7894054651260376, -1.8782778978347778, 0.0, -3.50274920463562, 8.579720497131348, 2.1852283477783203, -0.2550992965698242, -0.0, 1.930129051208496)
(-1.6660356521606445, -0.9007178544998169, 0.0, -1.0, -1.0, 0.0, 1000, 1000, 1000, 1000, -1.6933214664459229, -1.3374862670898438, 0.0, -4.160217761993408, 8.47728157043457, 9.153348922729492, -0.1956915557384491, -0.0, 8.957657814025879)
(-1.8257428407669067, -1.2201268672943115, 0.0, -1.0, -1.0, 0.0, 1000, 1000, 1000, 1000, -2.853586435317993, -2.476842164993286, 0.0, -4.112199783325195, 8.77941608428955, -0.26152992248535156, -0.15642207860946655, -0.0, -0.4179520010948181)
(-1.4440205097198486, -1.4588736295700073, 0.0, -1.0, -1.0, 0.0, 1000, 1000, 1000, 1000, -2.5729873180389404, -2.499295949935913, 0.0, -3.5617427825927734, 8.656092643737793, 4.323760986328125, -0.15269237756729126, 0.0, 4.1710686683654785)
(-2.2021162509918213, -1.4346427917480469, 0.0, -1.0, -1.0, 0.0, 1000, 1000, 1000, 1000, -2.2593865394592285, -1.8751096725463867, 0.0, -3.8908586502075195, 9.222251892089844, 4.150825023651123, -0.09096381068229675, -0.0, 4.059861183166504)
(-1.8000329732894897, -1.2855130434036255, 0.0, -1.0, -1.0, 0.0, 1000, 1000, 1000, 1000, -0.7659747004508972, -0.7276141047477722, 0.0, -3.6025967597961426, 9.414779663085938, 5.128213882446289, -0.05418793484568596, 0.0, 5.074026107788086)
(-2.02638578414917, -1.3146055936813354, 0.0, -1.0, 0.0, 0.0, 1000, 1000, 1000, 1000, -1.9209989309310913, -1.779347538948059, 0.0, -4.190097808837891, 9.268588066101074, 8.881929397583008, 0.013263261877000332, 0.0, 8.895193099975586)
(-2.1546552181243896, -1.4341038465499878, 0.0, -1.0, -1.0, 0.0, 1000, 1000, 1000, 1000, -2.4553306102752686, -2.2919301986694336, 0.0, -4.346956729888916, 9.436118125915527, 3.639129877090454, 0.07964109629392624, -0.0, 3.718770980834961)
(-1.917514681816101, -1.8105641603469849, 0.0, -1.0, -1.0, 0.0, 1000, 1000, 1000, 1000, -2.4355764389038086, -2.3905980587005615, 0.0, -4.004730224609375, 9.251818656921387, 3.7948906421661377, 0.11336366832256317, -0.0, 3.908254384994507)
(-2.392543077468872, -1.8302541971206665, 0.0, -1.0, -1.0, 0.0, 1000, 1000, 1000, 1000, -2.1568143367767334, -1.905608057975769, 0.0, -4.390096664428711, 9.406392097473145, 9.249300003051758, 0.18476246297359467, -0.0, 9.434062004089355)
(-2.379951238632202, -1.7433980703353882, 0.0, -1.0, -1.0, 0.0, 1000, 1000, 1000, 1000, -2.1866488456726074, -2.010067939758301, 0.0, -4.446956634521484, 9.648160934448242, 6.1070733070373535, 0.26398754119873047, -0.0, 6.371060848236084)
(-1.9681845903396606, -1.561214804649353, 0.0, -1.0, -1.0, 0.0, 1000, 1000, 1000, 1000, -2.0237112045288086, -2.121107339859009, 0.0, -4.284760475158691, 9.782917022705078, 3.9567766189575195, 0.30937325954437256, 0.0, 4.266149997711182)
(-1.9051979780197144, -1.856648325920105, 0.0, -1.0, -1.0, 0.0, 1000, 1000, 1000, 1000, -2.5148842334747314, -2.5101630687713623, 0.0, -4.165704727172852, 9.567066192626953, 4.891843795776367, 0.3488810062408447, 0.0, 5.240725040435791)
(-2.2684714794158936, -1.9527007341384888, 0.0, -1.0, -1.0, 0.0, 1000, 1000, 1000, 1000, -2.3804893493652344, -2.356980800628662, 0.0, -4.370888710021973, 9.687952995300293, 7.775284290313721, 0.40994399785995483, 0.0, 8.18522834777832)
(-2.348590135574341, -1.6985182762145996, 0.0, -1.0, -1.0, 0.0, 1000, 1000, 1000, 1000, -2.431147575378418, -2.151582956314087, 0.0, -4.527443885803223, 10.073775291442871, 6.773438453674316, 0.4848305284976959, -0.0, 7.2582688331604)
(-2.1307177543640137, -1.8346147537231445, 0.0, -1.0, 0.0, 0.0, 1000, 1000, 1000, 1000, -2.2808451652526855, -2.2130002975463867, 0.0, -4.375462532043457, 10.023773193359375, 5.104808330535889, 0.533923327922821, -0.0, 5.638731479644775)
(-2.227489471435547, -1.853285789489746, 0.0, -1.0, -1.0, 0.0, 1000, 1000, 1000, 1000, -2.2365243434906006, -2.166147232055664, 0.0, -4.46997594833374, 10.114931106567383, 7.6008620262146, 0.5969290137290955, 0.0, 8.19779109954834)
(-2.3912758827209473, -1.8719065189361572, 0.0, 0.0, -1.0, 0.0, 1000, 1000, 1000, 1000, -2.3223745822906494, -2.135313034057617, 0.0, -4.6480255126953125, 10.253044128417969, 12.992963790893555, 0.6697628498077393, 0.0, 13.662726402282715)
(-2.648796558380127, -1.8754490613937378, 0.0, -1.0, -1.0, 0.0, 1000, 1000, 1000, 1000, -2.579232692718506, -2.351987600326538, 0.0, -4.991317272186279, 10.406551361083984, 10.469592094421387, 0.7586457133293152, -0.0, 11.228238105773926)
(-2.525364637374878, -2.2425129413604736, 0.0, -1.0, -1.0, 0.0, 1000, 1000, 1000, 1000, -3.1049699783325195, -3.0213377475738525, 0.0, -4.772111415863037, 10.328960418701172, 3.6634087562561035, 0.8292569518089294, -0.0, 4.492665767669678)
(-1.9085853099822998, -2.0502872467041016, 0.0, -1.0, -1.0, 0.0, 1000, 1000, 1000, 1000, -1.215372085571289, -1.1436318159103394, 0.0, -4.0211968421936035, 10.626216888427734, 1.0063414573669434, 0.8501606583595276, 0.0, 1.8565020561218262)
(-1.9830114841461182, -1.723422646522522, 0.0, -1.0, -1.0, 0.0, 1000, 1000, 1000, 1000, -1.2725658416748047, -1.2646598815917969, 0.0, -4.286288261413574, 10.764022827148438, 9.183349609375, 0.9105814099311829, 0.0, 10.093931198120117)
(-2.451432704925537, -1.5480440855026245, 0.0, -1.0, -1.0, 0.0, 1000, 1000, 1000, 1000, -2.3833115100860596, -2.1910297870635986, 0.0, -4.9870500564575195, 10.978806495666504, 9.055944442749023, 1.0025415420532227, -0.0, 10.058485984802246)
(-2.206166982650757, -1.8988367319107056, 0.0, -1.0, -1.0, 0.0, 1000, 1000, 1000, 1000, -2.363306760787964, -2.2756314277648926, 0.0, -4.716928482055664, 10.895268440246582, 1.975956916809082, 1.0637695789337158, -0.0, 3.039726495742798)
(-2.1121296882629395, -1.93950617313385, 0.0, -1.0, -1.0, 0.0, 1000, 1000, 1000, 1000, -1.9849333763122559, -1.9773703813552856, 0.0, -4.5865936279296875, 10.932313919067383, 7.969184875488281, 1.1067075729370117, 0.0, 9.075892448425293)
(-1.780200481414795, -1.6268067359924316, 0.0, -1.0, -1.0, 0.0, 1000, 1000, 1000, 1000, -0.6360379457473755, -0.5537221431732178, 0.0, -4.441930294036865, 11.550912857055664, 2.86441707611084, 1.389657974243164, -0.0, 4.254075050354004)
(-1.4806939363479614, -1.8379086256027222, 0.0, -1.0, -1.0, 0.0, 1000, 1000, 1000, 1000, -2.6215622425079346, -2.884937286376953, 0.0, -3.9615960121154785, 11.496796607971191, 0.5437134504318237, 1.3949790000915527, -0.0, 1.9386924505233765)
(-1.4120820760726929, -1.4849332571029663, 0.0, -1.0, -1.0, 0.0, 1000, 1000, 1000, 1000, -0.8258191347122192, -1.1762384176254272, 0.0, -3.965254783630371, 11.829569816589355, -2.5127601623535156, 1.4217948913574219, -0.0, -1.0909652709960938)
(-0.030821986496448517, -1.17777681350708, 0.0, -1.0, 0.0, 0.0, 1000, 1000, 1000, 1000, -1.1121563911437988, -2.278538227081299, 0.0, -2.5649502277374268, 12.010669708251953, -10.120280265808105, 1.3350375890731812, 0.0, -8.785243034362793)
(-0.5806841850280762, 0.6297985911369324, 0.0, -1.0, -1.0, 0.0, 1000, 1000, 1000, 1000, 1.199425220489502, 1.6964620351791382, 0.0, -3.621047258377075, 13.427282333374023, 9.153421401977539, 1.3500686883926392, -0.0, 10.503490447998047)
(-1.4338467121124268, -0.8209975957870483, 0.0, -1.0, 0.0, 0.0, 1000, 1000, 1000, 1000, -1.5642752647399902, -1.171475887298584, 0.0, -4.704583168029785, 12.216155052185059, 1.3460628986358643, 1.4088265895843506, -0.0, 2.754889488220215)
(-0.49966195225715637, -1.1707912683486938, 0.0, -1.0, -1.0, 0.0, 1000, 1000, 1000, 1000, -0.824184000492096, -1.3890823125839233, 0.0, -3.8189127445220947, 11.860516548156738, -0.5504705905914307, 1.3662829399108887, 0.0, 0.815812349319458)
(-0.4854637086391449, -0.2643747627735138, 0.0, -1.0, -1.0, 0.0, 1000, 1000, 1000, 1000, 1.5116550922393799, 1.2565053701400757, 0.0, -3.8975703716278076, 12.858230590820312, -6.962925434112549, 1.36299729347229, -0.0, -5.59992790222168)
(0.4840201437473297, 0.4346732795238495, 0.0, -1.0, -1.0, 0.0, 1000, 1000, 1000, 1000, 0.5524947047233582, 0.2607165277004242, 0.0, -3.4434545040130615, 13.167072296142578, -6.322539806365967, 1.2839102745056152, 0.0, -5.038629531860352)
(-0.17064999043941498, 0.15276169776916504, 0.0, -1.0, -1.0, 0.0, 1000, 1000, 1000, 1000, -0.05692768096923828, -0.08597435802221298, 0.0, -4.197417259216309, 12.918292045593262, 1.4020304679870605, 1.2695249319076538, 0.0, 2.671555280685425)
(-1.2936031818389893, -0.9222260117530823, 0.0, -1.0, -1.0, 0.0, 1100, 1100, 1100, 1100, -2.260148286819458, -2.2558979988098145, 0.0, -4.810070037841797, 12.578506469726562, 1.5594793558120728, 1.2927099466323853, -0.0, 2.852189302444458)
(-1.57453191280365, -1.4585694074630737, 0.0, -1.0, -1.0, 0.0, 1100, 1100, 1100, 1100, 0.45734959840774536, 1.377922534942627, 0.0, -4.71479606628418, 12.531404495239258, 3.7872939109802246, 1.3139315843582153, -0.0, 5.10122537612915)
(-1.8625311851501465, -1.4889278411865234, 0.0, -1.0, -1.0, 0.0, 1100, 1100, 1100, 1100, -1.628441333770752, -1.3444312810897827, 0.0, -5.098485469818115, 12.627440452575684, 4.404119491577148, 1.366403579711914, -0.0, 5.7705230712890625)
(-2.0326621532440186, -1.8429583311080933, 0.0, -1.0, -1.0, 0.0, 1100, 1100, 1100, 1100, -2.7231905460357666, -2.6366100311279297, 0.0, -5.022417068481445, 12.6893310546875, 5.376725673675537, 1.4092034101486206, -0.0, 6.785929203033447)
(-2.6103134155273438, -1.8430286645889282, 0.0, -1.0, -1.0, 0.0, 1100, 1100, 1100, 1100, -3.7733964920043945, -3.6035473346710205, 0.0, -5.580191612243652, 12.953812599182129, 13.996688842773438, 1.4948350191116333, 0.0, 15.491523742675781)
(-3.2919063568115234, -2.239832639694214, 0.0, -1.0, -1.0, 0.0, 1100, 1117, 1144, 1100, -2.5837438106536865, -2.050963878631592, 0.0, -6.1577839851379395, 13.08277702331543, 9.355873107910156, 1.62590491771698, -0.0, 10.981778144836426)
(-2.8657047748565674, -2.4462273120880127, 0.0, -1.0, 0.0, 0.0, 1127, 1150, 1176, 1117, -1.0449144840240479, -0.5779786109924316, 0.0, -5.82196044921875, 13.11921215057373, 8.68828010559082, 1.7120603322982788, 0.0, 10.40034008026123)
(-2.561877489089966, -1.9816392660140991, 0.0, -1.0, -1.0, 0.0, 1138, 1167, 1202, 1154, -3.329659938812256, -3.6872518062591553, 0.0, -5.655191421508789, 13.624398231506348, 7.3825578689575195, 1.785446286201477, 0.0, 9.168004035949707)
(-2.6295876502990723, -2.4844391345977783, 0.0, 0.0, -1.0, 0.0, 1187, 1231, 1242, 1178, -3.2712221145629883, -3.096989631652832, 0.0, -5.5483317375183105, 13.471199035644531, 15.160133361816406, 1.8600021600723267, 0.0, 17.0201358795166)
(-2.69840145111084, -2.52317214012146, 0.0, -1.0, -1.0, 0.0, 1229, 1244, 1269, 1220, -3.1981773376464844, -0.7649933099746704, 0.0, -5.726227283477783, 13.49954891204834, 4.040787696838379, 1.957594871520996, 0.0, 5.998382568359375)
(-2.412532329559326, -1.6861106157302856, 0.0, -1.0, -1.0, 0.0, 1231, 1287, 1290, 1238, -0.07042185962200165, 0.03058682382106781, 0.0, -5.932629108428955, 13.943449974060059, 15.141929626464844, 2.0409164428710938, 0.0, 17.182846069335938)
(-1.2858712673187256, -0.5610978603363037, 0.0, -1.0, -1.0, 0.0, 1286, 1301, 1311, 1287, 6.030620574951172, 8.717409133911133, 0.0, -6.133391380310059, 14.035216331481934, -2.4425947666168213, 2.095973253250122, -0.0, -0.34662163257598877)
(-2.255099296569824, -1.0137252807617188, 0.0, -1.0, -1.0, 0.0, 1298, 1355, 1360, 1318, -9.32423210144043, -6.273538589477539, 0.0, -6.459303855895996, 14.609607696533203, 12.799886703491211, 2.137423515319824, -0.0, 14.937310218811035)
(-2.0776236057281494, -1.1964918375015259, 0.0, -1.0, -1.0, 0.0, 1347, 1369, 1380, 1354, 9.133501052856445, 7.493258476257324, 0.0, -6.079577445983887, 15.257777214050293, -0.31310176849365234, 2.1840713024139404, -0.0, 1.870969533920288)
(-2.0946500301361084, -0.45317378640174866, 0.0, -1.0, -1.0, 0.0, 1360, 1387, 1411, 1368, 3.92761492729187, 3.760776996612549, 0.0, -6.533388137817383, 15.858233451843262, 5.16837215423584, 2.249220371246338, -0.0, 7.417592525482178)
(-1.9326926469802856, -0.7554616928100586, 0.0, -1.0, -1.0, 0.0, 1351, 1412, 1391, 1372, -13.101202011108398, -7.196444988250732, 0.0, -5.847108364105225, 16.337657928466797, 7.4378533363342285, 2.251408100128174, 0.0, 9.689261436462402)
(-2.3349273204803467, -0.6855072975158691, 0.0, -1.0, -1.0, 0.0, 1368, 1383, 1406, 1369, -0.5280430316925049, -3.2979085445404053, 0.0, -6.434456825256348, 16.60884666442871, 0.5161004066467285, 2.3501789569854736, -0.0, 2.866279363632202)
(-2.977848529815674, -0.6707280278205872, 0.0, -1.0, -1.0, 0.0, 1300, 1406, 1446, 1378, -5.057643890380859, -0.23249757289886475, 0.0, -7.283084392547607, 16.521648406982422, 31.169729232788086, 2.4567248821258545, 0.0, 33.6264533996582)
(-5.8235368728637695, -1.5428946018218994, 0.0, -1.0, -1.0, 0.0, 1300, 1383, 1475, 1368, -3.931703567504883, -10.843645095825195, 0.0, -9.98872184753418, 17.062803268432617, 34.727439880371094, 2.7656972408294678, 0.0, 37.49313735961914)
(-8.013221740722656, -1.8282471895217896, 0.0, 0.0, -1.0, 0.0, 1287, 1444, 1483, 1312, -5.290648937225342, 5.253011226654053, 0.0, -13.300457954406738, 17.184144973754883, 68.99903869628906, 3.1982388496398926, 0.0, 72.19728088378906)
(-5.3394060134887695, -2.570854902267456, 0.0, -1.0, -1.0, 0.0, 1425, 1419, 1344, 1337, -6.200788497924805, -4.617941856384277, 0.0, -11.50914478302002, 17.18613052368164, -13.150531768798828, 3.4286186695098877, -0.0, -9.72191333770752)
(-5.650895118713379, -2.8891191482543945, 0.0, 0.0, -1.0, 0.0, 1324, 1426, 1419, 1356, -11.868755340576172, -9.12113094329834, 0.0, -11.146951675415039, 17.9454345703125, 27.522768020629883, 3.6130447387695312, -0.0, 31.135812759399414)
(-3.1207921504974365, -4.995423793792725, 0.0, -1.0, -1.0, 0.0, 1433, 1402, 1360, 1331, -4.8094282150268555, -6.1771111488342285, 0.0, -6.529116153717041, 17.6568660736084, -13.9996976852417, 3.531529188156128, -0.0, -10.468168258666992)
(-4.420715808868408, -2.7061285972595215, 0.0, -1.0, -1.0, 0.0, 1326, 1427, 1427, 1346, 0.7236502170562744, -2.6607308387756348, 0.0, -7.823932647705078, 19.23903465270996, 31.768211364746094, 3.7207579612731934, 0.0, 35.48896789550781)
(-0.22326335310935974, -1.6962802410125732, 0.0, -1.0, -1.0, 0.0, 1409, 1362, 1366, 1390, 4.5374579429626465, 3.010103225708008, 0.0, -4.4260663986206055, 19.040863037109375, -31.505634307861328, 3.644469738006592, -0.0, -27.861164093017578)
(-2.105534553527832, -0.7399939894676208, 0.0, -1.0, -1.0, 0.0, 1291, 1387, 1462, 1386, 2.818934440612793, 3.668421745300293, 0.0, -6.226980209350586, 19.5164737701416, 29.30815887451172, 3.711362838745117, 0.0, 33.0195198059082)
(-0.8180450201034546, -0.05288534611463547, 0.0, -1.0, -1.0, 0.0, 1397, 1380, 1368, 1381, 6.268469333648682, 2.644108772277832, 0.0, -5.963106632232666, 19.575618743896484, -21.153676986694336, 3.7518324851989746, -0.0, -17.401844024658203)
(0.1492210030555725, 1.6941108703613281, 0.0, -1.0, -1.0, 0.0, 1328, 1398, 1424, 1376, 2.494577169418335, -0.5793642997741699, 0.0, -6.705636501312256, 19.49878692626953, 15.625846862792969, 3.7320566177368164, 0.0, 19.3579044342041)
(0.22580164670944214, 0.710669755935669, 0.0, -1.0, -1.0, 0.0, 1407, 1363, 1377, 1379, -16.885663986206055, -18.3338623046875, 0.0, -6.266154766082764, 19.374853134155273, -24.970470428466797, 3.674835205078125, -0.0, -21.295635223388672)
(-1.1578459739685059, 1.0594984292984009, 0.0, -1.0, -1.0, 0.0, 1316, 1407, 1412, 1391, 4.88695764541626, 4.725821018218994, 0.0, -7.353654861450195, 19.915708541870117, 14.325815200805664, 3.7103543281555176, -0.0, 18.036169052124023)
(0.19291342794895172, 0.5007036924362183, 0.0, -1.0, 0.0, 0.0, 1356, 1381, 1368, 1425, 1.8006067276000977, 4.765904426574707, 0.0, -6.084448337554932, 19.621498107910156, -21.574323654174805, 3.6484596729278564, -0.0, -17.92586326599121)
(-0.3897915482521057, 0.22421878576278687, 0.0, -1.0, -1.0, 0.0, 1336, 1400, 1405, 1385, -2.2848241329193115, -1.6281170845031738, 0.0, -6.731398582458496, 19.3265323638916, 7.345298767089844, 3.629389762878418, -0.0, 10.974688529968262)
(0.4239853620529175, 0.05811306834220886, 0.0, -1.0, 0.0, 0.0, 1386, 1381, 1382, 1376, 5.891418933868408, 6.424284934997559, 0.0, -5.922556400299072, 19.078824996948242, -13.491878509521484, 3.5727033615112305, 0.0, -9.919175148010254)
(-0.2820494771003723, 1.143979787826538, 0.0, -1.0, -1.0, 0.0, 1352, 1398, 1408, 1364, 12.472343444824219, 15.743361473083496, 0.0, -7.253195762634277, 19.29071617126465, 8.879758834838867, 3.5724942684173584, 0.0, 12.452253341674805)
(0.5621403455734253, 0.9456442594528198, 0.0, -1.0, -1.0, 0.0, 1382, 1395, 1374, 1375, -9.898307800292969, -8.320269584655762, 0.0, -6.307312488555908, 19.137670516967773, -10.37167739868164, 3.476719856262207, 0.0, -6.894957542419434)
(0.595391035079956, 1.9570493698120117, 0.0, -1.0, -1.0, 0.0, 1358, 1409, 1376, 1383, 4.09175443649292, 3.654524803161621, 0.0, -7.092525005340576, 19.302602767944336, -2.1232967376708984, 3.4311046600341797, -0.0, 1.3078080415725708)
(1.5222681760787964, 2.066776752471924, 0.0, -1.0, -1.0, 0.0, 1360, 1404, 1355, 1406, -2.0478246212005615, -2.6534128189086914, 0.0, -6.7862749099731445, 19.20427703857422, -14.897926330566406, 3.330230951309204, 0.0, -11.567695617675781)
(0.0531327947974205, 1.2310715913772583, 0.0, -1.0, -1.0, 0.0, 1329, 1403, 1383, 1411, -17.55840492248535, -10.032458305358887, 0.0, -7.298926830291748, 19.04482650756836, -1.8205420970916748, 3.2663509845733643, 0.0, 1.445809006690979)
(0.6268840432167053, 1.0165034532546997, 0.0, -1.0, -1.0, 0.0, 1350, 1377, 1390, 1409, -12.9849853515625, -2.1855387687683105, 0.0, -6.824536323547363, 18.750925064086914, -11.366127967834473, 3.19858717918396, 0.0, -8.167540550231934)
(0.2972847521305084, 0.903454601764679, 0.0, -1.0, -1.0, 0.0, 1360, 1413, 1370, 1383, 7.271327018737793, 4.020413875579834, 0.0, -6.64816427230835, 19.351226806640625, -3.1022775173187256, 3.1172056198120117, 0.0, 0.01492804940789938)
(3.2079005241394043, 1.1192419528961182, 0.0, -1.0, -1.0, 0.0, 1414, 1376, 1323, 1413, 6.909039497375488, 10.02726936340332, 0.0, -3.7570061683654785, 19.07805824279785, -44.94194030761719, 2.860377550125122, 0.0, -42.08156204223633)
(4.1716814041137695, 1.5895569324493408, 0.0, -1.0, -1.0, 0.0, 1400, 1369, 1348, 1413, 12.064144134521484, 4.549314975738525, 0.0, -2.3263661861419678, 19.135679244995117, -36.43767547607422, 2.5627477169036865, -0.0, -33.87492752075195)
(6.170567512512207, 1.602348804473877, 0.0, -1.0, -1.0, 0.0, 1427, 1360, 1308, 1432, 6.738068580627441, 1.6584129333496094, 0.0, 0.6858291029930115, 18.690099716186523, -60.06015396118164, 2.1469738483428955, -0.0, -57.91318130493164)
(6.905511856079102, 3.0566115379333496, 0.0, -1.0, -1.0, 0.0, 1336, 1370, 1343, 1481, -2.6398420333862305, 9.642362594604492, 0.0, 1.945737600326538, 18.472410202026367, -38.09463119506836, 1.7223775386810303, 0.0, -36.37225341796875)
(8.928744316101074, 4.251594066619873, 0.0, -1.0, -1.0, 0.0, 1386, 1356, 1320, 1464, -6.203030586242676, 4.715921401977539, 0.0, 3.3774447441101074, 17.903966903686523, -54.88762664794922, 1.237999439239502, 0.0, -53.649627685546875)
(7.285168170928955, 4.725167274475098, 0.0, -1.0, 0.0, 0.0, 1346, 1393, 1338, 1453, 7.932474136352539, 10.805644989013672, 0.0, 2.5216522216796875, 18.3198299407959, -28.102672576904297, 0.8512585163116455, -0.0, -27.251413345336914)
(5.703850269317627, 3.95776629447937, 0.0, -1.0, -1.0, 0.0, 1383, 1365, 1333, 1445, 6.284727096557617, 2.76045823097229, 0.0, 1.3759201765060425, 17.81464958190918, -43.06193542480469, 0.587382972240448, -0.0, -42.474552154541016)
(5.107798099517822, 4.477292537689209, 0.0, 0.0, -1.0, 0.0, 1309, 1415, 1374, 1427, 1.0747528076171875, 7.941341400146484, 0.0, 0.9146391749382019, 18.124713897705078, 3.0890579223632812, 0.2951442301273346, 0.0, 3.384202241897583)
(5.490101337432861, 5.644054412841797, 0.0, -1.0, -1.0, 0.0, 1371, 1380, 1324, 1451, 8.673578262329102, 12.748272895812988, 0.0, 0.44497451186180115, 19.406269073486328, -39.462703704833984, 0.05772656202316284, -0.0, -39.40497589111328)
(3.5372345447540283, 5.898109436035156, 0.0, -1.0, -1.0, 0.0, 1307, 1410, 1380, 1429, 18.41685676574707, 12.187248229980469, 0.0, -2.220878839492798, 19.91389274597168, 3.380901336669922, -0.07348424196243286, 0.0, 3.307417154312134)
(2.143521785736084, 5.43304443359375, 0.0, -1.0, -1.0, 0.0, 1348, 1373, 1367, 1438, -5.079501152038574, -0.30333614349365234, 0.0, -3.5794146060943604, 21.054903030395508, -21.510292053222656, -0.17795173823833466, -0.0, -21.688243865966797)
(3.000216007232666, 4.04667854309082, 0.0, -1.0, -1.0, 0.0, 1323, 1403, 1358, 1446, 0.9830302000045776, 2.3690080642700195, 0.0, -3.1239266395568848, 20.380977630615234, -11.61693286895752, -0.3858961760997772, 0.0, -12.002828598022461)
(1.5292550325393677, 2.4861180782318115, 0.0, -1.0, -1.0, 0.0, 1334, 1390, 1378, 1424, 0.11143302917480469, 10.560513496398926, 0.0, -4.142675399780273, 19.881288528442383, -6.8231048583984375, -0.47686871886253357, 0.0, -7.299973487854004)
(1.4029767513275146, 1.4021722078323364, 0.0, -1.0, -1.0, 0.0, 1359, 1383, 1373, 1412, 1.3986917734146118, -0.13674688339233398, 0.0, -3.8685905933380127, 19.99439811706543, -13.112444877624512, -0.589244544506073, -0.0, -13.701689720153809)
(0.41488614678382874, 1.9787347316741943, 0.0, -1.0, -1.0, 0.0, 1314, 1408, 1393, 1411, 8.48838996887207, 6.012861728668213, 0.0, -5.2897796630859375, 20.431438446044922, 9.480447769165039, -0.6189153790473938, 0.0, 8.861532211303711)
(-2.1364564895629883, 0.42580798268318176, 0.0, -1.0, -1.0, 0.0, 1346, 1418, 1388, 1374, 1.2917280197143555, 3.5704658031463623, 0.0, -7.217676162719727, 20.44851303100586, 12.084721565246582, -0.5049968361854553, -0.0, 11.579724311828613)
(-6.8476738929748535, -0.40604013204574585, 0.0, -1.0, -1.0, 0.0, 1293, 1437, 1467, 1324, -7.478580951690674, -11.681779861450195, 0.0, -12.679105758666992, 20.90766143798828, 61.79934310913086, -0.09920120984315872, -0.0, 61.70014190673828)
(-10.035944938659668, -1.5830841064453125, 0.0, -1.0, -1.0, 0.0, 1316, 1466, 1427, 1317, -3.014719009399414, 2.0938944816589355, 0.0, -16.735965728759766, 21.971691131591797, 54.3565559387207, 0.5002020597457886, -0.0, 54.85675811767578)
(-10.527527809143066, -3.943848133087158, 0.0, -1.0, -1.0, 0.0, 1344, 1469, 1422, 1295, -7.113702297210693, -8.826581954956055, 0.0, -17.311878204345703, 22.06543731689453, 52.30227279663086, 0.9663593173027039, 0.0, 53.26863098144531)
(-9.244867324829102, -5.655214309692383, 0.0, -1.0, -1.0, 0.0, 1392, 1416, 1422, 1297, -16.066638946533203, -18.71343421936035, 0.0, -15.207761764526367, 22.75110626220703, 25.797504425048828, 1.281600832939148, 0.0, 27.079105377197266)
(-7.565886974334717, -5.189970970153809, 0.0, -1.0, 0.0, 0.0, 1350, 1415, 1425, 1340, -17.904430389404297, -11.739190101623535, 0.0, -12.902426719665527, 24.180679321289062, 25.908702850341797, 1.4903123378753662, 0.0, 27.399015426635742)
(-4.004583358764648, -3.537757396697998, 0.0, -1.0, -1.0, 0.0, 1368, 1379, 1402, 1378, -1.6218677759170532, -0.1425180435180664, 0.0, -10.074071884155273, 24.942880630493164, -2.9344005584716797, 1.5829025506973267, 0.0, -1.351498007774353)
(-1.2703983783721924, -0.08958901464939117, 0.0, -1.0, 0.0, 0.0, 1321, 1386, 1419, 1399, 5.0844221115112305, 5.94670295715332, 0.0, -9.52270221710205, 25.578550338745117, 9.644674301147461, 1.6385266780853271, 0.0, 11.283201217651367)
(-0.2353963404893875, 0.967381477355957, 0.0, -1.0, -1.0, 0.0, 1363, 1401, 1352, 1410, 3.141230583190918, 3.4268908500671387, 0.0, -9.489623069763184, 25.448219299316406, -16.688871383666992, 1.6349092721939087, -0.0, -15.053961753845215)
(0.9643262624740601, 1.1030761003494263, 0.0, 0.0, -1.0, 0.0, 1366, 1399, 1381, 1380, 5.913604259490967, 4.96321964263916, 0.0, -9.035049438476562, 24.666667938232422, -3.114314317703247, 1.5664277076721191, -0.0, -1.547886610031128)
(0.3778054118156433, -0.018692748621106148, 0.0, -1.0, -1.0, 0.0, 1382, 1380, 1362, 1402, -6.928132057189941, -3.0590980052948, 0.0, -8.113707542419434, 24.727340698242188, -21.98048973083496, 1.4590306282043457, 0.0, -20.521459579467773)
(6.6594743728637695, 2.011352062225342, 0.0, -1.0, -1.0, 0.0, 1418, 1346, 1298, 1463, 12.632286071777344, 12.726387977600098, 0.0, -2.5364203453063965, 25.001882553100586, -70.18761444091797, 0.998781144618988, -0.0, -69.18883514404297)
(8.935384750366211, 3.795677900314331, 0.0, -1.0, -1.0, 0.0, 1377, 1348, 1319, 1481, 10.255550384521484, 10.328303337097168, 0.0, 1.0972685813903809, 26.013160705566406, -58.2135124206543, 0.39369720220565796, 0.0, -57.81981658935547)
(10.117380142211914, 5.825181484222412, 0.0, -1.0, -1.0, 0.0, 1335, 1346, 1354, 1492, 3.2201154232025146, 4.108955383300781, 0.0, 1.5164759159088135, 25.527034759521484, -41.56250762939453, -0.12194567918777466, 0.0, -41.684452056884766)
(7.331597805023193, 5.886665344238281, 0.0, -1.0, -1.0, 0.0, 1323, 1345, 1378, 1481, -4.514616966247559, -14.835939407348633, 0.0, -1.025597095489502, 25.27993392944336, -29.584819793701172, -0.4451088309288025, -0.0, -30.02992820739746)
(7.070004940032959, 6.477818965911865, 0.0, -1.0, -1.0, 0.0, 1371, 1386, 1298, 1470, 11.190140724182129, 12.643280029296875, 0.0, -1.8713290691375732, 25.319561004638672, -48.49026870727539, -0.7642335891723633, -0.0, -49.25450134277344)
(7.471950054168701, 6.4709858894348145, 0.0, -1.0, -1.0, 0.0, 1377, 1397, 1303, 1448, 4.474545478820801, 1.017775535583496, 0.0, -2.18459153175354, 24.68922233581543, -39.9817008972168, -1.1413029432296753, -0.0, -41.12300491333008)
(5.656869888305664, 6.307964324951172, 0.0, -1.0, -1.0, 0.0, 1334, 1404, 1323, 1465, -3.600059986114502, -9.564977645874023, 0.0, -4.298920631408691, 24.646081924438477, -26.333127975463867, -1.3924378156661987, -0.0, -27.72556495666504)
(3.4105262756347656, 4.0567426681518555, 0.0, -1.0, -1.0, 0.0, 1381, 1388, 1343, 1414, -1.644120216369629, 7.461139678955078, 0.0, -5.2791032791137695, 24.329933166503906, -24.278240203857422, -1.5932433605194092, -0.0, -25.871482849121094)
(1.8355610370635986, 2.274585723876953, 0.0, -1.0, -1.0, 0.0, 1338, 1382, 1378, 1430, 4.099588394165039, 6.280055046081543, 0.0, -5.840230464935303, 24.25721549987793, -7.142059803009033, -1.7402676343917847, 0.0, -8.88232707977295)
(0.6589056253433228, 2.180098295211792, 0.0, -1.0, -1.0, 0.0, 1346, 1400, 1359, 1421, -8.458925247192383, -11.04769515991211, 0.0, -6.698918342590332, 24.976425170898438, -10.062820434570312, -1.7940372228622437, -0.0, -11.856857299804688)
(-1.2864224910736084, -0.23304258286952972, 0.0, -1.0, -1.0, 0.0, 1328, 1392, 1402, 1404, -5.302464485168457, -6.092495441436768, 0.0, -7.16766881942749, 24.88999366760254, 7.37723445892334, -1.7941664457321167, -0.0, 5.583067893981934)
(-1.4262001514434814, 1.5151036977767944, 0.0, -1.0, -1.0, 0.0, 1321, 1413, 1406, 1389, -2.2995667457580566, 4.6864776611328125, 0.0, -8.480626106262207, 26.30660629272461, 19.08222007751465, -1.7135508060455322, 0.0, 17.368669509887695)
(-7.711101055145264, -1.1287950277328491, 0.0, -1.0, -1.0, 0.0, 1218, 1433, 1519, 1356, -21.843124389648438, -11.711372375488281, 0.0, -14.456542015075684, 25.676118850708008, 85.65916442871094, -1.2774741649627686, 0.0, 84.3816909790039)
(-10.293814659118652, -1.5371149778366089, 0.0, -1.0, 0.0, 0.0, 1329, 1434, 1449, 1314, -11.647992134094238, -9.724002838134766, 0.0, -18.301359176635742, 27.447153091430664, 50.645904541015625, -0.6783615350723267, -0.0, 49.96754455566406)
(-9.665775299072266, -3.2180447578430176, 0.0, -1.0, -1.0, 0.0, 1375, 1446, 1364, 1342, -22.932764053344727, -14.250455856323242, 0.0, -17.764314651489258, 28.099592208862305, 13.511802673339844, -0.24321073293685913, 0.0, 13.26859188079834)
(-1.4670997858047485, -3.513824939727783, 0.0, -1.0, 0.0, 0.0, 1444, 1374, 1336, 1372, -8.58868408203125, -17.5467529296875, 0.0, -9.539774894714355, 27.96392250061035, -36.07913589477539, -0.451340913772583, -0.0, -36.53047561645508)
(-3.4538707733154297, -1.8526787757873535, 0.0, -1.0, -1.0, 0.0, 1299, 1433, 1425, 1369, -1.433502197265625, -11.586197853088379, 0.0, -10.471025466918945, 30.04242706298828, 38.12301254272461, -0.3944815397262573, 0.0, 37.72853088378906)
(-1.3284941911697388, -1.2023895978927612, 0.0, 0.0, -1.0, 0.0, 1413, 1391, 1348, 1374, -6.9854841232299805, -3.1697988510131836, 0.0, -8.765692710876465, 30.41376495361328, -21.741674423217773, -0.3713596761226654, 0.0, -22.113033294677734)
(2.3133561611175537, -0.9905397891998291, 0.0, -1.0, -1.0, 0.0, 1333, 1337, 1416, 1441, 0.5118370056152344, 9.559916496276855, 0.0, -4.454259395599365, 29.6683406829834, -14.554584503173828, -0.6705219149589539, 0.0, -15.225106239318848)
(0.6585317254066467, 1.5667418241500854, 0.0, -1.0, 0.0, 0.0, 1279, 1348, 1453, 1446, 4.728927135467529, 6.535578727722168, 0.0, -7.0679802894592285, 30.745779037475586, 9.542706489562988, -0.6533479690551758, 0.0, 8.889358520507812)
(2.391876697540283, 3.139711618423462, 0.0, -1.0, -1.0, 0.0, 1345, 1368, 1386, 1428, 4.748299598693848, 8.858726501464844, 0.0, -7.2243828773498535, 30.734498977661133, -14.002065658569336, -0.7592494487762451, 0.0, -14.76131534576416)
(1.5956640243530273, 2.044675350189209, 0.0, -1.0, -1.0, 0.0, 1353, 1416, 1357, 1400, -3.4942381381988525, -0.4949922561645508, 0.0, -7.695570945739746, 30.034652709960938, -4.197832107543945, -0.9019546508789062, 0.0, -5.099786758422852)
(0.6465327739715576, 0.92033851146698, 0.0, -1.0, -1.0, 0.0, 1371, 1396, 1363, 1396, 1.211954116821289, -6.108261585235596, 0.0, -8.289627075195312, 29.462392807006836, -11.129005432128906, -0.967356264591217, -0.0, -12.096362113952637)
(1.0792399644851685, 1.3828412294387817, 0.0, -1.0, -1.0, 0.0, 1369, 1401, 1364, 1391, 3.4329917430877686, 2.8319926261901855, 0.0, -8.794657707214355, 29.13312530517578, -7.804737091064453, -1.040745735168457, -0.0, -8.84548282623291)
(0.07508881390094757, 0.23106472194194794, 0.0, -1.0, -1.0, 0.0, 1379, 1385, 1381, 1381, 0.38840150833129883, -5.581358909606934, 0.0, -9.048166275024414, 28.421995162963867, -7.6315412521362305, -1.1029692888259888, -0.0, -8.73451042175293)
(-1.1761196851730347, -0.43261662125587463, 0.0, -1.0, -1.0, 0.0, 1337, 1395, 1390, 1404, -3.9897584915161133, -2.766629695892334, 0.0, -9.082769393920898, 29.270015716552734, 2.161086082458496, -1.1063363552093506, -0.0, 1.0547497272491455)
(-0.04222169518470764, -0.7155716419219971, 0.0, -1.0, -1.0, 0.0, 1379, 1374, 1376, 1398, 1.075366497039795, 6.278631210327148, 0.0, -7.688409328460693, 29.081451416015625, -15.520599365234375, -1.161669135093689, -0.0, -16.682268142700195)
(-1.2558273077011108, 0.1888095587491989, 0.0, -1.0, -1.0, 0.0, 1324, 1408, 1398, 1397, 4.819431304931641, 4.055191516876221, 0.0, -8.960208892822266, 29.927488327026367, 12.224258422851562, -1.109002709388733, -0.0, 11.115255355834961)
(1.5994528532028198, 0.7713994979858398, 0.0, -1.0, -1.0, 0.0, 1396, 1351, 1364, 1414, 8.207149505615234, 10.884462356567383, 0.0, -7.565850734710693, 29.242431640625, -32.600921630859375, -1.2097095251083374, -0.0, -33.810630798339844)
(-0.5292847156524658, 0.5216240286827087, 0.0, -1.0, -1.0, 0.0, 1321, 1430, 1393, 1383, -1.707986831665039, -2.259361982345581, 0.0, -8.761734962463379, 29.623682022094727, 20.969594955444336, -1.2464404106140137, 0.0, 19.723154067993164)
(0.21941013634204865, 0.525155782699585, 0.0, -1.0, 0.0, 0.0, 1440, 1369, 1352, 1369, 0.3633153438568115, 0.2037830352783203, 0.0, -8.577284812927246, 29.538618087768555, -30.70071029663086, -1.247496485710144, 0.0, -31.948205947875977)
(0.6236518025398254, 2.5304248332977295, 0.0, -2.0, 0.0, 0.0, 1318, 1408, 1391, 1409, 4.747836112976074, -5.84229850769043, 0.0, -9.159753799438477, 30.57962417602539, 9.076862335205078, -1.3248838186264038, -0.0, 7.751978397369385)
(-0.9755825400352478, 2.362820625305176, 0.0, -2.0, -1.0, 0.0, 1342, 1397, 1393, 1398, 2.302252769470215, 2.716796636581421, 0.0, -11.492070198059082, 30.617738723754883, 4.268156051635742, -1.7114371061325073, 0.0, 2.5567188262939453)
(-2.9651236534118652, 0.7896873354911804, 0.0, -1.0, 0.0, 0.0, 1368, 1388, 1385, 1384, -1.242814064025879, 2.1635918617248535, 0.0, -12.730941772460938, 30.77048683166504, -3.0097475051879883, -1.5782479047775269, 0.0, -4.587995529174805)
(0.5020872354507446, -0.3062067925930023, 0.0, -1.0, 0.0, 0.0, 1403, 1351, 1381, 1391, -16.98124885559082, -3.144104480743408, 0.0, -8.378807067871094, 29.982078552246094, -23.333606719970703, -1.8051871061325073, 0.0, -25.1387939453125)
(-0.6612949967384338, 0.870386004447937, 0.0, -1.0, 0.0, 0.0, 1309, 1384, 1417, 1416, 9.831276893615723, 6.025047779083252, 0.0, -9.610973358154297, 31.36744499206543, 10.684523582458496, -1.7650028467178345, -0.0, 8.919520378112793)
(-0.1899961233139038, 1.3439563512802124, 0.0, -15.0, 0.0, 0.0, 1387, 1324, 1341, 1471, 3.9388604164123535, 8.590442657470703, 0.0, -10.211581230163574, 31.253416061401367, -56.03172302246094, -2.1926755905151367, -0.0, -58.22439956665039)
(-7.905328750610352, 2.697704792022705, 0.0, -12.0, -1.0, 0.0, 1278, 1469, 1374, 1405, 4.389488697052002, -0.3599635362625122, 0.0, -19.743288040161133, 33.12932586669922, 32.209571838378906, -2.2245891094207764, -0.0, 29.984983444213867)
(-4.693935394287109, -0.791850209236145, 0.0, 0.0, -1.0, 0.0, 1369, 1375, 1334, 1448, -4.485330104827881, 3.002211570739746, 0.0, -16.701059341430664, 32.56864929199219, -35.00593185424805, -2.0754458904266357, 0.0, -37.08137893676758)
(0.7288580536842346, -0.7773102521896362, 0.0, -1.0, -1.0, 0.0, 1347, 1435, 1347, 1397, -4.77247953414917, 3.7479405403137207, 0.0, -10.949228286743164, 31.873680114746094, 1.6910762786865234, -2.405754327774048, 0.0, -0.7146781086921692)
(-0.9552202224731445, -1.0087212324142456, 0.0, -1.0, -1.0, 0.0, 1399, 1375, 1359, 1394, -16.35167121887207, -6.914434432983398, 0.0, -11.033525466918945, 32.330848693847656, -22.266582489013672, -2.4110233783721924, -0.0, -24.6776065826416)
(1.1930150985717773, 0.5237541794776917, 0.0, 0.0, -1.0, 0.0, 1354, 1389, 1385, 1398, 18.666969299316406, 17.667613983154297, 0.0, -8.826666831970215, 33.156009674072266, -2.0016608238220215, -2.546846866607666, 0.0, -4.5485076904296875)
(0.8406686782836914, 1.8110870122909546, 0.0, 0.0, -1.0, 0.0, 1342, 1401, 1363, 1420, -6.565546989440918, -0.23387765884399414, 0.0, -8.899225234985352, 34.3392333984375, -6.855782508850098, -2.592223882675171, 0.0, -9.448006629943848)
(3.0560460090637207, 2.2035558223724365, 0.0, 0.0, -1.0, 0.0, 1359, 1383, 1352, 1433, 9.398639678955078, 5.229648113250732, 0.0, -7.614011764526367, 33.68313217163086, -21.438766479492188, -2.7302441596984863, 0.0, -24.169010162353516)
(2.2655246257781982, 3.1605939865112305, 0.0, 0.0, -1.0, 0.0, 1324, 1394, 1370, 1438, 1.9120028018951416, -1.5760173797607422, 0.0, -8.46812915802002, 34.38665008544922, -6.571525573730469, -2.8306710720062256, -0.0, -9.402196884155273)
(2.840352773666382, 4.234316349029541, 0.0, 0.0, -1.0, 0.0, 1355, 1401, 1340, 1430, 6.845643043518066, 5.147492408752441, 0.0, -9.164776802062988, 34.61210250854492, -18.13469123840332, -2.899487257003784, 0.0, -21.034177780151367)
(1.9520395994186401, 2.902566909790039, 0.0, 0.0, -1.0, 0.0, 1361, 1409, 1354, 1402, -4.656536102294922, -7.900144577026367, 0.0, -8.877732276916504, 34.36392593383789, -6.80288028717041, -3.03712797164917, -0.0, -9.840007781982422)
(1.3154244422912598, 2.53604793548584, 0.0, 0.0, -1.0, 0.0, 1339, 1400, 1366, 1421, 4.767253398895264, 2.840941905975342, 0.0, -9.227425575256348, 34.42963409423828, -5.4795613288879395, -3.0770373344421387, 0.0, -8.556598663330078)
(1.4421619176864624, 1.7987940311431885, 0.0, 0.0, -1.0, 0.0, 1332, 1387, 1374, 1434, 5.3994245529174805, 4.119955539703369, 0.0, -8.567973136901855, 34.143348693847656, -8.064468383789062, -3.1698129177093506, -0.0, -11.234281539916992)
(2.340808868408203, 3.8568661212921143, 0.0, 0.0, -1.0, 0.0, 1305, 1390, 1368, 1463, -3.814502239227295, 0.6349234580993652, 0.0, -9.260809898376465, 34.42490768432617, -9.234532356262207, -3.21238112449646, -0.0, -12.446913719177246)
(2.846463203430176, 4.032048225402832, 0.0, 0.0, -1.0, 0.0, 1335, 1413, 1342, 1436, 7.83591365814209, 6.953883647918701, 0.0, -9.551053047180176, 34.1633186340332, -10.726218223571777, -3.316818952560425, -0.0, -14.043037414550781)
(1.9581141471862793, 2.9994466304779053, 0.0, 0.0, -1.0, 0.0, 1334, 1397, 1376, 1419, -7.883983135223389, 4.742797374725342, 0.0, -10.201661109924316, 33.489540100097656, -1.5893516540527344, -3.409935712814331, 0.0, -4.9992876052856445)
(0.9611668586730957, 1.8578052520751953, 0.0, 0.0, -1.0, 0.0, 1342, 1396, 1372, 1417, -3.048870325088501, -2.46588397026062, 0.0, -10.365992546081543, 33.55647277832031, -4.13510274887085, -3.4628453254699707, 0.0, -7.59794807434082)
(-1.689500331878662, 0.7311697006225586, 0.0, 0.0, -1.0, 0.0, 1314, 1456, 1401, 1355, 8.08979606628418, 11.492267608642578, 0.0, -12.409439086914062, 33.26987838745117, 40.337745666503906, -3.349423408508301, 0.0, 36.98832321166992)
(-8.211918830871582, -1.366522192955017, 0.0, 0.0, -1.0, 0.0, 1267, 1448, 1451, 1359, -2.4021854400634766, -1.615321159362793, 0.0, -18.075748443603516, 33.76317596435547, 61.212032318115234, -2.8322885036468506, -0.0, 58.37974548339844)
(-9.970231056213379, -3.49686336517334, 0.0, 0.0, -1.0, 0.0, 1348, 1430, 1424, 1323, -5.9668121337890625, -1.8867807388305664, 0.0, -19.635202407836914, 34.0689697265625, 38.26578903198242, -2.3220551013946533, -0.0, 35.94373321533203)
(-5.09413480758667, -4.890345573425293, 0.0, 0.0, -1.0, 0.0, 1416, 1395, 1377, 1338, -5.871346473693848, -3.3001976013183594, 0.0, -13.761116981506348, 34.441368103027344, -3.1573734283447266, -2.2659997940063477, 0.0, -5.423373222351074)
(-3.7275962829589844, -1.9245493412017822, 0.0, 0.0, -1.0, 0.0, 1301, 1417, 1424, 1389, -10.405338287353516, -9.91441535949707, 0.0, -12.98809814453125, 36.27978515625, 29.857494354248047, -2.143207550048828, 0.0, 27.71428680419922)
(-0.009261144325137138, -0.4195677936077118, 0.0, 0.0, -1.0, 0.0, 1401, 1388, 1321, 1417, 5.207864761352539, 3.1325721740722656, 0.0, -10.499526977539062, 36.61042404174805, -34.98418045043945, -2.158010721206665, -0.0, -37.14219284057617)
(2.328078031539917, 1.4870316982269287, 0.0, 0.0, 0.0, 0.0, 1336, 1397, 1385, 1408, 9.921882629394531, 10.246711730957031, 0.0, -9.211872100830078, 36.461952209472656, 1.896195411682129, -2.3103387355804443, 0.0, -0.4141432046890259)
(2.5350964069366455, 2.785876989364624, 0.0, 0.0, -1.0, 0.0, 1376, 1386, 1328, 1436, 3.9870288372039795, 6.59332799911499, 0.0, -9.860650062561035, 36.6743049621582, -32.157188415527344, -2.3648500442504883, -0.0, -34.522037506103516)
(7.503029823303223, 2.8303062915802, 0.0, 0.0, 0.0, 0.0, 1412, 1333, 1300, 1481, 8.091944694519043, -3.031876564025879, 0.0, -4.932145118713379, 35.54563522338867, -72.1492919921875, -2.8496668338775635, -0.0, -74.99896240234375)
(10.159562110900879, 5.436426162719727, 0.0, 0.0, -1.0, 0.0, 1384, 1353, 1298, 1491, 5.794459819793701, 5.290260314941406, 0.0, -1.7473891973495483, 36.64884567260742, -62.44415283203125, -3.4348437786102295, 0.0, -65.87899780273438)
(11.353726387023926, 5.941983222961426, 0.0, 0.0, 0.0, 0.0, 1338, 1375, 1297, 1516, 8.579191207885742, 12.152366638183594, 0.0, 0.038281429558992386, 35.4862060546875, -51.15887451171875, -4.057288646697998, -0.0, -55.216163635253906)
(4.0380096435546875, 6.330015659332275, 0.0, 0.0, -1.0, 0.0, 1213, 1401, 1449, 1463, 8.007984161376953, 11.183807373046875, 0.0, -7.792510509490967, 35.166072845458984, 37.767269134521484, -4.068838119506836, 0.0, 33.698429107666016)
(0.586982250213623, 4.263401985168457, 0.0, 0.0, -1.0, 0.0, 1359, 1398, 1323, 1445, -3.847561836242676, -14.837678909301758, 0.0, -10.144646644592285, 35.86484909057617, -26.562959671020508, -4.01523494720459, -0.0, -30.578195571899414)
(2.120257616043091, 1.8171361684799194, 0.0, 0.0, -1.0, 0.0, 1344, 1385, 1387, 1411, -2.7212390899658203, 0.3279228210449219, 0.0, -7.7740678787231445, 34.541831970214844, -1.5464096069335938, -4.233519554138184, 0.0, -5.779929161071777)
(-1.6112325191497803, 1.8648016452789307, 0.0, 0.0, -1.0, 0.0, 1297, 1427, 1387, 1415, -3.258631467819214, 2.1276137828826904, 0.0, -11.080471992492676, 35.606475830078125, 19.672016143798828, -4.078210830688477, -0.0, 15.593805313110352)
(-0.5574102401733398, 0.17645375430583954, 0.0, 0.0, -1.0, 0.0, 1388, 1402, 1341, 1395, -9.204023361206055, -14.038422584533691, 0.0, -9.735808372497559, 35.232391357421875, -15.9629487991333, -4.065212726593018, 0.0, -20.028162002563477)
(-0.7130232453346252, -0.18159116804599762, 0.0, 0.0, -1.0, 0.0, 1334, 1420, 1383, 1389, 6.254871845245361, -0.0395660400390625, 0.0, -9.75135612487793, 35.18787384033203, 14.144384384155273, -4.02846622467041, -0.0, 10.115918159484863)
(-1.1461243629455566, -0.4442027509212494, 0.0, 0.0, -1.0, 0.0, 1372, 1417, 1360, 1376, -0.13454198837280273, 5.262813568115234, 0.0, -9.890992164611816, 35.741371154785156, 1.1269631385803223, -3.9556469917297363, 0.0, -2.828683853149414)
(0.6398066878318787, -0.466541051864624, 0.0, 0.0, -1.0, 0.0, 1373, 1395, 1378, 1380, -4.8615803718566895, -9.595242500305176, 0.0, -8.65562915802002, 34.92155456542969, -1.0648870468139648, -4.052949905395508, 0.0, -5.117836952209473)
(-0.9436307549476624, 0.10654781013727188, 0.0, 0.0, -1.0, 0.0, 1331, 1415, 1396, 1385, 3.5980043411254883, 12.734312057495117, 0.0, -10.335356712341309, 35.552955627441406, 17.888885498046875, -3.9785168170928955, -0.0, 13.910368919372559)
(-0.24466446042060852, -0.3869837820529938, 0.0, 0.0, -1.0, 0.0, 1364, 1395, 1357, 1406, 2.0714402198791504, -2.1016249656677246, 0.0, -9.735661506652832, 35.122623443603516, -10.33155632019043, -3.9767062664031982, -0.0, -14.308262825012207)
(-1.945925235748291, -0.7025929689407349, 0.0, 0.0, -1.0, 0.0, 1305, 1441, 1389, 1392, 0.2797410488128662, -1.895449161529541, 0.0, -10.546177864074707, 35.47079086303711, 27.04669952392578, -3.9180006980895996, 0.0, 23.128698348999023)
(-1.5724748373031616, -0.5790773034095764, 0.0, 0.0, -1.0, 0.0, 1383, 1414, 1355, 1375, -16.250263214111328, -1.5673823356628418, 0.0, -10.379106521606445, 35.81317138671875, -3.3266496658325195, -3.827543020248413, 0.0, -7.1541924476623535)
(-0.9251037240028381, -1.056020736694336, 0.0, 0.0, -1.0, 0.0, 1331, 1411, 1392, 1392, 4.668113708496094, -1.2947067022323608, 0.0, -9.429412841796875, 35.97932815551758, 13.985275268554688, -3.8360166549682617, 0.0, 10.149258613586426)
(-1.971458077430725, -0.8321077823638916, 0.0, 0.0, -1.0, 0.0, 1357, 1393, 1389, 1388, 12.06950569152832, 8.191749572753906, 0.0, -10.43322467803955, 36.780540466308594, 3.119485378265381, -3.7199833393096924, -0.0, -0.6004980206489563)
(-0.0479508638381958, 0.7870728969573975, 0.0, -1.0, -1.0, 0.0, 1346, 1393, 1374, 1413, 2.447869300842285, -2.564605712890625, 0.0, -10.094202995300293, 36.78084945678711, -4.150489807128906, -3.701338768005371, 0.0, -7.851828575134277)
(-1.7526010274887085, -0.43271780014038086, 0.0, 0.0, -1.0, 0.0, 1323, 1418, 1390, 1394, -8.51936149597168, -12.749040603637695, 0.0, -11.274232864379883, 36.59792709350586, 16.3239803314209, -3.6165196895599365, -0.0, 12.707460403442383)
(0.3864454925060272, 1.2138960361480713, 0.0, 0.0, -1.0, 0.0, 1378, 1396, 1357, 1395, -8.45835018157959, -2.277975082397461, 0.0, -10.517066955566406, 37.01957702636719, -11.566373825073242, -3.600884199142456, 0.0, -15.167258262634277)
(-1.0253386497497559, 0.4016513228416443, 0.0, 0.0, -1.0, 0.0, 1314, 1397, 1418, 1397, -7.850203037261963, -12.15928840637207, 0.0, -11.224841117858887, 37.086334228515625, 19.7303524017334, -3.571366786956787, -0.0, 16.158985137939453)
(-0.6019243001937866, 0.721315324306488, 0.0, 0.0, -1.0, 0.0, 1362, 1424, 1342, 1399, -13.776838302612305, -6.781585216522217, 0.0, -10.940083503723145, 37.99303436279297, -5.344037055969238, -3.517425298690796, 0.0, -8.861462593078613)
(-0.9579319357872009, -1.5321710109710693, 0.0, 0.0, -1.0, 0.0, 1360, 1390, 1395, 1382, 5.434391975402832, 1.8433465957641602, 0.0, -9.779414176940918, 37.224586486816406, 4.301854610443115, -3.5377047061920166, 0.0, 0.7641500234603882)
(-1.6203988790512085, 0.15614059567451477, 0.0, 0.0, -1.0, 0.0, 1352, 1417, 1393, 1364, 5.0384297370910645, 8.831694602966309, 0.0, -10.707769393920898, 38.808876037597656, 16.851993560791016, -3.4361073970794678, 0.0, 13.415885925292969)
(0.21526820957660675, 0.9153961539268494, 0.0, 0.0, -1.0, 0.0, 1360, 1391, 1377, 1398, 5.051252365112305, 4.623502731323242, 0.0, -10.386276245117188, 38.54682922363281, -4.308048248291016, -3.4000515937805176, 0.0, -7.708099842071533)
(-0.5582059025764465, 0.39029160141944885, 0.0, 0.0, -1.0, 0.0, 1326, 1410, 1382, 1409, -1.805682897567749, -2.160935878753662, 0.0, -11.035514831542969, 38.40796661376953, 7.516639232635498, -3.352463483810425, -0.0, 4.164175987243652)
(-0.2973524332046509, -0.13886232674121857, 0.0, 0.0, -1.0, 0.0, 1354, 1397, 1381, 1393, 4.430055618286133, 6.068284034729004, 0.0, -11.00197696685791, 38.109336853027344, 1.0904207229614258, -3.3258352279663086, -0.0, -2.235414505004883)
(0.048133864998817444, 0.9182530045509338, 0.0, 0.0, -1.0, 0.0, 1359, 1412, 1374, 1385, -0.3865790367126465, -2.5747175216674805, 0.0, -10.897711753845215, 38.62351608276367, 3.936160087585449, -3.325833320617676, 0.0, 0.6103268265724182)
(-0.871624231338501, 0.2739940583705902, 0.0, 0.0, -1.0, 0.0, 1353, 1400, 1380, 1393, 12.008918762207031, 3.363219738006592, 0.0, -11.612953186035156, 38.68052673339844, 1.7056818008422852, -3.2707996368408203, -0.0, -1.5651177167892456)
(-0.011455437168478966, 0.5598665475845337, 0.0, 0.0, -1.0, 0.0, 1328, 1425, 1362, 1414, -9.590414047241211, 4.783084869384766, 0.0, -11.008378982543945, 38.71788024902344, 4.721911430358887, -3.2557389736175537, 0.0, 1.466172456741333)
(-1.5776348114013672, 0.023299988359212875, 0.0, 0.0, -1.0, 0.0, 1323, 1423, 1384, 1396, 5.502434730529785, 6.718247413635254, 0.0, -12.01447582244873, 38.94151306152344, 15.174758911132812, -3.1626698970794678, 0.0, 12.012088775634766)
(0.36692506074905396, 0.029036538675427437, 0.0, 0.0, 0.0, 0.0, 1382, 1355, 1376, 1413, -1.974334716796875, -10.727117538452148, 0.0, -10.751214027404785, 38.633419036865234, -22.50535774230957, -3.2109620571136475, -0.0, -25.716320037841797)
(-1.415895938873291, -0.1116594523191452, 0.0, 0.0, -1.0, 0.0, 1288, 1416, 1414, 1408, -1.584841251373291, 3.7554941177368164, 0.0, -11.607769966125488, 39.38630294799805, 26.622161865234375, -3.1658380031585693, 0.0, 23.456323623657227)
(-2.346390962600708, -1.2899380922317505, 0.0, 0.0, 0.0, 0.0, 1374, 1390, 1374, 1389, -10.354174613952637, -10.520788192749023, 0.0, -11.4653902053833, 39.92792510986328, -6.682680130004883, -3.0704023838043213, -0.0, -9.753082275390625)
(0.15059927105903625, -0.28508085012435913, 0.0, 0.0, -1.0, 0.0, 1329, 1407, 1395, 1396, 0.49678850173950195, -4.440158367156982, 0.0, -9.913865089416504, 39.57975769042969, 12.356760025024414, -3.136420726776123, 0.0, 9.22033977508545)
(-0.2924655079841614, 1.1090993881225586, 0.0, 0.0, -1.0, 0.0, 1342, 1392, 1382, 1406, -0.4329342246055603, -0.5332165956497192, 0.0, -11.20395565032959, 39.978397369384766, -0.3364529609680176, -3.04947829246521, -0.0, -3.3859312534332275)
(0.4954158663749695, 0.5232628583908081, 0.0, 0.0, -1.0, 0.0, 1333, 1393, 1390, 1410, 3.2043960094451904, -2.8790342807769775, 0.0, -10.62362289428711, 39.434654235839844, 3.3765792846679688, -3.1083624362945557, 0.0, 0.26821672916412354)
(-1.9574949741363525, -0.5053701996803284, 0.0, 0.0, 0.0, 0.0, 1338, 1417, 1383, 1388, 2.1496903896331787, 5.2812604904174805, 0.0, -12.10350227355957, 39.64014434814453, 11.708206176757812, -3.0120179653167725, -0.0, 8.696187973022461)
(-0.305320680141449, -0.6229807734489441, 0.0, 0.0, -1.0, 0.0, 1359, 1402, 1366, 1399, 0.6633725166320801, 4.93895149230957, 0.0, -10.881244659423828, 39.315757751464844, -4.69290828704834, -3.0007081031799316, -0.0, -7.6936163902282715)
(-0.7216816544532776, 0.2728034555912018, 0.0, 0.0, -1.0, 0.0, 1308, 1419, 1388, 1411, -2.6603894233703613, 2.5816969871520996, 0.0, -11.687495231628418, 39.929473876953125, 14.949871063232422, -2.955979108810425, -0.0, 11.993891716003418)
(-0.1261938214302063, 0.7544626593589783, 0.0, -1.0, -1.0, 0.0, 1358, 1377, 1374, 1418, -16.647052764892578, -8.675586700439453, 0.0, -11.701976776123047, 39.78556442260742, -13.362933158874512, -2.9578564167022705, -0.0, -16.320789337158203)
(-2.8039097785949707, -1.4215790033340454, 0.0, 0.0, -1.0, 0.0, 1317, 1433, 1395, 1381, -6.9873456954956055, -9.175798416137695, 0.0, -12.092069625854492, 39.99516296386719, 25.574426651000977, -2.908278465270996, 0.0, 22.666147232055664)
(-1.8662514686584473, -0.8454883098602295, 0.0, 0.0, -1.0, 0.0, 1372, 1404, 1365, 1385, -13.278707504272461, -1.2067354917526245, 0.0, -11.750606536865234, 40.52656555175781, -4.205328941345215, -2.789797067642212, 0.0, -6.995126247406006)
(0.1511782705783844, -0.11822295933961868, 0.0, 0.0, -1.0, 0.0, 1317, 1401, 1394, 1414, 9.447380065917969, 10.304091453552246, 0.0, -10.633228302001953, 40.34211730957031, 8.603864669799805, -2.829547643661499, 0.0, 5.774317264556885)
(-2.003589630126953, -0.5679435729980469, 0.0, 0.0, -1.0, 0.0, 1347, 1402, 1382, 1395, 1.5296274423599243, 2.1158671379089355, 0.0, -12.30000114440918, 40.881744384765625, 3.2801432609558105, -2.713632822036743, -0.0, 0.5665104389190674)
(0.8189393281936646, 1.02235746383667, 0.0, 0.0, -1.0, 0.0, 1354, 1384, 1389, 1399, 1.9602069854736328, -0.7982797622680664, 0.0, -11.038871765136719, 40.67975616455078, -2.448355197906494, -2.764970541000366, 0.0, -5.213325500488281)
(-0.7663851380348206, 0.5745375156402588, 0.0, 0.0, -1.0, 0.0, 1330, 1414, 1397, 1385, 0.3938610553741455, -2.1983389854431152, 0.0, -12.393752098083496, 41.06405258178711, 16.728267669677734, -2.7163331508636475, 0.0, 14.011934280395508)
(0.9204019904136658, 1.4564728736877441, 0.0, 0.0, -1.0, 0.0, 1364, 1378, 1358, 1425, 2.1234638690948486, -0.9319124221801758, 0.0, -11.963571548461914, 41.03690719604492, -20.547130584716797, -2.724337577819824, -0.0, -23.271469116210938)
(-2.7814838886260986, -2.1834359169006348, 0.0, 0.0, -1.0, 0.0, 1324, 1418, 1423, 1365, -14.376677513122559, -8.378586769104004, 0.0, -12.35823917388916, 40.78890609741211, 30.614736557006836, -2.6800599098205566, 0.0, 27.934677124023438)
(-1.3049036264419556, -0.6778193712234497, 0.0, 0.0, -1.0, 0.0, 1373, 1403, 1359, 1391, 4.063121318817139, 3.1916112899780273, 0.0, -11.589640617370605, 42.127925872802734, -8.140115737915039, -2.595221757888794, 0.0, -10.735337257385254)
(-0.6930094361305237, -0.8756580352783203, 0.0, 0.0, -1.0, 0.0, 1308, 1409, 1402, 1411, 4.9129743576049805, 1.5111083984375, 0.0, -10.86646842956543, 41.62456512451172, 15.324803352355957, -2.597766160964966, 0.0, 12.72703742980957)
(-2.1158559322357178, -0.920667290687561, 0.0, 0.0, -1.0, 0.0, 1326, 1404, 1399, 1397, -8.687155723571777, -1.3006181716918945, 0.0, -11.89863395690918, 41.99910354614258, 12.347572326660156, -2.452359676361084, 0.0, 9.89521312713623)
(0.5270261168479919, 0.4134784936904907, 0.0, 0.0, -1.0, 0.0, 1350, 1403, 1357, 1417, -0.5946006774902344, -3.564500331878662, 0.0, -10.823179244995117, 41.78828430175781, -9.403423309326172, -2.484741449356079, -0.0, -11.888164520263672)
(-1.2222607135772705, -0.04540792480111122, 0.0, 0.0, -1.0, 0.0, 1330, 1421, 1398, 1381, -5.36530876159668, 8.65223503112793, 0.0, -12.685832977294922, 41.12639236450195, 19.373498916625977, -2.40171480178833, -0.0, 16.971784591674805)
(-0.16758623719215393, 0.5274516344070435, 0.0, 0.0, -1.0, 0.0, 1342, 1418, 1356, 1415, -7.532406330108643, 3.012230396270752, 0.0, -12.016779899597168, 41.563602447509766, -3.247434616088867, -2.3677821159362793, 0.0, -5.6152167320251465)
(-1.0520000457763672, -0.14931273460388184, 0.0, 0.0, -1.0, 0.0, 1321, 1417, 1403, 1389, -2.540848970413208, -2.786036252975464, 0.0, -13.018611907958984, 41.06985092163086, 19.924633026123047, -2.3088793754577637, -0.0, 17.615753173828125)
(-0.2638479173183441, 1.1072041988372803, 0.0, 0.0, -1.0, 0.0, 1360, 1395, 1351, 1425, 1.1971909999847412, 1.362652063369751, 0.0, -13.055350303649902, 42.196529388427734, -17.52222442626953, -2.2389445304870605, -0.0, -19.76116943359375)
(-1.2469539642333984, -1.251852035522461, 0.0, 0.0, -1.0, 0.0, 1331, 1426, 1386, 1387, -7.595608234405518, -8.860149383544922, 0.0, -12.632790565490723, 41.33053207397461, 15.533550262451172, -2.254990816116333, 0.0, 13.278559684753418)
(-2.287898063659668, -2.091869831085205, 0.0, 0.0, -1.0, 0.0, 1355, 1411, 1371, 1386, -8.045331001281738, -10.758316040039062, 0.0, -12.398947715759277, 41.80217361450195, 2.4455881118774414, -2.160168409347534, 0.0, 0.28541964292526245)
(-2.2285821437835693, -2.648430109024048, 0.0, 0.0, -1.0, 0.0, 1340, 1405, 1413, 1372, -8.74662971496582, 2.2531843185424805, 0.0, -11.592848777770996, 41.6064453125, 18.673398971557617, -2.116093635559082, 0.0, 16.55730438232422)
(-1.196639060974121, 0.1724357306957245, 0.0, 0.0, -1.0, 0.0, 1323, 1405, 1386, 1412, 0.0918130874633789, -2.7332639694213867, 0.0, -12.259160995483398, 43.228240966796875, 6.105146408081055, -2.0013110637664795, 0.0, 4.103835582733154)
(-0.11662714183330536, -0.008170714601874352, 0.0, 0.0, -1.0, 0.0, 1365, 1404, 1383, 1377, -0.7065922021865845, 0.012499332427978516, 0.0, -12.01830768585205, 42.37077331542969, 3.2660627365112305, -1.988405466079712, 0.0, 1.2776572704315186)
(-1.1276371479034424, 0.3139265775680542, 0.0, 0.0, -1.0, 0.0, 1344, 1423, 1379, 1384, 2.7029623985290527, 7.7472052574157715, 0.0, -12.826386451721191, 43.207210540771484, 10.546722412109375, -1.9142385721206665, -0.0, 8.63248348236084)
(-2.109900951385498, -0.8446432948112488, 0.0, -1.0, -1.0, 0.0, 1368, 1420, 1354, 1389, -7.344903945922852, -4.519535064697266, 0.0, -13.041329383850098, 42.991973876953125, -3.993177890777588, -1.8266040086746216, -0.0, -5.81978178024292)
(-1.7717236280441284, -1.9207626581192017, 0.0, 0.0, -1.0, 0.0, 1346, 1412, 1397, 1376, -1.8212761878967285, 1.903475284576416, 0.0, -12.174561500549316, 42.75691604614258, 13.523252487182617, -1.7932922840118408, 0.0, 11.729960441589355)
(-0.7061910629272461, -0.456886887550354, 0.0, 0.0, -1.0, 0.0, 1341, 1396, 1386, 1403, 1.0779918432235718, 1.0344792604446411, 0.0, -12.4276123046875, 43.19319152832031, 0.9394919872283936, -1.694643259048462, -0.0, -0.7551513314247131)
(0.43868300318717957, 0.4074583053588867, 0.0, 0.0, -1.0, 0.0, 1333, 1403, 1386, 1409, -1.7741971015930176, -6.0102996826171875, 0.0, -12.360386848449707, 42.787105560302734, 3.5078046321868896, -1.7286362648010254, -0.0, 1.7791683673858643)
(-0.2643648386001587, 0.8623573184013367, 0.0, 0.0, -1.0, 0.0, 1334, 1418, 1378, 1400, -9.825887680053711, -6.530202388763428, 0.0, -13.319989204406738, 43.11485290527344, 7.023043632507324, -1.6668120622634888, 0.0, 5.356231689453125)
(0.8467348217964172, 1.0454902648925781, 0.0, 0.0, -1.0, 0.0, 1354, 1397, 1366, 1417, 0.08955049514770508, -7.042034149169922, 0.0, -12.74483585357666, 42.872920989990234, -10.209283828735352, -1.7096139192581177, -0.0, -11.91889762878418)
(-0.701086163520813, 0.8932797312736511, 0.0, 0.0, -1.0, 0.0, 1329, 1428, 1382, 1387, -4.668158531188965, 5.0951690673828125, 0.0, -13.637519836425781, 43.3662223815918, 15.151771545410156, -1.6739263534545898, 0.0, 13.477845191955566)
(-1.1270182132720947, -0.7943729162216187, 0.0, 0.0, -1.0, 0.0, 1370, 1388, 1373, 1399, 1.5797603130340576, 3.5898265838623047, 0.0, -12.878068923950195, 43.18404769897461, -10.249055862426758, -1.6631503105163574, -0.0, -11.912205696105957)
(-1.3741986751556396, -0.2723901569843292, 0.0, 0.0, -1.0, 0.0, 1319, 1408, 1400, 1399, -11.420024871826172, -10.300898551940918, 0.0, -12.902307510375977, 43.64411163330078, 14.066115379333496, -1.626826524734497, -0.0, 12.439289093017578)
(-0.5863520503044128, 0.7073655724525452, 0.0, 0.0, -1.0, 0.0, 1364, 1401, 1368, 1397, 9.606816291809082, 7.146510601043701, 0.0, -13.341485023498535, 43.78908157348633, -6.336532115936279, -1.536590337753296, 0.0, -7.873122215270996)
(-1.8097678422927856, -1.1279804706573486, 0.0, 0.0, -1.0, 0.0, 1309, 1422, 1395, 1404, -2.026231288909912, 4.0133891105651855, 0.0, -12.831727981567383, 43.71484375, 17.5549373626709, -1.503936529159546, 0.0, 16.051000595092773)
(0.19676648080348969, 0.5185237526893616, 0.0, 0.0, 0.0, 0.0, 1383, 1390, 1367, 1386, -0.6641983985900879, 5.912797451019287, 0.0, -12.306425094604492, 43.64944839477539, -11.288710594177246, -1.4864813089370728, -0.0, -12.775192260742188)
(-1.801073431968689, -0.6478913426399231, 0.0, 0.0, -1.0, 0.0, 1309, 1407, 1406, 1404, -10.367280006408691, -0.9236129522323608, 0.0, -12.699871063232422, 44.179168701171875, 16.47488021850586, -1.448309063911438, -0.0, 15.026571273803711)
(-3.0921733379364014, -1.965682864189148, 0.0, 0.0, 0.0, 0.0, 1368, 1412, 1381, 1365, -2.918036699295044, -5.557345390319824, 0.0, -13.00322437286377, 44.78358840942383, 6.253549575805664, -1.3033297061920166, 0.0, 4.950219631195068)
(-1.7871814966201782, -2.4472146034240723, 0.0, 0.0, -1.0, 0.0, 1345, 1385, 1413, 1384, 9.213019371032715, 0.6096620559692383, 0.0, -11.193774223327637, 45.08100891113281, 8.570054054260254, -1.2788501977920532, 0.0, 7.29120397567749)
(0.973753035068512, 1.8387595415115356, 0.0, 0.0, 0.0, 0.0, 1339, 1395, 1387, 1405, 5.388096332550049, -5.641552448272705, 0.0, -11.782493591308594, 45.870174407958984, 0.6800150871276855, -1.2603262662887573, 0.0, -0.5803111791610718)
(-0.3439083397388458, 0.9609074592590332, 0.0, 0.0, -1.0, 0.0, 1334, 1423, 1367, 1402, -1.479993224143982, 0.7387474775314331, 0.0, -12.972739219665527, 45.461639404296875, 4.676858901977539, -1.2204304933547974, -0.0, 3.456428289413452)
(0.7825807929039001, 1.2741745710372925, 0.0, 0.0, 0.0, 0.0, 1365, 1419, 1361, 1381, 3.0564887523651123, 3.6565282344818115, 0.0, -12.703227043151855, 45.259193420410156, 0.020022869110107422, -1.2571041584014893, 0.0, -1.2370812892913818)
(-0.6259878277778625, 4.144182205200195, 0.0, 0.0, -1.0, 0.0, 1301, 1471, 1338, 1421, -3.603966474533081, -4.448202133178711, 0.0, -14.525025367736816, 48.47855758666992, 12.947011947631836, -1.1549400091171265, -0.0, 11.792072296142578)
(2.1278371810913086, 6.803478717803955, 0.0, 0.0, -1.0, 0.0, 1326, 1409, 1306, 1486, 2.2382149696350098, -1.2066051959991455, 0.0, -13.062677383422852, 51.92962646484375, -32.95271682739258, -1.2317159175872803, 0.0, -34.18443298339844)
(4.022557735443115, 8.401701927185059, 0.0, 0.0, -1.0, 0.0, 1306, 1449, 1326, 1444, 4.464184284210205, 3.5452699661254883, 0.0, -12.720147132873535, 53.13541793823242, -2.4908370971679688, -1.4225614070892334, -0.0, -3.913398504257202)
(3.4380338191986084, 7.848613262176514, 0.0, 0.0, -1.0, 0.0, 1337, 1412, 1343, 1434, 14.774393081665039, 20.28936195373535, 0.0, -14.988134384155273, 52.386802673339844, -12.556022644042969, -1.471637487411499, 0.0, -14.027660369873047)
(5.29746150970459, 6.9655375480651855, 0.0, 0.0, -1.0, 0.0, 1368, 1403, 1314, 1446, 7.082533836364746, 9.24311351776123, 0.0, -13.454899787902832, 51.84091567993164, -32.6153564453125, -1.7544535398483276, -0.0, -34.369808197021484)
(3.53472638130188, 6.035583019256592, 0.0, 0.0, -1.0, 0.0, 1326, 1435, 1332, 1433, 4.38238525390625, 4.528109550476074, 0.0, -15.032794952392578, 51.0726203918457, -6.088265419006348, -1.888883113861084, 0.0, -7.977148532867432)
(1.9840373992919922, 3.656331777572632, 0.0, 0.0, -1.0, 0.0, 1366, 1398, 1339, 1423, -1.2943649291992188, -5.161356449127197, 0.0, -15.008707046508789, 50.64244842529297, -21.109210968017578, -1.9890398979187012, 0.0, -23.098251342773438)
(2.4847617149353027, 3.292085886001587, 0.0, 0.0, -1.0, 0.0, 1335, 1398, 1349, 1444, 1.1179981231689453, 3.217160224914551, 0.0, -13.074256896972656, 51.48588180541992, -15.899418830871582, -2.1757781505584717, 0.0, -18.075197219848633)
(2.4430043697357178, 4.420934200286865, 0.0, 0.0, -1.0, 0.0, 1319, 1401, 1351, 1455, -0.6276034116744995, 0.5127348899841309, 0.0, -13.432489395141602, 52.29884338378906, -13.586973190307617, -2.2838056087493896, -0.0, -15.870779037475586)
(4.126983165740967, 5.4370503425598145, 0.0, 0.0, -1.0, 0.0, 1316, 1387, 1353, 1470, 2.370251178741455, 8.442017555236816, 0.0, -13.001696586608887, 52.286502838134766, -19.049551010131836, -2.4664299488067627, 0.0, -21.515981674194336)
(5.497027397155762, 6.443603515625, 0.0, 0.0, -1.0, 0.0, 1336, 1390, 1335, 1465, 5.425068378448486, 7.201658725738525, 0.0, -12.75703239440918, 52.061805725097656, -25.89977264404297, -2.7027995586395264, -0.0, -28.602571487426758)
(3.456281900405884, 4.864229679107666, 0.0, 0.0, -1.0, 0.0, 1325, 1399, 1359, 1443, -7.21726655960083, 1.502911925315857, 0.0, -14.181422233581543, 51.382083892822266, -9.781410217285156, -2.8417251110076904, -0.0, -12.623135566711426)
(2.5128047466278076, 4.4960432052612305, 0.0, 0.0, -1.0, 0.0, 1349, 1421, 1316, 1440, 4.182228088378906, 9.129047393798828, 0.0, -14.636602401733398, 51.718666076660156, -19.72865867614746, -2.94254732131958, 0.0, -22.671205520629883)
(3.69075345993042, 3.74629282951355, 0.0, 0.0, -1.0, 0.0, 1348, 1411, 1318, 1449, 2.5635294914245605, 5.697048187255859, 0.0, -12.933098793029785, 51.40541076660156, -23.880596160888672, -3.166562795639038, 0.0, -27.04715919494629)
(3.879079818725586, 3.4980504512786865, 0.0, 0.0, -1.0, 0.0, 1331, 1379, 1353, 1467, 1.2343354225158691, -1.3649792671203613, 0.0, -12.450323104858398, 50.859222412109375, -23.236862182617188, -3.3847124576568604, -0.0, -26.62157440185547)
(3.896555185317993, 4.630296230316162, 0.0, 0.0, -1.0, 0.0, 1326, 1388, 1354, 1459, 3.9696290493011475, 1.3103082180023193, 0.0, -12.733860969543457, 51.493682861328125, -17.348630905151367, -3.5489399433135986, 0.0, -20.897571563720703)
(4.436381816864014, 6.449781894683838, 0.0, 0.0, -1.0, 0.0, 1323, 1405, 1337, 1460, 5.330993175506592, 6.105550289154053, 0.0, -13.24117660522461, 52.1761589050293, -16.633129119873047, -3.715123176574707, 0.0, -20.34825325012207)
(4.828496932983398, 5.41457462310791, 0.0, 0.0, -1.0, 0.0, 1343, 1405, 1323, 1455, 7.015802383422852, 11.324640274047852, 0.0, -13.779894828796387, 50.22096633911133, -23.624191284179688, -3.889193058013916, -0.0, -27.513383865356445)
(3.7779579162597656, 4.966196060180664, 0.0, 0.0, -1.0, 0.0, 1334, 1405, 1324, 1462, -2.067082643508911, -1.7366554737091064, 0.0, -14.235074996948242, 50.06731033325195, -22.70076560974121, -4.0769734382629395, -0.0, -26.777738571166992)
(1.4089570045471191, 3.0279438495635986, 0.0, 0.0, -1.0, 0.0, 1351, 1432, 1344, 1402, -2.074347972869873, 1.3851255178451538, 0.0, -15.146049499511719, 49.7895622253418, -0.03258991241455078, -4.146914958953857, 0.0, -4.179504871368408)
(3.2405545711517334, 2.4787158966064453, 0.0, 0.0, -1.0, 0.0, 1374, 1405, 1297, 1449, -0.7528223991394043, 7.184886455535889, 0.0, -12.660076141357422, 49.938507080078125, -36.08081817626953, -4.3617753982543945, 0.0, -40.44259262084961)
(3.4050841331481934, 2.8922345638275146, 0.0, 0.0, -1.0, 0.0, 1307, 1406, 1355, 1462, 5.402916431427002, 1.394789218902588, 0.0, -12.496203422546387, 49.687599182128906, -7.391274452209473, -4.55034875869751, -0.0, -11.941622734069824)
(1.0930835008621216, 2.3970284461975098, 0.0, 0.0, -1.0, 0.0, 1329, 1401, 1364, 1432, -5.6328020095825195, 1.1043334007263184, 0.0, -13.658400535583496, 50.21001434326172, -4.428832054138184, -4.58012580871582, 0.0, -9.008957862854004)
(3.4471371173858643, 2.877098798751831, 0.0, 0.0, -1.0, 0.0, 1369, 1407, 1313, 1441, 10.932520866394043, 6.70728874206543, 0.0, -11.414193153381348, 50.2784538269043, -27.72348976135254, -4.792959690093994, -0.0, -32.516448974609375)
(4.115651607513428, 3.840561866760254, 0.0, 0.0, -1.0, 0.0, 1334, 1397, 1368, 1427, 3.1945362091064453, 7.244754791259766, 0.0, -12.013733863830566, 49.226016998291016, -3.9928932189941406, -4.949747085571289, 0.0, -8.94264030456543)
(2.596160411834717, 3.4700257778167725, 0.0, 0.0, -1.0, 0.0, 1319, 1397, 1358, 1453, -8.461749076843262, -9.956951141357422, 0.0, -13.4861421585083, 49.069618225097656, -9.261290550231934, -5.028449058532715, 0.0, -14.289739608764648)
(1.9089616537094116, 2.0089333057403564, 0.0, 0.0, -1.0, 0.0, 1362, 1392, 1350, 1422, -4.285375595092773, 0.9044811725616455, 0.0, -13.619525909423828, 48.19384002685547, -15.307003021240234, -5.124888896942139, -0.0, -20.43189239501953)
(1.343068242073059, 0.4039895832538605, 0.0, 0.0, -1.0, 0.0, 1381, 1389, 1353, 1403, 1.0239530801773071, -0.12462568283081055, 0.0, -13.171658515930176, 47.57416534423828, -15.038511276245117, -5.20670223236084, -0.0, -20.24521255493164)
(-0.2692822217941284, -0.5099961161613464, 0.0, 0.0, -1.0, 0.0, 1332, 1423, 1362, 1409, -0.3274669647216797, -0.10616683959960938, 0.0, -13.351078033447266, 48.13148880004883, 6.285435676574707, -5.226321220397949, 0.0, 1.0591143369674683)
(0.7901223301887512, -0.3999752998352051, 0.0, 0.0, -1.0, 0.0, 1367, 1393, 1349, 1421, -4.927344799041748, -4.0041022300720215, 0.0, -12.771202087402344, 47.682701110839844, -16.237197875976562, -5.263881683349609, -0.0, -21.501079559326172)
(0.8717073202133179, -2.5934410095214844, 0.0, 0.0, -1.0, 0.0, 1389, 1377, 1406, 1355, 8.508562088012695, -0.5878682136535645, 0.0, -13.369068145751953, 43.78346633911133, 5.153658866882324, -5.280575752258301, 0.0, -0.1269168108701706)
(-2.4646878242492676, -5.783423900604248, 0.0, 0.0, -1.0, 0.0, 1364, 1358, 1428, 1380, -0.9798650741577148, 6.29660701751709, 0.0, -13.534309387207031, 42.675838470458984, 5.463682651519775, -5.223918437957764, 0.0, 0.23976419866085052)
(-0.36332353949546814, -6.435826778411865, 0.0, 0.0, -1.0, 0.0, 1374, 1344, 1424, 1389, -3.947065591812134, -3.9970433712005615, 0.0, -11.634917259216309, 40.042762756347656, -3.5492360591888428, -5.270410537719727, 0.0, -8.819646835327148)
(-2.9011569023132324, -6.56110143661499, 0.0, 0.0, -1.0, 0.0, 1304, 1372, 1445, 1405, 8.296566009521484, -3.880643367767334, 0.0, -12.797417640686035, 39.77340316772461, 22.00578498840332, -5.143241882324219, -0.0, 16.8625431060791)
(-3.35783314704895, -6.336208343505859, 0.0, 0.0, -1.0, 0.0, 1382, 1408, 1374, 1362, -4.100396156311035, -8.883173942565918, 0.0, -12.017845153808594, 40.68165588378906, 4.6245317459106445, -5.030318260192871, 0.0, -0.4057866036891937)
(-4.8117170333862305, -5.990999221801758, 0.0, 0.0, -1.0, 0.0, 1365, 1423, 1393, 1345, -10.322052001953125, -16.432348251342773, 0.0, -11.974553108215332, 42.69324493408203, 21.101268768310547, -4.848514556884766, -0.0, 16.25275421142578)
(-3.233610153198242, -4.460776329040527, 0.0, 0.0, -1.0, 0.0, 1399, 1422, 1361, 1349, -0.7738054990768433, -1.9655261039733887, 0.0, -10.328668594360352, 44.541404724121094, 3.4241485595703125, -4.732400894165039, -0.0, -1.3082523345947266)
(-2.128427505493164, -2.599111318588257, 0.0, 0.0, -1.0, 0.0, 1348, 1413, 1390, 1375, -1.5711679458618164, -10.074118614196777, 0.0, -10.351688385009766, 45.13957977294922, 14.544576644897461, -4.625209808349609, -0.0, 9.919366836547852)
(-2.45983624458313, -1.8001163005828857, 0.0, 0.0, -1.0, 0.0, 1347, 1428, 1374, 1378, -3.0748085975646973, -8.79827880859375, 0.0, -10.979125022888184, 46.500247955322266, 13.793083190917969, -4.495966911315918, 0.0, 9.29711627960205)
(-1.9751111268997192, -2.7303690910339355, 0.0, 0.0, -1.0, 0.0, 1330, 1393, 1393, 1410, -20.65030860900879, -19.53916358947754, 0.0, -10.438119888305664, 46.00313186645508, 6.095067977905273, -4.451253414154053, -0.0, 1.6438145637512207)
(-2.35737943649292, -0.5426695942878723, 0.0, 0.0, -1.0, 0.0, 1309, 1433, 1383, 1405, 4.833100318908691, -0.8024952411651611, 0.0, -11.699094772338867, 47.9630241394043, 19.683238983154297, -4.283089637756348, 0.0, 15.40014934539795)
(-0.038759324699640274, 0.7614613175392151, 0.0, 0.0, -1.0, 0.0, 1383, 1424, 1338, 1381, 3.3108654022216797, 12.740888595581055, 0.0, -11.22028636932373, 48.43665313720703, -6.300105571746826, -4.233640670776367, 0.0, -10.533745765686035)
(-0.1267249435186386, 1.8422024250030518, 0.0, 0.0, -1.0, 0.0, 1304, 1444, 1380, 1406, 3.0717270374298096, 5.2708306312561035, 0.0, -12.88507080078125, 48.32719421386719, 22.950698852539062, -4.174363613128662, 0.0, 18.776334762573242)
(-1.1589741706848145, 1.6992264986038208, 0.0, 0.0, -1.0, 0.0, 1358, 1409, 1373, 1386, 2.5163490772247314, -0.5439248085021973, 0.0, -15.191475868225098, 48.17171859741211, 3.5997488498687744, -4.0244669914245605, -0.0, -0.4247179329395294)
(-2.0433008670806885, -0.11348503828048706, 0.0, 0.0, -1.0, 0.0, 1295, 1406, 1395, 1439, 1.3147618770599365, -0.8152250647544861, 0.0, -15.411441802978516, 48.315025329589844, 10.643333435058594, -3.9492852687835693, -0.0, 6.6940484046936035)
(-2.0624823570251465, -0.7931591868400574, 0.0, 0.0, -1.0, 0.0, 1316, 1374, 1415, 1421, -10.41267204284668, -6.266057968139648, 0.0, -14.588729858398438, 49.09048080444336, 6.867290496826172, -3.864051580429077, 0.0, 3.0032389163970947)
(-0.9427894353866577, 0.1141832247376442, 0.0, 0.0, -1.0, 0.0, 1345, 1394, 1398, 1397, -3.099994659423828, 5.539628982543945, 0.0, -14.416626930236816, 49.29291915893555, 6.390776634216309, -3.8224685192108154, -0.0, 2.568308115005493)
(-1.5898463726043701, 0.1120356023311615, 0.0, 0.0, -1.0, 0.0, 1311, 1425, 1385, 1409, -6.027375221252441, -5.2149658203125, 0.0, -15.43537712097168, 49.588348388671875, 16.15045166015625, -3.7101645469665527, 0.0, 12.440286636352539)
(-0.9569238424301147, -1.2686198949813843, 0.0, 0.0, -1.0, 0.0, 1339, 1398, 1366, 1431, -5.6361894607543945, -7.303687572479248, 0.0, -14.366475105285645, 48.82737731933594, -7.928794860839844, -3.6967217922210693, -0.0, -11.625516891479492)
(-0.3271222412586212, -1.1822612285614014, 0.0, 0.0, -1.0, 0.0, 1323, 1398, 1398, 1411, 2.67474627494812, 3.7612125873565674, 0.0, -13.677146911621094, 48.1694450378418, 9.288050651550293, -3.72160267829895, 0.0, 5.566447734832764)
(-0.8245218992233276, 0.14061382412910461, 0.0, 0.0, 0.0, 0.0, 1305, 1421, 1378, 1426, -3.311673641204834, 3.6244659423828125, 0.0, -15.226842880249023, 48.6571044921875, 10.7994384765625, -3.6111252307891846, 0.0, 7.188313007354736)
(-1.349973201751709, -1.2674641609191895, 0.0, 0.0, -1.0, 0.0, 1354, 1383, 1403, 1390, -3.097774028778076, 0.6467409133911133, 0.0, -14.806114196777344, 48.335609436035156, 4.249866008758545, -3.593993663787842, 0.0, 0.6558723449707031)
(-0.8553998470306396, 0.2421514242887497, 0.0, 0.0, 0.0, 0.0, 1323, 1437, 1359, 1412, -10.152215957641602, -5.507746696472168, 0.0, -14.662824630737305, 49.784088134765625, 8.850170135498047, -3.568143367767334, 0.0, 5.282026767730713)
(-0.11787723749876022, -0.12321922928094864, 0.0, 0.0, -1.0, 0.0, 1386, 1413, 1353, 1374, -0.31987714767456055, 5.523358345031738, 0.0, -14.255510330200195, 49.57509231567383, -5.111833572387695, -3.5404458045959473, 0.0, -8.652278900146484)
(-2.0403945446014404, -1.555127739906311, 0.0, 0.0, 0.0, 0.0, 1300, 1415, 1396, 1419, -2.261275291442871, -7.466484069824219, 0.0, -13.943467140197754, 50.26351547241211, 16.787338256835938, -3.513803243637085, 0.0, 13.273534774780273)
(-1.9129120111465454, -0.709755539894104, 0.0, 0.0, -1.0, 0.0, 1363, 1422, 1363, 1382, 2.6079254150390625, 6.466691017150879, 0.0, -13.899415016174316, 51.6699104309082, 3.284071922302246, -3.3974363803863525, 0.0, -0.11336435377597809)
(0.6761151552200317, -0.6534000635147095, 0.0, 0.0, 0.0, 0.0, 1367, 1394, 1368, 1401, -4.303358554840088, -10.906250953674316, 0.0, -12.544381141662598, 50.78880310058594, -8.014721870422363, -3.4596359729766846, -0.0, -11.474357604980469)
(-1.4349498748779297, 0.02010325901210308, 0.0, 0.0, -1.0, 0.0, 1317, 1445, 1375, 1392, 3.4026269912719727, -1.1215871572494507, 0.0, -15.009621620178223, 51.28651809692383, 20.863773345947266, -3.321159839630127, -0.0, 17.542613983154297)
(-1.747603178024292, -1.7112427949905396, 0.0, 0.0, -1.0, 0.0, 1362, 1388, 1367, 1413, -11.804076194763184, -12.9420747756958, 0.0, -14.366175651550293, 50.889122009277344, -11.566862106323242, -3.253861904144287, -0.0, -14.820723533630371)
(-0.8855540156364441, -1.2424054145812988, 0.0, 0.0, -1.0, 0.0, 1309, 1412, 1404, 1405, -8.879135131835938, 1.2920925617218018, 0.0, -13.766937255859375, 50.67372131347656, 18.604598999023438, -3.264970302581787, 0.0, 15.339629173278809)
(-1.1370904445648193, -0.018790671601891518, 0.0, 0.0, 0.0, 0.0, 1346, 1414, 1366, 1403, 18.705215454101562, 14.420219421386719, 0.0, -15.284618377685547, 51.090641021728516, 1.0513062477111816, -3.1163790225982666, -0.0, -2.065072774887085)
(0.35946524143218994, 0.2016790360212326, 0.0, 0.0, -1.0, 0.0, 1339, 1408, 1366, 1417, -0.8342763185501099, -1.8493062257766724, 0.0, -14.659162521362305, 50.37097930908203, -2.4985456466674805, -3.1489264965057373, 0.0, -5.647472381591797)
(-0.7293047904968262, 0.10382726043462753, 0.0, 0.0, -1.0, 0.0, 1322, 1426, 1369, 1414, 3.9016542434692383, 12.09303092956543, 0.0, -15.73842716217041, 50.7532958984375, 7.823353290557861, -3.0893754959106445, -0.0, 4.733977794647217)
(-1.8606778383255005, -1.2086936235427856, 0.0, 0.0, -1.0, 0.0, 1346, 1406, 1380, 1398, 1.3969969749450684, 2.0574512481689453, 0.0, -15.771353721618652, 50.73408889770508, 3.4802188873291016, -3.0156846046447754, 0.0, 0.46453431248664856)
(-0.4315777122974396, -0.2741374671459198, 0.0, 0.0, -1.0, 0.0, 1343, 1416, 1369, 1397, 4.914268493652344, 6.9286580085754395, 0.0, -14.728824615478516, 51.25132369995117, 4.32252311706543, -3.0281848907470703, 0.0, 1.294338345527649)
(-1.0050421953201294, -0.7965824604034424, 0.0, 0.0, -1.0, 0.0, 1349, 1411, 1381, 1389, 0.46045953035354614, 0.7861480712890625, 0.0, -15.467236518859863, 50.78973388671875, 6.305698394775391, -2.961000442504883, -0.0, 3.344697952270508)
(-0.39273253083229065, -0.2652110159397125, 0.0, 0.0, -1.0, 0.0, 1349, 1409, 1372, 1396, 3.342327117919922, 9.013994216918945, 0.0, -14.877599716186523, 51.527076721191406, 2.0246381759643555, -2.9395506381988525, 0.0, -0.9149123430252075)
(-1.0571399927139282, -0.4923052489757538, 0.0, 0.0, -1.0, 0.0, 1309, 1409, 1378, 1433, -2.0642776489257812, -1.0173470973968506, 0.0, -15.152297019958496, 51.767799377441406, 4.188138961791992, -2.8921422958374023, 0.0, 1.2959966659545898)
(-0.6631906628608704, 0.5627672076225281, 0.0, 0.0, -1.0, 0.0, 1333, 1435, 1391, 1371, 4.364512920379639, 6.027407169342041, 0.0, -16.143760681152344, 51.734107971191406, 23.46839141845703, -2.8314945697784424, 0.0, 20.63689613342285)
(-4.046443462371826, -1.2707507610321045, 0.0, 0.0, -1.0, 0.0, 1307, 1420, 1410, 1393, -5.753536224365234, -5.378456115722656, 0.0, -18.79802703857422, 51.483192443847656, 25.110267639160156, -2.576557159423828, -0.0, 22.533710479736328)
(-2.7608802318573, -2.2336020469665527, 0.0, 0.0, -1.0, 0.0, 1354, 1401, 1374, 1380, -2.4442124366760254, -2.1661324501037598, 0.0, -17.021961212158203, 51.6950798034668, 2.7068405151367188, -2.493135452270508, -0.0, 0.21370501816272736)
(-1.662941336631775, -2.1130261421203613, 0.0, 0.0, -1.0, 0.0, 1100, 1100, 1100, 1100, -2.015979290008545, -1.9149200916290283, 0.0, -15.996962547302246, 51.64752197265625, 6.515926361083984, -2.448604106903076, 0.0, 4.067322254180908)
(-1.1551326513290405, -1.8452486991882324, 0.0, 0.0, -1.0, 0.0, 1000, 1000, 1000, 1000, -0.26471731066703796, -0.2358187437057495, 0.0, -15.734160423278809, 51.47571563720703, 4.922004699707031, -2.4007835388183594, 0.0, 2.521221160888672)
(-1.445243239402771, -1.0098387002944946, 0.0, 0.0, -1.0, 0.0, 1000, 1000, 1000, 1000, -1.4348008632659912, -1.0243761539459229, 0.0, -16.077451705932617, 52.25666427612305, 14.146947860717773, -2.3309059143066406, 0.0, 11.816041946411133)
(-2.4680769443511963, -0.6398985981941223, 0.0, 0.0, -1.0, 0.0, 1000, 1000, 1000, 1000, -3.2181434631347656, -2.542856454849243, 0.0, -17.059921264648438, 53.04615020751953, 13.072092056274414, -2.1825034618377686, -0.0, 10.889588356018066)
(-2.317779302597046, -1.5100455284118652, 0.0, 0.0, -1.0, 0.0, 1000, 1000, 1000, 1000, -2.16798996925354, -2.04779052734375, 0.0, -16.830951690673828, 52.69751739501953, 9.515726089477539, -2.0801661014556885, -0.0, 7.43556022644043)
(-1.5829976797103882, -0.9693788290023804, 0.0, 0.0, -1.0, 0.0, 1000, 1000, 1000, 1000, -0.7748610973358154, -0.6256852746009827, 0.0, -16.432626724243164, 53.15940475463867, 6.116208076477051, -2.014556646347046, -0.0, 4.101651191711426)
(-0.2751207947731018, -1.0903970003128052, 0.0, 0.0, -1.0, 0.0, 1000, 1000, 1000, 1000, -0.3770379424095154, 0.44868093729019165, 0.0, -15.509915351867676, 52.65376663208008, -8.014639854431152, -2.0144479274749756, -0.0, -10.029088020324707)
(-2.3767335414886475, -0.6936636567115784, 0.0, 0.0, -1.0, 0.0, 1000, 1000, 1000, 1000, -0.3396194875240326, -0.18291589617729187, 0.0, -17.34894371032715, 53.255916595458984, 42.49342346191406, -1.88996160030365, 0.0, 40.60346221923828)
(-6.3377685546875, -3.3143441677093506, 0.0, 0.0, -1.0, 0.0, 1000, 1000, 1000, 1000, -8.322941780090332, -7.789475917816162, 0.0, -21.583391189575195, 51.89905548095703, 38.36567306518555, -1.4608798027038574, 0.0, 36.90479278564453)
(-5.2264885902404785, -4.573283672332764, 0.0, 0.0, -1.0, 0.0, 1000, 1000, 1000, 1000, -7.49627685546875, -7.754123687744141, 0.0, -19.879579544067383, 52.00971984863281, 3.1751251220703125, -1.2583993673324585, -0.0, 1.916725754737854)
(-3.5834856033325195, -5.72514009475708, 0.0, 0.0, -1.0, 0.0, 1000, 1000, 1000, 1000, -7.381089687347412, -6.746128559112549, 0.0, -16.531713485717773, 51.505001068115234, 26.484500885009766, -1.2450894117355347, 0.0, 25.239412307739258)
(-4.052088260650635, -3.72428822517395, 0.0, 0.0, -1.0, 0.0, 1000, 1000, 1000, 1000, 2.6582157611846924, -0.6548886299133301, 0.0, -17.904279708862305, 52.88426208496094, -17.263696670532227, -0.9254886507987976, -0.0, -18.189186096191406)
(1.5896161794662476, -4.776845455169678, 0.0, 0.0, -1.0, 0.0, 1000, 1000, 1000, 1000, -12.797937393188477, -12.255520820617676, 0.0, -12.490558624267578, 50.426177978515625, -7.246861457824707, -1.2189303636550903, 0.0, -8.465791702270508)
(-4.713496208190918, -7.6224799156188965, 0.0, 0.0, -1.0, 0.0, 1000, 1000, 1000, 1000, -4.759392261505127, -5.391716003417969, 0.0, -14.060683250427246, 50.23486328125, 26.921140670776367, -1.0306755304336548, -0.0, 25.890464782714844)
(-3.371704339981079, -6.568972110748291, 0.0, 0.0, -1.0, 0.0, 1000, 1000, 1000, 1000, -0.2660740613937378, -1.1521328687667847, 0.0, -13.337661743164062, 49.59783172607422, 15.578034400939941, -0.8709694743156433, 0.0, 14.707064628601074)
(-3.042952060699463, -4.095032215118408, 0.0, 0.0, -1.0, 0.0, 1000, 1000, 1000, 1000, 1.5160770416259766, -0.826972246170044, 0.0, -14.615556716918945, 50.458961486816406, 26.769638061523438, -0.6646913886070251, -0.0, 26.10494613647461)
(-0.8993449211120605, -2.220130681991577, 0.0, 0.0, -1.0, 0.0, 1000, 1000, 1000, 1000, -0.7572965621948242, -2.0245704650878906, 0.0, -14.671808242797852, 50.619476318359375, 15.319894790649414, -0.585116446018219, 0.0, 14.73477840423584)
(-4.840750694274902, -4.768737316131592, 0.0, 0.0, -1.0, 0.0, 1000, 1000, 1000, 1000, -10.983942985534668, -10.965001106262207, 0.0, -16.688121795654297, 50.06124496459961, -7.13770866394043, -0.3191275894641876, -0.0, -7.456836223602295)
(-4.790902137756348, -4.098397731781006, 0.0, 0.0, -1.0, 0.0, 1000, 1000, 1000, 1000, -5.23191499710083, -5.823114395141602, 0.0, -16.68720817565918, 51.305599212646484, 18.314266204833984, -0.09741611033678055, -0.0, 18.21685028076172)
(-3.916034460067749, -3.9078643321990967, 0.0, 0.0, -1.0, 0.0, 1000, 1000, 1000, 1000, -1.843515157699585, -3.2010226249694824, 0.0, -16.234922409057617, 51.579837799072266, 16.866756439208984, 0.08260569721460342, 0.0, 16.94936180114746)
(-3.3315811157226562, -3.692878246307373, 0.0, 0.0, -1.0, 0.0, 1000, 1000, 1000, 1000, 0.9136785268783569, 0.09046289324760437, 0.0, -15.70321273803711, 52.10027313232422, 14.066442489624023, 0.23234926164150238, 0.0, 14.298791885375977)
(-1.4149986505508423, -1.7733389139175415, 0.0, -1.0, -1.0, 0.0, 1000, 1000, 1000, 1000, -2.6284689903259277, -2.649542808532715, 0.0, -15.024401664733887, 52.88501739501953, 18.081090927124023, 0.31146517395973206, -0.0, 18.392555236816406)
(-1.6971014738082886, -2.050060987472534, 0.0, 0.0, -1.0, 0.0, 1000, 1000, 1000, 1000, -4.223010063171387, -5.2576375007629395, 0.0, -14.958396911621094, 53.04462814331055, 5.741604804992676, 0.38496845960617065, -0.0, 6.126573085784912)
(-1.3938302993774414, -1.8122055530548096, 0.0, 0.0, -1.0, 0.0, 1000, 1000, 1000, 1000, 0.3396944999694824, -0.4299136996269226, 0.0, -14.872573852539062, 53.26703643798828, 7.2130537033081055, 0.4502231776714325, 0.0, 7.663276672363281)
(-1.3071781396865845, -1.7012931108474731, 0.0, 0.0, -1.0, 0.0, 1000, 1000, 1000, 1000, -1.5553624629974365, -2.2076947689056396, 0.0, -14.943155288696289, 53.36322021484375, 6.352963924407959, 0.5104885697364807, -0.0, 6.863452434539795)
(-1.2168617248535156, -1.6260952949523926, 0.0, 0.0, -1.0, 0.0, 1000, 1000, 1000, 1000, -0.8835755586624146, -1.568091630935669, 0.0, -14.975625991821289, 53.4819450378418, 6.450162410736084, 0.5703479051589966, 0.0, 7.020510196685791)
(-1.1782972812652588, -1.582643985748291, 0.0, 0.0, -1.0, 0.0, 1000, 1000, 1000, 1000, -1.0638139247894287, -1.7585262060165405, 0.0, -15.013737678527832, 53.59899139404297, 5.9524617195129395, 0.627465009689331, 0.0, 6.57992696762085)
(-1.1566499471664429, -1.5560722351074219, 0.0, 0.0, -1.0, 0.0, 1000, 1000, 1000, 1000, -1.1349742412567139, -1.7364825010299683, 0.0, -15.055960655212402, 53.71725845336914, 6.057640075683594, 0.6834150552749634, -0.0, 6.741055011749268)
(-1.1512088775634766, -1.5557560920715332, 0.0, 0.0, -1.0, 0.0, 1000, 1000, 1000, 1000, -0.9916117787361145, -1.677060604095459, 0.0, -15.08995246887207, 53.83537292480469, 5.999946594238281, 0.7335404753684998, 0.0, 6.733487129211426)
(-1.145005702972412, -1.5478975772857666, 0.0, 0.0, -1.0, 0.0, 1000, 1000, 1000, 1000, -1.1558799743652344, -1.730461597442627, 0.0, -15.13156795501709, 53.94936752319336, 5.907955169677734, 0.7886540293693542, -0.0, 6.696609020233154)
(-1.1459932327270508, -1.551055908203125, 0.0, 0.0, -1.0, 0.0, 1000, 1000, 1000, 1000, -1.0337519645690918, -1.7152729034423828, 0.0, -15.170745849609375, 54.065956115722656, 5.973868370056152, 0.8437239527702332, -0.0, 6.817592144012451)
(-1.14546537399292, -1.5483425855636597, 0.0, 0.0, -1.0, 0.0, 1000, 1000, 1000, 1000, -1.1575820446014404, -1.7929911613464355, 0.0, -15.209007263183594, 54.18254470825195, 5.849277973175049, 0.8986666202545166, -0.0, 6.7479448318481445)
(-1.1345192193984985, -1.538771152496338, 0.0, 0.0, -1.0, 0.0, 1000, 1000, 1000, 1000, -1.0762426853179932, -1.7504936456680298, 0.0, -15.249557495117188, 54.2982177734375, 5.946986198425293, 0.9534031748771667, 0.0, 6.900389194488525)
(-1.1295500993728638, -1.5342918634414673, 0.0, 0.0, -1.0, 0.0, 1000, 1000, 1000, 1000, -1.0125895738601685, -1.629488229751587, 0.0, -15.285380363464355, 54.4148063659668, 5.8611650466918945, 1.007765531539917, 0.0, 6.868930816650391)
(-1.1313000917434692, -1.5354464054107666, 0.0, 0.0, -1.0, 0.0, 1000, 1000, 1000, 1000, -1.0556390285491943, -1.7253820896148682, 0.0, -15.324864387512207, 54.53063201904297, 5.869915008544922, 1.0568326711654663, 0.0, 6.926747798919678)
(-1.128605604171753, -1.5332720279693604, 0.0, 0.0, -1.0, 0.0, 1000, 1000, 1000, 1000, -1.0783562660217285, -1.7597761154174805, 0.0, -15.362058639526367, 54.64706802368164, 5.947906494140625, 1.1108802556991577, 0.0, 7.058786869049072)
(-1.1328319311141968, -1.5346201658248901, 0.0, 0.0, -1.0, 0.0, 1000, 1000, 1000, 1000, -1.0435733795166016, -1.7073757648468018, 0.0, -15.400321960449219, 54.76441955566406, 5.816598892211914, 1.1651365756988525, -0.0, 6.981735706329346)
(-1.1187658309936523, -1.5238977670669556, 0.0, 0.0, -1.0, 0.0, 1000, 1000, 1000, 1000, -1.0042768716812134, -1.6628092527389526, 0.0, -15.439654350280762, 54.88039779663086, 5.868219375610352, 1.2191928625106812, 0.0, 7.087412357330322)
(-1.1006273031234741, -1.5075308084487915, 0.0, 0.0, -1.0, 0.0, 1000, 1000, 1000, 1000, -1.066717267036438, -1.7188527584075928, 0.0, -15.476240158081055, 54.99622344970703, 5.686063289642334, 1.2674120664596558, -0.0, 6.953475475311279)
(-1.1060923337936401, -1.5098280906677246, 0.0, 0.0, -1.0, 0.0, 1000, 1000, 1000, 1000, -1.077056646347046, -1.7778667211532593, 0.0, -15.51663875579834, 55.1144905090332, 5.713388442993164, 1.3204516172409058, -0.0, 7.033840179443359)
(-1.1142771244049072, -1.5212421417236328, 0.0, 0.0, -1.0, 0.0, 1000, 1000, 1000, 1000, -1.0258747339248657, -1.6461796760559082, 0.0, -15.554596900939941, 55.230316162109375, 5.784800052642822, 1.3738782405853271, 0.0, 7.1586785316467285)
(-1.1089630126953125, -1.5166977643966675, 0.0, 0.0, -1.0, 0.0, 1000, 1000, 1000, 1000, -0.9889829158782959, -1.7110791206359863, 0.0, -15.593928337097168, 55.34614181518555, 5.758229732513428, 1.4220283031463623, 0.0, 7.180258274078369)