
(-3.9240639209747314, -5.457082271575928, 0.0, -1.0, -1.0, 0.0, 1000, 1000, 1000, 1000, -4.064188480377197, -5.030647277832031, 0.0, -0.7300329804420471, 2.176987648010254, 12.110889434814453, 2.590512752532959, -0.0017779474146664143, 14.699624061584473)
(-3.907498836517334, -5.432567119598389, 0.0, -1.0, -1.0, 0.0, 1000, 1000, 1000, 1000, -3.701174259185791, -4.9381327629089355, 0.0, -0.7843014001846313, 2.2899458408355713, 12.312922477722168, 2.7274978160858154, 0.0007838326273486018, 15.041204452514648)
(-4.022131443023682, -5.535190105438232, 0.0, -1.0, -1.0, 0.0, 1000, 1000, 1000, 1000, -4.429279804229736, -5.089731693267822, 0.0, -0.963417649269104, 2.244823932647705, 13.820233345031738, 2.881783962249756, 0.004964635241776705, 16.706981658935547)
(-4.184817314147949, -5.777891159057617, 0.0, -1.0, -1.0, 0.0, 1000, 1000, 1000, 1000, -4.15769624710083, -6.181980133056641, 0.0, -1.1198201179504395, 2.166165590286255, 14.397806167602539, 3.0369338989257812, 0.006393160205334425, 17.441133499145508)
(-4.800294399261475, -6.6012773513793945, 0.0, -1.0, -1.0, 0.0, 1000, 1000, 1000, 1000, -2.290058135986328, -9.400678634643555, 0.0, -1.3455826044082642, 1.749245047569275, 15.103616714477539, 3.2212910652160645, 0.0025989380665123463, 18.32750701904297)
(-5.12858247756958, -7.86135196685791, 0.0, -1.0, -1.0, 0.0, 1000, 1000, 1000, 1000, -8.41093921661377, -8.239241600036621, 0.0, -1.4739364385604858, 1.2253122329711914, 17.46554946899414, 3.405219554901123, 0.010739536955952644, 20.881507873535156)
(-4.602108478546143, -8.459002494812012, 0.0, -1.0, -1.0, 0.0, 1000, 1000, 1000, 1000, -3.6612415313720703, -6.133504867553711, 0.0, -1.5047295093536377, 1.4987876415252686, 14.5791654586792, 3.5852854251861572, -0.0037241270765662193, 18.16072654724121)
(-5.257794380187988, -9.73167610168457, 0.0, -1.0, -1.0, 0.0, 1000, 1000, 1000, 1000, -5.078281879425049, -9.766408920288086, 0.0, -1.5428391695022583, 0.026226801797747612, 15.933614730834961, 3.7680842876434326, 0.0013820668682456017, 19.703081130981445)
(-5.644031524658203, -12.640202522277832, 0.0, -1.0, -1.0, 0.0, 1000, 1000, 1000, 1000, -3.0733981132507324, -14.358846664428711, 0.0, -1.4974124431610107, -1.5086815357208252, 18.21027183532715, 3.977198839187622, 0.006096879951655865, 22.193567276000977)
(-4.9536261558532715, -13.40316390991211, 0.0, -1.0, -1.0, 0.0, 1000, 1000, 1000, 1000, -1.5326077938079834, -19.681671142578125, 0.0, -1.5847604274749756, -0.6062420606613159, 15.716943740844727, 4.1877617835998535, -0.009229259565472603, 19.895475387573242)
(-4.620642185211182, -13.55134105682373, 0.0, -1.0, -1.0, 0.0, 1000, 1000, 1000, 1000, -5.1777119636535645, -17.899887084960938, 0.0, -1.5294253826141357, -1.1425225734710693, 14.580129623413086, 4.367024898529053, -0.009271321818232536, 18.937883377075195)
(-4.784685134887695, -16.638158798217773, 0.0, -1.0, -1.0, 0.0, 1000, 1000, 1000, 1000, 0.6345266103744507, -19.32076644897461, 0.0, -1.6919255256652832, -2.4951140880584717, 18.748497009277344, 4.558935642242432, 0.010441913269460201, 23.317874908447266)
(-9.173693656921387, -17.378698348999023, 0.0, -1.0, -1.0, 0.0, 1000, 1000, 1000, 1000, -19.89103126525879, -24.6402587890625, 0.0, -5.717687129974365, -1.3062419891357422, 53.59721755981445, 4.988420009613037, 0.12515577673912048, 58.710792541503906)
(-15.363096237182617, -13.574758529663086, 0.0, -1.0, -1.0, 0.0, 1000, 1000, 1000, 1000, -22.072956085205078, -8.297494888305664, 0.0, -6.53643798828125, 2.2012274265289307, 37.59872817993164, 5.60311222076416, -0.014606008306145668, 43.187232971191406)
(-7.586701393127441, -9.533365249633789, 0.0, -1.0, -1.0, 0.0, 1000, 1000, 1000, 1000, -1.6280767917633057, -5.078477382659912, 0.0, -0.6608284711837769, 3.95473313331604, 7.102902412414551, 5.820720195770264, -0.10549299418926239, 12.818129539489746)
(-2.611210584640503, -7.081450939178467, 0.0, -1.0, -1.0, 0.0, 1000, 1000, 1000, 1000, 6.1780877113342285, -0.008452892303466797, 0.0, 0.5315495133399963, 4.6775994300842285, 14.2741117477417, 5.9261980056762695, -0.02150888182222843, 20.178800582885742)
(-5.359817981719971, -1.7431291341781616, 0.0, -1.0, -1.0, 0.0, 1000, 1000, 1000, 1000, -9.719047546386719, 3.2846717834472656, 0.0, -3.8507678508758545, 7.371349811553955, 39.3904914855957, 6.2542290687561035, 0.07447242736816406, 45.71919250488281)
(-9.91886043548584, 3.2541284561157227, 0.0, -1.0, 0.0, 0.0, 1000, 1000, 1000, 1000, -15.615625381469727, 9.953021049499512, 0.0, -4.79284143447876, 10.188422203063965, 24.748613357543945, 6.647414207458496, -0.02016524039208889, 31.37586212158203)
(-7.426705837249756, 4.3442912101745605, 0.0, -1.0, -1.0, 0.0, 1000, 1000, 1000, 1000, -5.637486934661865, 6.165135383605957, 0.0, -2.1946706771850586, 9.787964820861816, 18.755603790283203, 6.8884968757629395, -0.028195375576615334, 25.61590576171875)
(-5.325342655181885, 5.535031795501709, 0.0, -1.0, 0.0, 0.0, 1000, 1000, 1000, 1000, -2.875840663909912, 4.534889221191406, 0.0, -1.2862870693206787, 10.579277038574219, 11.886735916137695, 7.08882999420166, -0.04298345372080803, 18.93258285522461)
(-3.587095260620117, 7.3564372062683105, 0.0, -1.0, -1.0, 0.0, 1000, 1000, 1000, 1000, -1.1996982097625732, 10.815834999084473, 0.0, -1.2583907842636108, 11.651535034179688, 13.250821113586426, 7.246337890625, -0.01845393516123295, 20.47870445251465)
(-3.4112064838409424, 7.977116584777832, 0.0, -1.0, 0.0, 0.0, 1000, 1000, 1000, 1000, -4.089504718780518, 4.086886405944824, 0.0, -1.5951288938522339, 10.783853530883789, 11.327753067016602, 7.375065803527832, -0.012904063798487186, 18.68991470336914)
(-2.5771594047546387, 6.76265287399292, 0.0, -1.0, -1.0, 0.0, 1000, 1000, 1000, 1000, -1.0551488399505615, 4.997817039489746, 0.0, -1.1512264013290405, 10.509920120239258, 5.211076736450195, 7.453719615936279, -0.023961568251252174, 12.64083480834961)
(-2.3628089427948, 6.243831157684326, 0.0, -1.0, 0.0, 0.0, 1000, 1000, 1000, 1000, -3.185323715209961, 6.207633972167969, 0.0, -1.145433783531189, 10.294063568115234, 6.963430881500244, 7.516348361968994, -0.003567974315956235, 14.476210594177246)
(-3.0022764205932617, 5.384654998779297, 0.0, -1.0, -1.0, 0.0, 1000, 1000, 1000, 1000, -3.506187915802002, 4.335710525512695, 0.0, -1.6779035329818726, 9.828208923339844, 9.862764358520508, 7.625378608703613, 0.006157680414617062, 17.494300842285156)
(-3.197467088699341, 3.56028151512146, 0.0, 0.0, -1.0, 0.0, 1000, 1000, 1000, 1000, -3.2539381980895996, 2.414216995239258, 0.0, -1.632476568222046, 8.882017135620117, 11.277673721313477, 7.726102352142334, 0.013273375108838081, 19.01704978942871)
(-2.846558094024658, 2.7233376502990723, 0.0, -1.0, -1.0, 0.0, 1000, 1000, 1000, 1000, -2.1244707107543945, 1.8338623046875, 0.0, -1.3557997941970825, 8.857932090759277, 6.483792781829834, 7.811361312866211, -0.006963455118238926, 14.288190841674805)
(-2.4450972080230713, 2.4189677238464355, 0.0, 0.0, -1.0, 0.0, 1000, 1000, 1000, 1000, -1.6699323654174805, 0.7948837280273438, 0.0, -1.4747023582458496, 8.990096092224121, 11.731608390808105, 7.8957953453063965, 0.02022002637386322, 19.647624969482422)
(-2.6191489696502686, 2.281500816345215, 0.0, -1.0, -1.0, 0.0, 1000, 1000, 1000, 1000, -2.7583656311035156, 2.4107179641723633, 0.0, -1.7836964130401611, 9.308540344238281, 6.354644775390625, 7.988036155700684, -0.0068024503998458385, 14.335878372192383)
(-2.6480515003204346, 2.8841586112976074, 0.0, 0.0, -1.0, 0.0, 1000, 1000, 1000, 1000, -4.630992412567139, 4.492837905883789, 0.0, -1.531409502029419, 9.888874053955078, 8.811717987060547, 8.05788803100586, 0.009532836265861988, 16.879138946533203)
(-2.423576831817627, 3.3166918754577637, 0.0, -1.0, -1.0, 0.0, 1000, 1000, 1000, 1000, -1.7648861408233643, 4.387152671813965, 0.0, -1.3432995080947876, 10.06250286102295, 5.9382100105285645, 8.123443603515625, -0.001154436031356454, 14.06049919128418)
(-2.359585762023926, 3.253739833831787, 0.0, 0.0, -1.0, 0.0, 1000, 1000, 1000, 1000, -1.9069457054138184, 2.5925211906433105, 0.0, -1.544824242591858, 10.183385848999023, 10.901758193969727, 8.20279598236084, 0.02125483751296997, 19.125808715820312)
(-2.503389596939087, 3.6133956909179688, 0.0, -1.0, -1.0, 0.0, 1000, 1000, 1000, 1000, -2.879087448120117, 4.840630531311035, 0.0, -1.8164708614349365, 10.60746955871582, 5.745265483856201, 8.282431602478027, -0.0049629672430455685, 14.022734642028809)
(-2.1594083309173584, 3.7704482078552246, 0.0, -1.0, -1.0, 0.0, 1000, 1000, 1000, 1000, -1.5391085147857666, 3.6720094680786133, 0.0, -1.5384217500686646, 10.53810977935791, 4.442511558532715, 8.33684253692627, -0.006346168927848339, 12.773008346557617)
(-2.1081559658050537, 3.438838481903076, 0.0, -1.0, -1.0, 0.0, 1000, 1000, 1000, 1000, -2.8770103454589844, 3.034231185913086, 0.0, -1.643452763557434, 10.496036529541016, 4.578965187072754, 8.393738746643066, -0.003612468484789133, 12.969091415405273)
(-2.223923683166504, 3.281571388244629, 0.0, 0.0, -1.0, 0.0, 1000, 1000, 1000, 1000, -1.3044044971466064, 2.355978488922119, 0.0, -1.7163188457489014, 10.557621955871582, 9.529840469360352, 8.460423469543457, 0.019039375707507133, 18.00930404663086)
(-2.401723861694336, 3.2953407764434814, 0.0, -1.0, -1.0, 0.0, 1000, 1000, 1000, 1000, -2.001767635345459, 3.4840803146362305, 0.0, -1.8030569553375244, 10.806710243225098, 6.289822578430176, 8.526570320129395, 0.002720118733122945, 14.819112777709961)
(-2.7033777236938477, 3.5335640907287598, 0.0, -1.0, -1.0, 0.0, 1000, 1000, 1000, 1000, -2.9975032806396484, 3.6622495651245117, 0.0, -2.0311059951782227, 11.111285209655762, 8.130583763122559, 8.614913940429688, 0.0064827632158994675, 16.75197982788086)
(-3.054335355758667, 3.779207944869995, 0.0, -1.0, -1.0, 0.0, 1000, 1000, 1000, 1000, -3.0719594955444336, 4.138072967529297, 0.0, -2.2006185054779053, 11.280340194702148, 8.680756568908691, 8.712075233459473, 0.0051103984005749226, 17.39794158935547)
(-3.151425838470459, 3.6532013416290283, 0.0, -1.0, -1.0, 0.0, 1000, 1000, 1000, 1000, -3.2481689453125, 3.1446533203125, 0.0, -2.1373565196990967, 11.34558391571045, 7.825215816497803, 8.810943603515625, -0.0016619088128209114, 16.634496688842773)
(-2.318873643875122, 3.4928200244903564, 0.0, -1.0, -1.0, 0.0, 1000, 1000, 1000, 1000, -1.3757414817810059, 3.903562545776367, 0.0, -1.4234851598739624, 11.152594566345215, 1.9584213495254517, 8.861281394958496, -0.01992889493703842, 10.799773216247559)
(-1.8105134963989258, 2.5206360816955566, 0.0, -1.0, -1.0, 0.0, 1000, 1000, 1000, 1000, -1.3737132549285889, 1.7894997596740723, 0.0, -1.4399484395980835, 10.619972229003906, 4.559126853942871, 8.914802551269531, -0.0046694837510585785, 13.469260215759277)
(-1.572791576385498, 1.3682758808135986, 0.0, -1.0, -1.0, 0.0, 1000, 1000, 1000, 1000, -1.2696020603179932, -0.33089447021484375, 0.0, -1.3554967641830444, 9.94435977935791, 2.339946746826172, 8.944718360900879, -0.007849081419408321, 11.276816368103027)
(-0.8850657343864441, 0.0435686819255352, 0.0, -1.0, -1.0, 0.0, 1000, 1000, 1000, 1000, 0.356442928314209, -1.2999346256256104, 0.0, -1.4132713079452515, 9.516310691833496, -0.7524200081825256, 8.968122482299805, -0.01829436607658863, 8.197407722473145)
(-0.11376697570085526, -0.8762382864952087, 0.0, -1.0, -1.0, 0.0, 1000, 1000, 1000, 1000, 0.44204652309417725, -1.3885400295257568, 0.0, -1.2265335321426392, 9.213414192199707, -1.7156639099121094, 8.933220863342285, -0.007554887793958187, 7.2100019454956055)
(-1.6577744483947754, -1.718798041343689, 0.0, -1.0, -1.0, 0.0, 1000, 1000, 1000, 1000, -3.8560757637023926, -3.4550423622131348, 0.0, -2.074704170227051, 9.217072486877441, 5.875000476837158, 8.971892356872559, 0.019780369475483894, 14.866673469543457)
(-2.7791810035705566, -1.8276349306106567, 0.0, -1.0, -1.0, 0.0, 1000, 1000, 1000, 1000, -4.8378095626831055, -2.3753883838653564, 0.0, -2.328667402267456, 9.556097984313965, 5.775259971618652, 9.047911643981934, 0.00733996881172061, 14.830512046813965)
(-2.7814409732818604, -1.0689448118209839, 0.0, -1.0, -1.0, 0.0, 1000, 1000, 1000, 1000, -2.078193187713623, 0.2419114112854004, 0.0, -2.4289727210998535, 10.237041473388672, 7.979422092437744, 9.138398170471191, 0.008499457500874996, 17.126319885253906)
(-2.3387703895568848, -0.7601591348648071, 0.0, -1.0, -1.0, 0.0, 1000, 1000, 1000, 1000, -1.8580305576324463, -1.0959701538085938, 0.0, -2.151228666305542, 10.308228492736816, 4.038008689880371, 9.199251174926758, -0.00796313863247633, 13.229296684265137)
(-2.0457823276519775, -1.1076064109802246, 0.0, -1.0, -1.0, 0.0, 1000, 1000, 1000, 1000, -1.6175272464752197, -1.7597239017486572, 0.0, -2.175619602203369, 10.178046226501465, 6.5977630615234375, 9.261874198913574, 0.00461046677082777, 15.86424732208252)
(-2.509737968444824, -1.0521432161331177, 0.0, -1.0, -1.0, 0.0, 1000, 1000, 1000, 1000, -2.9526472091674805, -1.0670359134674072, 0.0, -2.5559558868408203, 10.452130317687988, 5.892610549926758, 9.341633796691895, -0.0018705823458731174, 15.23237419128418)
(-2.522376775741577, -1.026035189628601, 0.0, -1.0, -1.0, 0.0, 1000, 1000, 1000, 1000, -2.4256811141967773, -1.7590675354003906, 0.0, -2.5010764598846436, 10.476215362548828, 6.040726661682129, 9.415081024169922, -0.001553171779960394, 15.454255104064941)
(-2.58076548576355, -0.777545690536499, 0.0, -1.0, -1.0, 0.0, 1000, 1000, 1000, 1000, -2.820517063140869, -0.46903276443481445, 0.0, -2.52180814743042, 10.767983436584473, 7.566964626312256, 9.4871826171875, 0.006132975686341524, 17.060279846191406)
(-2.791567802429199, -0.9121445417404175, 0.0, -1.0, -1.0, 0.0, 1000, 1000, 1000, 1000, -2.0581884384155273, -1.393354892730713, 0.0, -2.682326316833496, 10.758685111999512, 6.458953857421875, 9.581042289733887, -0.0037973285652697086, 16.036197662353516)
(-2.5083038806915283, -1.0622985363006592, 0.0, -1.0, -1.0, 0.0, 1000, 1000, 1000, 1000, -2.079981803894043, -1.7370076179504395, 0.0, -2.4975693225860596, 10.779570579528809, 5.740532398223877, 9.650275230407715, -0.003590493928641081, 15.38721752166748)
(-2.291133165359497, -1.2030305862426758, 0.0, -1.0, -1.0, 0.0, 1000, 1000, 1000, 1000, -2.120213031768799, -1.4910192489624023, 0.0, -2.3911659717559814, 10.773625373840332, 3.9450201988220215, 9.720393180847168, -0.011406396515667439, 13.654007911682129)
(-2.1343863010406494, -1.2094547748565674, 0.0, -1.0, -1.0, 0.0, 1000, 1000, 1000, 1000, -2.2409896850585938, -1.6546273231506348, 0.0, -2.462507963180542, 10.889937400817871, 6.147301197052002, 9.776505470275879, 0.0027138718869537115, 15.926521301269531)
(-2.202254056930542, -1.5782524347305298, 0.0, -1.0, -1.0, 0.0, 1000, 1000, 1000, 1000, -2.3461055755615234, -2.572007417678833, 0.0, -2.50519061088562, 10.776368141174316, 3.6870651245117188, 9.845457077026367, -0.01015416719019413, 13.522368431091309)
(-1.4185515642166138, -2.2143306732177734, 0.0, -1.0, -1.0, 0.0, 1000, 1000, 1000, 1000, -1.3115248680114746, -2.6825902462005615, 0.0, -2.3131167888641357, 11.301214218139648, 1.3083524703979492, 10.107115745544434, -0.007334588095545769, 11.408134460449219)
(-1.3133832216262817, -1.990981101989746, 0.0, -1.0, -1.0, 0.0, 1000, 1000, 1000, 1000, -1.549445629119873, -1.7904407978057861, 0.0, -2.289031982421875, 11.571638107299805, 1.4974353313446045, 10.122115135192871, -0.002617438556626439, 11.61693286895752)
(-1.1990416049957275, -2.0424935817718506, 0.0, -1.0, -1.0, 0.0, 1000, 1000, 1000, 1000, -1.8290445804595947, -2.087836265563965, 0.0, -2.2545809745788574, 11.579717636108398, 0.43031272292137146, 10.137722969055176, -0.005973991937935352, 10.562061309814453)
(-0.9300891757011414, -2.0127224922180176, 0.0, -1.0, -1.0, 0.0, 1000, 1000, 1000, 1000, 0.44956183433532715, -4.209651947021484, 0.0, -2.2586967945098877, 11.993284225463867, -0.9869604110717773, 10.140829086303711, -0.009361909702420235, 9.144506454467773)
(-0.15645913779735565, -1.136164903640747, 0.0, -1.0, -1.0, 0.0, 1000, 1000, 1000, 1000, -0.7689166069030762, 0.6672425270080566, 0.0, -1.7032086849212646, 12.587186813354492, -6.105870723724365, 10.097711563110352, -0.021998556330800056, 3.9698424339294434)
(0.2739160358905792, -0.9276142716407776, 0.0, -1.0, -1.0, 0.0, 1000, 1000, 1000, 1000, 3.0440595149993896, -4.636866569519043, 0.0, -1.649397611618042, 12.569502830505371, -2.485908031463623, 10.040966987609863, 0.0036815302446484566, 7.558740139007568)
(-0.5743505358695984, -0.5944767594337463, 0.0, -1.0, -1.0, 0.0, 1000, 1000, 1000, 1000, -1.1333472728729248, -1.0860450267791748, 0.0, -2.442080497741699, 12.892213821411133, 1.6144752502441406, 10.04333209991455, 0.014354374259710312, 11.672162055969238)
(-1.2183033227920532, -0.35397762060165405, 0.0, -1.0, -1.0, 0.0, 1000, 1000, 1000, 1000, -2.007117748260498, 0.23494815826416016, 0.0, -2.8336963653564453, 13.0475492477417, 2.16589617729187, 10.059596061706543, 0.009785396978259087, 12.23527717590332)
(-0.4946393668651581, -0.8094650506973267, 0.0, -1.0, -1.0, 0.0, 1000, 1000, 1000, 1000, 1.399345874786377, -2.5967235565185547, 0.0, -1.9884212017059326, 12.70959186553955, -7.533638000488281, 10.028886795043945, -0.029501155018806458, 2.465747594833374)
(0.6298608183860779, -1.3287649154663086, 0.0, -1.0, -1.0, 0.0, 1000, 1000, 1000, 1000, 1.8179152011871338, -1.5382905006408691, 0.0, -1.5493966341018677, 12.665994644165039, -3.324321746826172, 9.950640678405762, 0.004145379178225994, 6.63046407699585)
(-0.42842742800712585, -1.0220210552215576, 0.0, -1.0, -1.0, 0.0, 1000, 1000, 1000, 1000, -1.5572407245635986, -0.41147470474243164, 0.0, -2.7054941654205322, 13.140844345092773, 1.3234657049179077, 9.958573341369629, 0.014071966521441936, 11.296111106872559)
(-0.8580974340438843, -1.135313868522644, 0.0, -1.0, -1.0, 0.0, 1000, 1000, 1000, 1000, -0.8162961006164551, -1.3888120651245117, 0.0, -2.7472620010375977, 12.99496078491211, -2.835902690887451, 9.950724601745605, -0.008105006068944931, 7.106716632843018)
(-0.827073335647583, -1.5657939910888672, 0.0, -1.0, -1.0, 0.0, 1000, 1000, 1000, 1000, -0.8792233467102051, -3.0413835048675537, 0.0, -2.58994460105896, 12.978649139404297, 0.722927451133728, 9.942497253417969, 0.0075899227522313595, 10.673014640808105)
(-1.2005488872528076, -1.4932589530944824, 0.0, -1.0, -1.0, 0.0, 1000, 1000, 1000, 1000, -1.3521859645843506, -1.8003485202789307, 0.0, -2.816622495651245, 13.260965347290039, 1.2900004386901855, 9.956475257873535, 0.005203959997743368, 11.251680374145508)
(-1.039333701133728, -1.4104830026626587, 0.0, -1.0, -1.0, 0.0, 1000, 1000, 1000, 1000, -0.6034033298492432, -1.0854957103729248, 0.0, -2.8170807361602783, 13.367369651794434, 0.010993337258696556, 9.968977928161621, -0.0030712441075593233, 9.976900100708008)
(-1.095903754234314, -1.4339319467544556, 0.0, -1.0, -1.0, 0.0, 1000, 1000, 1000, 1000, -1.6422202587127686, -1.2964813709259033, 0.0, -2.9155569076538086, 13.41554069519043, 0.1884930580854416, 9.975234031677246, -0.00207520741969347, 10.161652565002441)
(-1.0480754375457764, -1.674588918685913, 0.0, -1.0, -1.0, 0.0, 1000, 1000, 1000, 1000, -0.7990548610687256, -2.0784783363342285, 0.0, -2.8998546600341797, 13.446181297302246, 1.7044967412948608, 9.981568336486816, 0.0052042012102901936, 11.691268920898438)
(-1.1948367357254028, -1.8658722639083862, 0.0, -1.0, -1.0, 0.0, 1100, 1100, 1100, 1100, -1.0173020362854004, -2.983849287033081, 0.0, -2.874701499938965, 13.405328750610352, -0.9523604512214661, 9.99084186553955, -0.007724219001829624, 9.030756950378418)
(-1.3837250471115112, -2.1867640018463135, 0.0, -1.0, -1.0, 0.0, 1100, 1100, 1100, 1100, 0.6703943014144897, -3.295941114425659, 0.0, -3.1884207725524902, 13.59420108795166, 5.07148551940918, 10.02377986907959, 0.015179920941591263, 15.110445976257324)
(-2.245980978012085, -1.3185391426086426, 0.0, -1.0, -1.0, 0.0, 1100, 1100, 1100, 1100, -2.5398311614990234, 0.3063020706176758, 0.0, -3.631713628768921, 13.92072582244873, 6.130265235900879, 10.086627006530762, 0.011465270072221756, 16.228357315063477)
(-1.8883267641067505, -1.8138110637664795, 0.0, -1.0, -1.0, 0.0, 1100, 1100, 1115, 1100, -4.695931434631348, -1.610398292541504, 0.0, -3.0794272422790527, 13.635207176208496, -0.5930343866348267, 10.115738868713379, -0.017494630068540573, 9.505209922790527)
(-1.6520487070083618, -2.008721351623535, 0.0, -1.0, -1.0, 0.0, 1100, 1117, 1148, 1100, -6.013919830322266, -3.595141887664795, 0.0, -3.039945363998413, 13.458227157592773, 4.827706813812256, 10.141645431518555, 0.010257096029818058, 14.979609489440918)
(-1.3312883377075195, -2.7927417755126953, 0.0, -1.0, -1.0, 0.0, 1162, 1185, 1197, 1138, 4.854936122894287, 5.44879150390625, 0.0, -3.225158452987671, 13.555939674377441, 0.3251533508300781, 10.181905746459961, -0.01330964732915163, 10.493748664855957)
(-0.7153429985046387, -1.7615267038345337, 0.0, -1.0, -1.0, 0.0, 1169, 1199, 1201, 1156, -4.499362945556641, -3.0443477630615234, 0.0, -3.0094563961029053, 13.979262351989746, -1.5288718938827515, 10.168535232543945, -0.011464125476777554, 8.628199577331543)
(-1.0672693252563477, -1.8705430030822754, 0.0, -1.0, -1.0, 0.0, 1196, 1230, 1249, 1187, -1.1060583591461182, -8.373680114746094, 0.0, -3.0907058715820312, 13.769963264465332, 4.098345756530762, 10.1779203414917, 0.015266725793480873, 14.291532516479492)
(-1.6657075881958008, -2.2849156856536865, 0.0, -1.0, -1.0, 0.0, 1224, 1250, 1271, 1217, 2.7073962688446045, -15.242948532104492, 0.0, -3.215247631072998, 13.937796592712402, -0.31277942657470703, 10.206647872924805, -0.00969557836651802, 9.884172439575195)
(-1.6837857961654663, -2.724287748336792, 0.0, -1.0, -1.0, 0.0, 1240, 1281, 1292, 1222, -5.936939239501953, -24.181434631347656, 0.0, -3.079272747039795, 14.387798309326172, 7.466850280761719, 10.231252670288086, 0.027127286419272423, 17.725231170654297)
(-2.6189956665039062, -2.0652952194213867, 0.0, -1.0, -1.0, 0.0, 1264, 1287, 1303, 1233, -8.619710922241211, -11.592123031616211, 0.0, -2.9961934089660645, 14.384291648864746, 3.0369582176208496, 10.286065101623535, -0.0018617191817611456, 13.321162223815918)
(-1.8056552410125732, -1.662078619003296, 0.0, -1.0, -1.0, 0.0, 1280, 1303, 1329, 1262, 3.80949068069458, 41.78001403808594, 0.0, -3.4568638801574707, 14.580940246582031, 2.2957921028137207, 10.346124649047852, -0.010527446866035461, 12.631389617919922)
(-1.4593758583068848, -2.2755913734436035, 0.0, -1.0, -1.0, 0.0, 1414, 1418, 1453, 1392, 11.89382553100586, 18.45781135559082, 0.0, -3.196955919265747, 15.128957748413086, -4.211277008056641, 10.363092422485352, -0.03498115390539169, 6.11683464050293)
(-5.5488691329956055, 0.5934977531433105, 0.0, -1.0, -1.0, 0.0, 1320, 1437, 1459, 1414, -19.600322723388672, 21.7590389251709, 0.0, -3.3643343448638916, 17.985822677612305, 20.195476531982422, 10.509981155395508, 0.05669127777218819, 30.762149810791016)
(-4.407217502593994, 2.4378035068511963, 0.0, -1.0, -1.0, 0.0, 1211, 1292, 1316, 1255, -34.272972106933594, -19.031463623046875, 0.0, -2.9436020851135254, 16.48474884033203, 14.5313081741333, 10.702986717224121, 0.00964380893856287, 25.243938446044922)
(-6.679164886474609, -0.302910715341568, 0.0, -1.0, -1.0, 0.0, 1332, 1355, 1422, 1310, -4.454469680786133, -9.211326599121094, 0.0, -5.229881286621094, 14.110201835632324, 12.814221382141113, 11.024458885192871, -0.03795574977993965, 23.800724029541016)
(-3.9454169273376465, 0.35999128222465515, 0.0, -1.0, -1.0, 0.0, 1344, 1408, 1367, 1296, 22.747360229492188, -0.1461334228515625, 0.0, -2.9448211193084717, 14.476816177368164, 12.635326385498047, 11.133716583251953, -0.011418073438107967, 23.757625579833984)
(-4.134775638580322, 1.9734416007995605, 0.0, -1.0, -1.0, 0.0, 1311, 1383, 1388, 1332, 16.761737823486328, 4.9331159591674805, 0.0, -3.933845281600952, 15.823003768920898, 10.880565643310547, 11.31480884552002, -0.021128498017787933, 22.174245834350586)
(-2.236245632171631, 2.737557888031006, 0.0, -1.0, -1.0, 0.0, 1324, 1382, 1369, 1339, 19.09208106994629, 11.798961639404297, 0.0, -2.9190587997436523, 15.757611274719238, 0.603519082069397, 11.356755256652832, -0.04185330122709274, 11.918420791625977)
(-2.871269464492798, -0.33071765303611755, 0.0, -1.0, -1.0, 0.0, 1300, 1379, 1405, 1330, 9.094915390014648, -16.57002830505371, 0.0, -3.727442502975464, 15.31157398223877, 16.728979110717773, 11.46448802947998, 0.03552667424082756, 28.228994369506836)
(-6.844184398651123, 0.16392548382282257, 0.0, -1.0, -1.0, 0.0, 1198, 1376, 1487, 1353, 2.031069278717041, -24.118305206298828, 0.0, -7.337808609008789, 15.364469528198242, 55.937713623046875, 11.810064315795898, 0.17162518203258514, 67.91940307617188)
(-12.788844108581543, 0.9132596254348755, 0.0, -1.0, -1.0, 0.0, 1295, 1393, 1416, 1310, -4.87258768081665, 9.794836044311523, 0.0, -11.511895179748535, 15.700900077819824, 28.765132904052734, 12.502762794494629, -0.057858679443597794, 41.21003723144531)
(-2.9858646392822266, -0.19571304321289062, 0.0, -1.0, -1.0, 0.0, 1368, 1399, 1318, 1328, 14.250134468078613, -43.765499114990234, 0.0, -3.280186653137207, 14.60410213470459, -17.056541442871094, 12.428759574890137, -0.15780311822891235, -4.785584926605225)
(-2.5386502742767334, -0.9252869486808777, 0.0, -1.0, -1.0, 0.0, 1302, 1388, 1400, 1325, -43.55174255371094, -5.506241798400879, 0.0, -4.469820022583008, 15.504554748535156, 17.788747787475586, 12.52086067199707, 0.026744194328784943, 30.336353302001953)
(-0.13251790404319763, -1.8193562030792236, 0.0, -1.0, -1.0, 0.0, 1402, 1368, 1339, 1305, 10.954797744750977, -52.79502868652344, 0.0, -2.033386707305908, 15.858059883117676, -22.299196243286133, 12.443926811218262, -0.11662138998508453, -9.971890449523926)
(0.011681701987981796, 1.7390005588531494, 0.0, -1.0, -1.0, 0.0, 1277, 1399, 1390, 1345, -27.310848236083984, 12.08183479309082, 0.0, -2.735520601272583, 16.491748809814453, 19.294734954833984, 12.40834903717041, 0.09342202544212341, 31.796506881713867)
(-9.699716567993164, 0.11856675893068314, 0.0, -1.0, -1.0, 0.0, 1176, 1389, 1550, 1299, -37.745628356933594, 45.259559631347656, 0.0, -14.440092086791992, 16.598609924316406, 92.53057098388672, 13.127777099609375, 0.2849048674106598, 105.94325256347656)
(-10.744951248168945, -0.8620062470436096, 0.0, -1.0, -1.0, 0.0, 1452, 1380, 1312, 1270, -57.15386199951172, -32.307106018066406, 0.0, -9.616618156433105, 16.010805130004883, -30.5811710357666, 13.50461483001709, -0.2956143617630005, -17.372169494628906)
(-1.8116075992584229, 1.6311235427856445, 0.0, -1.0, -1.0, 0.0, 1305, 1401, 1382, 1327, 46.73100662231445, 33.63492965698242, 0.0, -2.9818623065948486, 16.1018123626709, 14.197649955749512, 13.317848205566406, 0.031998224556446075, 27.547496795654297)
(-1.3019683361053467, 3.427839756011963, 0.0, -1.0, -1.0, 0.0, 1319, 1354, 1372, 1369, 46.731136322021484, 10.350082397460938, 0.0, -3.602288246154785, 16.16171646118164, -13.523834228515625, 13.419408798217773, -0.10291507840156555, -0.20734012126922607)
(1.8083933591842651, 1.3557164669036865, 0.0, -1.0, -1.0, 0.0, 1315, 1366, 1370, 1362, 1.1319787502288818, -24.080644607543945, 0.0, -2.0672271251678467, 15.567200660705566, -8.575037002563477, 13.2859468460083, -0.03127755969762802, 4.679633140563965)
(0.8172053098678589, 2.826362371444702, 0.0, -1.0, -1.0, 0.0, 1327, 1389, 1369, 1329, 3.457087516784668, -6.485386848449707, 0.0, -4.018293857574463, 15.98320484161377, 2.121422529220581, 13.27810287475586, 0.016327332705259323, 15.415852546691895)
(-1.304814338684082, 2.8340060710906982, 0.0, -1.0, -1.0, 0.0, 1337, 1409, 1388, 1353, 7.7618303298950195, -3.257437229156494, 0.0, -4.794970512390137, 16.04891014099121, 3.243647813796997, 13.294496536254883, 0.014771144837141037, 16.552915573120117)
(-0.9623522758483887, 2.586699962615967, 0.0, -1.0, -1.0, 0.0, 1331, 1407, 1385, 1380, -13.365612983703613, 44.72890090942383, 0.0, -4.128963947296143, 16.278484344482422, -2.9066882133483887, 13.276764869689941, -0.010789688676595688, 10.359286308288574)
(-2.895507574081421, 2.749080181121826, 0.0, -1.0, -1.0, 0.0, 1340, 1420, 1408, 1358, 29.21637725830078, 11.803003311157227, 0.0, -4.020274639129639, 16.412784576416016, 9.338128089904785, 13.339509963989258, 0.0321318656206131, 22.70977020263672)
(-2.9678895473480225, 2.8488855361938477, 0.0, 0.0, -1.0, 0.0, 1337, 1447, 1407, 1335, -20.33106231689453, 13.436492919921875, 0.0, -4.285365581512451, 16.386415481567383, 22.04228973388672, 13.441591262817383, 0.0782267302274704, 35.56210708618164)
(-9.859875679016113, 2.3885881900787354, 0.0, -1.0, -1.0, 0.0, 1227, 1434, 1508, 1358, -42.39303970336914, -5.686956405639648, 0.0, -10.28567123413086, 16.145559310913086, 64.87852478027344, 14.008328437805176, 0.17304196953773499, 79.05989837646484)
(-14.74228286743164, 1.626468539237976, 0.0, -1.0, -1.0, 0.0, 1335, 1437, 1444, 1311, 15.945012092590332, 3.109468460083008, 0.0, -11.593597412109375, 15.948304176330566, 34.09107971191406, 14.632472038269043, -0.03691501170396805, 48.68663787841797)
(-5.9801530838012695, -1.554547905921936, 0.0, -1.0, -1.0, 0.0, 1435, 1421, 1349, 1321, -12.299455642700195, 5.394158363342285, 0.0, -2.823474645614624, 15.987479209899902, -20.95743751525879, 14.625765800476074, -0.19472339749336243, -6.526394844055176)
(-0.8190068602561951, 3.489553213119507, 0.0, 0.0, -1.0, 0.0, 1318, 1455, 1395, 1358, 25.382129669189453, 17.897293090820312, 0.0, -2.3176822662353516, 17.958213806152344, 18.78822135925293, 14.668654441833496, 0.033930838108062744, 33.490806579589844)
(1.7322691679000854, 6.1793341636657715, 0.0, -1.0, -1.0, 0.0, 1360, 1394, 1365, 1408, 30.722532272338867, 17.281667709350586, 0.0, -1.655334711074829, 18.30104637145996, -26.904687881469727, 14.607099533081055, -0.14163950085639954, -12.439227104187012)
(3.439944267272949, 5.367241382598877, 0.0, 0.0, -1.0, 0.0, 1310, 1415, 1397, 1404, 23.077693939208984, -8.01230239868164, 0.0, -2.013718605041504, 18.173757553100586, 0.1914413422346115, 14.437067985534668, 0.030121559277176857, 14.658631324768066)
(1.3491183519363403, 6.200644016265869, 0.0, -1.0, -1.0, 0.0, 1326, 1425, 1380, 1395, -23.16839027404785, -4.982724189758301, 0.0, -5.294967174530029, 17.868572235107422, -3.3720831871032715, 14.429433822631836, -0.00015999749302864075, 11.05718994140625)
(3.2320802211761475, 5.217146873474121, 0.0, 0.0, -1.0, 0.0, 1438, 1437, 1300, 1351, 8.780061721801758, -29.487262725830078, 0.0, -1.5245405435562134, 17.349214553833008, -37.14783477783203, 14.111466407775879, -0.09856599569320679, -23.134931564331055)
(7.1316328048706055, 3.8441402912139893, 0.0, -1.0, -1.0, 0.0, 1435, 1364, 1327, 1401, -6.231600761413574, 30.427005767822266, 0.0, 4.880946636199951, 17.10089111328125, -59.55092239379883, 13.480856895446777, -0.11265306174755096, -46.182716369628906)
(9.750799179077148, 3.4327328205108643, 0.0, 0.0, 0.0, 0.0, 1330, 1396, 1388, 1411, 17.445220947265625, -5.195500373840332, 0.0, 4.465702533721924, 17.877870559692383, -12.393442153930664, 13.025069236755371, 0.12125775218009949, 0.7528853416442871)
(0.8607280254364014, 0.4935417175292969, 0.0, -1.0, -1.0, 0.0, 1271, 1380, 1466, 1409, 14.683164596557617, 27.077274322509766, 0.0, -4.664786338806152, 18.74067497253418, 18.21562385559082, 13.182768821716309, 0.14011533558368683, 31.53850746154785)
(-0.2485647350549698, 2.9606001377105713, 0.0, -1.0, 0.0, 0.0, 1344, 1405, 1374, 1403, 8.784445762634277, 1.0546607971191406, 0.0, -4.787195682525635, 20.07878303527832, -14.932571411132812, 13.200582504272461, -0.04769754409790039, -1.7796869277954102)
(1.8069281578063965, 5.41986608505249, 0.0, -1.0, -1.0, 0.0, 1364, 1414, 1373, 1371, -43.155914306640625, -10.527865409851074, 0.0, -2.772714614868164, 19.403018951416016, -10.056981086730957, 12.980109214782715, 0.009850583970546722, 2.932979106903076)
(-0.2815384864807129, 3.8964102268218994, 0.0, -1.0, -1.0, 0.0, 1316, 1387, 1428, 1395, -33.049774169921875, -9.613397598266602, 0.0, -3.942836284637451, 17.985794067382812, 3.223714828491211, 12.947359085083008, 0.04892531409859657, 16.219999313354492)
(-0.8874019384384155, -2.2794570922851562, 0.0, -1.0, -1.0, 0.0, 1352, 1359, 1435, 1380, 13.355673789978027, -7.028181076049805, 0.0, -4.1384172439575195, 14.916435241699219, -7.42600154876709, 12.944156646728516, -0.01854885369539261, 5.499605655670166)
(-2.210181951522827, -1.701499104499817, 0.0, -1.0, 0.0, 0.0, 1366, 1429, 1400, 1335, -1.3804280757904053, -2.3108818531036377, 0.0, -4.016313076019287, 16.56293296813965, 8.962678909301758, 12.961285591125488, 0.04725569486618042, 21.971220016479492)
(-0.745875358581543, -1.020504117012024, 0.0, -1.0, -1.0, 0.0, 1374, 1411, 1397, 1376, 0.9216883182525635, -14.317469596862793, 0.0, -3.8911592960357666, 17.411401748657227, -8.455522537231445, 12.984064102172852, -0.04283705726265907, 4.48570442199707)
(0.31686142086982727, -0.0018413206562399864, 0.0, -1.0, 0.0, 0.0, 1396, 1435, 1424, 1391, 29.621591567993164, -7.85875129699707, 0.0, -3.6629579067230225, 18.704999923706055, -5.023543357849121, 12.941471099853516, -0.016346385702490807, 7.901581287384033)
(-2.824092388153076, -0.19084502756595612, 0.0, -1.0, -1.0, 0.0, 1367, 1445, 1443, 1400, 30.649261474609375, 5.256194114685059, 0.0, -3.6681411266326904, 20.09432601928711, 7.1988091468811035, 12.989127159118652, 0.027925055474042892, 20.21586036682129)
(-2.565918445587158, -0.21535231173038483, 0.0, -1.0, 0.0, 0.0, 1333, 1445, 1498, 1379, 43.20903778076172, -0.9452486038208008, 0.0, -5.082165241241455, 19.925277709960938, 34.702701568603516, 13.142021179199219, 0.13103100657463074, 47.97575378417969)
(-10.976225852966309, 2.3194518089294434, 0.0, -1.0, -1.0, 0.0, 1250, 1494, 1532, 1378, -33.38631820678711, -24.504493713378906, 0.0, -13.838261604309082, 20.30652618408203, 75.70977783203125, 13.836315155029297, 0.19344669580459595, 89.73954010009766)
(-11.292896270751953, 3.507314682006836, 0.0, -1.0, 0.0, 0.0, 1407, 1479, 1391, 1377, -51.833683013916016, 25.693857192993164, 0.0, -10.213717460632324, 19.47420883178711, -2.291830539703369, 14.171563148498535, -0.1606474071741104, 11.719085693359375)
(-2.901470422744751, 3.6037466526031494, 0.0, -1.0, -1.0, 0.0, 1351, 1472, 1413, 1418, 7.8871541023254395, -18.950700759887695, 0.0, -3.3539607524871826, 18.743871688842773, 4.97173547744751, 14.06629467010498, -0.026211444288492203, 19.011817932128906)
(-3.2554287910461426, 4.30341911315918, 0.0, -1.0, -1.0, 0.0, 1338, 1440, 1445, 1435, 27.353971481323242, 9.878417015075684, 0.0, -3.941155195236206, 19.56978416442871, 3.875373363494873, 14.234847068786621, -0.04233356565237045, 18.067886352539062)
(1.9534622430801392, 4.278092384338379, 0.0, -1.0, -1.0, 0.0, 1371, 1431, 1417, 1435, 5.352483749389648, 6.2258710861206055, 0.0, -1.8810943365097046, 19.986705780029297, -13.374824523925781, 14.131268501281738, -0.06978257745504379, 0.6866614818572998)
(6.5611891746521, 6.842921733856201, 0.0, -1.0, 0.0, 0.0, 1428, 1435, 1351, 1440, 64.87767028808594, 14.746757507324219, 0.0, -1.0378015041351318, 21.03731918334961, -44.29353713989258, 13.87196159362793, -0.15958385169506073, -30.581157684326172)
(9.830827713012695, 7.924050807952881, 0.0, -1.0, -1.0, 0.0, 1414, 1476, 1318, 1446, 37.28763961791992, -12.631731986999512, 0.0, 0.3916192352771759, 21.617042541503906, -39.46965026855469, 13.367412567138672, -0.05581467226147652, -26.158052444458008)
(4.6899333000183105, 7.343107223510742, 0.0, -1.0, -1.0, 0.0, 1342, 1473, 1396, 1448, 23.149873733520508, 52.9456901550293, 0.0, -3.873929262161255, 21.967958450317383, -3.5646119117736816, 13.192009925842285, 0.08355676382780075, 9.710954666137695)
(3.6601133346557617, 7.839461803436279, 0.0, -1.0, -1.0, 0.0, 1374, 1411, 1402, 1467, 26.89287567138672, -2.248507022857666, 0.0, -3.8635640144348145, 21.865970611572266, -30.05508804321289, 13.013607025146484, -0.055030401796102524, -17.09650993347168)
(5.980788230895996, 6.632888317108154, 0.0, -1.0, -1.0, 0.0, 1377, 1427, 1385, 1470, -10.17410945892334, -13.60672378540039, 0.0, -0.9024361968040466, 21.370088577270508, -31.2402286529541, 12.594001770019531, -0.016880445182323456, -18.66310691833496)
(5.844809532165527, 6.971358776092529, 0.0, -1.0, -1.0, 0.0, 1317, 1428, 1409, 1500, -9.200027465820312, 2.596050262451172, 0.0, -2.377131223678589, 21.40180015563965, -17.33045768737793, 12.3521728515625, 0.03270880877971649, -4.945576190948486)
(4.018847942352295, 7.38994836807251, 0.0, -1.0, -1.0, 0.0, 1352, 1402, 1428, 1477, 12.500528335571289, 22.309188842773438, 0.0, -3.7966437339782715, 20.758808135986328, -21.904659271240234, 12.179669380187988, -0.012802205979824066, -9.73779296875)
(3.661337375640869, 6.200999736785889, 0.0, -1.0, -1.0, 0.0, 1350, 1409, 1424, 1471, 18.814010620117188, 22.4012451171875, 0.0, -3.8150887489318848, 20.473447799682617, -18.71851921081543, 11.981826782226562, -0.0030464939773082733, -6.739738941192627)
(0.8936081528663635, 6.0824809074401855, 0.0, -1.0, -1.0, 0.0, 1353, 1452, 1410, 1443, -14.884410858154297, 66.70093536376953, 0.0, -5.205180644989014, 20.60150146484375, -5.403700828552246, 11.890803337097168, 0.03456684201955795, 6.521669864654541)
(2.3687002658843994, 3.274855613708496, 0.0, -1.0, -1.0, 0.0, 1396, 1426, 1387, 1445, 6.004319667816162, -11.592439651489258, 0.0, -3.830028533935547, 20.1827449798584, -28.645532608032227, 11.728292465209961, -0.07293650507926941, -16.990177154541016)
(1.1566545963287354, 3.9563639163970947, 0.0, -1.0, -1.0, 0.0, 1345, 1455, 1429, 1422, 0.7607965469360352, 29.77924346923828, 0.0, -4.258534908294678, 20.315364837646484, 7.714844703674316, 11.591939926147461, 0.09784351289272308, 19.404626846313477)
(-0.5003743171691895, 4.567705154418945, 0.0, -1.0, -1.0, 0.0, 1359, 1436, 1418, 1441, 2.1680080890655518, 80.43418884277344, 0.0, -4.757011413574219, 20.26856803894043, -7.9497222900390625, 11.581018447875977, -0.006136354990303516, 3.625159978866577)
(2.1988062858581543, 4.341932773590088, 0.0, -1.0, -1.0, 0.0, 1382, 1423, 1406, 1442, 16.874835968017578, -10.576098442077637, 0.0, -2.9443588256835938, 19.926490783691406, -20.087909698486328, 11.412906646728516, -0.04645802080631256, -8.721460342407227)
(0.5921595692634583, 3.473658323287964, 0.0, -1.0, -1.0, 0.0, 1336, 1440, 1435, 1443, 16.083322525024414, 2.385007858276367, 0.0, -4.817529678344727, 20.4063720703125, 2.7777035236358643, 11.38859748840332, 0.04121709614992142, 14.207518577575684)
(-0.07218050956726074, 2.2222628593444824, 0.0, -1.0, -1.0, 0.0, 1381, 1424, 1423, 1427, -13.592269897460938, -79.39141082763672, 0.0, -4.917530536651611, 20.084270477294922, -11.564935684204102, 11.386881828308105, -0.04010043293237686, -0.2181546688079834)
(2.029656410217285, 4.768298149108887, 0.0, -1.0, -1.0, 0.0, 1360, 1448, 1428, 1418, -9.349780082702637, 66.24571228027344, 0.0, -4.626220226287842, 20.313688278198242, 3.125277042388916, 11.256087303161621, 0.05069165676832199, 14.432055473327637)
(-1.6283921003341675, 5.220254898071289, 0.0, -1.0, -1.0, 0.0, 1374, 1507, 1381, 1393, -65.71141052246094, 3.727956771850586, 0.0, -7.547562122344971, 21.15149688720703, 9.050153732299805, 11.34962272644043, 0.04036521166563034, 20.440141677856445)
(-0.18447217345237732, 6.287572383880615, 0.0, -1.0, -1.0, 0.0, 1384, 1474, 1371, 1424, -32.36680603027344, -25.61195182800293, 0.0, -5.416921615600586, 19.964603424072266, -12.11577033996582, 11.23295783996582, -0.03342773765325546, -0.9162396788597107)
(-1.2687071561813354, 4.959291934967041, 0.0, -1.0, -1.0, 0.0, 1358, 1467, 1421, 1408, -8.712142944335938, 42.64375305175781, 0.0, -5.362501621246338, 19.276498794555664, 9.391901016235352, 11.20510196685791, 0.06178667023777962, 20.658788681030273)
(0.7433496117591858, 3.8258748054504395, 0.0, -1.0, -1.0, 0.0, 1381, 1468, 1388, 1417, 15.643125534057617, 11.948554992675781, 0.0, -5.472105979919434, 19.837474822998047, -6.7538862228393555, 11.192181587219238, -0.020457755774259567, 4.417837619781494)
(-0.01665099896490574, 1.5671552419662476, 0.0, -1.0, -1.0, 0.0, 1357, 1464, 1412, 1422, 6.940535545349121, -5.188392162322998, 0.0, -5.9561004638671875, 19.840831756591797, 3.2129454612731934, 11.127592086791992, 0.033719539642333984, 14.37425708770752)
(-1.9120115041732788, 4.214850425720215, 0.0, -1.0, -1.0, 0.0, 1400, 1475, 1391, 1388, 33.88082504272461, 7.192237854003906, 0.0, -7.088416576385498, 21.358970642089844, -1.6934173107147217, 11.189314842224121, -0.01375163346529007, 9.482145309448242)
(-1.004991054534912, 4.8473687171936035, 0.0, -1.0, -1.0, 0.0, 1363, 1482, 1384, 1425, -10.944284439086914, -14.050463676452637, 0.0, -6.156251430511475, 21.717355728149414, -1.5410114526748657, 11.147016525268555, -0.0007975306361913681, 9.605207443237305)
(-0.06880024075508118, 4.959791660308838, 0.0, -1.0, -1.0, 0.0, 1376, 1441, 1407, 1431, -16.104461669921875, -47.74015808105469, 0.0, -5.413417816162109, 20.86247444152832, -10.822360038757324, 11.097526550292969, -0.038384851068258286, 0.2367812842130661)
(0.04871924966573715, 4.09157133102417, 0.0, -1.0, -1.0, 0.0, 1348, 1437, 1432, 1437, 4.5291852951049805, -8.863805770874023, 0.0, -4.931710243225098, 21.25942039489746, 0.3173183500766754, 10.991837501525879, 0.03052608296275139, 11.339682579040527)
(-0.24407939612865448, 7.271389961242676, 0.0, -1.0, -1.0, 0.0, 1308, 1467, 1400, 1479, 0.8394502401351929, 17.709333419799805, 0.0, -6.260063648223877, 21.72329330444336, -0.7797800302505493, 11.043700218200684, -0.0011538360267877579, 10.262765884399414)
(0.09778313338756561, 4.804252624511719, 0.0, -1.0, -1.0, 0.0, 1357, 1445, 1424, 1428, 8.162689208984375, 29.976436614990234, 0.0, -6.3012213706970215, 20.510639190673828, -0.171620175242424, 10.999353408813477, 0.011065781116485596, 10.838799476623535)
(0.08020403236150742, 3.2462449073791504, 0.0, -1.0, -1.0, 0.0, 1366, 1438, 1426, 1424, 16.29633331298828, 15.823593139648438, 0.0, -6.128964900970459, 21.11810874938965, -2.418376922607422, 10.95140552520752, 0.004339342936873436, 8.537367820739746)
(0.0720653161406517, 3.017362356185913, 0.0, -1.0, -1.0, 0.0, 1351, 1448, 1399, 1455, 56.41193389892578, -16.602710723876953, 0.0, -5.685366153717041, 21.736400604248047, -10.483383178710938, 10.87708854675293, -0.027808304876089096, 0.36589738726615906)
(-0.7308608293533325, 5.708057880401611, 0.0, -1.0, -1.0, 0.0, 1371, 1479, 1397, 1407, -19.313133239746094, 14.906112670898438, 0.0, -6.872255325317383, 22.504695892333984, 3.3624675273895264, 10.914436340332031, 0.01885324902832508, 14.295757293701172)
(0.11135916411876678, 3.5555531978607178, 0.0, -1.0, -1.0, 0.0, 1396, 1416, 1412, 1431, 59.161624908447266, -19.566635131835938, 0.0, -5.3262200355529785, 21.56765365600586, -20.616168975830078, 10.834871292114258, -0.08191156387329102, -9.863208770751953)
(0.37415435910224915, 2.897256851196289, 0.0, -1.0, -1.0, 0.0, 1361, 1448, 1434, 1412, 4.975150108337402, -9.465235710144043, 0.0, -5.192225456237793, 22.082292556762695, 6.552163600921631, 10.794158935546875, 0.04800333082675934, 17.394325256347656)
(-0.778317391872406, 3.54516339302063, 0.0, -1.0, -1.0, 0.0, 1381, 1449, 1405, 1419, 17.895851135253906, -15.185344696044922, 0.0, -5.973780632019043, 22.248611450195312, -7.569657325744629, 10.818367958068848, -0.0338565930724144, 3.2148544788360596)
(-0.017737623304128647, 4.332115650177002, 0.0, -1.0, -1.0, 0.0, 1367, 1475, 1380, 1428, -23.146818161010742, 9.331762313842773, 0.0, -5.196797847747803, 22.341751098632812, -5.758317947387695, 10.760339736938477, -0.01404256746172905, 4.987979412078857)
(0.11921241134405136, 2.4438107013702393, 0.0, -1.0, -1.0, 0.0, 1371, 1451, 1409, 1423, 32.985618591308594, 3.71451473236084, 0.0, -5.648932456970215, 21.786109924316406, -4.354898452758789, 10.737242698669434, -0.010219115763902664, 6.372125625610352)
(0.6616396307945251, 1.078505516052246, 0.0, -1.0, -1.0, 0.0, 1341, 1437, 1431, 1445, 9.806741714477539, -1.0851962566375732, 0.0, -6.0443596839904785, 21.955005645751953, -0.32948532700538635, 10.711426734924316, 0.009353069588541985, 10.391294479370117)
(-5.489320278167725, 0.044194646179676056, 0.0, -1.0, -1.0, 0.0, 1280, 1476, 1511, 1387, -3.500688076019287, 63.707237243652344, 0.0, -12.425456047058105, 21.67786979675293, 58.71337890625, 11.065430641174316, 0.20862852036952972, 69.98743438720703)
(-19.624393463134766, 2.2863657474517822, 0.0, -1.0, -1.0, 0.0, 1305, 1545, 1454, 1350, -4.631502628326416, 60.62438201904297, 0.0, -18.887956619262695, 22.289758682250977, 63.912208557128906, 12.043516159057617, 0.06077032536268234, 76.01649475097656)
(-2.5993587970733643, -0.2654695510864258, 0.0, -1.0, -1.0, 0.0, 1513, 1451, 1297, 1392, -52.76958084106445, -9.243715286254883, 0.0, -4.947712421417236, 21.44601058959961, -60.70012283325195, 11.82786750793457, -0.3591196835041046, -49.23137283325195)
(-3.953878164291382, -2.0591421127319336, 0.0, -1.0, -1.0, 0.0, 1269, 1500, 1509, 1377, 0.683630108833313, 79.43797302246094, 0.0, -5.571188449859619, 24.98443031311035, 68.62039184570312, 11.84291934967041, 0.2886486351490021, 80.75196075439453)
(-6.87704610824585, 5.019530773162842, 0.0, -1.0, -1.0, 0.0, 1395, 1503, 1371, 1385, -39.772308349609375, 25.58234977722168, 0.0, -8.789176940917969, 27.702577590942383, 1.3618438243865967, 12.232766151428223, -0.09365751594305038, 13.50095272064209)
(0.334632009267807, 5.361842632293701, 0.0, -1.0, -1.0, 0.0, 1393, 1463, 1380, 1418, 4.732553482055664, 13.505931854248047, 0.0, -3.0925309658050537, 26.05364990234375, -14.045845031738281, 12.027986526489258, -0.07229585945606232, -2.0901546478271484)
(0.04900125414133072, 6.183818340301514, 0.0, -1.0, -1.0, 0.0, 1340, 1484, 1413, 1417, 4.649184703826904, 5.186252593994141, 0.0, -5.829268455505371, 26.090234756469727, 12.877164840698242, 12.088333129882812, 0.045048292726278305, 25.01054573059082)
(-0.9422551393508911, 6.267452239990234, 0.0, -1.0, -1.0, 0.0, 1392, 1451, 1393, 1419, 32.255680084228516, 41.92397689819336, 0.0, -6.291768550872803, 25.050750732421875, -13.86512565612793, 12.130644798278809, -0.08364321291446686, -1.818124771118164)
(1.9476218223571777, 4.285023212432861, 0.0, -1.0, -1.0, 0.0, 1338, 1429, 1425, 1462, 5.537519454956055, -0.5520305633544922, 0.0, -4.320276260375977, 23.823917388916016, -8.229512214660645, 11.956192970275879, -0.010841465555131435, 3.7158398628234863)
(-0.8327016234397888, 5.428255558013916, 0.0, -1.0, -1.0, 0.0, 1301, 1466, 1420, 1467, 0.22580254077911377, -30.394460678100586, 0.0, -7.337960243225098, 24.070409774780273, 7.379587650299072, 12.030916213989258, 0.031460534781217575, 19.44196319580078)
(-7.387912273406982, 4.594440937042236, 0.0, -1.0, -1.0, 0.0, 1234, 1500, 1507, 1413, -46.27076721191406, -16.44683074951172, 0.0, -13.601372718811035, 22.112028121948242, 67.0882339477539, 12.484068870544434, 0.22102245688438416, 79.79332733154297)
(-12.752226829528809, 1.829689860343933, 0.0, -1.0, -1.0, 0.0, 1405, 1482, 1391, 1376, -52.97001266479492, 16.69631004333496, 0.0, -13.905035972595215, 22.800901412963867, 0.130859375, 13.013946533203125, -0.1574932187795639, 12.987312316894531)
(0.23663508892059326, -1.4032331705093384, 0.0, -1.0, -1.0, 0.0, 1402, 1477, 1372, 1402, -22.07444190979004, 35.25613784790039, 0.0, -3.1077797412872314, 22.086265563964844, -11.23922348022461, 12.65750503540039, -0.05142083764076233, 1.3668605089187622)
(-3.8154869079589844, 2.5006721019744873, 0.0, -1.0, -1.0, 0.0, 1305, 1486, 1458, 1405, -37.86688232421875, -20.822080612182617, 0.0, -7.820735931396484, 24.129404067993164, 35.11560821533203, 12.883660316467285, 0.1195128858089447, 48.118778228759766)
(0.06613928824663162, 3.033344030380249, 0.0, -1.0, -1.0, 0.0, 1397, 1404, 1396, 1458, -21.39591407775879, -18.32548713684082, 0.0, -5.161591529846191, 24.072542190551758, -36.28894805908203, 12.789529800415039, -0.17591610550880432, -23.67533302307129)
(1.6472244262695312, 2.471583604812622, 0.0, -1.0, -1.0, 0.0, 1312, 1420, 1471, 1451, 29.264507293701172, 43.18031692504883, 0.0, -5.4306464195251465, 24.33733558654785, 9.411102294921875, 12.668891906738281, 0.06747353076934814, 22.1474666595459)
(-2.4473440647125244, 2.772890329360962, 0.0, -1.0, -1.0, 0.0, 1341, 1467, 1407, 1439, -6.3270111083984375, 30.592037200927734, 0.0, -9.104731559753418, 26.168737411499023, 0.5454734563827515, 12.852892875671387, -0.025991179049015045, 13.372374534606934)
(-0.7092808485031128, 4.791942596435547, 0.0, -1.0, -1.0, 0.0, 1429, 1450, 1396, 1379, 3.934685230255127, 75.81529998779297, 0.0, -5.949093818664551, 24.939470291137695, -13.18726634979248, 12.721822738647461, -0.04812607914209366, -0.5135703682899475)
(-0.893297553062439, 5.489688396453857, 0.0, -1.0, -1.0, 0.0, 1323, 1481, 1398, 1452, 19.193769454956055, 0.4300417900085449, 0.0, -6.2173871994018555, 26.120418548583984, 3.2805073261260986, 12.71578598022461, 0.022263195365667343, 16.018556594848633)
(-2.455716609954834, 5.461975574493408, 0.0, -1.0, -1.0, 0.0, 1302, 1501, 1434, 1417, 10.485495567321777, -22.175722122192383, 0.0, -8.992083549499512, 24.117982864379883, 30.84725570678711, 12.891362190246582, 0.11340948194265366, 43.852027893066406)
(-13.30981159210205, 0.6814747452735901, 0.0, -1.0, -1.0, 0.0, 1281, 1511, 1503, 1359, -36.47346115112305, -44.3306884765625, 0.0, -17.6696720123291, 23.593286514282227, 69.45875549316406, 13.648835182189941, 0.15029054880142212, 83.25788116455078)
(-1.6565977334976196, 2.791621208190918, 0.0, -1.0, -1.0, 0.0, 1417, 1424, 1326, 1487, -49.351932525634766, -43.646026611328125, 0.0, -7.279275417327881, 24.399381637573242, -61.8126335144043, 13.524795532226562, -0.34870463609695435, -48.63654327392578)
(2.3516948223114014, 1.4106297492980957, 0.0, -1.0, -1.0, 0.0, 1325, 1455, 1456, 1418, 6.906757354736328, 57.990806579589844, 0.0, -4.002446174621582, 24.464313507080078, 18.34931755065918, 13.199402809143066, 0.12851150333881378, 31.677230834960938)
(-3.546977996826172, 3.7235934734344482, 0.0, 0.0, -1.0, 0.0, 1301, 1467, 1427, 1459, 9.016489028930664, -19.258880615234375, 0.0, -9.607019424438477, 26.529253005981445, 9.74888801574707, 13.539738655090332, -0.00649271160364151, 23.282133102416992)
(-0.1293104887008667, 2.568044662475586, 0.0, -1.0, -1.0, 0.0, 1392, 1444, 1369, 1449, -12.784238815307617, 0.4758930206298828, 0.0, -4.8957390785217285, 25.656841278076172, -30.238855361938477, 13.394855499267578, -0.13915961980819702, -16.9831600189209)
(2.2299625873565674, 1.492883324623108, 0.0, -1.0, -1.0, 0.0, 1326, 1456, 1436, 1436, -26.038612365722656, 9.86317253112793, 0.0, -5.231563568115234, 24.484739303588867, 9.519174575805664, 13.263506889343262, 0.07637468725442886, 22.85905647277832)
(-0.11149945855140686, 2.2279245853424072, 0.0, -1.0, -1.0, 0.0, 1365, 1429, 1419, 1441, 13.46372127532959, 26.292837142944336, 0.0, -7.6245503425598145, 25.939462661743164, -12.797904968261719, 13.313343048095703, -0.05752384662628174, 0.45791396498680115)
(1.5372679233551025, 1.3725590705871582, 0.0, -1.0, -1.0, 0.0, 1392, 1439, 1414, 1409, 4.331902503967285, -32.90333557128906, 0.0, -5.924703598022461, 25.459732055664062, -10.1734619140625, 13.137442588806152, -0.008707461878657341, 2.955272912979126)
(-3.9892208576202393, 0.7048486471176147, 0.0, -1.0, -1.0, 0.0, 1294, 1523, 1479, 1358, -3.0669689178466797, -60.321556091308594, 0.0, -12.878665924072266, 25.680156707763672, 63.834938049316406, 13.427228927612305, 0.2588751018047333, 77.52104187011719)
(-11.604424476623535, 3.9367809295654297, 0.0, -1.0, -1.0, 0.0, 1431, 1508, 1323, 1392, 21.86199378967285, 8.276713371276855, 0.0, -15.667237281799316, 26.060039520263672, -21.557912826538086, 14.084647178649902, -0.26757892966270447, -7.7408447265625)
(0.7421249151229858, -1.1669855117797852, 0.0, -1.0, -1.0, 0.0, 1448, 1454, 1362, 1389, 13.8215913772583, -25.75560188293457, 0.0, -2.936751127243042, 24.438854217529297, -28.77337646484375, 13.640310287475586, -0.11882498860359192, -15.251891136169434)
(-1.74757981300354, -0.44342947006225586, 0.0, 0.0, -1.0, 0.0, 1279, 1452, 1503, 1420, 1.3118338584899902, -22.940927505493164, 0.0, -7.476994037628174, 27.715686798095703, 39.990318298339844, 13.814652442932129, 0.1616479754447937, 53.96662139892578)
(-1.7306113243103027, 5.02824068069458, 0.0, -1.0, -1.0, 0.0, 1376, 1468, 1376, 1434, 1.6949597597122192, 20.752012252807617, 0.0, -7.951234340667725, 29.905927658081055, -15.248286247253418, 13.922527313232422, -0.10816848278045654, -1.4339275360107422)
(1.3256603479385376, 5.276242733001709, 0.0, -1.0, -1.0, 0.0, 1374, 1465, 1394, 1421, 2.6311120986938477, -17.687641143798828, 0.0, -4.911905765533447, 28.00851821899414, -7.692884922027588, 13.717556953430176, -0.01039724238216877, 6.014274597167969)
(-1.2149335145950317, 6.7362060546875, 0.0, -1.0, -1.0, 0.0, 1330, 1480, 1411, 1433, -42.35813522338867, -4.7255024909973145, 0.0, -7.004437446594238, 28.605926513671875, 8.128026962280273, 13.775873184204102, 0.03943353518843651, 21.943334579467773)
(1.562329888343811, 4.264450550079346, 0.0, 0.0, -1.0, 0.0, 1374, 1428, 1426, 1427, 18.13746452331543, -2.3668153285980225, 0.0, -6.278066635131836, 26.55699920654297, -10.298100471496582, 13.671281814575195, -0.02615433931350708, 3.347027540206909)
(-1.6553879976272583, -2.3220059871673584, 0.0, -1.0, -1.0, 0.0, 1397, 1451, 1428, 1379, 1.5532642602920532, 16.00758171081543, 0.0, -9.802149772644043, 23.03123664855957, 1.9630153179168701, 13.791180610656738, -0.0072578927502036095, 15.74693775177002)
(-1.0202581882476807, -5.207917213439941, 0.0, -1.0, -1.0, 0.0, 1381, 1488, 1375, 1410, -6.484752655029297, -36.00151824951172, 0.0, -7.607791423797607, 23.447391510009766, -5.772625923156738, 13.742452621459961, -0.024187752977013588, 7.945638656616211)
(0.17780740559101105, -0.2517925202846527, 0.0, -1.0, -1.0, 0.0, 1370, 1441, 1416, 1426, 42.76698684692383, 7.911772727966309, 0.0, -7.334925174713135, 27.208370208740234, -8.418546676635742, 13.710760116577148, -0.03351487219333649, 5.258697986602783)
(-0.08057453483343124, 4.875094890594482, 0.0, 0.0, -1.0, 0.0, 1341, 1458, 1415, 1440, -16.45696449279785, 29.732097625732422, 0.0, -6.669070720672607, 28.13260269165039, -0.7264822721481323, 13.647507667541504, 0.015369905158877373, 12.936395645141602)
(-3.483651638031006, 3.7871718406677246, 0.0, -1.0, -1.0, 0.0, 1295, 1475, 1469, 1415, 10.696663856506348, 11.230508804321289, 0.0, -10.416022300720215, 26.055011749267578, 34.690704345703125, 13.849081039428711, 0.12712636590003967, 48.66691207885742)
(-8.705902099609375, 2.1373817920684814, 0.0, 0.0, -1.0, 0.0, 1323, 1485, 1434, 1411, -27.98919105529785, 7.177522659301758, 0.0, -14.042394638061523, 26.718881607055664, 21.96994972229004, 14.34207534790039, -0.017306607216596603, 36.29471969604492)
(-2.0966596603393555, 0.7586769461631775, 0.0, -1.0, -1.0, 0.0, 1411, 1446, 1389, 1408, -48.18204879760742, 22.12005043029785, 0.0, -6.57211971282959, 24.92650604248047, -20.027996063232422, 14.186361312866211, -0.1183101236820221, -5.9599456787109375)
(-0.6228764653205872, 0.6417393684387207, 0.0, 0.0, -1.0, 0.0, 1304, 1470, 1443, 1437, -27.743839263916016, -37.84727096557617, 0.0, -6.5608391761779785, 26.01797103881836, 18.857358932495117, 14.146052360534668, 0.08746057748794556, 33.09087371826172)
(-0.8506830930709839, 3.121366500854492, 0.0, -1.0, -1.0, 0.0, 1364, 1452, 1396, 1442, -69.22862243652344, -19.074909210205078, 0.0, -6.9686126708984375, 27.0123348236084, -13.49970531463623, 14.138375282287598, -0.06245315819978714, 0.5762163400650024)
(9.231720924377441, 0.7689802646636963, 0.0, 0.0, -1.0, 0.0, 1455, 1416, 1318, 1464, -0.7607390880584717, -11.499872207641602, 0.0, 0.9230024814605713, 25.573312759399414, -69.63420104980469, 13.514881134033203, -0.1973057985305786, -56.316627502441406)
(5.444961071014404, 1.6681715250015259, 0.0, -1.0, -1.0, 0.0, 1267, 1475, 1473, 1439, 11.94925308227539, 18.108253479003906, 0.0, -5.103979110717773, 27.198619842529297, 36.781131744384766, 13.340720176696777, 0.2757575511932373, 50.39760971069336)
(-1.5107955932617188, 4.7713470458984375, 0.0, 0.0, -1.0, 0.0, 1388, 1504, 1368, 1394, 17.089008331298828, 31.708721160888672, 0.0, -11.622573852539062, 29.265844345092773, -1.1519393920898438, 13.62419605255127, -0.017191294580698013, 12.455065727233887)
(5.960835933685303, 4.370596885681152, 0.0, -1.0, -1.0, 0.0, 1409, 1440, 1344, 1460, 42.917598724365234, 23.528528213500977, 0.0, -6.06967830657959, 27.31675910949707, -44.526268005371094, 13.24698257446289, -0.13745510578155518, -31.4167423248291)
(-0.5603381395339966, 3.347893714904785, 0.0, 0.0, -1.0, 0.0, 1264, 1466, 1466, 1459, 19.893638610839844, -8.473190307617188, 0.0, -8.955501556396484, 26.98749351501465, 28.85110855102539, 13.164034843444824, 0.19042527675628662, 42.20556640625)
(-3.9693503379821777, 5.637684345245361, 0.0, -1.0, -1.0, 0.0, 1347, 1493, 1384, 1431, -23.153261184692383, 59.781288146972656, 0.0, -11.345895767211914, 28.180326461791992, 1.4383773803710938, 13.36129093170166, -0.009738100692629814, 14.78993034362793)
(-0.09260577708482742, 1.7674081325531006, 0.0, 0.0, -1.0, 0.0, 1390, 1472, 1367, 1425, -20.437963485717773, -3.428010940551758, 0.0, -7.025013446807861, 25.929420471191406, -16.995431900024414, 13.197770118713379, -0.05366402491927147, -3.851325035095215)
(-0.08081050962209702, 0.6280574202537537, 0.0, -1.0, -1.0, 0.0, 1320, 1436, 1458, 1441, 9.256339073181152, -7.836698055267334, 0.0, -7.592696189880371, 26.29496955871582, 10.006169319152832, 13.196122169494629, 0.06024232879281044, 23.26253318786621)
(-0.5778186321258545, 0.5387046933174133, 0.0, 0.0, -1.0, 0.0, 1337, 1436, 1431, 1449, 10.441079139709473, 25.049592971801758, 0.0, -8.238884925842285, 27.949079513549805, -2.7862863540649414, 13.235586166381836, -0.014104037545621395, 10.435195922851562)
(-0.02411624789237976, 1.2466734647750854, 0.0, -1.0, -1.0, 0.0, 1364, 1441, 1415, 1434, 63.49559020996094, -25.602670669555664, 0.0, -6.462512969970703, 27.90289306640625, -8.586462020874023, 13.137544631958008, -0.021504215896129608, 4.52957820892334)
(0.792743444442749, 1.9364721775054932, 0.0, 0.0, -1.0, 0.0, 1341, 1448, 1428, 1437, 18.15727424621582, -24.78130340576172, 0.0, -7.206415176391602, 28.195571899414062, 1.3656114339828491, 13.110015869140625, 0.02214718982577324, 14.497774124145508)
(1.28168523311615, 2.341679811477661, 0.0, -1.0, -1.0, 0.0, 1361, 1448, 1412, 1434, -47.22342300415039, -19.773921966552734, 0.0, -7.562664031982422, 28.387645721435547, -6.809668064117432, 13.03059196472168, -0.005373220890760422, 6.215550422668457)
(3.2783260345458984, 5.655078887939453, 0.0, 0.0, -1.0, 0.0, 1209, 1339, 1248, 1326, 25.829696655273438, 17.960819244384766, 0.0, -8.042083740234375, 29.236431121826172, -10.210865020751953, 12.903332710266113, -0.00876195915043354, 2.683706045150757)
(3.372205972671509, 4.184393405914307, 0.0, -1.0, -1.0, 0.0, 1000, 1000, 1000, 1000, 19.828174591064453, -2.685739517211914, 0.0, -8.069523811340332, 29.69450569152832, -14.391263008117676, 12.721382141113281, -0.010663562454283237, -1.6805444955825806)
(1.1998507976531982, 1.6157722473144531, 0.0, 0.0, -1.0, 0.0, 1000, 1000, 1000, 1000, 2.9382216930389404, -1.1793012619018555, 0.0, -9.300468444824219, 28.864627838134766, -5.628671646118164, 12.642437934875488, 0.018091479316353798, 7.031857490539551)
(1.2497385740280151, 0.9074293971061707, 0.0, -1.0, -1.0, 0.0, 1000, 1000, 1000, 1000, 1.7675644159317017, 3.849759101867676, 0.0, -9.144064903259277, 29.25075912475586, -5.340417385101318, 12.5407133102417, 0.018045727163553238, 7.21834135055542)
(-0.03178642317652702, 0.5041311383247375, 0.0, 0.0, -1.0, 0.0, 1000, 1000, 1000, 1000, -1.018514633178711, 5.47552490234375, 0.0, -10.341473579406738, 28.392986297607422, 4.736901760101318, 12.527175903320312, 0.04698960483074188, 17.311067581176758)
(-1.8764398097991943, -2.0789120197296143, 0.0, -1.0, -1.0, 0.0, 1000, 1000, 1000, 1000, -2.864431381225586, -12.794868469238281, 0.0, -11.261899948120117, 26.978046417236328, 3.578930377960205, 12.573123931884766, 0.01847386173903942, 16.170528411865234)
(-2.8228001594543457, -4.468979358673096, 0.0, -1.0, 0.0, 0.0, 1000, 1000, 1000, 1000, -5.1576056480407715, -8.73475456237793, 0.0, -11.02257251739502, 26.168598175048828, 6.242419719696045, 12.626022338867188, 0.019216090440750122, 18.887659072875977)
(-3.590104579925537, -5.875176906585693, 0.0, -1.0, -1.0, 0.0, 1000, 1000, 1000, 1000, -2.4357919692993164, -5.0649285316467285, 0.0, -11.66723918914795, 26.246492385864258, 14.482370376586914, 12.759153366088867, 0.03557228296995163, 27.277095794677734)
(-4.333461761474609, -6.326402187347412, 0.0, 0.0, -1.0, 0.0, 1000, 1000, 1000, 1000, -4.991798400878906, -7.172898292541504, 0.0, -12.148185729980469, 26.183231353759766, 17.528968811035156, 12.926383972167969, 0.0324508361518383, 30.487802505493164)
(-6.8242316246032715, -9.628508567810059, 0.0, -1.0, -1.0, 0.0, 1000, 1000, 1000, 1000, -8.56198501586914, -13.234688758850098, 0.0, -12.677456855773926, 23.920122146606445, 26.76034164428711, 13.171525001525879, 0.05088448524475098, 39.98275375366211)
(-6.858520030975342, -10.010392189025879, 0.0, 0.0, -1.0, 0.0, 1000, 1000, 1000, 1000, -6.63613224029541, -5.873082637786865, 0.0, -13.111759185791016, 24.316762924194336, 27.921884536743164, 13.474430084228516, 0.03225121647119522, 41.428565979003906)
(-6.262651443481445, -9.021150588989258, 0.0, -1.0, -1.0, 0.0, 1000, 1000, 1000, 1000, -5.130363941192627, -6.847971439361572, 0.0, -12.576241493225098, 24.766765594482422, 15.855484008789062, 13.712512016296387, -0.023663092404603958, 29.54433250427246)
(-7.9508490562438965, -10.076210021972656, 0.0, -1.0, 0.0, 0.0, 1000, 1000, 1000, 1000, -11.529762268066406, -10.210034370422363, 0.0, -14.163588523864746, 24.83169937133789, 45.730224609375, 14.048312187194824, 0.09805943816900253, 59.8765983581543)
(-10.772625923156738, -13.92209243774414, 0.0, -1.0, -1.0, 0.0, 1000, 1000, 1000, 1000, -8.95608139038086, -32.274871826171875, 0.0, -15.647582054138184, 24.921791076660156, 46.82221221923828, 14.542330741882324, 0.060970280319452286, 61.42551040649414)
(-12.729686737060547, -6.830816745758057, 0.0, 0.0, -1.0, 0.0, 1000, 1000, 1000, 1000, -11.156166076660156, 8.029559135437012, 0.0, -15.242246627807617, 26.961271286010742, 45.26021194458008, 15.038213729858398, 0.03245370835065842, 60.33087921142578)
(-10.675250053405762, -7.819528579711914, 0.0, -1.0, -1.0, 0.0, 1000, 1000, 1000, 1000, -5.426632881164551, -17.25537872314453, 0.0, -14.502157211303711, 26.494197845458984, 35.87173080444336, 15.493620872497559, -0.01612800545990467, 51.34922409057617)
(-10.054888725280762, -11.99043083190918, 0.0, -1.0, 0.0, 0.0, 1000, 1000, 1000, 1000, -14.709896087646484, -12.427568435668945, 0.0, -15.076397895812988, 26.90166473388672, 46.39028549194336, 15.917750358581543, 0.03946727141737938, 62.347503662109375)
(-11.826749801635742, -10.661273002624512, 0.0, -1.0, -1.0, 0.0, 1000, 1000, 1000, 1000, -14.259744644165039, -4.543882369995117, 0.0, -14.328838348388672, 27.550899505615234, 27.648462295532227, 16.368310928344727, -0.05195700377225876, 43.96481704711914)
(-6.269101619720459, -8.740032196044922, 0.0, -1.0, 0.0, 0.0, 1000, 1000, 1000, 1000, 3.1859946250915527, 0.6341266632080078, 0.0, -10.568320274353027, 25.199071884155273, 9.295919418334961, 16.577198028564453, -0.08927281945943832, 25.783843994140625)
(-1.9328302145004272, -6.046565055847168, 0.0, -1.0, -1.0, 0.0, 1000, 1000, 1000, 1000, 1.0272257328033447, -10.079793930053711, 0.0, -11.252464294433594, 25.565229415893555, 11.975223541259766, 16.728513717651367, -0.039887409657239914, 28.663848876953125)
(-3.209876537322998, -8.097515106201172, 0.0, -1.0, 0.0, 0.0, 1000, 1000, 1000, 1000, -7.241120338439941, -14.623380661010742, 0.0, -11.689505577087402, 25.826053619384766, 7.059018611907959, 16.81746482849121, -0.03165312856435776, 23.844829559326172)
(-5.923115253448486, -11.66315746307373, 0.0, -1.0, -1.0, 0.0, 1000, 1000, 1000, 1000, 1.2559881210327148, -19.16884994506836, 0.0, -12.609172821044922, 26.119495391845703, 20.009532928466797, 17.058687210083008, 0.013584750704467297, 37.08180618286133)
(-6.05888032913208, -10.71777629852295, 0.0, -1.0, 0.0, 0.0, 1000, 1000, 1000, 1000, -6.220952987670898, -0.32387399673461914, 0.0, -12.819084167480469, 26.842512130737305, 19.723325729370117, 17.29742431640625, 0.003589219879359007, 37.02433776855469)
(-5.910682201385498, -10.49557113647461, 0.0, -1.0, -1.0, 0.0, 1000, 1000, 1000, 1000, -7.675508499145508, -12.067572593688965, 0.0, -12.916496276855469, 27.200284957885742, 19.78907012939453, 17.54329490661621, -0.0012991151306778193, 37.3310661315918)
(-6.348628044128418, -9.246712684631348, 0.0, -1.0, 0.0, 0.0, 1000, 1000, 1000, 1000, -6.384624481201172, -5.492428302764893, 0.0, -13.060246467590332, 27.452421188354492, 19.3701229095459, 17.785945892333984, -0.005646438337862492, 37.150421142578125)
(-6.290573596954346, -7.931372165679932, 0.0, -1.0, -1.0, 0.0, 1000, 1000, 1000, 1000, -8.213813781738281, -14.691762924194336, 0.0, -12.916954040527344, 28.52239227294922, 19.528148651123047, 18.031322479248047, -0.006469673477113247, 37.553001403808594)
(-5.557235240936279, -6.662007808685303, 0.0, -1.0, 0.0, 0.0, 1000, 1000, 1000, 1000, -6.243239402770996, -7.514182090759277, 0.0, -12.647287368774414, 29.12757682800293, 23.375282287597656, 18.24765396118164, 0.01749119721353054, 41.64042663574219)
(-5.75411319732666, -6.4390058517456055, 0.0, -1.0, -1.0, 0.0, 1000, 1000, 1000, 1000, -7.880999565124512, -7.742701530456543, 0.0, -12.72670841217041, 29.215539932250977, 18.52864646911621, 18.47466278076172, -0.005814199335873127, 36.997493743896484)
(-5.524603843688965, -6.08036470413208, 0.0, -1.0, -1.0, 0.0, 1000, 1000, 1000, 1000, -4.461596488952637, -5.459476947784424, 0.0, -12.715886116027832, 29.37285614013672, 18.53744125366211, 18.687274932861328, -0.002409469336271286, 37.22230529785156)
(-5.500908374786377, -5.911757469177246, 0.0, -1.0, -1.0, 0.0, 1000, 1000, 1000, 1000, -5.131138801574707, -6.086099624633789, 0.0, -12.775033950805664, 29.47544288635254, 17.930461883544922, 18.909011840820312, -0.005312418565154076, 36.834163665771484)
(-5.4676618576049805, -5.8034348487854, 0.0, -1.0, -1.0, 0.0, 1000, 1000, 1000, 1000, -5.435442924499512, -5.959224700927734, 0.0, -12.81131362915039, 29.592815399169922, 18.06576919555664, 19.117753982543945, -0.0021901698783040047, 37.18133544921875)
(-5.438241958618164, -5.756986141204834, 0.0, -1.0, -1.0, 0.0, 1000, 1000, 1000, 1000, -5.27890682220459, -5.821842670440674, 0.0, -12.853389739990234, 29.711090087890625, 17.948089599609375, 19.33604621887207, -0.0033757067285478115, 37.28076171875)
(-5.427453994750977, -5.719273090362549, 0.0, -1.0, -1.0, 0.0, 1000, 1000, 1000, 1000, -5.15830659866333, -5.70028829574585, 0.0, -12.891043663024902, 29.829221725463867, 17.92932891845703, 19.542627334594727, -0.0015115824062377214, 37.47044372558594)
(-5.402209281921387, -5.697259902954102, 0.0, -1.0, -1.0, 0.0, 1000, 1000, 1000, 1000, -5.172566890716553, -5.998264312744141, 0.0, -12.928544998168945, 29.947351455688477, 17.779569625854492, 19.758934020996094, -0.003200204810127616, 37.53530502319336)
(-5.416884422302246, -5.678066253662109, 0.0, -1.0, -1.0, 0.0, 1000, 1000, 1000, 1000, -5.562807083129883, -5.624610900878906, 0.0, -12.968329429626465, 30.066238403320312, 17.813879013061523, 19.964937210083008, -0.001474203891120851, 37.77734375)
(-5.387880802154541, -5.675673961639404, 0.0, -1.0, -1.0, 0.0, 1000, 1000, 1000, 1000, -5.287611484527588, -5.843363285064697, 0.0, -13.010251998901367, 30.18726348876953, 17.697864532470703, 20.175813674926758, -0.0022230450995266438, 37.871456146240234)
(-5.394476890563965, -5.68942928314209, 0.0, -1.0, -1.0, 0.0, 1000, 1000, 1000, 1000, -5.16733980178833, -5.912635803222656, 0.0, -13.049735069274902, 30.30660057067871, 17.7242488861084, 20.38138198852539, -0.0011504769790917635, 38.1044807434082)
(-5.385182857513428, -5.690860271453857, 0.0, -1.0, -1.0, 0.0, 1000, 1000, 1000, 1000, -5.260097503662109, -5.745387554168701, 0.0, -13.090439796447754, 30.425796508789062, 17.68707275390625, 20.591529846191406, -0.0017992333741858602, 38.27680206298828)
(-5.394686222076416, -5.6929216384887695, 0.0, -1.0, -1.0, 0.0, 1000, 1000, 1000, 1000, -5.377745628356934, -6.231394290924072, 0.0, -13.129159927368164, 30.5452938079834, 17.74947738647461, 20.796289443969727, -0.0006339802639558911, 38.54513168334961)
(-5.405664443969727, -5.702384948730469, 0.0, -1.0, -1.0, 0.0, 1000, 1000, 1000, 1000, -5.20553731918335, -5.793447971343994, 0.0, -13.16772747039795, 30.664947509765625, 17.79339027404785, 21.012535095214844, -0.0012343216221779585, 38.804691314697266)
(-5.3764142990112305, -5.679208755493164, 0.0, -1.0, -1.0, 0.0, 1000, 1000, 1000, 1000, -5.331464767456055, -5.8512654304504395, 0.0, -13.206449508666992, 30.785659790039062, 17.65199851989746, 21.21727752685547, -0.001056361012160778, 38.868221282958984)
(-5.378697872161865, -5.6654486656188965, 0.0, -1.0, -1.0, 0.0, 1000, 1000, 1000, 1000, -5.192634582519531, -5.456933498382568, 0.0, -13.243797302246094, 30.90607452392578, 17.70991325378418, 21.426555633544922, -0.0013466551899909973, 39.1351203918457)
(-5.379119873046875, -5.669075012207031, 0.0, -1.0, -1.0, 0.0, 1000, 1000, 1000, 1000, -5.343542098999023, -5.869695663452148, 0.0, -13.28282356262207, 31.027254104614258, 17.71160125732422, 21.630783081054688, -0.0005225085187703371, 39.341861724853516)
(-5.393897533416748, -5.662491798400879, 0.0, -1.0, -1.0, 0.0, 1000, 1000, 1000, 1000, -5.560223579406738, -5.944237232208252, 0.0, -13.322000503540039, 31.149038314819336, 17.746322631835938, 21.840988159179688, -0.0012907972559332848, 39.586021423339844)
(-5.3970255851745605, -5.662470817565918, 0.0, -1.0, -1.0, 0.0, 1000, 1000, 1000, 1000, -5.422829627990723, -5.726606369018555, 0.0, -13.362093925476074, 31.26930046081543, 17.758834838867188, 22.046287536621094, -0.0005938325775787234, 39.804527282714844)
(-5.416053771972656, -5.658262729644775, 0.0, -1.0, -1.0, 0.0, 1000, 1000, 1000, 1000, -5.463074684143066, -5.896115303039551, 0.0, -13.400052070617676, 31.386821746826172, 17.810556411743164, 22.257104873657227, -0.0013254990335553885, 40.06633758544922)
(-5.413126468658447, -5.649603843688965, 0.0, -1.0, -1.0, 0.0, 1000, 1000, 1000, 1000, -5.654064178466797, -5.885271072387695, 0.0, -13.438775062561035, 31.506622314453125, 17.847627639770508, 22.463157653808594, -0.00047600752441212535, 40.31031036376953)
(-5.4185075759887695, -5.664455413818359, 0.0, -1.0, -1.0, 0.0, 1000, 1000, 1000, 1000, -4.942944526672363, -5.987305164337158, 0.0, -13.479935646057129, 31.629621505737305, 17.820369720458984, 22.674516677856445, -0.0015773497289046645, 40.493309020996094)
(-5.397684574127197, -5.656907081604004, 0.0, -1.0, -1.0, 0.0, 1000, 1000, 1000, 1000, -5.23277473449707, -6.108685493469238, 0.0, -13.516976356506348, 31.750343322753906, 17.737079620361328, 22.879987716674805, -0.001016760477796197, 40.616050720214844)
(-5.408252239227295, -5.659539222717285, 0.0, -1.0, -1.0, 0.0, 1000, 1000, 1000, 1000, -5.4086151123046875, -6.188259601593018, 0.0, -13.555391311645508, 31.87273597717285, 17.77935028076172, 23.090744018554688, -0.001687697134912014, 40.868408203125)
(-5.404699325561523, -5.65205192565918, 0.0, -1.0, -1.0, 0.0, 1000, 1000, 1000, 1000, -4.916996955871582, -5.690039157867432, 0.0, -13.59426498413086, 31.991317749023438, 17.83831024169922, 23.29632568359375, -0.0005159145803190768, 41.13412094116211)
(-5.4204607009887695, -5.686069965362549, 0.0, -1.0, -1.0, 0.0, 1000, 1000, 1000, 1000, -6.103176116943359, -5.866971492767334, 0.0, -13.634663581848145, 32.110347747802734, 17.85257339477539, 23.507007598876953, -0.0013760959263890982, 41.35820770263672)
(-5.403582572937012, -5.691492557525635, 0.0, -1.0, -1.0, 0.0, 1000, 1000, 1000, 1000, -5.345394134521484, -6.152714729309082, 0.0, -13.672316551208496, 32.229225158691406, 17.785062789916992, 23.712766647338867, -0.0008357627084478736, 41.49699401855469)
(-5.414456367492676, -5.6929192543029785, 0.0, -1.0, -1.0, 0.0, 1000, 1000, 1000, 1000, -5.319198131561279, -5.96925163269043, 0.0, -13.710122108459473, 32.34962844848633, 17.730995178222656, 23.923521041870117, -0.002078549936413765, 41.65243911743164)