
(-3.1851866245269775, -2.7952778339385986, 0.0, -1.0, -1.0, 0.0, 1000, 1000, 1000, 1000, -3.278595447540283, -3.105100631713867, 0.0, -3.726689577102661, 1.7763786315917969, 9.033429145812988, 4.363215923309326, -0.12758773565292358, 13.269057273864746)
(-3.1548445224761963, -2.7390973567962646, 0.0, 0.0, -1.0, 0.0, 1000, 1000, 1000, 1000, -2.6338143348693848, -3.018007755279541, 0.0, -3.74086594581604, 1.9224153757095337, 12.668158531188965, 4.470122337341309, 5.105328559875488, 22.243610382080078)
(-3.0968716144561768, -2.682584762573242, 0.0, -1.0, -1.0, 0.0, 1000, 1000, 1000, 1000, -3.024355411529541, -2.459609270095825, 0.0, -3.77836537361145, 2.0492446422576904, 8.850900650024414, 4.575706958770752, -0.39292457699775696, 13.033683776855469)
(-3.212895154953003, -2.653590679168701, 0.0, 0.0, -1.0, 0.0, 1000, 1000, 1000, 1000, -4.1870198249816895, -2.436514377593994, 0.0, -3.8340067863464355, 2.1565628051757812, 12.851580619812012, 4.6840362548828125, 5.477794647216797, 23.013412475585938)
(-3.167222023010254, -2.815351724624634, 0.0, -1.0, -1.0, 0.0, 1000, 1000, 1000, 1000, -2.903542995452881, -2.2533442974090576, 0.0, -4.0242509841918945, 2.1205875873565674, 10.985960960388184, 4.798641204833984, 2.1582562923431396, 17.94285774230957)
(-4.855628967285156, -4.907530784606934, 0.0, 0.0, -1.0, 0.0, 1000, 1000, 1000, 1000, -8.889531135559082, -17.964752197265625, 0.0, -5.578671932220459, 0.20168524980545044, 21.39812660217285, 5.000481605529785, 10.831146240234375, 37.22975540161133)
(-5.88909387588501, -6.581848621368408, 0.0, -1.0, -1.0, 0.0, 1000, 1000, 1000, 1000, -6.785862922668457, -7.136029243469238, 0.0, -5.6515374183654785, 0.03964255377650261, 20.60515594482422, 5.211109638214111, 6.224808692932129, 32.041072845458984)
(-6.792417526245117, -8.215653419494629, 0.0, 0.0, -1.0, 0.0, 1000, 1000, 1000, 1000, -8.883166313171387, -10.98248291015625, 0.0, -5.748032093048096, -1.5315461158752441, 28.55991554260254, 5.4706339836120605, 13.182833671569824, 47.213382720947266)
(-5.747666835784912, -8.31737995147705, 0.0, -1.0, -1.0, 0.0, 1000, 1000, 1000, 1000, -6.533232688903809, -3.2227721214294434, 0.0, -5.645286560058594, -0.030479108914732933, 21.234569549560547, 5.722131252288818, 1.0590165853500366, 28.015718460083008)
(-6.285604000091553, -11.158379554748535, 0.0, 0.0, -1.0, 0.0, 1000, 1000, 1000, 1000, -5.559135437011719, -18.06439971923828, 0.0, -5.651080131530762, -2.159899950027466, 23.996074676513672, 5.969701766967773, 4.539604663848877, 34.5053825378418)
(-5.908329486846924, -12.594376564025879, 0.0, -1.0, -1.0, 0.0, 1000, 1000, 1000, 1000, -7.39193058013916, -9.40875244140625, 0.0, -6.004739284515381, -1.3937411308288574, 21.194293975830078, 6.221378326416016, -0.15346890687942505, 27.262203216552734)
(-6.301036834716797, -12.147032737731934, 0.0, -1.0, 0.0, 0.0, 1000, 1000, 1000, 1000, -6.134631156921387, -17.806385040283203, 0.0, -5.7487945556640625, -2.093588352203369, 17.984634399414062, 6.467391490936279, -4.5448760986328125, 19.907150268554688)
(-6.881814956665039, -13.464261054992676, 0.0, -1.0, -1.0, 0.0, 1000, 1000, 1000, 1000, -3.7520999908447266, -15.488082885742188, 0.0, -6.128519535064697, -1.4135572910308838, 25.917505264282227, 6.752676963806152, 4.301712989807129, 36.971893310546875)
(-7.419121742248535, -15.936386108398438, 0.0, 0.0, -1.0, 0.0, 1000, 1000, 1000, 1000, -10.271671295166016, -18.17523956298828, 0.0, -5.7129716873168945, -2.6730082035064697, 20.554534912109375, 7.017027854919434, -3.1186132431030273, 24.45294952392578)
(-3.7663304805755615, -14.774210929870605, 0.0, -1.0, -1.0, 0.0, 1000, 1000, 1000, 1000, 2.5050628185272217, -17.047502517700195, 0.0, -3.5341601371765137, -0.224075049161911, 12.236053466796875, 7.129313945770264, -5.317773342132568, 14.04759407043457)
(-2.838383197784424, -12.199151992797852, 0.0, -1.0, 0.0, 0.0, 1000, 1000, 1000, 1000, -0.3309817314147949, -7.20491886138916, 0.0, -4.299861431121826, 1.6599186658859253, 11.18280029296875, 7.266031265258789, -3.7587833404541016, 14.690048217773438)
(-4.544736862182617, -3.8652031421661377, 0.0, -1.0, -1.0, 0.0, 1000, 1000, 1000, 1000, -5.450051784515381, 8.086358070373535, 0.0, -5.90199613571167, 5.408851146697998, 19.83748435974121, 7.471217632293701, 5.7735595703125, 33.0822639465332)
(-5.438079833984375, 3.188671350479126, 0.0, -1.0, 0.0, 0.0, 1000, 1000, 1000, 1000, -5.978446960449219, 11.75103759765625, 0.0, -6.092545509338379, 8.289642333984375, 12.7523193359375, 7.673837184906006, -5.749852180480957, 14.676304817199707)
(-3.6255791187286377, 7.595302581787109, 0.0, -1.0, -1.0, 0.0, 1000, 1000, 1000, 1000, -0.9619879722595215, 8.270123481750488, 0.0, -4.4774556159973145, 9.434917449951172, 6.721828460693359, 7.767716407775879, -7.770158290863037, 6.719386577606201)
(-1.9947829246520996, 9.783390045166016, 0.0, -1.0, 0.0, 0.0, 1000, 1000, 1000, 1000, -0.728081464767456, 14.91740608215332, 0.0, -3.4605355262756348, 11.096352577209473, 1.466936469078064, 7.796562194824219, -8.100042343139648, 1.1634562015533447)
(-0.5820650458335876, 11.323189735412598, 0.0, -1.0, -1.0, 0.0, 1000, 1000, 1000, 1000, 0.7400609254837036, 14.81025505065918, 0.0, -2.633096218109131, 10.86754035949707, -4.574179172515869, 7.7754387855529785, -10.007662773132324, -6.806402683258057)
(0.49748745560646057, 9.379063606262207, 0.0, -1.0, 0.0, 0.0, 1000, 1000, 1000, 1000, 1.877686619758606, 6.12374210357666, 0.0, -2.4773030281066895, 9.223941802978516, -5.11190128326416, 7.718501091003418, -5.358515739440918, -2.75191593170166)
(0.7808476090431213, 8.248062133789062, 0.0, -1.0, -1.0, 0.0, 1000, 1000, 1000, 1000, 1.197381615638733, 8.90345287322998, 0.0, -2.848186731338501, 8.977753639221191, -3.513634204864502, 7.668514251708984, -0.6895745396614075, 3.4653055667877197)
(-0.44201523065567017, 6.799375534057617, 0.0, -1.0, -1.0, 0.0, 1000, 1000, 1000, 1000, -1.0143146514892578, 2.9950833320617676, 0.0, -4.102455139160156, 8.25823974609375, 2.0851340293884277, 7.675587177276611, 4.615303993225098, 14.376025199890137)
(-1.414076805114746, 6.406731128692627, 0.0, -1.0, -1.0, 0.0, 1000, 1000, 1000, 1000, -2.4266905784606934, 3.8012638092041016, 0.0, -4.905808925628662, 8.139184951782227, 5.753868103027344, 7.715831279754639, 6.4491167068481445, 19.91881561279297)
(-1.7500407695770264, 5.134921073913574, 0.0, -1.0, 0.0, 0.0, 1000, 1000, 1000, 1000, -2.5085225105285645, 1.5196452140808105, 0.0, -4.8815717697143555, 7.401073455810547, -3.243739366531372, 7.751330375671387, -7.786157608032227, -3.278566360473633)
(0.4463466703891754, 2.8396506309509277, 0.0, -1.0, -1.0, 0.0, 1000, 1000, 1000, 1000, 1.4202717542648315, 0.5830368995666504, 0.0, -3.0177011489868164, 6.314794540405273, -12.297581672668457, 7.648118019104004, -12.457480430603027, -17.106943130493164)
(1.3207210302352905, 1.2757166624069214, 0.0, -1.0, -1.0, 0.0, 1000, 1000, 1000, 1000, 2.0607762336730957, -1.8076021671295166, 0.0, -2.987518310546875, 6.150007247924805, -3.990201234817505, 7.545961380004883, 3.276409149169922, 6.832169532775879)
(-0.45453065633773804, 0.7552839517593384, 0.0, -1.0, -1.0, 0.0, 1000, 1000, 1000, 1000, -2.8371219635009766, 0.875861644744873, 0.0, -4.446512222290039, 6.096805572509766, 2.3059275150299072, 7.553472995758057, 7.137903690338135, 16.997304916381836)
(-0.9411522746086121, -0.5945318341255188, 0.0, -1.0, -1.0, 0.0, 1000, 1000, 1000, 1000, -1.484786033630371, -3.2884483337402344, 0.0, -4.302457809448242, 5.458390712738037, -3.6012444496154785, 7.5438103675842285, -2.6177031993865967, 1.3248629570007324)
(-0.8069595098495483, -1.3668129444122314, 0.0, -1.0, -1.0, 0.0, 1000, 1000, 1000, 1000, -1.1719520092010498, -2.991711139678955, 0.0, -4.245597839355469, 5.464182376861572, 1.471740484237671, 7.539177417755127, 3.623683452606201, 12.634601593017578)
(-1.3488643169403076, -1.4635111093521118, 0.0, -1.0, -1.0, 0.0, 1000, 1000, 1000, 1000, -1.809037446975708, -2.4152166843414307, 0.0, -4.7591657638549805, 5.665401935577393, 2.5417988300323486, 7.5693583488464355, 2.40439510345459, 12.515552520751953)
(-1.2259265184402466, -1.7482781410217285, 0.0, -1.0, -1.0, 0.0, 1000, 1000, 1000, 1000, -0.4671447277069092, -3.541067123413086, 0.0, -4.752305507659912, 5.843602657318115, 1.123218297958374, 7.595699310302734, -0.5957545638084412, 8.123163223266602)
(-1.4774752855300903, -1.2385270595550537, 0.0, -1.0, -1.0, 0.0, 1000, 1000, 1000, 1000, -2.3135600090026855, -0.2525911331176758, 0.0, -4.7844696044921875, 6.333236217498779, 0.8123400807380676, 7.612758159637451, -0.987368106842041, 7.437730312347412)
(-1.3788907527923584, -0.6614034175872803, 0.0, -1.0, -1.0, 0.0, 1000, 1000, 1000, 1000, -0.9058582782745361, -1.183945655822754, 0.0, -4.46328067779541, 6.859455585479736, 0.19848985970020294, 7.6280975341796875, -1.7098069190979004, 6.116780757904053)
(-1.084015965461731, -0.11997955292463303, 0.0, -1.0, -1.0, 0.0, 1000, 1000, 1000, 1000, 0.23329615592956543, -0.10120105743408203, 0.0, -4.449712753295898, 7.1894850730896, 1.1653320789337158, 7.638823509216309, 0.019581303000450134, 8.823737144470215)
(-0.7048119902610779, 0.07173874974250793, 0.0, -1.0, -1.0, 0.0, 1000, 1000, 1000, 1000, 0.2615445852279663, 0.25214052200317383, 0.0, -4.638281345367432, 7.22774600982666, 0.014369964599609375, 7.646285057067871, -1.231703281402588, 6.428951740264893)
(-1.0359463691711426, -0.06455082446336746, 0.0, -1.0, -1.0, 0.0, 1000, 1000, 1000, 1000, -0.9953873157501221, -0.9376916885375977, 0.0, -4.902611255645752, 7.123172760009766, 1.3876879215240479, 7.652589797973633, 0.960189163684845, 10.000467300415039)
(-1.756593942642212, -0.4600108563899994, 0.0, -1.0, -1.0, 0.0, 1000, 1000, 1000, 1000, -3.744175910949707, -1.3908746242523193, 0.0, -5.30001974105835, 6.973934173583984, 4.806863307952881, 7.691278457641602, 3.8815970420837402, 16.379737854003906)
(-2.263993978500366, -0.9686505794525146, 0.0, -1.0, -1.0, 0.0, 1000, 1000, 1000, 1000, -2.774293899536133, -0.9673604965209961, 0.0, -5.203524112701416, 6.941769123077393, 4.055975914001465, 7.738087177276611, 1.371919870376587, 13.165983200073242)
(-1.889744758605957, -0.8160789608955383, 0.0, -1.0, -1.0, 0.0, 1000, 1000, 1000, 1000, -0.8693416118621826, -0.6164126396179199, 0.0, -5.0629754066467285, 7.151372909545898, 3.876052141189575, 7.787113666534424, 0.23929397761821747, 11.902460098266602)
(-1.6904163360595703, -1.0750244855880737, 0.0, -1.0, -1.0, 0.0, 1000, 1000, 1000, 1000, -1.9489209651947021, -1.823594570159912, 0.0, -5.1449875831604, 7.098170280456543, 2.0787384510040283, 7.826414108276367, -2.1160383224487305, 7.789113998413086)
(-1.4725733995437622, -1.2626620531082153, 0.0, -1.0, -1.0, 0.0, 1000, 1000, 1000, 1000, -0.9316921234130859, -2.038057565689087, 0.0, -4.971511363983154, 7.256096363067627, 2.036634922027588, 7.849010944366455, -1.0027215480804443, 8.88292407989502)
(-1.5621315240859985, -0.7457812428474426, 0.0, -1.0, -1.0, 0.0, 1000, 1000, 1000, 1000, -2.3250913619995117, -1.4147791862487793, 0.0, -5.3087053298950195, 7.464937210083008, 5.1997456550598145, 7.886159896850586, 3.1969683170318604, 16.282873153686523)
(-1.7556743621826172, -1.800580382347107, 0.0, -1.0, -1.0, 0.0, 1000, 1000, 1000, 1000, -0.557476282119751, -2.7435691356658936, 0.0, -5.209010124206543, 7.164632797241211, 0.6568437814712524, 7.9306793212890625, -3.934415340423584, 4.653107643127441)
(-1.6521220207214355, -1.5083025693893433, 0.0, -1.0, -1.0, 0.0, 1000, 1000, 1000, 1000, -2.075991153717041, -2.1589694023132324, 0.0, -5.420291900634766, 7.464326858520508, 4.779219627380371, 7.965478420257568, 2.21022891998291, 14.954927444458008)
(-1.8495385646820068, -1.6802740097045898, 0.0, -1.0, -1.0, 0.0, 1000, 1000, 1000, 1000, -2.408285617828369, -2.504145622253418, 0.0, -5.38660192489624, 7.454570770263672, 2.764008045196533, 8.006169319152832, -0.896941065788269, 9.873236656188965)
(-1.7947741746902466, -1.6752643585205078, 0.0, -1.0, -1.0, 0.0, 1000, 1000, 1000, 1000, -1.5264286994934082, -1.5644910335540771, 0.0, -5.208399295806885, 7.627742290496826, 2.057145357131958, 8.036576271057129, -1.3620922565460205, 8.731629371643066)
(-1.4485481977462769, -1.6120326519012451, 0.0, -1.0, -1.0, 0.0, 1000, 1000, 1000, 1000, -0.17007780075073242, -1.3557851314544678, 0.0, -5.123338222503662, 7.760059356689453, 2.574680805206299, 8.070612907409668, -0.6419377326965332, 10.003355979919434)
(-1.4604641199111938, -1.86380934715271, 0.0, -1.0, -1.0, 0.0, 1000, 1000, 1000, 1000, -0.8862400054931641, -2.5393848419189453, 0.0, -5.545289993286133, 7.587649822235107, 3.1345393657684326, 8.108546257019043, -0.05744672566652298, 11.185639381408691)
(-1.6716994047164917, -2.478372812271118, 0.0, -1.0, -1.0, 0.0, 1000, 1000, 1000, 1000, -2.274169445037842, -3.180344343185425, 0.0, -5.510076999664307, 7.521337032318115, 1.32094407081604, 8.144953727722168, -2.747426748275757, 6.718471527099609)
(-1.6199512481689453, -2.341762065887451, 0.0, -1.0, -1.0, 0.0, 1000, 1000, 1000, 1000, -2.537482738494873, -1.7650275230407715, 0.0, -5.3126678466796875, 7.789935111999512, 1.918829321861267, 8.163930892944336, -0.7211436629295349, 9.361617088317871)
(-1.6670833826065063, -2.463801622390747, 0.0, -1.0, -1.0, 0.0, 1000, 1000, 1000, 1000, -1.6178216934204102, -2.579040050506592, 0.0, -5.356721878051758, 7.815391540527344, 3.1805286407470703, 8.2044038772583, 0.13811707496643066, 11.523050308227539)
(-1.161267638206482, -2.2693190574645996, 0.0, -1.0, -1.0, 0.0, 1000, 1000, 1000, 1000, -1.526735544204712, -1.5500261783599854, 0.0, -5.4404144287109375, 8.672097206115723, 0.4255583882331848, 8.29848575592041, -0.9528077840805054, 7.771235942840576)
(-0.9247491955757141, -2.193514585494995, 0.0, -1.0, -1.0, 0.0, 1000, 1000, 1000, 1000, -0.07915377616882324, -3.3307363986968994, 0.0, -5.3384318351745605, 8.684141159057617, -0.8863691091537476, 8.29799747467041, -1.9925031661987305, 5.419124603271484)
(-0.9639908671379089, -2.5581653118133545, 0.0, -1.0, -1.0, 0.0, 1000, 1000, 1000, 1000, -0.9084937572479248, -3.15236759185791, 0.0, -5.574408054351807, 8.733378410339355, 3.31937837600708, 8.312216758728027, 3.272307872772217, 14.903903007507324)
(-1.3981046676635742, -2.281468629837036, 0.0, -1.0, -1.0, 0.0, 1000, 1000, 1000, 1000, -2.0976834297180176, -2.417339324951172, 0.0, -5.770141124725342, 8.975299835205078, -0.9685570001602173, 8.334785461425781, -3.526721954345703, 3.839506149291992)
(-0.9826366305351257, -2.497997283935547, 0.0, 0.0, -1.0, 0.0, 1000, 1000, 1000, 1000, -0.5962522029876709, -3.102457046508789, 0.0, -5.435689449310303, 8.989324569702148, 3.3695709705352783, 8.33447265625, 3.8167996406555176, 15.520843505859375)
(-0.677747368812561, -2.4526050090789795, 0.0, -1.0, -1.0, 0.0, 1000, 1000, 1000, 1000, -0.005744218826293945, -2.6902015209198, 0.0, -5.48233699798584, 9.102435111999512, -0.48413246870040894, 8.328258514404297, -0.8904046416282654, 6.953721523284912)
(-0.3317181169986725, -2.5044684410095215, 0.0, 0.0, -1.0, 0.0, 1000, 1000, 1000, 1000, -3.374274253845215, 3.076298713684082, 0.0, -5.194531440734863, 9.249085426330566, -2.2097127437591553, 8.295543670654297, -0.8831086158752441, 5.202722549438477)
(0.652971088886261, -2.510528564453125, 0.0, -1.0, -1.0, 0.0, 1000, 1000, 1000, 1000, 7.145167827606201, -0.6192998886108398, 0.0, -4.700780868530273, 9.397867202758789, -7.928957462310791, 8.218705177307129, -5.413654327392578, -5.12390661239624)
(1.7335840463638306, -1.921420693397522, 0.0, -1.0, 0.0, 0.0, 1000, 1000, 1000, 1000, 1.9534704685211182, -4.7673516273498535, 0.0, -4.258554935455322, 9.94146728515625, -10.98311710357666, 8.096506118774414, -4.9487714767456055, -7.835381984710693)
(1.792648434638977, -2.725809097290039, 0.0, -1.0, -1.0, 0.0, 1000, 1000, 1000, 1000, 2.7322452068328857, -4.575305461883545, 0.0, -4.173188209533691, 9.187508583068848, -8.536447525024414, 7.968606472015381, 1.4037271738052368, 0.8358857035636902)
(1.7335861921310425, -3.2787716388702393, 0.0, -1.0, 0.0, 0.0, 1000, 1000, 1000, 1000, 1.0715110301971436, -4.644092559814453, 0.0, -4.331421375274658, 9.275313377380371, -15.934344291687012, 7.857797622680664, -9.050288200378418, -17.126834869384766)
(2.4481093883514404, -3.258323907852173, 0.0, -1.0, -1.0, 0.0, 1000, 1000, 1000, 1000, 3.2378509044647217, -3.715134382247925, 0.0, -4.080963611602783, 9.281102180480957, -10.98755931854248, 7.699349880218506, 1.0493546724319458, -2.2388546466827393)
(2.4049899578094482, -3.613063335418701, 0.0, -1.0, -1.0, 0.0, 1000, 1000, 1000, 1000, 3.1599435806274414, -5.669167518615723, 0.0, -4.505048751831055, 9.369667053222656, -9.180935859680176, 7.56157922744751, 3.8980093002319336, 2.2786526679992676)
(1.27657949924469, -3.095496416091919, 0.0, -1.0, -1.0, 0.0, 1000, 1000, 1000, 1000, 0.02192974090576172, -2.341542959213257, 0.0, -5.4699883460998535, 10.00305461883545, -6.935586452484131, 7.488410949707031, 3.069796562194824, 3.6226210594177246)
(0.6119767427444458, -2.8605055809020996, 0.0, -1.0, -1.0, 0.0, 1000, 1000, 1000, 1000, 0.19547021389007568, -2.59875226020813, 0.0, -5.520750522613525, 9.987046241760254, -6.716200351715088, 7.404304504394531, 2.05316162109375, 2.7412660121917725)
(0.17628931999206543, -3.328977346420288, 0.0, -1.0, -1.0, 0.0, 1000, 1000, 1000, 1000, -0.7979726791381836, -3.518254280090332, 0.0, -5.682336807250977, 9.797563552856445, -4.144181728363037, 7.357840538024902, 2.7371387481689453, 5.950797080993652)
(0.08890359103679657, -3.5816617012023926, 0.0, -1.0, -1.0, 0.0, 1000, 1000, 1000, 1000, 0.20853233337402344, -3.952558994293213, 0.0, -5.625173568725586, 9.871955871582031, -5.819029331207275, 7.304256916046143, -0.7440366744995117, 0.7411909103393555)
(0.1435663253068924, -3.984394073486328, 0.0, -1.0, -1.0, 0.0, 1100, 1100, 1100, 1100, 0.6947834491729736, -4.317770481109619, 0.0, -5.711148738861084, 9.720125198364258, -1.1596310138702393, 7.263500690460205, 4.680078029632568, 10.783947944641113)
(-0.8087140917778015, -3.942739963531494, 0.0, -1.0, -1.0, 0.0, 1100, 1100, 1103, 1100, -3.576317310333252, -5.434031963348389, 0.0, -6.301392555236816, 9.968445777893066, 0.6982710361480713, 7.260540962219238, 4.362191677093506, 12.321003913879395)
(-1.257182002067566, -4.200606346130371, 0.0, -1.0, -1.0, 0.0, 1100, 1100, 1105, 1100, -1.376255989074707, -4.986227512359619, 0.0, -6.4391984939575195, 9.9022855758667, 0.9067767858505249, 7.275278091430664, 1.8504514694213867, 10.032506942749023)
(-0.6595498919487, -3.978816509246826, 0.0, -1.0, -1.0, 0.0, 1101, 1104, 1131, 1100, -1.185058832168579, -1.3976869583129883, 0.0, -6.174869537353516, 10.385212898254395, -0.2886296212673187, 7.259644508361816, 0.8522897958755493, 7.823304653167725)
(-0.9205045700073242, -3.8585798740386963, 0.0, -1.0, -1.0, 0.0, 1150, 1129, 1177, 1105, -2.837925434112549, 0.8825430870056152, 0.0, -6.3484978675842285, 10.480794906616211, -2.0496890544891357, 7.263843536376953, -2.601268768310547, 2.6128859519958496)
(-0.8021295070648193, -4.1260504722595215, 0.0, -1.0, -1.0, 0.0, 1154, 1161, 1209, 1150, -3.734678268432617, -11.964303970336914, 0.0, -6.125631809234619, 10.449240684509277, -0.9134331941604614, 7.2476396560668945, 0.08666086196899414, 6.420867443084717)
(-0.9363544583320618, -4.063460826873779, 0.0, -1.0, -1.0, 0.0, 1201, 1219, 1256, 1209, -4.912381649017334, -15.55224323272705, 0.0, -6.1359992027282715, 10.780946731567383, -0.5472651124000549, 7.249796390533447, -0.43782174587249756, 6.26470947265625)
(-0.3236909806728363, -3.381108522415161, 0.0, -1.0, -1.0, 0.0, 1243, 1231, 1273, 1223, 8.561159133911133, -1.557572603225708, 0.0, -5.839809417724609, 11.14116096496582, -3.900357723236084, 7.222128868103027, -3.6851794719696045, -0.3634083867073059)
(-1.3445961475372314, -4.224499702453613, 0.0, -1.0, -1.0, 0.0, 1270, 1279, 1322, 1252, 1.385019302368164, 1.130096435546875, 0.0, -6.1631317138671875, 11.629575729370117, 0.9881407022476196, 7.230971336364746, 1.7298424243927002, 9.948954582214355)
(-0.5910351872444153, -2.9932920932769775, 0.0, -1.0, -1.0, 0.0, 1332, 1334, 1333, 1298, -16.518932342529297, 1.4079041481018066, 0.0, -5.283102035522461, 12.474087715148926, -4.611469268798828, 7.182243824005127, -3.2829511165618896, -0.7121767401695251)
(-2.8185224533081055, -1.6382852792739868, 0.0, -1.0, -1.0, 0.0, 1259, 1359, 1392, 1280, 21.161026000976562, -16.530899047851562, 0.0, -7.049258708953857, 13.269820213317871, 17.46921157836914, 7.307080268859863, 18.404855728149414, 43.18114471435547)
(-8.666701316833496, -0.44795912504196167, 0.0, -1.0, -1.0, 0.0, 1100, 1386, 1508, 1297, 6.000415325164795, 19.507213592529297, 0.0, -12.728830337524414, 13.947410583496094, 58.691200256347656, 7.8054962158203125, 48.1900749206543, 114.686767578125)
(-4.798164367675781, -2.4943106174468994, 0.0, -1.0, -1.0, 0.0, 1447, 1206, 1293, 1344, 7.63880729675293, 29.157020568847656, 0.0, -8.0817289352417, 14.32119083404541, -27.392709732055664, 7.938619136810303, -63.69407653808594, -83.1481704711914)
(-5.640597343444824, 1.977783203125, 0.0, -1.0, -1.0, 0.0, 1112, 1532, 1378, 1268, -25.48626708984375, 1.461371898651123, 0.0, -10.894989967346191, 16.787811279296875, 58.220924377441406, 8.160789489746094, 56.236366271972656, 122.61808013916016)
(-0.5256485939025879, 3.518493890762329, 0.0, 0.0, -1.0, 0.0, 1391, 1304, 1140, 1455, 2.512831926345825, 14.906625747680664, 0.0, -3.5329489707946777, 14.469064712524414, -48.116920471191406, 8.00025463104248, -70.25078582763672, -110.36744689941406)
(-7.048861026763916, 1.9732776880264282, 0.0, -1.0, -1.0, 0.0, 1100, 1488, 1507, 1230, -14.386592864990234, -52.11293029785156, 0.0, -11.391181945800781, 16.265710830688477, 76.14666748046875, 8.427358627319336, 79.99032592773438, 164.56434631347656)
(3.1456096172332764, 3.423072576522827, 0.0, 0.0, -1.0, 0.0, 1413, 1278, 1217, 1381, -21.933273315429688, 39.9620475769043, 0.0, -1.3952999114990234, 16.77241325378418, -41.75316619873047, 8.120121002197266, -51.03125, -84.66429901123047)
(-5.581408977508545, 9.273670196533203, 0.0, -1.0, -1.0, 0.0, 1147, 1391, 1411, 1341, -2.8424549102783203, -7.250560760498047, 0.0, -11.206123352050781, 19.089946746826172, 35.130516052246094, 8.547600746154785, 25.064428329467773, 68.74254608154297)
(-0.5550928711891174, 5.899804592132568, 0.0, -1.0, 0.0, 0.0, 1416, 1303, 1296, 1275, 26.629302978515625, 39.29442596435547, 0.0, -3.750178098678589, 16.39512825012207, -18.04792022705078, 8.344060897827148, -23.66225242614746, -33.366111755371094)
(-7.952184677124023, 7.94528341293335, 0.0, -1.0, -1.0, 0.0, 1119, 1424, 1409, 1338, -8.23078441619873, 4.612692832946777, 0.0, -10.466337203979492, 17.423938751220703, 42.46727752685547, 8.786627769470215, 32.6443977355957, 83.89830780029297)
(-0.8510726094245911, 3.0019257068634033, 0.0, -1.0, 0.0, 0.0, 1413, 1265, 1268, 1348, -40.95542526245117, -41.08600997924805, 0.0, -1.2760926485061646, 13.824851989746094, -32.42498016357422, 8.549483299255371, -43.22100830078125, -67.09650421142578)
(-6.111227512359619, 4.973168849945068, 0.0, -1.0, -1.0, 0.0, 1113, 1422, 1427, 1328, -61.37472915649414, -31.448198318481445, 0.0, -9.806427955627441, 17.82515525817871, 45.71320343017578, 8.9960298538208, 37.04755783081055, 91.75679016113281)
(0.3999446630477905, 2.096513271331787, 0.0, -1.0, -1.0, 0.0, 1327, 1327, 1292, 1344, 14.41569709777832, -19.03101921081543, 0.0, -1.9520078897476196, 16.10076904296875, -14.6485595703125, 8.752341270446777, -17.21640968322754, -23.112628936767578)
(-6.381659507751465, 3.7816436290740967, 0.0, -1.0, -1.0, 0.0, 1210, 1367, 1411, 1302, 8.989004135131836, -24.361373901367188, 0.0, -10.289962768554688, 18.35793685913086, 32.13639450073242, 9.24215030670166, 15.369867324829102, 56.7484130859375)
(-0.8643150329589844, 5.437434196472168, 0.0, -1.0, -1.0, 0.0, 1342, 1358, 1277, 1313, 2.958685874938965, -21.747140884399414, 0.0, -2.811302661895752, 15.964334487915039, -9.591520309448242, 9.047479629516602, -14.721593856811523, -15.26563549041748)
(-4.899136066436768, 4.889118194580078, 0.0, -1.0, -1.0, 0.0, 1253, 1347, 1358, 1332, 8.929242134094238, 6.589850425720215, 0.0, -9.35947322845459, 16.918909072875977, 15.255081176757812, 9.43932819366455, -4.709895133972168, 19.984514236450195)
(0.9124288558959961, 2.028397560119629, 0.0, -1.0, -1.0, 0.0, 1266, 1391, 1304, 1328, -32.122745513916016, -9.749929428100586, 0.0, -3.6381311416625977, 15.028664588928223, 1.203942894935608, 9.207769393920898, 4.839028358459473, 15.250741004943848)
(-3.7626688480377197, 3.9954683780670166, 0.0, -1.0, -1.0, 0.0, 1328, 1323, 1327, 1312, 36.92609405517578, 8.85827922821045, 0.0, -9.429288864135742, 16.751684188842773, 1.928723931312561, 9.562283515930176, -19.001415252685547, -7.5104079246521)
(-0.14968842267990112, 4.041454315185547, 0.0, -1.0, -1.0, 0.0, 1248, 1381, 1337, 1324, 22.90802001953125, 8.641143798828125, 0.0, -4.930203437805176, 15.502909660339355, 6.208510398864746, 9.373086929321289, 10.760944366455078, 26.342540740966797)
(-3.472498655319214, 3.1838061809539795, 0.0, -1.0, -1.0, 0.0, 1277, 1350, 1311, 1351, 6.634370803833008, 20.004016876220703, 0.0, -8.212520599365234, 15.651690483093262, 0.8168243169784546, 9.594030380249023, -12.147292137145996, -1.7364375591278076)
(-1.728392243385315, 1.0211833715438843, 0.0, -1.0, -1.0, 0.0, 1257, 1377, 1332, 1324, -10.089004516601562, -28.882457733154297, 0.0, -5.796667098999023, 15.33781909942627, 6.181861400604248, 9.530974388122559, 6.165647983551025, 21.87848472595215)
(-3.1107687950134277, 1.3823875188827515, 0.0, -1.0, -1.0, 0.0, 1325, 1310, 1340, 1315, 7.123528480529785, -20.87194061279297, 0.0, -7.641483783721924, 16.35428237915039, -2.0935096740722656, 9.692875862121582, -15.062901496887207, -7.463535308837891)
(-2.5953285694122314, 0.8680944442749023, 0.0, -1.0, -1.0, 0.0, 1256, 1380, 1369, 1285, 22.93600845336914, 9.317056655883789, 0.0, -6.9390459060668945, 16.532180786132812, 16.86911964416504, 9.737424850463867, 15.414789199829102, 42.021331787109375)
(-1.5502207279205322, 2.1804511547088623, 0.0, -1.0, -1.0, 0.0, 1297, 1341, 1322, 1330, 0.4679349660873413, -14.817693710327148, 0.0, -6.765263557434082, 16.63690185546875, -0.8235073089599609, 9.819457054138184, -10.256689071655273, -1.2607393264770508)
(-1.637534737586975, 3.0177743434906006, 0.0, -1.0, -1.0, 0.0, 1286, 1355, 1340, 1309, 0.3926687240600586, -16.002655029296875, 0.0, -7.77471399307251, 16.404733657836914, 6.0379438400268555, 9.89391040802002, -1.0852694511413574, 14.84658432006836)
(-1.1056771278381348, -0.4729638695716858, 0.0, -1.0, -1.0, 0.0, 1291, 1337, 1344, 1318, -8.735702514648438, -34.58345031738281, 0.0, -7.084773540496826, 15.873636245727539, 0.6666109561920166, 9.88003921508789, -2.679689407348633, 7.866960525512695)
(-1.4476121664047241, 2.1837050914764404, 0.0, -1.0, -1.0, 0.0, 1301, 1341, 1322, 1326, 4.854714393615723, 21.165658950805664, 0.0, -7.770596504211426, 16.598793029785156, -2.0632100105285645, 9.942477226257324, -9.192252159118652, -1.312984585762024)
(-0.10761945694684982, 4.3671369552612305, 0.0, -1.0, -1.0, 0.0, 1295, 1358, 1316, 1321, 16.150917053222656, 11.612262725830078, 0.0, -6.96297550201416, 16.254281997680664, -2.2036683559417725, 9.893738746643066, -3.255599021911621, 4.4344706535339355)
(-2.104055404663086, 2.280956745147705, 0.0, -1.0, -1.0, 0.0, 1266, 1358, 1365, 1301, 7.630566120147705, -0.2511000633239746, 0.0, -7.59437894821167, 15.61129379272461, 8.733294486999512, 9.924372673034668, 10.40978717803955, 29.067455291748047)
(-4.531650543212891, 1.7950105667114258, 0.0, 0.0, -1.0, 0.0, 1236, 1395, 1450, 1208, -8.678864479064941, 15.620809555053711, 0.0, -9.618921279907227, 15.84040641784668, 38.95587158203125, 10.14091968536377, 41.01054382324219, 90.10733795166016)
(-14.026328086853027, 0.16563566029071808, 0.0, -1.0, -1.0, 0.0, 1226, 1369, 1448, 1247, -1.9893579483032227, -16.68201446533203, 0.0, -15.45199966430664, 17.662363052368164, 47.86140823364258, 10.8192720413208, 17.144485473632812, 75.82516479492188)
(-1.0231608152389526, -0.3568732440471649, 0.0, -1.0, 0.0, 0.0, 1495, 1241, 1175, 1379, 16.962448120117188, -29.897350311279297, 0.0, -2.925016403198242, 17.278362274169922, -52.90735626220703, 10.545513153076172, -82.00981903076172, -124.37165832519531)
(-8.065347671508789, 8.839004516601562, 0.0, -1.0, -1.0, 0.0, 1100, 1554, 1547, 1278, -38.00959777832031, -51.556514739990234, 0.0, -15.972273826599121, 21.87653160095215, 105.13944244384766, 11.24642276763916, 101.17781066894531, 217.5636749267578)
(3.9994277954101562, 5.231111526489258, 0.0, -1.0, 0.0, 0.0, 1544, 1194, 1165, 1387, 2.46724009513855, -11.15400505065918, 0.0, -5.514803886413574, 21.237504959106445, -68.41233825683594, 10.880629539489746, -95.4380111694336, -152.9697265625)
(-8.8231782913208, 9.023415565490723, 0.0, -1.0, -1.0, 0.0, 1100, 1465, 1387, 1353, 5.216590881347656, 33.500972747802734, 0.0, -18.575475692749023, 26.87653350830078, 50.97563934326172, 11.500536918640137, 31.067716598510742, 93.54389190673828)
(1.861897587776184, 5.732137203216553, 0.0, -1.0, -1.0, 0.0, 1433, 1260, 1220, 1381, 38.36530303955078, 43.38620376586914, 0.0, -4.4111456871032715, 22.474550247192383, -49.42319869995117, 10.97864818572998, -54.94037628173828, -93.38492584228516)
(-9.04567813873291, 5.276322841644287, 0.0, -1.0, -1.0, 0.0, 1100, 1381, 1443, 1373, -32.66274642944336, 4.0842132568359375, 0.0, -13.435995101928711, 22.766769409179688, 39.377830505371094, 11.505512237548828, 28.459148406982422, 79.34249114990234)
(-0.8490275144577026, 2.943946599960327, 0.0, -1.0, -1.0, 0.0, 1436, 1280, 1277, 1302, 19.4149227142334, 11.602937698364258, 0.0, -3.2302024364471436, 19.234149932861328, -29.116085052490234, 11.24527359008789, -37.276527404785156, -55.1473388671875)
(-5.103026390075684, 4.405805587768555, 0.0, -1.0, -1.0, 0.0, 1192, 1367, 1388, 1342, -27.56767463684082, 20.46091079711914, 0.0, -10.17547607421875, 20.762191772460938, 24.19259262084961, 11.653800964355469, 9.446667671203613, 45.293060302734375)
(2.541809320449829, 5.304631233215332, 0.0, -1.0, -1.0, 0.0, 1326, 1359, 1234, 1371, 26.224491119384766, -12.43575668334961, 0.0, -4.4689226150512695, 18.0888729095459, -21.142847061157227, 11.417466163635254, -26.283658981323242, -36.00904083251953)
(-1.6734894514083862, 6.477420806884766, 0.0, -1.0, -1.0, 0.0, 1225, 1365, 1368, 1333, -47.85841751098633, 18.610599517822266, 0.0, -10.179744720458984, 18.296037673950195, 13.13298225402832, 11.586597442626953, 9.131987571716309, 33.851566314697266)
(1.3108012676239014, 6.781421184539795, 0.0, -1.0, -1.0, 0.0, 1303, 1373, 1255, 1360, 0.5320056676864624, -26.68013572692871, 0.0, -6.948493480682373, 17.07317543029785, -15.950521469116211, 11.386439323425293, -14.272869110107422, -18.836952209472656)
(-2.5659985542297363, 8.77509593963623, 0.0, -1.0, -1.0, 0.0, 1223, 1390, 1324, 1354, -6.995473861694336, -0.01672506332397461, 0.0, -10.13294506072998, 17.73643684387207, 7.166432857513428, 11.511324882507324, 5.613905429840088, 24.291664123535156)
(-0.8507476449012756, 6.317126274108887, 0.0, -1.0, -1.0, 0.0, 1330, 1366, 1289, 1305, -3.190852165222168, 36.2469482421875, 0.0, -6.921969890594482, 16.912200927734375, -8.865302085876465, 11.406643867492676, -7.747469425201416, -5.206128120422363)
(-3.766352653503418, 4.88361930847168, 0.0, -1.0, -1.0, 0.0, 1189, 1422, 1365, 1314, 12.417274475097656, -2.8283185958862305, 0.0, -11.007794380187988, 18.107013702392578, 25.821508407592773, 11.643796920776367, 23.707096099853516, 61.172401428222656)
(-1.575365424156189, 5.9544219970703125, 0.0, -1.0, -1.0, 0.0, 1282, 1392, 1250, 1366, 15.183481216430664, -9.08414077758789, 0.0, -6.4693827629089355, 17.202739715576172, -9.722929000854492, 11.547405242919922, -13.180956840515137, -11.356480598449707)
(-3.121999502182007, 5.609449863433838, 0.0, -1.0, -1.0, 0.0, 1226, 1366, 1345, 1353, 7.604335784912109, 2.4875965118408203, 0.0, -10.563132286071777, 17.909902572631836, 10.95141315460205, 11.776665687561035, 0.5489673614501953, 23.27704620361328)
(0.15957118570804596, 6.2605509757995605, 0.0, -1.0, -1.0, 0.0, 1262, 1391, 1276, 1362, -8.923707008361816, 2.5330653190612793, 0.0, -6.839503288269043, 16.71446990966797, -5.662674903869629, 11.625133514404297, -5.08182430267334, 0.8806347846984863)
(-3.9121336936950684, 6.0567193031311035, 0.0, -1.0, -1.0, 0.0, 1213, 1386, 1332, 1359, -12.876465797424316, -2.067275047302246, 0.0, -10.103374481201172, 17.380630493164062, 10.404632568359375, 11.805986404418945, 4.271770000457764, 26.482389450073242)
(0.6154371500015259, 4.751027584075928, 0.0, -1.0, -1.0, 0.0, 1249, 1397, 1276, 1368, 4.490607261657715, -22.135028839111328, 0.0, -6.267091751098633, 16.704715728759766, -4.998333930969238, 11.66018009185791, -2.5730533599853516, 4.08879280090332)
(-2.854372978210449, 3.702894687652588, 0.0, 0.0, -1.0, 0.0, 1209, 1369, 1388, 1324, -3.5407495498657227, -7.303179740905762, 0.0, -10.707948684692383, 18.021635055541992, 18.9296875, 11.873557090759277, 15.126952171325684, 45.93019485473633)
(2.095120668411255, 1.912060260772705, 0.0, -1.0, -1.0, 0.0, 1350, 1332, 1285, 1324, -16.6269474029541, -2.2249624729156494, 0.0, -6.364045143127441, 17.48261070251465, -18.746335983276367, 11.640989303588867, -17.068937301635742, -24.174283981323242)
(-5.521347999572754, 5.048348903656006, 0.0, 0.0, -1.0, 0.0, 1135, 1432, 1380, 1343, -5.555471897125244, -7.417159080505371, 0.0, -13.307794570922852, 20.098464965820312, 32.64636993408203, 11.977716445922852, 28.90633773803711, 73.53042602539062)
(0.4719584584236145, 3.3082425594329834, 0.0, -1.0, -1.0, 0.0, 1370, 1316, 1304, 1300, 29.884286880493164, 50.84322738647461, 0.0, -6.107340335845947, 18.14128875732422, -16.71710205078125, 11.758219718933105, -17.44247817993164, -22.40135955810547)
(-6.376965045928955, 6.306760311126709, 0.0, -1.0, 0.0, 0.0, 1165, 1398, 1379, 1348, -19.241134643554688, -10.218935012817383, 0.0, -12.466790199279785, 19.603487014770508, 27.65420150756836, 12.158979415893555, 16.04574966430664, 55.85893249511719)
(1.8156300783157349, 0.6681610345840454, 0.0, -1.0, -1.0, 0.0, 1405, 1303, 1322, 1259, 8.202310562133789, -2.8743674755096436, 0.0, -5.053679943084717, 17.259431838989258, -16.116178512573242, 11.882752418518066, -15.647061347961426, -19.8804874420166)
(-4.478951454162598, 1.7813844680786133, 0.0, -1.0, 0.0, 0.0, 1176, 1380, 1404, 1330, 1.3722779750823975, -19.430213928222656, 0.0, -13.388132095336914, 20.591142654418945, 28.647512435913086, 12.269744873046875, 18.861530303955078, 59.77878952026367)
(0.29859739542007446, 2.811427354812622, 0.0, -1.0, -1.0, 0.0, 1386, 1333, 1269, 1302, -5.466032028198242, 36.456974029541016, 0.0, -6.404595375061035, 19.540836334228516, -20.877315521240234, 12.002888679504395, -22.64569091796875, -31.520118713378906)
(-4.771986961364746, 4.880512237548828, 0.0, -1.0, -1.0, 0.0, 1211, 1375, 1380, 1324, 2.226914167404175, -16.768545150756836, 0.0, -12.723648071289062, 21.169652938842773, 21.30746078491211, 12.340704917907715, 11.283740997314453, 44.931907653808594)
(0.6415574550628662, 3.965115547180176, 0.0, -1.0, -1.0, 0.0, 1313, 1357, 1283, 1337, 21.412294387817383, -15.316424369812012, 0.0, -5.83919620513916, 19.0184383392334, -13.054034233093262, 12.107977867126465, -11.616366386413574, -12.562423706054688)
(-6.8249592781066895, 7.161057949066162, 0.0, -1.0, -1.0, 0.0, 1179, 1376, 1373, 1362, 8.312568664550781, 39.041969299316406, 0.0, -12.00230598449707, 20.345272064208984, 20.982763290405273, 12.490753173828125, 8.195980072021484, 41.669498443603516)
(1.2780338525772095, 2.1012861728668213, 0.0, -1.0, -1.0, 0.0, 1296, 1370, 1289, 1335, -42.75408172607422, -50.08568572998047, 0.0, -4.5297441482543945, 18.457462310791016, -10.429208755493164, 12.182801246643066, -4.752500534057617, -2.998908042907715)
(-4.653443336486816, 5.577059268951416, 0.0, -1.0, -1.0, 0.0, 1172, 1364, 1378, 1376, -10.407610893249512, 52.50872802734375, 0.0, -10.812670707702637, 20.01203727722168, 17.711334228515625, 12.510993957519531, 8.53473949432373, 38.7570686340332)
(0.947007417678833, 3.323073625564575, 0.0, -1.0, -1.0, 0.0, 1307, 1377, 1307, 1298, -11.865396499633789, -32.365081787109375, 0.0, -5.77547550201416, 18.591148376464844, -3.3246147632598877, 12.302119255065918, 0.9705095291137695, 9.948014259338379)
(-4.445577621459961, 4.9661545753479, 0.0, -1.0, -1.0, 0.0, 1232, 1383, 1308, 1367, -7.481448173522949, 9.388303756713867, 0.0, -10.990564346313477, 20.13916778564453, 6.709139823913574, 12.589069366455078, -6.309823989868164, 12.988385200500488)
(-0.4872901737689972, 5.868020534515381, 0.0, -1.0, -1.0, 0.0, 1271, 1405, 1280, 1334, 19.84613609313965, -7.129511833190918, 0.0, -7.048338890075684, 18.915843963623047, -0.7825465202331543, 12.478012084960938, -1.6830706596374512, 10.012394905090332)
(-3.554023265838623, 5.956277370452881, 0.0, -1.0, -1.0, 0.0, 1202, 1409, 1314, 1365, -20.457189559936523, -11.36860179901123, 0.0, -9.632790565490723, 18.94358253479004, 11.94780158996582, 12.67290210723877, 4.563225269317627, 29.183929443359375)
(-1.0336335897445679, 4.876944541931152, 0.0, -1.0, -1.0, 0.0, 1281, 1391, 1279, 1338, 13.35573673248291, 41.40564727783203, 0.0, -8.095442771911621, 18.70547103881836, -1.9874168634414673, 12.654600143432617, -7.980014801025391, 2.687168836593628)
(-0.8819969296455383, 4.272889137268066, 0.0, -1.0, -1.0, 0.0, 1250, 1374, 1319, 1347, 21.630168914794922, -14.89935302734375, 0.0, -9.733399391174316, 19.275747299194336, 3.7962803840637207, 12.740148544311523, -2.622112512588501, 13.914316177368164)
(-2.8540244102478027, 6.2992119789123535, 0.0, -1.0, -1.0, 0.0, 1258, 1416, 1287, 1329, 11.242138862609863, -8.021953582763672, 0.0, -10.4239501953125, 19.7984561920166, 6.342926979064941, 12.82026195526123, -0.4083251953125, 18.754863739013672)
(-2.4306912422180176, 4.424633502960205, 0.0, -1.0, -1.0, 0.0, 1304, 1373, 1317, 1297, -1.2193362712860107, 9.159675598144531, 0.0, -9.545598030090332, 19.70425033569336, 2.79593563079834, 12.86683464050293, -3.4407575130462646, 12.222013473510742)
(-5.32466983795166, 2.713047504425049, 0.0, 0.0, -1.0, 0.0, 1218, 1393, 1358, 1321, -36.791542053222656, 0.15325689315795898, 0.0, -10.960844993591309, 20.459436416625977, 18.932825088500977, 13.057674407958984, 11.017127990722656, 43.00762939453125)
(-4.135136127471924, 1.4831887483596802, 0.0, -1.0, -1.0, 0.0, 1297, 1384, 1313, 1296, 1.4396815299987793, 22.669471740722656, 0.0, -9.0914888381958, 20.5845890045166, 6.735665798187256, 13.150520324707031, -3.8190860748291016, 16.067100524902344)
(-4.670395851135254, 5.0595574378967285, 0.0, -1.0, 0.0, 0.0, 1224, 1378, 1350, 1337, 0.864098310470581, 5.8709611892700195, 0.0, -10.982040405273438, 21.052276611328125, 16.852313995361328, 13.396530151367188, 1.5967713594436646, 31.845617294311523)
(-1.534820795059204, 4.122181415557861, 0.0, -1.0, -1.0, 0.0, 1300, 1379, 1284, 1327, -0.7985684871673584, 22.186634063720703, 0.0, -9.706583023071289, 20.10913848876953, -0.47047290205955505, 13.438719749450684, -14.143645286560059, -1.1753984689712524)
(-2.5040786266326904, 4.16355037689209, 0.0, -1.0, 0.0, 0.0, 1237, 1370, 1342, 1341, -38.390499114990234, 27.758026123046875, 0.0, -11.507956504821777, 20.419652938842773, 9.504119873046875, 13.543500900268555, 0.4595670700073242, 23.50718879699707)
(-1.490983009338379, 3.321171522140503, 0.0, -1.0, -1.0, 0.0, 1248, 1397, 1305, 1340, -8.307171821594238, 2.6756110191345215, 0.0, -10.245302200317383, 20.554256439208984, 4.1346635818481445, 13.531073570251465, 0.9762649536132812, 18.64200210571289)
(-2.8239781856536865, 1.6314334869384766, 0.0, -1.0, -1.0, 0.0, 1275, 1361, 1333, 1325, -22.756114959716797, -1.3972218036651611, 0.0, -10.269389152526855, 20.56508445739746, 3.1007912158966064, 13.613466262817383, -3.2891244888305664, 13.425132751464844)
(-2.562359094619751, 2.8990321159362793, 0.0, -1.0, -1.0, 0.0, 1248, 1381, 1340, 1321, 23.395042419433594, 38.41607666015625, 0.0, -9.999114036560059, 21.148008346557617, 8.85919189453125, 13.666746139526367, 5.419758319854736, 27.945695877075195)
(-2.716536045074463, 3.096824884414673, 0.0, -1.0, -1.0, 0.0, 1303, 1348, 1327, 1316, 5.172400951385498, 1.2992491722106934, 0.0, -9.389662742614746, 21.34602928161621, -0.7923927307128906, 13.731792449951172, -8.753715515136719, 4.185683727264404)
(-3.45821475982666, 2.0538721084594727, 0.0, -1.0, -1.0, 0.0, 1194, 1406, 1363, 1327, 2.2844457626342773, -10.15947437286377, 0.0, -10.2759428024292, 21.82301139831543, 20.6865177154541, 13.867526054382324, 17.21237564086914, 51.76641845703125)
(-2.459243059158325, 1.2240071296691895, 0.0, -1.0, -1.0, 0.0, 1288, 1396, 1279, 1326, -7.797950744628906, -22.15364646911621, 0.0, -8.549113273620605, 21.660364151000977, -1.284979224205017, 13.86447811126709, -7.228485584259033, 5.351013660430908)
(-6.237512588500977, 5.0480055809021, 0.0, -1.0, -1.0, 0.0, 1111, 1423, 1458, 1298, -36.9140739440918, 45.285926818847656, 0.0, -13.790576934814453, 23.038257598876953, 49.60858917236328, 14.241098403930664, 44.136756896972656, 107.98644256591797)
(-3.6531200408935547, 6.058672904968262, 0.0, -1.0, -1.0, 0.0, 1499, 1257, 1213, 1321, 25.651704788208008, 6.1476240158081055, 0.0, -10.14362621307373, 22.951974868774414, -38.75337600708008, 14.322017669677734, -73.22196197509766, -97.6533203125)
(-6.9493865966796875, 7.0450286865234375, 0.0, -1.0, -1.0, 0.0, 1100, 1480, 1468, 1275, -4.494662761688232, 49.0585823059082, 0.0, -14.98204231262207, 24.977279663085938, 65.60242462158203, 14.667675018310547, 61.16632843017578, 141.43643188476562)
(-4.256275177001953, 5.480098724365234, 0.0, -1.0, -1.0, 0.0, 1474, 1284, 1273, 1259, -3.5979528427124023, -11.775156021118164, 0.0, -9.349576950073242, 24.249534606933594, -21.73099708557129, 14.70069408416748, -47.22666931152344, -54.25697326660156)
(-7.293850898742676, 3.754028081893921, 0.0, -1.0, -1.0, 0.0, 1205, 1397, 1453, 1235, -62.49298858642578, 4.257621765136719, 0.0, -14.560856819152832, 25.865995407104492, 46.6632080078125, 15.123330116271973, 30.709861755371094, 92.49639892578125)
(-0.8372527360916138, 4.168603897094727, 0.0, -1.0, -1.0, 0.0, 1368, 1356, 1193, 1373, 19.55914878845215, -0.43424367904663086, 0.0, -6.9036946296691895, 23.999528884887695, -27.114404678344727, 14.98357105255127, -45.91636657714844, -58.04719924926758)
(-5.1769843101501465, 4.7040791511535645, 0.0, -1.0, -1.0, 0.0, 1110, 1383, 1426, 1371, -26.972646713256836, -16.183208465576172, 0.0, -11.930521965026855, 24.717967987060547, 32.634765625, 15.26321792602539, 23.959604263305664, 71.85758972167969)
(1.1771793365478516, 2.812549352645874, 0.0, -1.0, -1.0, 0.0, 1390, 1317, 1253, 1330, 2.868441104888916, -12.759182929992676, 0.0, -6.835856914520264, 23.343425750732422, -26.001399993896484, 15.092463493347168, -36.71856689453125, -47.62750244140625)
(-4.38795804977417, 6.325141906738281, 0.0, -1.0, -1.0, 0.0, 1127, 1417, 1356, 1390, 1.1025174856185913, -27.04584312438965, 0.0, -13.316496849060059, 24.930465698242188, 24.576223373413086, 15.405084609985352, 13.956774711608887, 53.93808364868164)
(3.9994380474090576, 5.485032081604004, 0.0, -1.0, -1.0, 0.0, 1352, 1364, 1209, 1366, 7.818178176879883, 0.44164037704467773, 0.0, -7.594851493835449, 22.991130828857422, -28.26604652404785, 15.150437355041504, -33.183860778808594, -46.299468994140625)
(-2.3180437088012695, 6.702273845672607, 0.0, -1.0, -1.0, 0.0, 1130, 1432, 1382, 1346, 14.247182846069336, 34.600196838378906, 0.0, -14.074273109436035, 24.321306228637695, 28.174612045288086, 15.338141441345215, 31.00642204284668, 74.51917266845703)
(1.8487660884857178, 5.447977066040039, 0.0, -1.0, -1.0, 0.0, 1337, 1384, 1220, 1350, 27.16428565979004, 17.812114715576172, 0.0, -8.666348457336426, 22.883350372314453, -24.590185165405273, 15.063393592834473, -21.13140869140625, -30.658201217651367)
(-2.475233793258667, 7.43246603012085, 0.0, 0.0, -1.0, 0.0, 1193, 1391, 1339, 1366, 30.094480514526367, 44.28437423706055, 0.0, -13.368938446044922, 24.869779586791992, 9.730203628540039, 15.247751235961914, 7.8798346519470215, 32.8577880859375)
(2.943186044692993, 6.866277694702148, 0.0, -1.0, -1.0, 0.0, 1306, 1393, 1246, 1345, 8.71353816986084, -15.388427734375, 0.0, -7.874274253845215, 23.590059280395508, -18.406890869140625, 14.946637153625488, -9.575668334960938, -13.035922050476074)
(-0.8986480236053467, 6.081727504730225, 0.0, -1.0, 0.0, 0.0, 1213, 1365, 1332, 1380, -11.68679428100586, -16.01401710510254, 0.0, -11.5350980758667, 24.643564224243164, -0.9663835763931274, 15.021820068359375, 1.63856840133667, 15.694005012512207)
(2.1120128631591797, 8.331188201904297, 0.0, -1.0, -1.0, 0.0, 1211, 1357, 1224, 1330, 23.026517868041992, 4.235257148742676, 0.0, -8.732051849365234, 24.554079055786133, -11.765124320983887, 14.831076622009277, -3.1303787231445312, -0.06442706286907196)
(1.296468734741211, 8.223431587219238, 0.0, -1.0, -1.0, 0.0, 1000, 1000, 1000, 1000, 9.585407257080078, -8.355098724365234, 0.0, -9.474581718444824, 24.62175941467285, -13.161483764648438, 14.756979942321777, -7.558880805969238, -5.963385105133057)
(3.4299352169036865, 5.948859214782715, 0.0, -1.0, -1.0, 0.0, 1000, 1000, 1000, 1000, 14.745291709899902, -1.0095746517181396, 0.0, -8.895918846130371, 23.387006759643555, -14.622179985046387, 14.581208229064941, -4.094532012939453, -4.135504245758057)
(3.3834683895111084, 3.548928737640381, 0.0, -1.0, -1.0, 0.0, 1000, 1000, 1000, 1000, 1.3829225301742554, -7.830621719360352, 0.0, -9.833874702453613, 22.595699310302734, -12.485092163085938, 14.416891098022461, 0.7677395343780518, 2.699537992477417)
(2.0015225410461426, 1.9539095163345337, 0.0, -1.0, -1.0, 0.0, 1000, 1000, 1000, 1000, -1.1249637603759766, 3.0051403045654297, 0.0, -10.650032997131348, 22.083810806274414, -11.1768217086792, 14.287213325500488, 1.329762578010559, 4.4401535987854)
(1.0197155475616455, 1.1525063514709473, 0.0, -1.0, -1.0, 0.0, 1000, 1000, 1000, 1000, 1.3359745740890503, -1.693204641342163, 0.0, -9.94545841217041, 22.35088348388672, -10.834959030151367, 14.150164604187012, 1.7559013366699219, 5.071106910705566)
(1.681937575340271, -0.5225989818572998, 0.0, -1.0, -1.0, 0.0, 1000, 1000, 1000, 1000, 3.2178235054016113, -4.302014350891113, 0.0, -9.439818382263184, 21.15789794921875, -11.849701881408691, 14.028085708618164, -0.8087786436080933, 1.3696056604385376)
(1.9393748044967651, -3.089482307434082, 0.0, -1.0, -1.0, 0.0, 1000, 1000, 1000, 1000, 2.99503493309021, -3.4244089126586914, 0.0, -10.199880599975586, 20.614301681518555, -6.172133445739746, 13.929145812988281, 5.2437310218811035, 13.00074291229248)
(1.797209620475769, -4.792834758758545, 0.0, -1.0, -1.0, 0.0, 1000, 1000, 1000, 1000, 1.1045469045639038, -6.132015228271484, 0.0, -11.272292137145996, 20.50988006591797, -5.87176513671875, 13.849786758422852, 3.4479432106018066, 11.425965309143066)
(-0.3822200894355774, -6.179728031158447, 0.0, -1.0, -1.0, 0.0, 1000, 1000, 1000, 1000, -5.612947940826416, -5.696957588195801, 0.0, -11.670159339904785, 19.485952377319336, -2.6662416458129883, 13.79765510559082, 5.203519821166992, 16.33493423461914)
(-1.688759446144104, -8.5394287109375, 0.0, -1.0, -1.0, 0.0, 1000, 1000, 1000, 1000, -3.9094038009643555, -12.422075271606445, 0.0, -11.91848373413086, 18.045249938964844, 5.779428005218506, 13.826804161071777, 10.672860145568848, 30.27909278869629)
(-2.9226324558258057, -8.797175407409668, 0.0, -1.0, -1.0, 0.0, 1000, 1000, 1000, 1000, -3.100165367126465, -9.658390998840332, 0.0, -12.897751808166504, 18.610336303710938, 11.12955379486084, 13.939122200012207, 9.968031883239746, 35.03670883178711)
(-2.9811785221099854, -8.432262420654297, 0.0, -1.0, -1.0, 0.0, 1000, 1000, 1000, 1000, -3.781661033630371, -8.956472396850586, 0.0, -13.037232398986816, 18.110797882080078, 4.778372287750244, 14.048639297485352, -3.1950459480285645, 15.631965637207031)
(-2.200596809387207, -9.145401000976562, 0.0, -1.0, -1.0, 0.0, 1000, 1000, 1000, 1000, -4.941611289978027, -10.231667518615723, 0.0, -12.694246292114258, 17.868877410888672, 5.119460105895996, 14.096806526184082, -0.5029662847518921, 18.713300704956055)
(-4.0426225662231445, -10.437214851379395, 0.0, -1.0, -1.0, 0.0, 1000, 1000, 1000, 1000, -6.800270080566406, -11.646482467651367, 0.0, -13.454310417175293, 18.08336067199707, 21.24365997314453, 14.240300178527832, 17.42163848876953, 52.90559768676758)
(-4.840756893157959, -12.051040649414062, 0.0, -1.0, -1.0, 0.0, 1000, 1000, 1000, 1000, -4.775010108947754, -16.672283172607422, 0.0, -12.954005241394043, 17.908058166503906, 6.655710697174072, 14.39876651763916, -6.8099188804626465, 14.244558334350586)
(-6.267333984375, -11.807306289672852, 0.0, 0.0, -1.0, 0.0, 1000, 1000, 1000, 1000, -11.7428560256958, -12.092082977294922, 0.0, -14.843485832214355, 19.2665958404541, 30.337627410888672, 14.693608283996582, 17.043758392333984, 62.07499313354492)
(-7.576649188995361, -10.329472541809082, 0.0, -1.0, -1.0, 0.0, 1000, 1000, 1000, 1000, -3.3428092002868652, -2.7234959602355957, 0.0, -14.965438842773438, 20.01812171936035, 25.794403076171875, 14.987394332885742, 4.957369804382324, 45.739166259765625)
(-7.397670745849609, -9.036284446716309, 0.0, 0.0, -1.0, 0.0, 1000, 1000, 1000, 1000, -10.530548095703125, -7.078059673309326, 0.0, -14.909954071044922, 20.94693374633789, 22.980926513671875, 15.275128364562988, -0.9317280054092407, 37.32432556152344)
(-3.6645236015319824, -4.1877665519714355, 0.0, -1.0, -1.0, 0.0, 1000, 1000, 1000, 1000, 3.517164707183838, 2.6501574516296387, 0.0, -12.943646430969238, 23.408823013305664, 26.8044376373291, 15.420068740844727, 13.66305160522461, 55.88755798339844)
(-4.191290378570557, -4.062804222106934, 0.0, -1.0, 0.0, 0.0, 1000, 1000, 1000, 1000, 2.093520402908325, 4.251863479614258, 0.0, -13.143036842346191, 23.409889221191406, 14.17979621887207, 15.610706329345703, -3.1671886444091797, 26.623313903808594)
(-4.2807841300964355, -3.741086006164551, 0.0, -1.0, -1.0, 0.0, 1000, 1000, 1000, 1000, -0.6460056304931641, 0.06332540512084961, 0.0, -13.392729759216309, 23.339466094970703, 13.85484504699707, 15.791804313659668, -2.5887045860290527, 27.057945251464844)
(-4.281005859375, -3.4845852851867676, 0.0, -1.0, -1.0, 0.0, 1000, 1000, 1000, 1000, -2.8396077156066895, -2.3220465183258057, 0.0, -13.539071083068848, 23.359132766723633, 14.563047409057617, 15.957050323486328, -0.335244745016098, 30.18485450744629)
(-4.322458744049072, -3.4027490615844727, 0.0, -1.0, -1.0, 0.0, 1000, 1000, 1000, 1000, -4.587954998016357, -3.6128034591674805, 0.0, -13.634194374084473, 23.423765182495117, 14.167882919311523, 16.127099990844727, -0.7244988679885864, 29.570484161376953)
(-4.337084770202637, -3.3033766746520996, 0.0, -1.0, -1.0, 0.0, 1000, 1000, 1000, 1000, -4.543664932250977, -3.7822928428649902, 0.0, -13.670629501342773, 23.54297637939453, 13.250778198242188, 16.283231735229492, -1.2050718069076538, 28.32893943786621)
(-4.310791969299316, -3.1958329677581787, 0.0, -1.0, -1.0, 0.0, 1000, 1000, 1000, 1000, -4.351126670837402, -2.9677300453186035, 0.0, -13.699746131896973, 23.671480178833008, 13.413899421691895, 16.44805908203125, -1.0952816009521484, 28.76667594909668)
(-4.289304733276367, -3.167536497116089, 0.0, -1.0, -1.0, 0.0, 1000, 1000, 1000, 1000, -4.268318176269531, -3.5561933517456055, 0.0, -13.745478630065918, 23.781091690063477, 13.327951431274414, 16.602951049804688, -0.6375865340232849, 29.293315887451172)
(-4.299853801727295, -3.12923264503479, 0.0, -1.0, -1.0, 0.0, 1000, 1000, 1000, 1000, -3.929615020751953, -3.3799941539764404, 0.0, -13.780542373657227, 23.902881622314453, 13.27258586883545, 16.767274856567383, -1.082600712776184, 28.957260131835938)
(-4.289944648742676, -3.1105008125305176, 0.0, -1.0, -1.0, 0.0, 1000, 1000, 1000, 1000, -4.053401947021484, -3.1475586891174316, 0.0, -13.817891120910645, 24.016599655151367, 13.379290580749512, 16.921445846557617, -0.4084728956222534, 29.892263412475586)
(-4.305296421051025, -3.1168200969696045, 0.0, -1.0, -1.0, 0.0, 1000, 1000, 1000, 1000, -4.4298601150512695, -3.674431324005127, 0.0, -13.857986450195312, 24.132137298583984, 13.318746566772461, 17.081096649169922, -0.6516600251197815, 29.74818229675293)
(-4.289637088775635, -3.1052722930908203, 0.0, -1.0, -1.0, 0.0, 1000, 1000, 1000, 1000, -4.131282329559326, -3.390166759490967, 0.0, -13.895639419555664, 24.247220993041992, 13.353670120239258, 17.23561668395996, -0.29312166571617126, 30.296165466308594)
(-4.281611919403076, -3.127443313598633, 0.0, -1.0, -1.0, 0.0, 1000, 1000, 1000, 1000, -4.312709808349609, -3.470261335372925, 0.0, -13.93436050415039, 24.362150192260742, 13.272789001464844, 17.39939308166504, -1.0063735246658325, 29.665807723999023)
(-4.288585662841797, -3.1424429416656494, 0.0, -1.0, -1.0, 0.0, 1000, 1000, 1000, 1000, -4.113452434539795, -3.3827896118164062, 0.0, -13.974910736083984, 24.47844886779785, 13.276293754577637, 17.553852081298828, -0.5457397699356079, 30.284406661987305)
(-4.2638139724731445, -3.139808177947998, 0.0, 0.0, -1.0, 0.0, 1000, 1000, 1000, 1000, -4.4748945236206055, -3.3920886516571045, 0.0, -14.013480186462402, 24.594743728637695, 17.22598648071289, 17.715715408325195, 4.899135112762451, 39.84083557128906)