
(-6.748132228851318, -4.763078212738037, 0.0, -1.0, -1.0, 0.0, -0.15243902802467346, 0.5487805008888245, 0.0, 34.488792419433594, 22.578468322753906, 0.0, 1000, 1000, 1000, 1000, -6.577675819396973, -5.448205947875977, 0.0, -0.9051876068115234, 2.438117742538452, 0.0, 0.0, -0.0, 0.0, 17.623750686645508, 0.0, 0.03664834424853325, 17.660398483276367)
(-6.648253440856934, -4.700591087341309, 0.0, -1.0, -1.0, 0.0, 0.9146341681480408, -0.12195122241973877, 0.0, 33.88951873779297, 22.20354652404785, 0.0, 1000, 1000, 1000, 1000, -4.738487243652344, -4.107669353485107, 0.0, -0.9439077377319336, 2.567233085632324, 0.0, 0.0, -0.0, 0.0, 17.86039924621582, 0.0, 0.5092414617538452, 18.369640350341797)
(-6.753863334655762, -4.635509490966797, 0.0, -1.0, -1.0, 0.0, -0.6707317233085632, -0.8536585569381714, 0.0, 34.52317810058594, 21.81305694580078, 0.0, 1000, 1000, 1000, 1000, -6.503602981567383, -2.9017462730407715, 0.0, -1.051682472229004, 2.6791231632232666, 0.0, 0.0, -0.0, 0.0, 18.133373260498047, 0.0, 0.6333255171775818, 18.766698837280273)
(-7.37557315826416, -5.733426094055176, 0.0, -1.0, -1.0, 0.0, -6.829268455505371, 3.3231706619262695, 0.0, 38.253440856933594, 28.400556564331055, 0.0, 1000, 1000, 1000, 1000, -9.096896171569824, -4.9293999671936035, 0.0, -1.538267970085144, 2.8155550956726074, 0.0, 0.0, 0.0, 0.0, 20.061908721923828, 0.0, -0.9160984754562378, 19.145809173583984)
(-11.040969848632812, -3.524329900741577, 0.0, -1.0, -1.0, 0.0, -5.121951103210449, 6.920731544494629, 0.0, 60.245819091796875, 15.145978927612305, 0.0, 1000, 1000, 1000, 1000, -10.682565689086914, -2.1652698516845703, 0.0, -4.3030548095703125, 3.4615907669067383, 0.0, 0.0, -0.0, 0.0, 6.580197811126709, 0.0, -8.463232040405273, -1.8830344676971436)
(-11.052720069885254, -3.44746994972229, 0.0, -1.0, -1.0, 0.0, -17.682926177978516, -22.225608825683594, 0.0, 60.316322326660156, 14.684820175170898, 0.0, 1000, 1000, 1000, 1000, -5.87371826171875, 4.003917694091797, 0.0, -3.916163921356201, 2.644364833831787, 0.0, 0.0, 0.0, 0.0, 29.528345108032227, 0.0, 1.6463534832000732, 31.174697875976562)
(-16.63893699645996, -3.418630361557007, 0.0, -1.0, -1.0, 0.0, 6.859755992889404, -2.4695122241973877, 0.0, 93.8336181640625, 14.511781692504883, 0.0, 1000, 1000, 1000, 1000, -20.08570671081543, -1.1751937866210938, 0.0, -6.223632335662842, 3.600767135620117, 0.0, 0.0, 0.0, 0.0, 13.58503532409668, 0.0, 4.745103359222412, 18.33013916015625)
(-12.564024925231934, 1.4069064855575562, 0.0, -1.0, -1.0, 0.0, -1.6463414430618286, 23.567073822021484, 0.0, 69.38414764404297, -14.441438674926758, 0.0, 1000, 1000, 1000, 1000, -10.116571426391602, 5.181062698364258, 0.0, -3.745278835296631, 7.085066318511963, 0.0, 0.0, 0.0, 0.0, -30.406810760498047, 0.0, -6.859368801116943, -37.26618194580078)
(-17.339841842651367, 3.6101624965667725, 0.0, 0.0, -1.0, 0.0, -15.213414192199707, -15.884146690368652, 0.0, 104.03904724121094, -27.660974502563477, 0.0, 1000, 1000, 1000, 1000, -25.911806106567383, 5.6008100509643555, 0.0, -8.044211387634277, 5.7373528480529785, 0.0, 0.0, 0.0, 0.0, -9.421462059020996, 0.0, 0.6156888604164124, -8.805773735046387)
(-20.394922256469727, 3.234555244445801, 0.0, -1.0, -1.0, 0.0, 13.963414192199707, 6.95121955871582, 0.0, 116.36953735351562, -25.407331466674805, 0.0, 1000, 1000, 1000, 1000, -21.3048095703125, 5.5980377197265625, 0.0, -7.719668388366699, 5.612658500671387, 0.0, 0.0, -0.0, 0.0, -25.8868408203125, 0.0, -0.995882511138916, -26.882722854614258)
(-16.859886169433594, 3.5990302562713623, 0.0, -1.0, -1.0, 0.0, -1.8292683362960815, -0.5182926654815674, 0.0, 95.15931701660156, -27.594181060791016, 0.0, 1000, 1000, 1000, 1000, -21.972164154052734, 6.093786239624023, 0.0, -5.619514465332031, 5.603359699249268, 0.0, 0.0, 0.0, 0.0, -21.660709381103516, 0.0, 0.10584612190723419, -21.55486488342285)
(-11.956889152526855, 10.790596961975098, 0.0, -1.0, -1.0, 0.0, 9.329268455505371, 13.62804889678955, 0.0, 65.7413330078125, -70.74358367919922, 0.0, 1000, 1000, 1000, 1000, -5.211724758148193, 23.199405670166016, 0.0, -4.594057559967041, 9.510066986083984, 0.0, 0.0, -0.0, 0.0, -67.49730682373047, 0.0, -5.345033645629883, -72.84233856201172)
(-12.893880844116211, 9.13066291809082, 0.0, 0.0, -1.0, 0.0, -6.097560882568359, -1.4329267740249634, 0.0, 77.36328125, -60.78397750854492, 0.0, 1000, 1000, 1000, 1000, -16.35240364074707, 7.389686584472656, 0.0, -5.884912967681885, 7.764487266540527, 0.0, 0.0, 0.0, 0.0, -47.48084259033203, 0.0, -4.793842315673828, -52.27468490600586)
(-14.062671661376953, 11.050585746765137, 0.0, -1.0, -1.0, 0.0, -1.8902438879013062, -11.829268455505371, 0.0, 78.37602996826172, -72.30351257324219, 0.0, 1000, 1000, 1000, 1000, -18.705894470214844, 13.674789428710938, 0.0, -5.834761619567871, 7.287047863006592, 0.0, 0.0, 0.0, 0.0, -48.37939453125, 0.0, 3.5488860607147217, -44.830509185791016)
(-15.493263244628906, 10.288233757019043, 0.0, -1.0, -1.0, 0.0, -10.091463088989258, -9.908536911010742, 0.0, 86.95957946777344, -67.72940063476562, 0.0, 1000, 1000, 1000, 1000, -10.848575592041016, 10.122653007507324, 0.0, -7.133238315582275, 5.3663153648376465, 0.0, 0.0, 0.0, 0.0, -46.256690979003906, 0.0, 3.8897364139556885, -42.3669548034668)
(-11.792529106140137, 6.319026470184326, 0.0, -1.0, -1.0, 0.0, 10.182927131652832, -6.79878044128418, 0.0, 64.75517272949219, -43.91415786743164, 0.0, 1000, 1000, 1000, 1000, -4.378159999847412, 4.186331748962402, 0.0, -7.222722053527832, 2.484152317047119, 0.0, 0.0, -0.0, 0.0, -29.692302703857422, 0.0, 0.13437087833881378, -29.557931900024414)
(-4.021409034729004, 4.508255481719971, 0.0, -1.0, -1.0, 0.0, 7.8353657722473145, -2.7439024448394775, 0.0, 18.128454208374023, -27.04953384399414, 0.0, 1000, 1000, 1000, 1000, 0.9935476779937744, 3.093550682067871, 0.0, -3.9150991439819336, 1.9539692401885986, 0.0, 0.0, -0.0, 0.0, -19.44450569152832, 0.0, 3.6108994483947754, -15.833605766296387)
(-1.3773285150527954, 3.370443344116211, 0.0, -1.0, -1.0, 0.0, 4.695121765136719, -5.3353657722473145, 0.0, 2.2639710903167725, -26.222660064697266, 0.0, 1000, 1000, 1000, 1000, -0.8750252723693848, 0.8076949119567871, 0.0, -3.360525608062744, 0.544823169708252, -0.0, 0.0, -0.0, 0.0, -16.709835052490234, 0.0, 0.9671037793159485, -15.742732048034668)
(2.8917901515960693, 1.4283772706985474, 0.0, -1.0, -1.0, 0.0, -2.1341464519500732, 5.213414669036865, 0.0, -23.350740432739258, -14.570263862609863, 0.0, 1000, 1000, 1000, 1000, 9.533075332641602, 1.9097232818603516, 0.0, -1.9221115112304688, -0.6795670390129089, -0.0, 0.0, -0.0, 0.0, -15.826942443847656, 0.0, -6.267044544219971, -22.09398651123047)
(4.241013050079346, 4.937098979949951, 0.0, -1.0, -1.0, 0.0, -0.8536585569381714, -0.21341463923454285, 0.0, -31.44607925415039, -35.62259292602539, 0.0, 1000, 1000, 1000, 1000, 9.491145133972168, 7.21190071105957, 0.0, -2.2588489055633545, 1.8431464433670044, -0.0, 0.0, -0.0, 0.0, -28.327342987060547, 0.0, 3.451451063156128, -24.875892639160156)
(3.69101619720459, 1.4648338556289673, 0.0, -1.0, 0.0, 0.0, 3.2012195587158203, -3.079268217086792, 0.0, -28.14609718322754, -8.789003372192383, 0.0, 1000, 1000, 1000, 1000, 0.42683839797973633, -4.808891773223877, 0.0, -3.053818702697754, -0.7644755840301514, -0.0, 0.0, -0.0, 0.0, -4.567788124084473, 0.0, 1.4526207447052002, -3.1151671409606934)
(3.7531299591064453, 0.04366679862141609, 0.0, -1.0, -1.0, 0.0, -0.9451219439506531, 1.2195122241973877, 0.0, -28.518779754638672, -6.262000560760498, 0.0, 1000, 1000, 1000, 1000, 2.6418747901916504, -0.6593747138977051, 0.0, -3.046349287033081, -0.33551228046417236, -0.0, 0.0, -0.0, 0.0, -5.985210418701172, 0.0, 0.6085463166236877, -5.376664161682129)
(3.3232908248901367, -0.4010113477706909, 0.0, -1.0, -1.0, 0.0, -1.2804877758026123, -4.329268455505371, 0.0, -25.93974494934082, -3.5939319133758545, 0.0, 1000, 1000, 1000, 1000, 2.2296693325042725, -0.23270893096923828, 0.0, -3.5577824115753174, -0.8324634432792664, -0.0, 0.0, -0.0, 0.0, 0.5882692337036133, 0.0, 1.0172902345657349, 1.6055594682693481)
(2.770540714263916, -1.4976863861083984, 0.0, -1.0, -1.0, 0.0, -3.0182926654815674, 3.6890244483947754, 0.0, -22.623245239257812, 2.9861183166503906, 0.0, 1000, 1000, 1000, 1000, 2.741633415222168, -2.0322234630584717, 0.0, -3.7355270385742188, -0.9823108911514282, -0.0, 0.0, 0.0, 0.0, -0.5623248815536499, 0.0, -1.3582642078399658, -1.9205890893936157)
(1.7591549158096313, -0.2897320091724396, 0.0, -1.0, 0.0, 0.0, -2.5, 5.060975551605225, 0.0, -16.554929733276367, 1.7383921146392822, 0.0, 1000, 1000, 1000, 1000, 1.9697610139846802, 1.2415566444396973, 0.0, -4.437049388885498, 0.3318657875061035, -0.0, 0.0, 0.0, 0.0, -2.658066749572754, 0.0, 6.519291877746582, 3.861225128173828)
(0.45911353826522827, 1.276430368423462, 0.0, -1.0, -1.0, 0.0, -1.402438998222351, 5.396341323852539, 0.0, -8.754681587219238, -13.65858268737793, 0.0, 1000, 1000, 1000, 1000, -1.116708755493164, 2.4286274909973145, 0.0, -5.18171501159668, 1.429274082183838, -0.0, 0.0, 0.0, 0.0, -15.243939399719238, 0.0, -1.755642056465149, -16.99958038330078)
(-0.05795510858297348, 2.0139148235321045, 0.0, -1.0, -1.0, 0.0, -0.3353658616542816, -1.6463414430618286, 0.0, -5.65226936340332, -18.08348846435547, 0.0, 1000, 1000, 1000, 1000, -0.24613356590270996, 2.5268993377685547, 0.0, -5.36037540435791, 1.922871470451355, -0.0, 0.0, 0.0, 0.0, -13.149717330932617, -0.0, 1.7524032592773438, -11.397314071655273)
(-0.7269507050514221, 1.3394644260406494, 0.0, -1.0, -1.0, 0.0, 0.8841463327407837, -1.1280487775802612, 0.0, -1.6382957696914673, -14.036787033081055, 0.0, 1000, 1000, 1000, 1000, -1.9271481037139893, 0.9955205917358398, 0.0, -5.6827826499938965, 1.1811034679412842, -0.0, 0.0, -0.0, 0.0, -10.326990127563477, -0.0, -0.20162220299243927, -10.528613090515137)
(-0.7233001589775085, 0.3077165186405182, 0.0, -1.0, -1.0, 0.0, -0.24390244483947754, -5.030488014221191, 0.0, -1.6601990461349487, -7.846299171447754, 0.0, 1000, 1000, 1000, 1000, -0.8077147006988525, -0.04817342758178711, 0.0, -5.632782459259033, 0.5332377552986145, -0.0, 0.0, -0.0, 0.0, -2.2526488304138184, -0.0, 1.9830539226531982, -0.26959502696990967)
(-0.6341192126274109, -0.3362540304660797, 0.0, -1.0, -1.0, 0.0, -0.4268292784690857, 4.817073345184326, 0.0, -2.195284843444824, -3.982475757598877, 0.0, 1000, 1000, 1000, 1000, -0.3221306800842285, -0.4432506561279297, 0.0, -5.574548244476318, 0.585524320602417, -0.0, 0.0, -0.0, 0.0, -7.039639472961426, -0.0, -1.3969595432281494, -8.436598777770996)
(-0.8184506893157959, -0.5847671627998352, 0.0, -1.0, -1.0, 0.0, 0.4268292784690857, -5.152439117431641, 0.0, -1.0892958641052246, -2.491396903991699, 0.0, 1000, 1000, 1000, 1000, -1.361699104309082, -1.6981313228607178, 0.0, -5.782931804656982, 0.4120486080646515, -0.0, 0.0, -0.0, 0.0, 2.128833770751953, -0.0, 2.077988862991333, 4.206822872161865)
(-0.5002109408378601, -1.7056081295013428, 0.0, -1.0, -1.0, 0.0, 0.24390244483947754, 10.0, 0.0, -2.998734474182129, 4.233648777008057, 0.0, 1000, 1000, 1000, 1000, 1.1429100036621094, -3.4121317863464355, 0.0, -5.611133098602295, 0.2922315001487732, -0.0, 0.0, 0.0, 0.0, -4.613080978393555, -0.0, -6.310524940490723, -10.923605918884277)
(1.1811987161636353, 22.334238052368164, 0.0, -1.0, -1.0, 0.0, -9.115853309631348, 98.29268646240234, 0.0, -13.08719253540039, -140.00543212890625, 0.0, 1000, 1000, 1000, 1000, 7.6533403396606445, 49.63603973388672, 0.0, -6.223937034606934, 19.391315460205078, -0.0, 0.0, 0.0, 0.0, -190.6385040283203, -0.0, -23.598718643188477, -214.23721313476562)
(-1.348958969116211, 21.438711166381836, 0.0, -1.0, -1.0, 0.0, -7.469511985778809, -117.01219177246094, 0.0, 2.0937538146972656, -134.63226318359375, 0.0, 1000, 1000, 1000, 1000, -4.066857814788818, 10.821874618530273, 0.0, -9.387197494506836, 9.998626708984375, 0.0, 0.0, -0.0, 0.0, -14.096056938171387, -0.0, 31.801565170288086, 17.705507278442383)
(-2.141874074935913, 3.6300599575042725, 0.0, -1.0, -1.0, 0.0, 5.0, 15.731707572937012, 0.0, 6.8512444496154785, -27.780359268188477, 0.0, 1000, 1000, 1000, 1000, -4.890378952026367, -2.3207199573516846, 0.0, -8.465092658996582, 1.2425302267074585, 0.0, 0.0, -0.0, 0.0, -34.809654235839844, -0.0, -6.674910068511963, -41.484561920166016)
(-1.7363710403442383, 2.9779396057128906, 0.0, -1.0, -1.0, 0.0, -1.25, -8.932927131652832, 0.0, 4.41822624206543, -23.867637634277344, 0.0, 1000, 1000, 1000, 1000, -2.3783140182495117, 1.107309341430664, 0.0, -7.935519218444824, 1.8742384910583496, 0.0, 0.0, 0.0, 0.0, -11.947768211364746, -0.0, 4.577142238616943, -7.370626449584961)
(-1.6259108781814575, 1.2422220706939697, 0.0, -1.0, -1.0, 0.0, -0.15243902802467346, 3.932926893234253, 0.0, 3.755465269088745, -13.453332901000977, 0.0, 1000, 1000, 1000, 1000, -1.7202930450439453, -0.8042998313903809, 0.0, -7.954878807067871, 2.096951723098755, 0.0, 0.0, -0.0, 0.0, -13.90900707244873, -0.0, 2.1410439014434814, -11.767963409423828)
(-1.7400519847869873, -0.5590180158615112, 0.0, 0.0, -1.0, 0.0, 0.9146341681480408, -1.737804889678955, 0.0, 10.440311431884766, -2.6458919048309326, 0.0, 1000, 1000, 1000, 1000, -1.7685976028442383, -3.6506807804107666, 0.0, -7.905338287353516, 1.7115857601165771, 0.0, 0.0, 0.0, 0.0, -0.7264696359634399, -0.0, 0.011058527044951916, -0.7154110670089722)
(0.4151346981525421, 5.217296600341797, 0.0, -1.0, -1.0, 0.0, 8.963414192199707, 109.45121765136719, 0.0, -8.490808486938477, -37.30377960205078, 0.0, 1000, 1000, 1000, 1000, 2.8793654441833496, 8.71524429321289, 0.0, -6.384149074554443, 8.9347562789917, -0.0, 0.0, -0.0, 0.0, -117.40400695800781, -0.0, -58.12785339355469, -175.5318603515625)
(-2.906282424926758, 36.95886993408203, 0.0, -1.0, -1.0, 0.0, -16.95121955871582, -62.19512176513672, 0.0, 11.437694549560547, -227.7532196044922, 0.0, 1000, 1000, 1000, 1000, -5.334089756011963, 53.80836486816406, 0.0, -12.16189193725586, 26.652437210083008, 0.0, 0.0, -0.0, 0.0, -132.4464874267578, -0.0, 51.616355895996094, -80.83012390136719)
(-1.5874392986297607, 2.695500373840332, 0.0, -1.0, -1.0, 0.0, 10.884146690368652, -33.68902587890625, 0.0, 3.5246357917785645, -22.173002243041992, 0.0, 1000, 1000, 1000, 1000, -0.9574942588806152, -19.458908081054688, 0.0, -8.849848747253418, -0.8512185215950012, -0.0, 0.0, 0.0, 0.0, 9.21281909942627, -0.0, -19.62258529663086, -10.40976619720459)
(0.4528590440750122, 6.319459438323975, 0.0, 0.0, -1.0, 0.0, -2.7439024448394775, 13.87195110321045, 0.0, -2.7171542644500732, -43.91675567626953, 0.0, 1000, 1000, 1000, 1000, 2.284046173095703, 9.645088195800781, 0.0, -7.145885467529297, 6.762805938720703, 0.0, 0.0, 0.0, 0.0, -46.23096466064453, -0.0, 6.768138408660889, -39.46282958984375)
(1.4005078077316284, 6.022248268127441, 0.0, -1.0, -1.0, 0.0, 7.530488014221191, -4.756097793579102, 0.0, -14.403046607971191, -42.13349151611328, 0.0, 1000, 1000, 1000, 1000, 2.5536694526672363, 4.788941383361816, 0.0, -6.42561149597168, 5.870427131652832, -0.0, 0.0, -0.0, 0.0, -29.90191650390625, -0.0, 0.4598076343536377, -29.442108154296875)
(2.331615686416626, 4.8586249351501465, 0.0, -1.0, -1.0, 0.0, -3.658536672592163, 1.2804877758026123, 0.0, -19.989694595336914, -35.15174865722656, 0.0, 1000, 1000, 1000, 1000, 3.677327871322632, 1.7851715087890625, 0.0, -6.458386421203613, 6.1384148597717285, -0.0, 0.0, 0.0, 0.0, -29.145788192749023, -0.0, 1.9491995573043823, -27.19658851623535)
(2.0879104137420654, 4.524918556213379, 0.0, -1.0, -1.0, 0.0, 1.097561001777649, -0.0, 0.0, -18.527462005615234, -33.149513244628906, 0.0, 1000, 1000, 1000, 1000, 2.6897475719451904, 3.790999412536621, 0.0, -6.647867202758789, 6.541159629821777, -0.0, 0.0, -0.0, 0.0, -26.519611358642578, -0.0, 1.5747913122177124, -24.9448184967041)
(2.7964162826538086, 3.9690747261047363, 0.0, -1.0, 0.0, 0.0, -2.2865853309631348, -3.2926828861236572, 0.0, -22.77849769592285, -23.814449310302734, 0.0, 1000, 1000, 1000, 1000, 4.207318305969238, 4.1071929931640625, 0.0, -6.4870429039001465, 6.047563076019287, -0.0, 0.0, 0.0, 0.0, -16.41741371154785, -0.0, 3.2357773780822754, -13.181635856628418)
(2.5982086658477783, 3.213740110397339, 0.0, -1.0, -1.0, 0.0, -0.8536585569381714, 0.8231707215309143, 0.0, -21.589252471923828, -25.282440185546875, 0.0, 1000, 1000, 1000, 1000, 3.469573736190796, 1.2800498008728027, 0.0, -6.682165622711182, 6.132625102996826, -0.0, 0.0, 0.0, 0.0, -20.884489059448242, -0.0, 1.4728236198425293, -19.411664962768555)
(2.426525115966797, 2.3088197708129883, 0.0, -1.0, -1.0, 0.0, -0.6402438879013062, -2.317073106765747, 0.0, -20.55915069580078, -19.85291862487793, 0.0, 1000, 1000, 1000, 1000, 2.71427321434021, 1.0290846824645996, 0.0, -6.899239540100098, 5.671649932861328, -0.0, 0.0, 0.0, 0.0, -14.02867603302002, -0.0, 0.9601396918296814, -13.068535804748535)
(2.2244582176208496, 1.7351160049438477, 0.0, -1.0, -1.0, 0.0, -1.585365891456604, 1.5548779964447021, 0.0, -19.34674835205078, -16.410696029663086, 0.0, 1000, 1000, 1000, 1000, 2.3347699642181396, 1.2206292152404785, 0.0, -7.1096062660217285, 5.718601703643799, -0.0, 0.0, 0.0, 0.0, -14.372459411621094, -0.0, 0.16019098460674286, -14.212268829345703)
(1.7906954288482666, 1.5345491170883179, 0.0, -1.0, -1.0, 0.0, -1.6463414430618286, -0.12195122241973877, 0.0, -16.744173049926758, -15.207294464111328, 0.0, 1000, 1000, 1000, 1000, 1.3078510761260986, 0.8178730010986328, 0.0, -7.410216808319092, 5.770583629608154, -0.0, 0.0, 0.0, 0.0, -12.06827449798584, -0.0, 0.3111216425895691, -11.757153511047363)
(1.310557246208191, 0.3608457148075104, 0.0, -1.0, -1.0, 0.0, -5.396341323852539, -13.32317066192627, 0.0, -13.863343238830566, -8.165074348449707, 0.0, 1000, 1000, 1000, 1000, 0.8866938352584839, -1.018836498260498, 0.0, -7.610368728637695, 4.725613117218018, -0.0, 0.0, 0.0, 0.0, 4.126477241516113, -0.0, 6.408385753631592, 10.534862518310547)
(3.7422707080841064, 18.209739685058594, 0.0, -1.0, -1.0, 0.0, 0.27439025044441223, 186.55487060546875, 0.0, -28.453624725341797, -115.25843811035156, 0.0, 1000, 1000, 1000, 1000, 10.817632675170898, 54.1218376159668, 0.0, -7.011588096618652, 22.922714233398438, -0.0, 0.0, -0.0, 0.0, -241.4506378173828, -0.0, -65.97550964355469, -300.0)
(3.5807132720947266, 45.364234924316406, 0.0, -1.0, -1.0, 0.0, -2.5, -8.018292427062988, 0.0, -27.48427963256836, -278.1854248046875, 0.0, 1000, 1000, 1000, 1000, 7.009891510009766, 57.20652389526367, 0.0, -9.604427337646484, 34.85441207885742, -0.0, 0.0, -0.0, 0.0, -216.1337127685547, -0.0, -1.564825415611267, -217.69854736328125)
(4.70289421081543, 48.05724334716797, 0.0, -1.0, -1.0, 0.0, 0.6707317233085632, 3.1097559928894043, 0.0, -34.21736526489258, -294.34344482421875, 0.0, 1000, 1000, 1000, 1000, 7.714038372039795, 52.35197830200195, 0.0, -10.368603706359863, 32.807308197021484, -0.0, 0.0, -0.0, 0.0, -237.96255493164062, -0.0, -9.398151397705078, -247.36070251464844)
(5.894836902618408, 50.34675598144531, 0.0, -1.0, -1.0, 0.0, -1.3719512224197388, -5.213414669036865, 0.0, -41.369022369384766, -308.0805358886719, 0.0, 1000, 1000, 1000, 1000, 6.698461532592773, 53.46983337402344, 0.0, -10.554276466369629, 32.08658981323242, -0.0, 0.0, -0.0, 0.0, -242.293701171875, -0.0, -2.2364068031311035, -244.5301055908203)
(6.182362079620361, 51.43781280517578, 0.0, -1.0, -1.0, 0.0, -1.0670732259750366, 3.8109755516052246, 0.0, -43.094173431396484, -314.62689208984375, 0.0, 1000, 1000, 1000, 1000, 7.618230819702148, 54.119972229003906, 0.0, -10.522417068481445, 31.816322326660156, -0.0, 0.0, 0.0, 0.0, -254.7502899169922, -0.0, -2.7263033390045166, -257.4765930175781)
(6.158755302429199, 52.2481689453125, 0.0, -1.0, -1.0, 0.0, -1.2804877758026123, 0.4573170840740204, 0.0, -42.95252990722656, -319.489013671875, 0.0, 1000, 1000, 1000, 1000, 5.7905120849609375, 52.522422790527344, 0.0, -10.937660217285156, 31.996353149414062, -0.0, 0.0, -0.0, 0.0, -255.95706176757812, -0.0, 0.00026831054128706455, -255.956787109375)
(6.12046480178833, 52.3604736328125, 0.0, -1.0, -1.0, 0.0, -1.1280487775802612, -2.7134146690368652, 0.0, -42.7227897644043, -320.162841796875, 0.0, 1000, 1000, 1000, 1000, 6.607824325561523, 52.4705810546875, 0.0, -11.052448272705078, 31.95412826538086, -0.0, 0.0, 0.0, 0.0, -253.9595489501953, -0.0, 1.6754460334777832, -252.2841033935547)
(6.540124416351318, 37.27560806274414, 0.0, 0.0, -1.0, 0.0, 6.097560882568359, -147.3780517578125, 0.0, -39.240745544433594, -229.65365600585938, 0.0, 1000, 1000, 1000, 1000, 6.136378765106201, 21.98362159729004, 0.0, -9.81662654876709, 17.816017150878906, -0.0, 0.0, 0.0, 0.0, -65.82048034667969, -0.0, 55.29751968383789, -10.522963523864746)
(5.2760210037231445, 14.012200355529785, 0.0, -1.0, -1.0, 0.0, 0.9146341681480408, 42.59146499633789, 0.0, -37.6561279296875, -90.07320404052734, 0.0, 1000, 1000, 1000, 1000, 4.657903671264648, 4.648935317993164, 0.0, -8.857175827026367, 8.321505546569824, -0.0, 0.0, 0.0, 0.0, -106.1317367553711, -0.0, -10.947108268737793, -117.07884979248047)
(2.984128475189209, 12.184165000915527, 0.0, -1.0, -1.0, 0.0, -4.0853657722473145, -7.195121765136719, 0.0, -23.904769897460938, -79.10498809814453, 0.0, 1000, 1000, 1000, 1000, -1.277900218963623, 5.143278121948242, 0.0, -10.154890060424805, 9.613272666931152, -0.0, 0.0, 0.0, 0.0, -57.52789306640625, -0.0, 2.5078699588775635, -55.020023345947266)
(1.4412946701049805, 10.389788627624512, 0.0, -1.0, -1.0, 0.0, -0.12195122241973877, 7.865853786468506, 0.0, -14.647768020629883, -68.33872985839844, 0.0, 1000, 1000, 1000, 1000, 0.05867648124694824, 7.192340850830078, 0.0, -10.255806922912598, 11.016170501708984, -0.0, 0.0, 0.0, 0.0, -60.96366500854492, -0.0, 1.1295298337936401, -59.834136962890625)
(3.9117355346679688, -2.392726421356201, 0.0, -1.0, 0.0, 0.0, 2.408536672592163, -174.3292694091797, 0.0, -29.470413208007812, 14.356358528137207, 0.0, 1000, 1000, 1000, 1000, 12.370292663574219, -20.173799514770508, 0.0, -7.973639965057373, -0.7505956888198853, -0.0, 0.0, 0.0, 0.0, 150.94850158691406, -0.0, 89.331298828125, 240.27980041503906)
(3.0441648960113525, -26.626937866210938, 0.0, -1.0, -1.0, 0.0, -1.8292683362960815, 85.06097412109375, 0.0, -24.264989852905273, 153.76162719726562, 0.0, 1000, 1000, 1000, 1000, -0.27471446990966797, -34.60777282714844, 0.0, -9.462514877319336, -9.295565605163574, -0.0, 0.0, 0.0, 0.0, 54.96052169799805, -0.0, -18.942955017089844, 36.0175666809082)
(-0.32091203331947327, -20.18044662475586, 0.0, -1.0, -1.0, 0.0, 5.579268455505371, 70.03048706054688, 0.0, -4.074527740478516, 115.08267974853516, 0.0, 1000, 1000, 1000, 1000, -9.383593559265137, -17.064807891845703, 0.0, -11.80595588684082, -0.8265106081962585, -0.0, 0.0, -0.0, 0.0, 36.04175567626953, -0.0, -34.41558074951172, 1.6261731386184692)
(-0.5231454372406006, 2.772401809692383, 0.0, -1.0, -1.0, 0.0, 1.1890244483947754, 0.396341472864151, 0.0, -2.8611273765563965, -22.634410858154297, 0.0, 1000, 1000, 1000, 1000, 0.07685256004333496, 17.395503997802734, 0.0, -10.80412483215332, 13.660684585571289, -0.0, 0.0, 0.0, 0.0, -18.424602508544922, -0.0, 12.341692924499512, -6.082908630371094)
(-0.5820626616477966, 0.23158258199691772, 0.0, -1.0, -1.0, 0.0, 8.719511985778809, -5.487804889678955, 0.0, -2.5076241493225098, -7.389495372772217, 0.0, 1000, 1000, 1000, 1000, -1.6651690006256104, -1.5037355422973633, 0.0, -10.35184097290039, 8.431722640991211, -0.0, 0.0, -0.0, 0.0, -1.5213524103164673, -0.0, -7.2487053871154785, -8.770057678222656)
(1.5930732488632202, 3.653825283050537, 0.0, -1.0, -1.0, 0.0, 2.896341562271118, 4.6646342277526855, 0.0, -15.558439254760742, -27.922950744628906, 0.0, 1000, 1000, 1000, 1000, 3.405918836593628, 7.819710731506348, 0.0, -8.950014114379883, 10.657792091369629, -0.0, 0.0, -0.0, 0.0, -26.070068359375, -0.0, 0.09831186383962631, -25.971755981445312)
(2.735205888748169, 5.756175518035889, 0.0, -1.0, -1.0, 0.0, -0.21341463923454285, 4.329268455505371, 0.0, -22.411235809326172, -40.537052154541016, 0.0, 1000, 1000, 1000, 1000, 4.683047294616699, 7.914680480957031, 0.0, -8.52592945098877, 11.048643112182617, -0.0, 0.0, 0.0, 0.0, -35.89305877685547, -0.0, -2.8045926094055176, -38.69765090942383)
(2.7336618900299072, 6.986401081085205, 0.0, -1.0, -1.0, 0.0, -0.18292683362960815, 1.0365853309631348, 0.0, -22.4019718170166, -47.91840744018555, 0.0, 1000, 1000, 1000, 1000, 2.8808460235595703, 6.451922416687012, 0.0, -8.981263160705566, 11.069682121276855, -0.0, 0.0, -0.0, 0.0, -39.16399383544922, -0.0, -1.600448489189148, -40.764442443847656)
(3.7038514614105225, 6.269828796386719, 0.0, -1.0, -1.0, 0.0, -0.6402438879013062, -44.84756088256836, 0.0, -28.223108291625977, -43.61897277832031, 0.0, 1000, 1000, 1000, 1000, 7.367486000061035, 8.862117767333984, 0.0, -8.25367259979248, 9.813282012939453, -0.0, 0.0, 0.0, 0.0, 0.9828704595565796, -0.0, 30.083301544189453, 31.066171646118164)
(0.0705060288310051, -31.3099308013916, 0.0, 0.0, -1.0, 0.0, -7.103658676147461, -15.27439022064209, 0.0, -0.4230361580848694, 181.85958862304688, 0.0, 1000, 1000, 1000, 1000, -2.3051705360412598, -59.09634780883789, 0.0, -13.294830322265625, -16.818880081176758, 0.0, 0.0, -0.0, 0.0, 157.70718383789062, -0.0, -38.26871109008789, 119.43846893310547)
(2.725637197494507, -3.992048501968384, 0.0, -1.0, -1.0, 0.0, 13.780488014221191, 114.32926940917969, 0.0, -22.353822708129883, 17.95229148864746, 0.0, 1000, 1000, 1000, 1000, 5.476505279541016, 24.488964080810547, 0.0, -9.222270965576172, 12.293007850646973, -0.0, 0.0, -0.0, 0.0, -77.10157775878906, -0.0, -8.365721702575684, -85.46730041503906)
(1.0840001106262207, -0.5737831592559814, 0.0, -1.0, -1.0, 0.0, -7.22560977935791, -29.359756469726562, 0.0, -12.504000663757324, -2.5573010444641113, 0.0, 1000, 1000, 1000, 1000, -3.5537681579589844, -5.043776988983154, 0.0, -11.027910232543945, 8.06175422668457, -0.0, 0.0, -0.0, 0.0, 21.441965103149414, -0.0, -6.454801559448242, 14.987163543701172)
(1.505741000175476, 0.6256324052810669, 0.0, -1.0, -1.0, 0.0, -0.15243902802467346, 3.1402440071105957, 0.0, -15.034445762634277, -9.75379467010498, 0.0, 1000, 1000, 1000, 1000, 3.2399637699127197, 3.186429023742676, 0.0, -9.918914794921875, 9.644832611083984, -0.0, 0.0, 0.0, 0.0, -10.315231323242188, -0.0, 3.5685195922851562, -6.746711730957031)
(1.0327961444854736, 0.013459458015859127, 0.0, -1.0, 0.0, 0.0, 0.15243902802467346, -2.804877996444702, 0.0, -12.19677734375, -0.08075674623250961, 0.0, 1000, 1000, 1000, 1000, 0.8016177415847778, -1.0124542713165283, 0.0, -10.462972640991211, 8.292240142822266, -0.0, 0.0, -0.0, 0.0, 2.1792969703674316, -0.0, -1.9081811904907227, 0.27111589908599854)
(1.3040964603424072, 2.643098831176758, 0.0, -1.0, -1.0, 0.0, -1.1585365533828735, 7.804878234863281, 0.0, -13.824579238891602, -21.858592987060547, 0.0, 1000, 1000, 1000, 1000, 2.6372721195220947, 4.419137001037598, 0.0, -10.216325759887695, 10.136295318603516, -0.0, 0.0, 0.0, 0.0, -23.730777740478516, -0.0, -1.2274081707000732, -24.95818519592285)
(1.4953800439834595, 5.7944841384887695, 0.0, -1.0, -1.0, 0.0, 5.853658676147461, 5.945121765136719, 0.0, -14.972280502319336, -40.76690673828125, 0.0, 1000, 1000, 1000, 1000, 2.406970500946045, 8.5714111328125, 0.0, -10.029742240905762, 12.090107917785645, -0.0, 0.0, -0.0, 0.0, -37.36962127685547, -0.0, -1.0507999658584595, -38.4204216003418)
(1.840417742729187, 7.0442795753479, 0.0, -1.0, -1.0, 0.0, 1.0670732259750366, 6.128048896789551, 0.0, -17.04250717163086, -48.26567840576172, 0.0, 1000, 1000, 1000, 1000, 0.9824522733688354, 7.687337875366211, 0.0, -10.072882652282715, 12.251240730285645, -0.0, 0.0, -0.0, 0.0, -43.51498031616211, -0.0, -5.522923469543457, -49.03790283203125)
(2.4609320163726807, 9.105520248413086, 0.0, -1.0, -1.0, 0.0, -4.908536434173584, -15.54878044128418, 0.0, -20.765592575073242, -60.633121490478516, 0.0, 1000, 1000, 1000, 1000, 2.6643247604370117, 11.081323623657227, 0.0, -9.869526863098145, 13.24072265625, -0.0, 0.0, 0.0, 0.0, -36.067474365234375, -0.0, 12.493496894836426, -23.573976516723633)
(2.12555193901062, -25.8442440032959, 0.0, -1.0, -1.0, 0.0, 10.0, -53.20121765136719, 0.0, -18.753311157226562, 149.06546020507812, 0.0, 1000, 1000, 1000, 1000, 2.7439146041870117, -52.72821807861328, 0.0, -11.009159088134766, -13.316746711730957, -0.0, 0.0, -0.0, 0.0, 161.81333923339844, -0.0, -18.049135208129883, 143.7642059326172)
(6.345257759094238, -8.543777465820312, 0.0, -1.0, -1.0, 0.0, 8.841463088989258, 163.506103515625, 0.0, -44.07154846191406, 45.262664794921875, 0.0, 1000, 1000, 1000, 1000, 10.945670127868652, 12.710372924804688, 0.0, -7.7413201332092285, 10.673954010009766, -0.0, 0.0, -0.0, 0.0, -94.5947494506836, -0.0, -40.46501541137695, -135.0597686767578)
(3.37650203704834, 2.5079269409179688, 0.0, -1.0, -1.0, 0.0, -13.841463088989258, -64.45121765136719, 0.0, -26.25901222229004, -21.047561645507812, 0.0, 1000, 1000, 1000, 1000, -1.4996373653411865, -0.7277131080627441, 0.0, -10.785985946655273, 11.6454439163208, -0.0, 0.0, 0.0, 0.0, 34.722923278808594, -0.0, 10.402740478515625, 45.12566375732422)
(1.5869460105895996, -0.2469991147518158, 0.0, -1.0, -1.0, 0.0, 11.920731544494629, 17.042682647705078, 0.0, -15.521676063537598, -4.51800537109375, 0.0, 1000, 1000, 1000, 1000, 0.8097033500671387, 2.278357982635498, 0.0, -10.34589672088623, 10.527454376220703, -0.0, 0.0, -0.0, 0.0, -17.248550415039062, -0.0, -3.5088815689086914, -20.757431030273438)
(2.1271581649780273, 0.7644988298416138, 0.0, 0.0, -1.0, 0.0, -5.091463565826416, -3.0487804412841797, 0.0, -12.762948989868164, -10.586993217468262, 0.0, 1000, 1000, 1000, 1000, 3.7766990661621094, 0.578916072845459, 0.0, -10.200773239135742, 10.203216552734375, -0.0, 0.0, 0.0, 0.0, -6.030570030212402, -0.0, -3.1321005821228027, -9.162671089172363)
(1.5726875066757202, 2.019974708557129, 0.0, -1.0, -1.0, 0.0, -3.170731782913208, 1.5548779964447021, 0.0, -15.436124801635742, -18.119848251342773, 0.0, 1000, 1000, 1000, 1000, 2.458958864212036, 2.2440896034240723, 0.0, -10.517845153808594, 11.125926971435547, -0.0, 0.0, 0.0, 0.0, -15.739781379699707, -0.0, 1.0948460102081299, -14.644935607910156)
(1.0798659324645996, 1.5701260566711426, 0.0, -1.0, -1.0, 0.0, 1.402438998222351, 1.9817073345184326, 0.0, -12.479195594787598, -15.420756340026855, 0.0, 1000, 1000, 1000, 1000, 0.7519445419311523, 1.0225725173950195, 0.0, -10.687966346740723, 10.925164222717285, -0.0, 0.0, -0.0, 0.0, -13.921971321105957, -0.0, -1.6811954975128174, -15.603166580200195)
(0.3787187337875366, 2.5633902549743652, 0.0, -1.0, -1.0, 0.0, -3.75, 0.5792682766914368, 0.0, -8.27231216430664, -21.380340576171875, 0.0, 1000, 1000, 1000, 1000, -0.6736228466033936, 3.121026039123535, 0.0, -11.249094009399414, 11.456260681152344, -0.0, 0.0, 0.0, 0.0, -17.567686080932617, -0.0, 0.12937121093273163, -17.43831443786621)
(-0.18684978783130646, 2.174217700958252, 0.0, -1.0, 0.0, 0.0, -0.09146341681480408, -2.6524391174316406, 0.0, -4.878901481628418, -13.045306205749512, 0.0, 1000, 1000, 1000, 1000, -0.5169219970703125, 2.041846752166748, 0.0, -11.489643096923828, 11.110986709594727, -0.0, 0.0, 0.0, 0.0, -8.31429386138916, -0.0, 2.275608777999878, -6.038684844970703)
(-0.9901100993156433, 1.112189531326294, 0.0, -1.0, -1.0, 0.0, -2.1646342277526855, 0.09146341681480408, 0.0, -0.05933940410614014, -12.673137664794922, 0.0, 1000, 1000, 1000, 1000, -1.9789328575134277, 0.41991329193115234, 0.0, -11.9791259765625, 10.707174301147461, 0.0, 0.0, 0.0, 0.0, -10.21168041229248, -0.0, 0.18335074186325073, -10.028329849243164)
(-1.1612210273742676, 0.4445699453353882, 0.0, -1.0, -1.0, 0.0, -1.8292683362960815, -1.7682926654815674, 0.0, 0.9673261642456055, -8.66741943359375, 0.0, 1000, 1000, 1000, 1000, -0.7669026851654053, 0.15305423736572266, 0.0, -12.191473960876465, 10.62531566619873, 0.0, 0.0, 0.0, 0.0, -5.519301414489746, -0.0, 1.5519680976867676, -3.9673335552215576)
(-4.306884765625, 0.7979260683059692, 0.0, -1.0, -1.0, 0.0, -9.84756088256836, 6.6768293380737305, 0.0, 19.84130859375, -10.787556648254395, 0.0, 1000, 1000, 1000, 1000, -8.138041496276855, 0.9941878318786621, 0.0, -14.2901029586792, 11.260684967041016, 0.0, 0.0, 0.0, 0.0, -13.971508979797363, -0.0, -2.2766714096069336, -16.248180389404297)
(-6.282922744750977, 2.5722689628601074, 0.0, -1.0, -1.0, 0.0, 2.987804889678955, 0.3353658616542816, 0.0, 31.69753646850586, -21.433612823486328, 0.0, 1000, 1000, 1000, 1000, -6.766223907470703, 3.781588554382324, 0.0, -14.64940357208252, 12.472424507141113, 0.0, 0.0, 0.0, 0.0, -17.41518211364746, -0.0, 1.3498104810714722, -16.065372467041016)
(-6.168639659881592, 1.9359626770019531, 0.0, -1.0, -1.0, 0.0, -2.378048896789551, -2.9268293380737305, 0.0, 31.011837005615234, -17.61577606201172, 0.0, 1000, 1000, 1000, 1000, -6.13278865814209, 0.1261129379272461, 0.0, -14.467545509338379, 11.601387023925781, 0.0, 0.0, -0.0, 0.0, -11.751157760620117, -0.0, 0.06566421687602997, -11.685493469238281)
(-7.043406009674072, 0.3290964365005493, 0.0, -1.0, -1.0, 0.0, -14.481707572937012, 6.95121955871582, 0.0, 36.26043701171875, -7.974578857421875, 0.0, 1000, 1000, 1000, 1000, -3.7320756912231445, -2.339935779571533, 0.0, -15.43523120880127, 11.948183059692383, 0.0, 0.0, 0.0, 0.0, -11.940638542175293, -0.0, -0.5152580738067627, -12.455896377563477)
(-9.194676399230957, 3.0099363327026367, 0.0, -1.0, -1.0, 0.0, -10.304878234863281, -2.4695122241973877, 0.0, 49.168060302734375, -24.05961799621582, 0.0, 1000, 1000, 1000, 1000, -10.800430297851562, 5.800427436828613, 0.0, -15.952001571655273, 13.1754732131958, 0.0, 0.0, 0.0, 0.0, -17.272083282470703, -0.0, 2.3859970569610596, -14.886087417602539)
(-13.819276809692383, 3.0591542720794678, 0.0, -1.0, -1.0, 0.0, -7.347560882568359, 18.292682647705078, 0.0, 76.91566467285156, -24.35492515563965, 0.0, 1000, 1000, 1000, 1000, -16.114421844482422, -1.1495578289031982, 0.0, -19.67730140686035, 13.447879791259766, 0.0, 0.0, -0.0, 0.0, -34.11808395385742, -0.0, -10.580432891845703, -44.698516845703125)
(-14.311152458190918, 6.27590274810791, 0.0, 0.0, -1.0, 0.0, 2.2865853309631348, -14.29878044128418, 0.0, 85.86691284179688, -43.655418395996094, 0.0, 1000, 1000, 1000, 1000, -14.992198944091797, 11.580694198608398, 0.0, -19.452299118041992, 17.57608413696289, 0.0, 0.0, 0.0, 0.0, -23.485309600830078, -0.0, 8.082632064819336, -15.402677536010742)
(-15.545308113098145, 5.989184379577637, 0.0, -1.0, -1.0, 0.0, 19.45121955871582, -10.0, 0.0, 87.2718505859375, -41.93510437011719, 0.0, 1000, 1000, 1000, 1000, -25.677656173706055, 12.502519607543945, 0.0, -17.37684440612793, 14.508399963378906, 0.0, 0.0, -0.0, 0.0, -25.548084259033203, -0.0, 7.457380294799805, -18.0907039642334)
(-16.103498458862305, 0.665330708026886, 0.0, -1.0, -1.0, 0.0, -21.310976028442383, -56.85975646972656, 0.0, 90.62098693847656, -9.991984367370605, 0.0, 1000, 1000, 1000, 1000, -18.134532928466797, 0.02385091781616211, 0.0, -17.70427703857422, 10.395748138427734, 0.0, 0.0, 0.0, 0.0, 37.49421691894531, -0.0, 34.717010498046875, 72.21122741699219)
(-8.613442420959473, -2.4285154342651367, 0.0, -1.0, -1.0, 0.0, 6.310975551605225, 4.29878044128418, 0.0, 45.68065643310547, 8.57109260559082, 0.0, 1000, 1000, 1000, 1000, -4.129340648651123, 1.3602657318115234, 0.0, -13.38918399810791, 11.480353355407715, 0.0, 0.0, 0.0, 0.0, 3.4178497791290283, -0.0, 4.844388008117676, 8.262237548828125)
(-9.831830978393555, -5.308604717254639, 0.0, -1.0, -1.0, 0.0, 11.890243530273438, 14.969511985778809, 0.0, 52.99098587036133, 25.851627349853516, 0.0, 1000, 1000, 1000, 1000, -7.063322067260742, -13.662681579589844, 0.0, -15.28324031829834, 9.25825023651123, 0.0, 0.0, -0.0, 0.0, 8.705692291259766, -0.0, -18.245590209960938, -9.539898872375488)
(-7.241666316986084, -5.380275249481201, 0.0, -1.0, -1.0, 0.0, 15.54878044128418, 5.030488014221191, 0.0, 37.44999694824219, 26.28165054321289, 0.0, 1000, 1000, 1000, 1000, -9.702977180480957, -1.4269142150878906, 0.0, -15.131563186645508, 9.143462181091309, 0.0, 0.0, -0.0, 0.0, 17.000930786132812, -0.0, -14.866771697998047, 2.134159564971924)
(-1.958406686782837, -2.031370162963867, 0.0, -1.0, -1.0, 0.0, -29.512195587158203, -24.176828384399414, 0.0, 5.7504401206970215, 6.188220977783203, 0.0, 1000, 1000, 1000, 1000, -4.314557075500488, -7.955275535583496, 0.0, -12.228514671325684, 11.03858470916748, 0.0, 0.0, 0.0, 0.0, 24.29203987121582, -0.0, 8.845717430114746, 33.13775634765625)
(-1.682244896888733, -1.672364354133606, 0.0, -1.0, -1.0, 0.0, -17.408536911010742, -10.853658676147461, 0.0, 4.093469619750977, 4.034186363220215, 0.0, 1000, 1000, 1000, 1000, -3.392989158630371, -4.949672698974609, 0.0, -11.869978904724121, 11.494534492492676, 0.0, 0.0, 0.0, 0.0, 11.910276412963867, -0.0, 5.33010721206665, 17.24038314819336)
(-1.793544054031372, -2.0292141437530518, 0.0, -1.0, -1.0, 0.0, -4.72560977935791, -2.408536672592163, 0.0, 4.761264324188232, 6.1752848625183105, 0.0, 1000, 1000, 1000, 1000, -3.521152973175049, -5.386332035064697, 0.0, -12.085831642150879, 11.52608871459961, 0.0, 0.0, 0.0, 0.0, 6.867056846618652, -0.0, -0.054542504251003265, 6.812514305114746)
(-1.566626787185669, -2.0335593223571777, 0.0, 0.0, -1.0, 0.0, 2.1341464519500732, 2.621951103210449, 0.0, 9.399761199951172, 6.201355934143066, 0.0, 1000, 1000, 1000, 1000, -1.4908206462860107, -2.2687079906463623, 0.0, -12.020282745361328, 11.75016975402832, 0.0, 0.0, 0.0, 0.0, 2.8635239601135254, -0.0, -4.2173237800598145, -1.3537997007369995)
(-1.213472604751587, -1.8387658596038818, 0.0, -1.0, -1.0, 0.0, -0.396341472864151, 0.27439025044441223, 0.0, 1.2808356285095215, 5.032595157623291, 0.0, 1000, 1000, 1000, 1000, -0.3606741428375244, -0.7885689735412598, 0.0, -12.002753257751465, 11.944682121276855, 0.0, 0.0, 0.0, 0.0, 3.8065638542175293, -0.0, 0.4042535424232483, 4.210817337036133)
(-1.1835519075393677, -1.88420832157135, 0.0, -1.0, -1.0, 0.0, -0.3048780560493469, 0.4573170840740204, 0.0, 1.101311445236206, 5.30525016784668, 0.0, 1000, 1000, 1000, 1000, -1.3711895942687988, -2.5174129009246826, 0.0, -12.092999458312988, 12.03203010559082, 0.0, 0.0, -0.0, 0.0, 3.8783466815948486, -0.0, -0.040275927633047104, 3.8380706310272217)
(-1.1131386756896973, -1.8498132228851318, 0.0, -1.0, -1.0, 0.0, -0.27439025044441223, 0.4268292784690857, 0.0, 0.6788320541381836, 5.098879337310791, 0.0, 1000, 1000, 1000, 1000, -1.1265735626220703, -1.8734264373779297, 0.0, -12.133247375488281, 12.16983413696289, 0.0, 0.0, 0.0, 0.0, 3.737639904022217, -0.0, 0.0820545181632042, 3.8196945190429688)
(-1.1348932981491089, -1.8472307920455933, 0.0, -1.0, -1.0, 0.0, -0.12195122241973877, 0.6402438879013062, 0.0, 0.8093597888946533, 5.0833845138549805, 0.0, 1000, 1000, 1000, 1000, -0.9456150531768799, -1.7835967540740967, 0.0, -12.184309959411621, 12.299108505249023, 0.0, 0.0, -0.0, 0.0, 3.5545125007629395, -0.0, -0.14797386527061462, 3.406538486480713)
(-1.0999336242675781, -1.8392094373703003, 0.0, -1.0, -1.0, 0.0, -0.12195122241973877, 0.6097561120986938, 0.0, 0.5996017456054688, 5.035256385803223, 0.0, 1000, 1000, 1000, 1000, -0.9170114994049072, -2.266400098800659, 0.0, -12.237055778503418, 12.426247596740723, 0.0, 0.0, -0.0, 0.0, 3.540400266647339, -0.0, -0.06903666257858276, 3.4713635444641113)
(-1.105251669883728, -1.8444527387619019, 0.0, -1.0, -1.0, 0.0, -0.15243902802467346, 0.4878048896789551, 0.0, 0.6315100193023682, 5.066716194152832, 0.0, 1000, 1000, 1000, 1000, -0.7736010551452637, -1.9685115814208984, 0.0, -12.289645195007324, 12.54942512512207, 0.0, 0.0, -0.0, 0.0, 3.6631290912628174, -0.0, 0.025730863213539124, 3.6888599395751953)
(-1.1121892929077148, -1.8465245962142944, 0.0, -1.0, -1.0, 0.0, -0.24390244483947754, 0.4878048896789551, 0.0, 0.6731357574462891, 5.0791473388671875, 0.0, 1000, 1000, 1000, 1000, -0.9583394527435303, -1.8011488914489746, 0.0, -12.341171264648438, 12.679762840270996, 0.0, 0.0, -0.0, 0.0, 3.6730740070343018, -0.0, 0.08041410148143768, 3.753488063812256)
(-1.1172194480895996, -1.8418807983398438, 0.0, -1.0, -1.0, 0.0, -0.24390244483947754, 0.5182926654815674, 0.0, 0.7033166885375977, 5.0512847900390625, 0.0, 1000, 1000, 1000, 1000, -1.2231805324554443, -2.1284735202789307, 0.0, -12.392239570617676, 12.812685012817383, 0.0, 0.0, 0.0, 0.0, 3.6263937950134277, -0.0, 0.0569567009806633, 3.6833505630493164)