
(-6.867661476135254, -5.063364505767822, 0.0, 0.0, 0.0, 0.0, -0.24390244483947754, 0.5792682766914368, 0.0, 27.470645904541016, 20.25345802307129, 0.0, 1000, 1000, 1000, 1000, -7.135880470275879, -5.0457916259765625, 0.0, -0.31829243898391724, 0.8760678768157959, 22.17163848876953, 1.9429166316986084, 7.514016151428223, 31.628570556640625, 15.739352226257324, 1.1449049711227417, 5.338741302490234, 22.222999572753906)
(-6.852728366851807, -5.085089683532715, 0.0, 0.0, -1.0, 0.0, -0.21341463923454285, 0.6097561120986938, 0.0, 27.410913467407227, 16.34035873413086, 0.0, 1000, 1000, 1000, 1000, -6.639549255371094, -5.212891578674316, 0.0, -0.3707314133644104, 1.0216478109359741, 22.099462509155273, 2.268223524093628, 7.490403652191162, 31.858089447021484, 12.584482192993164, 1.3288915157318115, 4.269240856170654, 18.182613372802734)
(-6.8430328369140625, -5.097619533538818, 0.0, 0.0, -1.0, 0.0, -0.21341463923454285, 0.6402438879013062, 0.0, 27.37213134765625, 16.390478134155273, 0.0, 1000, 1000, 1000, 1000, -6.414051055908203, -5.166167259216309, 0.0, -0.42240819334983826, 1.1698191165924072, 22.068437576293945, 2.595201015472412, 7.483116626739502, 32.14675521850586, 12.600187301635742, 1.5184420347213745, 4.270732402801514, 18.389362335205078)
(-6.774498462677002, -5.136834144592285, 0.0, 0.0, -1.0, 0.0, -0.396341472864151, 0.7621951103210449, 0.0, 27.097993850708008, 16.54733657836914, 0.0, 1000, 1000, 1000, 1000, -7.339601516723633, -5.303868770599365, 0.0, -0.476219117641449, 1.322411298751831, 21.995468139648438, 2.918815851211548, 7.468883037567139, 32.3831672668457, 12.62811279296875, 1.711767315864563, 4.275303840637207, 18.615182876586914)
(-6.77840518951416, -5.104583740234375, 0.0, 0.0, -1.0, 0.0, -0.3353658616542816, 0.5792682766914368, 0.0, 27.11362075805664, 16.4183349609375, 0.0, 1000, 1000, 1000, 1000, -6.477879524230957, -5.3038506507873535, 0.0, -0.5268293023109436, 1.4686006307601929, 21.95918846130371, 3.2401013374328613, 7.450684070587158, 32.64997482299805, 12.671253204345703, 1.898172378540039, 4.289292812347412, 18.858718872070312)
(-6.827340602874756, -5.103397846221924, 0.0, 0.0, -1.0, 0.0, -0.24390244483947754, 0.6402438879013062, 0.0, 27.309362411499023, 16.413591384887695, 0.0, 1000, 1000, 1000, 1000, -6.780317306518555, -5.378291130065918, 0.0, -0.5762200951576233, 1.6147900819778442, 22.042612075805664, 3.562323808670044, 7.4753289222717285, 33.080265045166016, 12.618678092956543, 2.0918970108032227, 4.275257110595703, 18.98583221435547)
(-6.845984935760498, -5.100245475769043, 0.0, 0.0, -1.0, 0.0, -0.24390244483947754, 0.6402438879013062, 0.0, 27.383939743041992, 16.400981903076172, 0.0, 1000, 1000, 1000, 1000, -6.751753807067871, -5.030428409576416, 0.0, -0.6298792362213135, 1.7599124908447266, 22.10227394104004, 3.886106014251709, 7.495489120483398, 33.48386764526367, 12.608591079711914, 2.2774088382720947, 4.272783279418945, 19.158782958984375)
(-6.840800762176514, -5.1128129959106445, 0.0, 0.0, -1.0, 0.0, -0.24390244483947754, 0.6097561120986938, 0.0, 27.363203048706055, 16.451251983642578, 0.0, 1000, 1000, 1000, 1000, -6.478593826293945, -5.707758903503418, 0.0, -0.68399578332901, 1.9065592288970947, 22.085683822631836, 4.2063822746276855, 7.484838962554932, 33.77690505981445, 12.673196792602539, 2.462570905685425, 4.295680046081543, 19.431447982788086)
(-6.853677749633789, -5.091292858123779, 0.0, 0.0, -1.0, 0.0, -0.3048780560493469, 0.7621951103210449, 0.0, 27.414710998535156, 16.365171432495117, 0.0, 1000, 1000, 1000, 1000, -6.995584487915039, -5.606353759765625, 0.0, -0.7349109649658203, 2.0414679050445557, 22.175670623779297, 4.530964374542236, 7.5206098556518555, 34.22724533081055, 12.482380867004395, 2.655904769897461, 4.2244038581848145, 19.362689971923828)
(-6.835353851318359, -5.1058878898620605, 0.0, 0.0, -1.0, 0.0, -0.12195122241973877, 0.7012194991111755, 0.0, 27.341415405273438, 16.423551559448242, 0.0, 1000, 1000, 1000, 1000, -6.714734077453613, -5.152035236358643, 0.0, -0.7861312627792358, 2.1879632472991943, 21.970693588256836, 4.854989528656006, 7.442132949829102, 34.267818450927734, 12.577865600585938, 2.840852975845337, 4.265779495239258, 19.684497833251953)
(-6.828267574310303, -5.091211795806885, 0.0, 0.0, -1.0, 0.0, -0.24390244483947754, 0.5792682766914368, 0.0, 27.31307029724121, 16.36484718322754, 0.0, 1000, 1000, 1000, 1000, -6.459475517272949, -5.181590557098389, 0.0, -0.8365892171859741, 2.328817367553711, 22.045578002929688, 5.1745476722717285, 7.4717020988464355, 34.691829681396484, 12.628462791442871, 3.034407138824463, 4.282927513122559, 19.945796966552734)
(-6.8420729637146, -5.0643229484558105, 0.0, 0.0, -1.0, 0.0, -0.15243902802467346, 0.6402438879013062, 0.0, 27.3682918548584, 16.257291793823242, 0.0, 1000, 1000, 1000, 1000, -6.703624725341797, -5.315555572509766, 0.0, -0.888571560382843, 2.4751598834991455, 22.016584396362305, 5.49830436706543, 7.461066246032715, 34.975955963134766, 12.49363899230957, 3.2182300090789795, 4.233260631561279, 19.94512939453125)
(-6.791985988616943, -5.120730400085449, 0.0, 0.0, 0.0, 0.0, -0.4878048896789551, 0.8841463327407837, 0.0, 27.167943954467773, 20.482921600341797, 0.0, 1000, 1000, 1000, 1000, -7.681673049926758, -5.8745880126953125, 0.0, -0.943297803401947, 2.6239421367645264, 22.12459945678711, 5.819103717803955, 7.533261299133301, 35.47696304321289, 15.679020881652832, 3.4028801918029785, 5.497215747833252, 24.579116821289062)
(-6.796934604644775, -5.091939926147461, 0.0, 0.0, -1.0, 0.0, -0.18292683362960815, 0.5792682766914368, 0.0, 27.1877384185791, 16.367759704589844, 0.0, 1000, 1000, 1000, 1000, -7.035849571228027, -4.954245090484619, 0.0, -0.9937557578086853, 2.7705893516540527, 21.89653205871582, 6.140568256378174, 7.4205756187438965, 35.45767593383789, 12.630792617797852, 3.5953757762908936, 4.278624057769775, 20.504793167114258)
(-6.809462070465088, -5.136578559875488, 0.0, 0.0, -1.0, 0.0, -0.5792682766914368, -0.396341472864151, 0.0, 27.23784828186035, 16.546314239501953, 0.0, 1000, 1000, 1000, 1000, -10.099262237548828, -9.847854614257812, 0.0, -1.0461957454681396, 2.9132726192474365, 22.253692626953125, 6.462265491485596, 7.585085868835449, 36.30104446411133, 13.55412483215332, 3.77892804145813, 4.659850120544434, 21.992902755737305)
(-7.419014930725098, -5.458261966705322, 0.0, 0.0, -1.0, 0.0, -0.060975611209869385, -10.914633750915527, 0.0, 29.67605972290039, 17.83304786682129, 0.0, 1000, 1000, 1000, 1000, -12.624184608459473, -8.07379150390625, 0.0, -1.4506165981292725, 2.4291255474090576, 23.789628982543945, 6.805899620056152, 8.050680160522461, 38.646209716796875, 22.998144149780273, 4.001370429992676, 7.8647589683532715, 34.86427307128906)
(-8.112011909484863, -9.19145393371582, 0.0, 0.0, -1.0, 0.0, 1.2804877758026123, -7.9268293380737305, 0.0, 32.44804763793945, 32.76581573486328, 0.0, 1000, 1000, 1000, 1000, -5.575133800506592, -6.249893665313721, 0.0, -1.6164698600769043, -0.7409965395927429, 24.93404769897461, 7.1813063621521, 8.185802459716797, 40.3011589050293, 32.554115295410156, 4.462587833404541, 11.967485427856445, 48.98419189453125)
(-6.634550094604492, -11.988897323608398, 0.0, 0.0, 0.0, 0.0, 0.4268292784690857, 2.77439022064209, 0.0, 26.53820037841797, 47.955589294433594, 0.0, 1000, 1000, 1000, 1000, -6.197872161865234, -15.440275192260742, 0.0, -1.6448239088058472, 0.03156447038054466, 20.889097213745117, 7.5200629234313965, 7.084967136383057, 35.4941291809082, 36.14495849609375, 4.905167579650879, 12.24720573425293, 53.297332763671875)
(-7.139014720916748, -11.85096549987793, 0.0, 0.0, -1.0, 0.0, 0.4878048896789551, 10.182927131652832, 0.0, 28.556058883666992, 43.40386199951172, 0.0, 1000, 1000, 1000, 1000, -6.604331016540527, -17.553495407104492, 0.0, -1.7628116607666016, 1.0003143548965454, 22.45460319519043, 7.848699569702148, 7.5776286125183105, 37.88093185424805, 26.57674789428711, 5.366492748260498, 8.979576110839844, 40.92281723022461)
(-6.977165222167969, -9.591633796691895, 0.0, 0.0, -1.0, 0.0, -1.7073171138763428, -1.2195122241973877, 0.0, 27.908660888671875, 34.36653518676758, 0.0, 1000, 1000, 1000, 1000, -4.4565510749816895, -1.7584102153778076, 0.0, -1.9798845052719116, 2.531564474105835, 23.69278335571289, 8.197892189025879, 8.08055591583252, 39.971229553222656, 28.46883773803711, 5.7366862297058105, 9.610041618347168, 43.81556701660156)
(-8.348474502563477, -10.294516563415527, 0.0, 0.0, -1.0, 0.0, -1.5243902206420898, -1.676829218864441, 0.0, 33.393898010253906, 37.17806625366211, 0.0, 1000, 1000, 1000, 1000, -10.404458999633789, -6.799030303955078, 0.0, -2.225921630859375, 2.360985517501831, 27.93463134765625, 8.567168235778809, 9.486722946166992, 45.988521575927734, 31.08391761779785, 6.164280414581299, 10.510659217834473, 47.75885772705078)
(-7.911950588226318, -10.085938453674316, 0.0, 0.0, -1.0, 0.0, -4.603658676147461, 2.2560975551605225, 0.0, 31.647802352905273, 36.343753814697266, 0.0, 1000, 1000, 1000, 1000, -5.861859321594238, -13.111773490905762, 0.0, -2.6920809745788574, 1.4957420825958252, 29.001169204711914, 8.970787048339844, 9.827120780944824, 47.799076080322266, 27.270126342773438, 6.602382183074951, 9.240789413452148, 43.11330032348633)
(-14.146136283874512, -10.081888198852539, 0.0, 0.0, 0.0, 0.0, -27.10365867614746, 17.164634704589844, 0.0, 56.58454513549805, 40.327552795410156, 0.0, 1000, 1000, 1000, 1000, -18.995922088623047, -13.131790161132812, 0.0, -6.825768947601318, 2.3288211822509766, 66.9505615234375, 9.65776538848877, 22.73095703125, 99.33928680419922, 18.53033447265625, 7.00825834274292, 6.236044406890869, 31.77463722229004)
(-21.30906105041504, -3.5186917781829834, 0.0, 0.0, -1.0, 0.0, 12.134146690368652, 0.21341463923454285, 0.0, 85.23624420166016, 10.074767112731934, 0.0, 1000, 1000, 1000, 1000, -27.42530632019043, 1.4732980728149414, 0.0, -10.323942184448242, 6.494065284729004, 58.4816780090332, 10.723719596862793, 19.76715850830078, 88.9725570678711, 7.889082431793213, 7.0824761390686035, 2.6892194747924805, 17.660778045654297)
(-11.090835571289062, -3.759751558303833, 0.0, 0.0, -1.0, 0.0, 35.30487823486328, -0.18292683362960815, 0.0, 44.36334228515625, 11.039006233215332, 0.0, 1000, 1000, 1000, 1000, -4.576536178588867, -0.7635016441345215, 0.0, -1.504886507987976, 5.289949417114258, 7.246771335601807, 11.091926574707031, 2.453176736831665, 20.791873931884766, 8.977546691894531, 7.265829563140869, 3.0392160415649414, 19.2825927734375)
(-1.999194622039795, -3.289525032043457, 0.0, 0.0, -1.0, 0.0, 2.378048896789551, 2.8658535480499268, 0.0, 7.99677848815918, 9.158100128173828, 0.0, 1000, 1000, 1000, 1000, 5.095277309417725, -2.9214038848876953, 0.0, 2.7297163009643555, 5.412663459777832, 4.494983673095703, 11.152923583984375, 1.5225600004196167, 17.170467376708984, 5.033797264099121, 7.383285045623779, 1.7137839794158936, 14.130867004394531)
(1.2242372035980225, -3.1058895587921143, 0.0, 0.0, -1.0, 0.0, 3.2317073345184326, 0.7621951103210449, 0.0, -4.89694881439209, 8.423558235168457, 0.0, 1000, 1000, 1000, 1000, 4.100957870483398, -2.5614724159240723, 0.0, 3.1480095386505127, 5.5818705558776855, -6.502924919128418, 11.145325660705566, -2.1955602169036865, 2.4468398094177246, 6.129090309143066, 7.478637218475342, 2.0658209323883057, 15.673548698425293)
(3.968507766723633, -3.0797536373138428, 0.0, 0.0, 0.0, 0.0, -8.140243530273438, 2.22560977935791, 0.0, -15.874031066894531, 12.319014549255371, 0.0, 1000, 1000, 1000, 1000, 7.780105113983154, -2.3931524753570557, 0.0, 3.8513636589050293, 5.512662887573242, -6.187029838562012, 10.98100757598877, -2.067340135574341, 2.726637601852417, 8.074724197387695, 7.591891765594482, 2.752114772796631, 18.418729782104492)
(0.8327589631080627, -3.4511358737945557, 0.0, 0.0, -1.0, 0.0, -25.39634132385254, -0.9146341681480408, 0.0, -3.331035852432251, 9.804543495178223, 0.0, 1000, 1000, 1000, 1000, -0.9389355182647705, -1.6851387023925781, 0.0, -0.03491659462451935, 5.289032459259033, 17.652244567871094, 11.036201477050781, 6.019241809844971, 34.70768737792969, 8.575342178344727, 7.7183732986450195, 2.9072766304016113, 19.200992584228516)
(-5.323967456817627, -6.237456321716309, 0.0, 0.0, -1.0, 0.0, -5.640244007110596, -19.481706619262695, 0.0, 21.295869827270508, 20.949825286865234, 0.0, 1000, 1000, 1000, 1000, -7.935003280639648, -9.488347053527832, 0.0, -3.776837110519409, 3.155191421508789, 21.548891067504883, 11.354475021362305, 7.3126091957092285, 40.215972900390625, 32.3452262878418, 7.981420516967773, 10.99664306640625, 51.32329177856445)
(-7.797789573669434, -12.131739616394043, 0.0, 0.0, -1.0, 0.0, 20.365854263305664, -0.5487805008888245, 0.0, 31.191158294677734, 44.52695846557617, 0.0, 1000, 1000, 1000, 1000, 2.3133797645568848, -14.114270210266113, 0.0, -3.2673840522766113, 0.11692918837070465, 8.660243034362793, 11.666211128234863, 3.176723003387451, 23.503177642822266, 36.06059265136719, 8.548320770263672, 12.134267807006836, 56.74317932128906)
(-9.490358352661133, -10.858402252197266, 0.0, 0.0, -1.0, 0.0, -2.7134146690368652, 17.865854263305664, 0.0, 37.96143341064453, 39.43360900878906, 0.0, 1000, 1000, 1000, 1000, -10.604211807250977, -9.819877624511719, 0.0, -4.075004577636719, 3.0509233474731445, 32.539878845214844, 12.106250762939453, 10.997785568237305, 55.64391326904297, 17.25420379638672, 8.923859596252441, 5.952096462249756, 32.13016128540039)
(-9.679018020629883, -10.67887020111084, 0.0, 0.0, -1.0, 0.0, 1.9207316637039185, -13.292682647705078, 0.0, 38.71607208251953, 38.71548080444336, 0.0, 1000, 1000, 1000, 1000, -9.572610855102539, -10.41610050201416, 0.0, -4.275155544281006, 2.2353739738464355, 29.4362735748291, 12.566994667053223, 9.955547332763672, 51.95881652832031, 41.606529235839844, 9.402005195617676, 14.184296607971191, 65.19283294677734)
(-10.422015190124512, -10.220856666564941, 0.0, 0.0, -1.0, 0.0, 1.2804877758026123, -3.5975608825683594, 0.0, 41.68806076049805, 36.883426666259766, 0.0, 1000, 1000, 1000, 1000, -12.862704277038574, -11.918837547302246, 0.0, -4.090246677398682, 3.157935857772827, 32.32605743408203, 13.042316436767578, 10.999170303344727, 56.36754608154297, 32.384788513183594, 9.827078819274902, 10.948576927185059, 53.16044616699219)
(-10.61362361907959, -8.097211837768555, 0.0, 0.0, -1.0, 0.0, 5.030488014221191, 3.3841464519500732, 0.0, 42.45449447631836, 28.38884735107422, 0.0, 1000, 1000, 1000, 1000, -11.971916198730469, -2.932992935180664, 0.0, -3.9800336360931396, 4.821959495544434, 29.939205169677734, 13.534170150756836, 10.16352367401123, 53.636898040771484, 20.003761291503906, 10.132270812988281, 6.7767534255981445, 36.912784576416016)
(-9.937183380126953, -6.79663610458374, 0.0, 0.0, -1.0, 0.0, 0.09146341681480408, 0.6097561120986938, 0.0, 39.74873352050781, 23.18654441833496, 0.0, 1000, 1000, 1000, 1000, -9.224888801574707, -6.7033891677856445, 0.0, -3.774393081665039, 5.2350687980651855, 31.725814819335938, 13.996330261230469, 10.768437385559082, 56.49058151245117, 18.061429977416992, 10.41805362701416, 6.113375663757324, 34.59286117553711)
(-9.821525573730469, -6.310715198516846, 0.0, 0.0, -1.0, 0.0, -0.18292683362960815, 0.7621951103210449, 0.0, 39.286102294921875, 21.242860794067383, 0.0, 1000, 1000, 1000, 1000, -10.979425430297852, -4.908298015594482, 0.0, -3.816924571990967, 5.397110939025879, 31.57522201538086, 14.461108207702637, 10.691145896911621, 56.72747802734375, 16.384532928466797, 10.669499397277832, 5.553548812866211, 32.60757827758789)
(-9.74995231628418, -6.090298175811768, 0.0, 0.0, -1.0, 0.0, -0.5487805008888245, 0.5182926654815674, 0.0, 38.99980926513672, 20.36119270324707, 0.0, 1000, 1000, 1000, 1000, -9.42074203491211, -6.284485816955566, 0.0, -3.85137677192688, 5.554123401641846, 31.638874053955078, 14.923068046569824, 10.731308937072754, 57.293251037597656, 15.874319076538086, 10.91285228729248, 5.21206521987915, 31.999237060546875)
(-9.721750259399414, -5.939824104309082, 0.0, 0.0, -1.0, 0.0, -0.09146341681480408, 0.7012194991111755, 0.0, 38.887001037597656, 19.759296417236328, 0.0, 1000, 1000, 1000, 1000, -9.781564712524414, -5.655879020690918, 0.0, -3.9024438858032227, 5.699704170227051, 31.18277359008789, 15.37993335723877, 10.574195861816406, 57.13690185546875, 15.246461868286133, 11.140843391418457, 5.160546779632568, 31.5478515625)
(-9.711627006530762, -5.889336585998535, 0.0, 0.0, -1.0, 0.0, -0.27439025044441223, 0.6402438879013062, 0.0, 38.84650802612305, 19.55734634399414, 0.0, 1000, 1000, 1000, 1000, -9.897029876708984, -5.934568405151367, 0.0, -3.9519870281219482, 5.8439106941223145, 31.29671859741211, 15.838948249816895, 10.612133026123047, 57.747798919677734, 15.133682250976562, 11.364320755004883, 5.130180835723877, 31.628183364868164)
(-9.542353630065918, -5.863728046417236, 0.0, 0.0, -1.0, 0.0, -4.5731706619262695, -2.0426828861236572, 0.0, 38.16941452026367, 19.454912185668945, 0.0, 1000, 1000, 1000, 1000, -13.362794876098633, -11.239825248718262, 0.0, -4.112810134887695, 5.889642238616943, 34.194068908691406, 16.291902542114258, 11.582798957824707, 62.06877136230469, 17.198076248168945, 11.587139129638672, 5.781883716583252, 34.56709671020508)
(-10.69195556640625, -5.673385143280029, 0.0, 0.0, -1.0, 0.0, 0.15243902802467346, -4.02439022064209, 0.0, 42.767822265625, 18.693540573120117, 0.0, 1000, 1000, 1000, 1000, -7.244329452514648, -8.704449653625488, 0.0, -4.430034637451172, 5.664184093475342, 34.092308044433594, 16.75504493713379, 11.598200798034668, 62.445552825927734, 18.17434310913086, 11.809162139892578, 6.225943565368652, 36.209449768066406)
(-11.497533798217773, -9.395742416381836, 0.0, 0.0, -1.0, 0.0, 0.030487805604934692, 10.640243530273438, 0.0, 45.990135192871094, 33.582969665527344, 0.0, 1000, 1000, 1000, 1000, -18.82552146911621, -19.458324432373047, 0.0, -4.53415060043335, 3.592233180999756, 36.76771926879883, 17.28021240234375, 12.448619842529297, 66.49655151367188, 18.35418128967285, 12.2046537399292, 6.213257312774658, 36.772090911865234)
(-9.052079200744629, -10.804536819458008, 0.0, 0.0, -1.0, 0.0, 2.8353657722473145, -17.073171615600586, 0.0, 36.208316802978516, 39.21814727783203, 0.0, 1000, 1000, 1000, 1000, -7.705921173095703, -4.726452350616455, 0.0, -4.339334011077881, 3.3004653453826904, 26.698360443115234, 17.731014251708984, 9.058745384216309, 53.488121032714844, 45.033058166503906, 12.658446311950684, 15.2435302734375, 72.9350357055664)
(-9.46405029296875, -14.131180763244629, 0.0, 0.0, -1.0, 0.0, -12.103658676147461, 14.17682933807373, 0.0, 37.856201171875, 52.524723052978516, 0.0, 1000, 1000, 1000, 1000, -6.949531555175781, -12.617263793945312, 0.0, -5.1228718757629395, 3.249703884124756, 39.96788787841797, 18.203044891357422, 13.590226173400879, 71.76116180419922, 30.678314208984375, 13.245109558105469, 10.394397735595703, 54.31782150268555)
(-11.401491165161133, -15.107409477233887, 0.0, 0.0, -1.0, 0.0, 3.4146342277526855, -18.658536911010742, 0.0, 45.60596466064453, 56.42963790893555, 0.0, 1000, 1000, 1000, 1000, -13.026043891906738, -22.491382598876953, 0.0, -4.930644512176514, 1.7666244506835938, 33.7530632019043, 18.710365295410156, 11.46753215789795, 63.93096160888672, 60.07053756713867, 13.915557861328125, 20.37323570251465, 94.35932922363281)
(-11.466249465942383, -12.650928497314453, 0.0, 0.0, -1.0, 0.0, 4.237804889678955, 30.792682647705078, 0.0, 45.86499786376953, 46.60371398925781, 0.0, 1000, 1000, 1000, 1000, -10.126640319824219, -10.8251953125, 0.0, -4.252443790435791, 5.4230265617370605, 33.301753997802734, 19.221908569335938, 11.284424781799316, 63.80808639526367, 12.648824691772461, 14.411761283874512, 4.30071496963501, 31.36130142211914)
(-8.49221134185791, -6.08488130569458, 0.0, 0.0, -1.0, 0.0, 11.37195110321045, -0.030487805604934692, 0.0, 33.96884536743164, 20.33952522277832, 0.0, 1000, 1000, 1000, 1000, -1.5253970623016357, -1.11688232421875, 0.0, -2.9524435997009277, 8.893603324890137, 18.0775146484375, 19.654403686523438, 6.0884480476379395, 43.82036590576172, 16.296009063720703, 14.622488021850586, 5.563624382019043, 36.482120513916016)
(-0.5856561660766602, -3.882873058319092, 0.0, 0.0, -1.0, 0.0, 17.774391174316406, 9.695121765136719, 0.0, 2.3426246643066406, 11.531492233276367, 0.0, 1000, 1000, 1000, 1000, 5.567019462585449, -1.8658080101013184, 0.0, 1.8126479387283325, 8.860061645507812, -12.345413208007812, 19.63494110107422, -4.181608200073242, 3.1079201698303223, 1.4690964221954346, 14.81096076965332, 0.47877779603004456, 16.758834838867188)
(1.339132308959961, 1.5017341375350952, 0.0, 0.0, -1.0, 0.0, -17.987804412841797, 15.335366249084473, 0.0, -5.356529235839844, -10.006937026977539, 0.0, 1000, 1000, 1000, 1000, 1.60027015209198, 7.276598930358887, 0.0, 0.4227082431316376, 12.216008186340332, 10.105020523071289, 19.636138916015625, 3.4347662925720215, 33.175926208496094, -20.27384376525879, 14.665609359741211, -6.869759559631348, -12.477993965148926)
(-4.133962154388428, 5.350740909576416, 0.0, 0.0, -1.0, 0.0, -6.493902206420898, -3.5365853309631348, 0.0, 16.53584861755371, -25.402963638305664, 0.0, 1000, 1000, 1000, 1000, -8.093066215515137, 7.681171417236328, 0.0, -2.9986331462860107, 12.931859970092773, 18.42380142211914, 19.87599754333496, 6.235734462738037, 44.5355339050293, -17.49310302734375, 14.398886680603027, -5.931982040405273, -9.026198387145996)
(-6.965094566345215, 4.765568733215332, 0.0, 0.0, -1.0, 0.0, 0.3048780560493469, -2.7439024448394775, 0.0, 27.86037826538086, -23.062274932861328, 0.0, 1000, 1000, 1000, 1000, -9.414507865905762, 3.92349910736084, 0.0, -3.416468381881714, 12.1268310546875, 22.04439926147461, 20.16565704345703, 7.485349655151367, 49.69540786743164, -16.254697799682617, 14.148478507995605, -5.5054707527160645, -7.611690044403076)
(-7.086585521697998, 4.110378742218018, 0.0, 0.0, -1.0, 0.0, 2.77439022064209, -5.4268293380737305, 0.0, 28.346342086791992, -20.44151496887207, 0.0, 1000, 1000, 1000, 1000, -6.9426469802856445, 2.3593297004699707, 0.0, -2.831254243850708, 11.878661155700684, 20.457561492919922, 20.479019165039062, 6.940748691558838, 47.8773307800293, -12.011748313903809, 13.915837287902832, -4.047022819519043, -2.1429343223571777)
(-6.7547149658203125, 1.4793518781661987, 0.0, 0.0, -1.0, 0.0, 6.6768293380737305, -12.408536911010742, 0.0, 27.01885986328125, -9.917407989501953, 0.0, 1000, 1000, 1000, 1000, -7.255816459655762, -0.0326685905456543, 0.0, -1.8789674043655396, 10.196345329284668, 16.273624420166016, 20.760520935058594, 5.517355442047119, 42.5515022277832, 1.9929031133651733, 13.816995620727539, 0.6817498803138733, 16.491649627685547)
(-6.563261032104492, -1.0517652034759521, 0.0, 0.0, -1.0, 0.0, -8.292682647705078, 19.05487823486328, 0.0, 26.25304412841797, 0.2070608139038086, 0.0, 1000, 1000, 1000, 1000, -4.874990463256836, -4.36847448348999, 0.0, -2.466468095779419, 9.804425239562988, 27.636581420898438, 21.084413528442383, 9.54985237121582, 58.27084732055664, -15.078252792358398, 13.811394691467285, -5.096436977386475, -6.363295555114746)
(-7.375567436218262, -0.7864214777946472, 0.0, 0.0, -1.0, 0.0, 8.353658676147461, -0.9451219439506531, 0.0, 29.502269744873047, -0.8543140888214111, 0.0, 1000, 1000, 1000, 1000, -8.238799095153809, -1.6441078186035156, 0.0, -3.3103694915771484, 9.932474136352539, 16.918888092041016, 21.46613311767578, 5.719122409820557, 44.10414505004883, 0.07264628261327744, 13.79509449005127, 0.032012492418289185, 13.89975357055664)
(-3.6764004230499268, -1.5039877891540527, 0.0, 0.0, -1.0, 0.0, 11.737804412841797, 0.030487805604934692, 0.0, 14.705601692199707, 2.015951156616211, 0.0, 1000, 1000, 1000, 1000, 0.0463639497756958, -1.767899751663208, 0.0, -0.08948550373315811, 9.61326789855957, 2.3742377758026123, 21.579853057861328, 0.8136590719223022, 24.767749786376953, 1.588370680809021, 13.82198429107666, 0.549716591835022, 15.960071563720703)
(-2.124851942062378, -1.9408522844314575, 0.0, 0.0, -1.0, 0.0, -9.29878044128418, -0.7621951103210449, 0.0, 8.499407768249512, 3.76340913772583, 0.0, 1000, 1000, 1000, 1000, 0.08667314052581787, -2.0984489917755127, 0.0, -0.6347598433494568, 9.68674373626709, 14.238550186157227, 21.717309951782227, 4.824403762817383, 40.78026580810547, 3.6204833984375, 13.86645793914795, 1.273587942123413, 18.760528564453125)
(-2.8944034576416016, -2.831294298171997, 0.0, 0.0, -1.0, 0.0, 0.8536585569381714, -2.621951103210449, 0.0, 11.577613830566406, 7.325177192687988, 0.0, 1000, 1000, 1000, 1000, -3.0254220962524414, -3.587327480316162, 0.0, -1.6146379709243774, 9.15290355682373, 8.579164505004883, 21.89046287536621, 2.9007973670959473, 33.370426177978516, 7.95770263671875, 13.954510688781738, 2.699759006500244, 24.61197280883789)
(-2.7815940380096436, -3.072948694229126, 0.0, 0.0, -1.0, 0.0, -2.195122003555298, 2.3475608825683594, 0.0, 7.126376152038574, 8.291794776916504, 0.0, 1000, 1000, 1000, 1000, -2.7891688346862793, -4.019087791442871, 0.0, -1.5839977264404297, 9.355803489685059, 7.457198143005371, 22.012752532958984, 2.5218067169189453, 31.991756439208984, 4.755387306213379, 14.037820816040039, 1.6266289949417114, 20.419837951660156)
(-2.9547617435455322, -3.383199453353882, 0.0, 0.0, -1.0, 0.0, 2.4390244483947754, -1.737804889678955, 0.0, 11.819046974182129, 9.532797813415527, 0.0, 1000, 1000, 1000, 1000, -3.3608946800231934, -5.199398994445801, 0.0, -1.341467261314392, 9.308241844177246, 7.5040178298950195, 22.140544891357422, 2.544254779815674, 32.18881607055664, 9.01648235321045, 14.151226997375488, 3.0677130222320557, 26.235422134399414)
(-3.0960288047790527, -3.8092072010040283, 0.0, 0.0, -1.0, 0.0, -4.329268455505371, 3.0182926654815674, 0.0, 12.384115219116211, 11.236828804016113, 0.0, 1000, 1000, 1000, 1000, -2.9596357345581055, -5.07667875289917, 0.0, -1.6125036478042603, 9.410073280334473, 13.370706558227539, 22.290163040161133, 4.537044525146484, 40.197914123535156, 6.5748291015625, 14.275073051452637, 2.2348082065582275, 23.0847110748291)
(-3.478874444961548, -3.432868480682373, 0.0, 0.0, -1.0, 0.0, 3.353658437728882, 1.9207316637039185, 0.0, 13.915497779846191, 9.731473922729492, 0.0, 1000, 1000, 1000, 1000, -3.3095664978027344, -2.7228455543518066, 0.0, -1.8141803741455078, 9.851387977600098, 8.449471473693848, 22.46198844909668, 2.8548688888549805, 33.766326904296875, 6.248593807220459, 14.385943412780762, 1.9529404640197754, 22.587478637695312)
(-2.767972469329834, -3.628159761428833, 0.0, 0.0, -1.0, 0.0, -5.945121765136719, -1.7987804412841797, 0.0, 11.071889877319336, 10.512639045715332, 0.0, 1000, 1000, 1000, 1000, -2.222198009490967, -4.771567344665527, 0.0, -1.4443632364273071, 9.65123462677002, 13.613609313964844, 22.58561897277832, 4.630361080169678, 40.82958984375, 9.849135398864746, 14.511419296264648, 3.3143563270568848, 27.674911499023438)
(-3.367220640182495, -3.7606582641601562, 0.0, -1.0, -1.0, 0.0, 2.591463327407837, 1.3414634466171265, 0.0, 9.46888256072998, 11.042633056640625, 0.0, 1000, 1000, 1000, 1000, -3.432392120361328, -3.3814961910247803, 0.0, -1.758234977722168, 9.909621238708496, 5.5019354820251465, 22.748924255371094, 1.8582686185836792, 30.109127044677734, 7.7609357833862305, 14.627717971801758, 2.638582229614258, 25.02723503112793)
(-2.818024158477783, -3.519334554672241, 0.0, 0.0, -1.0, 0.0, -1.676829218864441, 1.4939024448394775, 0.0, 11.272096633911133, 10.077338218688965, 0.0, 1000, 1000, 1000, 1000, -2.58345365524292, -3.6017069816589355, 0.0, -1.3875030279159546, 10.196666717529297, 10.359140396118164, 22.872350692749023, 3.5237011909484863, 36.755191802978516, 6.866748809814453, 14.753771781921387, 2.342005491256714, 23.962526321411133)
(-2.924316883087158, -3.360037326812744, 0.0, 0.0, -1.0, 0.0, 0.12195122241973877, 0.5792682766914368, 0.0, 11.697267532348633, 9.440149307250977, 0.0, 1000, 1000, 1000, 1000, -2.9794249534606934, -4.522693634033203, 0.0, -1.6942108869552612, 10.301694869995117, 9.260252952575684, 23.02717399597168, 3.1392111778259277, 35.426639556884766, 7.088704586029053, 14.865599632263184, 2.398071050643921, 24.352375030517578)
(-3.193924903869629, -3.801671266555786, 0.0, -1.0, 0.0, 0.0, -0.6097561120986938, 0.3658536672592163, 0.0, 8.775699615478516, 15.206685066223145, 0.0, 1000, 1000, 1000, 1000, -3.3675155639648438, -3.9401164054870605, 0.0, -1.981406331062317, 10.19453239440918, 7.508364677429199, 23.18191909790039, 2.3718411922454834, 33.06212615966797, 11.872665405273438, 14.997781753540039, 4.017181873321533, 30.88762855529785)
(-3.4627325534820557, -3.83709454536438, 0.0, 0.0, -1.0, 0.0, -1.097561001777649, 0.3353658616542816, 0.0, 13.850930213928223, 11.34837818145752, 0.0, 1000, 1000, 1000, 1000, -3.1745481491088867, -4.065887451171875, 0.0, -2.156255006790161, 10.390263557434082, 11.958792686462402, 23.34367561340332, 4.058337211608887, 39.36080551147461, 8.810409545898438, 15.127386093139648, 2.982340097427368, 26.920135498046875)
(-3.861980676651001, -3.8412554264068604, 0.0, 0.0, -1.0, 0.0, 1.0670732259750366, -0.3048780560493469, 0.0, 15.447922706604004, 11.365021705627441, 0.0, 1000, 1000, 1000, 1000, -4.249614715576172, -3.9019341468811035, 0.0, -2.4968032836914062, 11.07883358001709, 11.504679679870605, 24.147939682006836, 3.9033327102661133, 39.55595397949219, 9.335920333862305, 15.753271102905273, 3.1556015014648438, 28.244792938232422)
(-3.7504730224609375, -3.8647608757019043, 0.0, 0.0, -1.0, 0.0, -0.7012194991111755, 0.5182926654815674, 0.0, 15.00189208984375, 11.459043502807617, 0.0, 1000, 1000, 1000, 1000, -3.399600028991699, -4.111401557922363, 0.0, -2.5158584117889404, 11.166939735412598, 12.56248950958252, 24.3262996673584, 4.258202075958252, 41.14699172973633, 8.75260066986084, 15.882495880126953, 2.9606354236602783, 27.595731735229492)
(-3.822126865386963, -3.980074644088745, 0.0, 0.0, -1.0, 0.0, 0.3658536672592163, 0.8841463327407837, 0.0, 15.288507461547852, 11.92029857635498, 0.0, 1000, 1000, 1000, 1000, -3.751617908477783, -3.8939576148986816, 0.0, -2.502291202545166, 11.29849624633789, 11.93812370300293, 24.506141662597656, 4.045651912689209, 40.48991775512695, 8.8289213180542, 16.021818161010742, 3.00277042388916, 27.8535099029541)
(-3.6165688037872314, -3.917738914489746, 0.0, 0.0, -1.0, 0.0, 2.5, -0.12195122241973877, 0.0, 14.466275215148926, 11.670955657958984, 0.0, 1000, 1000, 1000, 1000, -3.4603562355041504, -3.749833106994629, 0.0, -2.369821310043335, 11.387673377990723, 9.573019981384277, 24.675697326660156, 3.2491989135742188, 37.49791717529297, 9.434325218200684, 16.154521942138672, 3.1920883655548096, 28.780935287475586)
(-3.441210985183716, -3.8490161895751953, 0.0, 0.0, -1.0, 0.0, -2.7439024448394775, 1.8902438879013062, 0.0, 13.764843940734863, 11.396064758300781, 0.0, 1000, 1000, 1000, 1000, -3.203763484954834, -3.578425884246826, 0.0, -2.503662109375, 11.725325584411621, 13.206997871398926, 24.843257904052734, 4.477933883666992, 42.52819061279297, 7.604657173156738, 16.279617309570312, 2.584064245223999, 26.468339920043945)
(-3.6905133724212646, -3.7329657077789307, 0.0, 0.0, -1.0, 0.0, -0.6402438879013062, -0.5182926654815674, 0.0, 14.762053489685059, 10.931862831115723, 0.0, 1000, 1000, 1000, 1000, -3.264254570007324, -4.128917217254639, 0.0, -2.782473564147949, 11.770901679992676, 12.321837425231934, 25.022357940673828, 4.173083305358887, 41.517276763916016, 9.160123825073242, 16.413326263427734, 3.107229232788086, 28.680679321289062)
(-3.7903411388397217, -3.870816230773926, 0.0, 0.0, -1.0, 0.0, 1.6158536672592163, 0.09146341681480408, 0.0, 15.161364555358887, 11.483264923095703, 0.0, 1000, 1000, 1000, 1000, -4.066590785980225, -5.0, 0.0, -2.688265562057495, 11.937519073486328, 10.836408615112305, 25.19410514831543, 3.6723036766052246, 39.70281982421875, 9.113441467285156, 16.540910720825195, 3.0969600677490234, 28.751312255859375)
(-2.643645763397217, -3.2610433101654053, 0.0, 0.0, -1.0, 0.0, 8.20121955871582, 2.9573171138763428, 0.0, 10.574583053588867, 9.044173240661621, 0.0, 1000, 1000, 1000, 1000, -0.3309016227722168, -2.608520746231079, 0.0, -1.7071683406829834, 12.623189926147461, 1.8986908197402954, 25.30885887145996, 0.6309078335762024, 27.838457107543945, 4.869484901428223, 16.646991729736328, 1.6645443439483643, 23.181020736694336)
(0.60114985704422, -2.749584197998047, 0.0, 0.0, -1.0, 0.0, -1.3414634466171265, 8.018292427062988, 0.0, -2.40459942817688, 6.9983367919921875, 0.0, 1000, 1000, 1000, 1000, 3.0779128074645996, -4.1346516609191895, 0.0, -0.01860138028860092, 12.967851638793945, -0.8505088090896606, 25.26236343383789, -0.26120033860206604, 24.150653839111328, -0.8159645199775696, 16.718172073364258, -0.36170390248298645, 15.54050350189209)
(-0.3927546441555023, -0.7753183841705322, 0.0, 0.0, -1.0, 0.0, -0.3048780560493469, 2.77439022064209, 0.0, 1.5710185766220093, -0.8987264633178711, 0.0, 1000, 1000, 1000, 1000, -2.6038942337036133, 1.1218910217285156, 0.0, -1.4964977502822876, 14.382486343383789, 1.5007174015045166, 25.322174072265625, 0.48874571919441223, 27.311635971069336, -2.938493251800537, 16.672225952148438, -0.962546169757843, 12.771186828613281)
(-1.6886379718780518, -1.2954802513122559, 0.0, 0.0, -1.0, 0.0, -6.158536434173584, 0.15243902802467346, 0.0, 6.754551887512207, 1.1819210052490234, 0.0, 1000, 1000, 1000, 1000, -1.3629035949707031, -2.3784141540527344, 0.0, -2.2336933612823486, 13.480051040649414, 10.330470085144043, 25.406103134155273, 3.4892842769622803, 39.22585678100586, 0.8235856294631958, 16.723295211791992, 0.23071256279945374, 17.7775936126709)
(-1.304452896118164, -2.0181996822357178, 0.0, 0.0, -1.0, 0.0, 6.371951103210449, -1.3414634466171265, 0.0, 5.217811584472656, 4.072798728942871, 0.0, 1000, 1000, 1000, 1000, -0.46137070655822754, -3.0641489028930664, 0.0, -1.7890276908874512, 13.295294761657715, -0.9233115911483765, 25.46820068359375, -0.3127831816673279, 24.232107162475586, 4.331409931182861, 16.75749969482422, 1.4625972509384155, 22.5515079498291)
(-0.672817587852478, -2.302224636077881, 0.0, 0.0, 0.0, 0.0, -2.8658535480499268, 0.5182926654815674, 0.0, 2.691270351409912, 9.208898544311523, 0.0, 1000, 1000, 1000, 1000, 0.4259681701660156, -1.6977064609527588, 0.0, -1.771954894065857, 13.420143127441406, 4.445699214935303, 25.503446578979492, 1.5036207437515259, 31.45276641845703, 6.952485084533691, 16.812274932861328, 2.371293306350708, 26.13605308532715)
(-1.0604543685913086, -3.0360119342803955, 0.0, 0.0, -1.0, 0.0, -3.2926828861236572, -0.4878048896789551, 0.0, 4.241817474365234, 8.144047737121582, 0.0, 1100, 1100, 1120, 1100, -0.265735387802124, -4.955585479736328, 0.0, -2.049546480178833, 13.04956340789795, 6.027600288391113, 25.55609703063965, 2.0583884716033936, 33.642086029052734, 6.905482292175293, 16.90753746032715, 2.3379578590393066, 26.150978088378906)
(-1.3801624774932861, -3.956289052963257, 0.0, 0.0, -1.0, 0.0, 2.7134146690368652, 2.012195110321045, 0.0, 5.5206499099731445, 11.825156211853027, 0.0, 1100, 1100, 1126, 1100, -1.1633868217468262, -8.492438316345215, 0.0, -2.058692455291748, 13.157639503479004, 2.245788097381592, 25.628015518188477, 0.7309411764144897, 28.604745864868164, 7.850369453430176, 17.033491134643555, 2.615910530090332, 27.49976921081543)
(-1.1266201734542847, -3.961801528930664, 0.0, 0.0, -1.0, 0.0, 6.6768293380737305, -2.591463327407837, 0.0, 4.506480693817139, 11.847206115722656, 0.0, 1100, 1100, 1172, 1100, -2.4555435180664062, -1.436859130859375, 0.0, -1.644515872001648, 13.137364387512207, -1.7362788915634155, 25.670928955078125, -0.6570464968681335, 23.277605056762695, 11.550935745239258, 17.176315307617188, 3.9405040740966797, 32.667755126953125)
(-1.7060155868530273, -4.0648698806762695, 0.0, 0.0, -1.0, 0.0, 0.3353658616542816, 1.3719512224197388, 0.0, 6.824062347412109, 12.259479522705078, 0.0, 1116, 1144, 1225, 1100, -3.6382784843444824, -6.214510440826416, 0.0, -2.5367414951324463, 13.28614616394043, 5.190957069396973, 25.773494720458984, 1.839203953742981, 32.803653717041016, 8.710022926330566, 17.30777359008789, 2.9963817596435547, 29.014177322387695)
(-0.3134596645832062, -3.5784175395965576, 0.0, 0.0, -1.0, 0.0, 0.7317073345184326, -3.658536672592163, 0.0, 1.2538386583328247, 10.31367015838623, 0.0, 1184, 1191, 1256, 1119, 2.8367209434509277, -3.1458311080932617, 0.0, -1.5728695392608643, 13.657641410827637, 0.41770505905151367, 25.767925262451172, 0.1579514443874359, 26.343582153320312, 11.177765846252441, 17.418241500854492, 3.8971517086029053, 32.493160247802734)
(-0.6610020995140076, -2.6379103660583496, 0.0, 0.0, -1.0, 0.0, -0.5792682766914368, 5.9146342277526855, 0.0, 2.6440083980560303, 6.551641464233398, 0.0, 1194, 1237, 1287, 1172, 0.35916054248809814, -13.53654670715332, 0.0, -2.1368939876556396, 14.09361743927002, 2.5786213874816895, 25.809844970703125, 0.9976503849029541, 29.386117935180664, 0.5096057653427124, 17.503206253051758, -0.11192124336957932, 17.90089225769043)
(-0.9970526695251465, -1.553881049156189, 0.0, 0.0, -1.0, 0.0, 0.3353658616542816, -3.932926893234253, 0.0, 3.988210678100586, 2.215524196624756, 0.0, 1212, 1242, 1282, 1154, 1.7298710346221924, 39.87362289428711, 0.0, -1.2948212623596191, 13.850325584411621, 2.922276020050049, 25.807340621948242, 0.6496604084968567, 29.379276275634766, 4.918760776519775, 17.589208602905273, 2.006681203842163, 24.514650344848633)
(-10.873573303222656, 0.6742814779281616, 0.0, 0.0, -1.0, 0.0, -64.45121765136719, 6.067073345184326, 0.0, 43.494293212890625, -6.6971259117126465, 0.0, 1100, 1320, 1430, 1118, 6.846099853515625, 10.699309349060059, 0.0, -11.211591720581055, 14.501392364501953, 86.35640716552734, 26.500808715820312, 29.610885620117188, 142.46810913085938, -10.211359024047852, 17.54062843322754, -3.719698905944824, 3.6095707416534424)
(-4.983588218688965, -0.03258586674928665, 0.0, 0.0, -1.0, 0.0, 69.66463470458984, -1.9512195587158203, 0.0, 19.93435287475586, -3.869656562805176, 0.0, 1280, 1220, 1193, 1197, -6.233180999755859, 1.528813362121582, 0.0, -1.5152486562728882, 14.527615547180176, -39.78422546386719, 26.576908111572266, -13.055139541625977, -26.2624568939209, -1.5347496271133423, 17.464019775390625, -1.9484020471572876, 13.980867385864258)
(-1.5037589073181152, 1.8105385303497314, 0.0, 0.0, -1.0, 0.0, -27.774391174316406, 4.29878044128418, 0.0, 6.015035629272461, -11.242154121398926, 0.0, 1136, 1282, 1309, 1163, 1.8126540184020996, -16.543405532836914, 0.0, -3.8105227947235107, 16.39209747314453, 27.031543731689453, 26.710979461669922, 9.323299407958984, 63.065818786621094, -12.432747840881348, 17.264392852783203, -4.696413993835449, 0.13523074984550476)
(-1.692042589187622, 0.1582687646150589, 0.0, 0.0, -1.0, 0.0, 8.414633750915527, -10.762195587158203, 0.0, 6.768170356750488, -4.63307523727417, 0.0, 1218, 1240, 1275, 1157, 12.027814865112305, 40.3460693359375, 0.0, -1.4657058715820312, 14.909321784973145, -1.3171707391738892, 26.720304489135742, -0.3405371904373169, 25.062597274780273, 4.90329647064209, 17.269804000854492, 1.8513532876968384, 24.02445411682129)
(-1.4415086507797241, 2.903970241546631, 0.0, 0.0, -1.0, 0.0, 0.5792682766914368, 1.7073171138763428, 0.0, 5.7660346031188965, -15.615880966186523, 0.0, 1176, 1265, 1271, 1190, 4.3388848304748535, -2.673764705657959, 0.0, -3.192535161972046, 15.216333389282227, 4.149413108825684, 26.884408950805664, 1.494857668876648, 32.52867889404297, -13.858558654785156, 17.08755111694336, -5.0707221031188965, -1.8417298793792725)
(-0.8428026437759399, -0.684508204460144, 0.0, 0.0, 0.0, 0.0, 2.8353657722473145, 0.060975611209869385, 0.0, 3.3712105751037598, 2.738032817840576, 0.0, 1258, 1293, 1347, 1232, -8.092521667480469, 12.329944610595703, 0.0, -2.8753089904785156, 15.39041805267334, 0.4286758303642273, 26.908889770507812, 0.050912994891405106, 27.388479232788086, 2.141645908355713, 16.993444442749023, 1.1438897848129272, 20.278980255126953)
(-0.3640584647655487, -0.5054367780685425, 0.0, 0.0, -1.0, 0.0, -1.737804889678955, 8.109756469726562, 0.0, 1.4562338590621948, -1.97825288772583, 0.0, 1250, 1320, 1324, 1232, 15.246685028076172, -1.3680224418640137, 0.0, -2.386436939239502, 16.198190689086914, 2.5552310943603516, 26.92859649658203, 1.081607460975647, 30.565433502197266, -8.070406913757324, 16.934776306152344, -3.2165496349334717, 5.647818565368652)
(-2.6821961402893066, 1.2973291873931885, 0.0, 0.0, -1.0, 0.0, -44.35975646972656, -13.262195587158203, 0.0, 10.728784561157227, -9.189316749572754, 0.0, 1202, 1351, 1403, 1166, -18.73877716064453, -16.985475540161133, 0.0, -4.22881555557251, 15.723947525024414, 44.070831298828125, 27.04942512512207, 15.117526054382324, 86.23778533935547, 3.258303165435791, 16.857738494873047, 1.7204927206039429, 21.83653450012207)
(-9.835984230041504, 2.0723395347595215, 0.0, 0.0, -1.0, 0.0, 55.42683029174805, -24.024391174316406, 0.0, 39.343936920166016, -12.289358139038086, 0.0, 1305, 1285, 1316, 1216, 29.483509063720703, 9.319830894470215, 0.0, -9.535981178283691, 16.436447143554688, -12.866314888000488, 27.680652618408203, -4.867753982543945, 9.94658374786377, 9.388026237487793, 16.68813133239746, 3.951512336730957, 30.02766990661621)
(-0.427426278591156, -2.022566556930542, 0.0, 0.0, -1.0, 0.0, -15.182927131652832, 10.060976028442383, 0.0, 1.709705114364624, 4.090266227722168, 0.0, 1213, 1304, 1369, 1236, -35.17584228515625, -11.408530235290527, 0.0, -0.6699752807617188, 15.19208812713623, 13.514104843139648, 27.38251495361328, 4.79541015625, 45.69203186035156, -4.7765679359436035, 16.75603485107422, -1.5936999320983887, 10.385766983032227)
(-0.5464411973953247, 0.9426306486129761, 0.0, 0.0, -1.0, 0.0, 8.079268455505371, -1.4634146690368652, 0.0, 2.185764789581299, -7.770522594451904, 0.0, 1256, 1299, 1326, 1244, -6.372796058654785, 11.63653564453125, 0.0, -1.2972619533538818, 16.039501190185547, -4.7148027420043945, 27.45735740661621, -1.4622628688812256, 21.280292510986328, -5.0456862449646, 16.636491775512695, -1.9353489875793457, 9.65545654296875)
(-4.921945095062256, -0.13360795378684998, 0.0, 0.0, -1.0, 0.0, -65.82317352294922, -11.341463088989258, 0.0, 19.687780380249023, -3.4655680656433105, 0.0, 1157, 1362, 1457, 1146, -7.166687965393066, 35.013912200927734, 0.0, -8.711285591125488, 15.54102611541748, 68.40876770019531, 27.844881057739258, 22.522523880004883, 118.77616882324219, 6.300715923309326, 16.60276222229004, 3.379596471786499, 26.28307342529297)
(-15.915162086486816, 0.7661951780319214, 0.0, 0.0, -1.0, 0.0, 53.99390411376953, 0.8841463327407837, 0.0, 63.660648345947266, -7.0647807121276855, 0.0, 1261, 1343, 1316, 1202, 12.229348182678223, 33.60792541503906, 0.0, -12.594210624694824, 16.80535316467285, 7.733395576477051, 28.667619705200195, 2.420194149017334, 38.82120895385742, -6.3591413497924805, 16.50832748413086, -2.1656415462493896, 7.983544826507568)
(1.6383055448532104, -1.8461748361587524, 0.0, 0.0, -1.0, 0.0, 9.29878044128418, 7.042683124542236, 0.0, -6.553222179412842, 3.3846993446350098, 0.0, 1255, 1271, 1330, 1262, 24.53915786743164, 34.144813537597656, 0.0, 2.9833805561065674, 14.99422836303711, -12.681602478027344, 28.182514190673828, -4.407138347625732, 11.093772888183594, -2.926387071609497, 16.598451614379883, -0.7466913461685181, 12.925373077392578)
(-0.32152000069618225, 0.11585498601198196, 0.0, 0.0, -1.0, 0.0, -20.70121955871582, 8.75, 0.0, 1.286080002784729, -4.4634199142456055, 0.0, 1209, 1327, 1356, 1226, 4.244512557983398, 3.342034339904785, 0.0, -2.821039915084839, 16.291637420654297, 17.589839935302734, 28.404001235961914, 5.934791088104248, 51.92863082885742, -10.570735931396484, 16.510026931762695, -3.226529121398926, 2.7127621173858643)
(3.339038372039795, -0.14843828976154327, 0.0, 0.0, -1.0, 0.0, 12.195121765136719, -3.9634146690368652, 0.0, -13.35615348815918, -3.4062469005584717, 0.0, 1291, 1279, 1304, 1248, -0.07856965065002441, -9.757101058959961, 0.0, 0.1489294022321701, 15.704449653625488, -20.441020965576172, 28.207609176635742, -6.690023899078369, 1.0765653848648071, 0.4457342028617859, 16.47865867614746, 0.013013080693781376, 16.93740463256836)
(0.7829224467277527, -0.44190850853919983, 0.0, 0.0, -1.0, 0.0, -30.94512176513672, -4.054878234863281, 0.0, -3.1316897869110107, -2.2323660850524902, 0.0, 1215, 1313, 1384, 1210, 10.38003921508789, 30.203224182128906, 0.0, -3.9922287464141846, 16.889968872070312, 22.25074577331543, 28.24471092224121, 7.496438503265381, 57.99189758300781, 1.4580097198486328, 16.346139907836914, 1.1420780420303345, 18.94622802734375)
(2.180171012878418, 3.709599018096924, 0.0, 0.0, -1.0, 0.0, 23.59756088256836, -6.432926654815674, 0.0, -8.720684051513672, -18.838396072387695, 0.0, 1311, 1314, 1255, 1242, 17.12778663635254, -31.775259017944336, 0.0, -2.477593183517456, 17.319238662719727, -25.854595184326172, 28.168760299682617, -8.742297172546387, -6.428133010864258, -9.924375534057617, 16.15581512451172, -3.7539474964141846, 2.477492094039917)
(-0.20620642602443695, 1.807356357574463, 0.0, 0.0, 0.0, 0.0, -23.689023971557617, 11.432927131652832, 0.0, 0.8248257040977478, -7.229425430297852, 0.0, 1193, 1330, 1361, 1239, -2.6525421142578125, -2.642102003097534, 0.0, -3.8013737201690674, 17.253236770629883, 19.611080169677734, 28.149423599243164, 6.844854831695557, 54.6053581237793, -14.929883003234863, 15.970924377441406, -4.636798858642578, -3.595757007598877)
(0.434695303440094, 0.1783747524023056, 0.0, 0.0, -1.0, 0.0, 19.725608825683594, -1.6463414430618286, 0.0, -1.738781213760376, -4.713499069213867, 0.0, 1277, 1281, 1307, 1252, 25.597042083740234, 8.970911979675293, 0.0, -1.299849033355713, 17.189821243286133, -17.171512603759766, 28.07236671447754, -6.283785343170166, 4.617069721221924, -2.453726291656494, 15.877376556396484, -0.6490750908851624, 12.774575233459473)
(-1.1506896018981934, 0.0748220682144165, 0.0, 0.0, -1.0, 0.0, -17.621952056884766, 11.40243911743164, 0.0, 4.602758407592773, -4.299288272857666, 0.0, 1191, 1318, 1365, 1244, 8.124530792236328, -16.994842529296875, 0.0, -3.1565558910369873, 17.744550704956055, 17.779767990112305, 28.154747009277344, 5.992944717407227, 51.927459716796875, -12.561381340026855, 15.792912483215332, -4.524141311645508, -1.2926106452941895)
(-0.8634441494941711, -0.10956891626119614, 0.0, 0.0, -1.0, 0.0, 15.42682933807373, -1.7987804412841797, 0.0, 3.4537765979766846, -3.5617244243621826, 0.0, 1261, 1283, 1327, 1248, 0.300679087638855, -6.481407165527344, 0.0, -1.644513487815857, 17.611316680908203, -9.578442573547363, 28.149497985839844, -3.187516689300537, 15.383539199829102, -1.4103552103042603, 15.77186393737793, -0.22842128574848175, 14.133088111877441)
(0.9146676063537598, -1.4740465879440308, 0.0, 0.0, -1.0, 0.0, -16.341463088989258, 3.871951103210449, 0.0, -3.658670425415039, 1.896186351776123, 0.0, 1237, 1313, 1352, 1221, 28.65166473388672, 1.6907482147216797, 0.0, -2.734147548675537, 17.807809829711914, 10.146234512329102, 28.183948516845703, 3.3356504440307617, 41.66583251953125, -1.5806118249893188, 15.763172149658203, -0.6491429209709167, 13.533416748046875)
(0.9115644693374634, -1.0394783020019531, 0.0, 0.0, -1.0, 0.0, 2.9573171138763428, -3.628048896789551, 0.0, -3.6462578773498535, 0.1579132080078125, 0.0, 1268, 1292, 1332, 1230, -5.739157199859619, -2.923663854598999, 0.0, -2.96036696434021, 17.57579803466797, -5.282859802246094, 28.17780303955078, -1.5297127962112427, 21.365230560302734, 3.0287697315216064, 15.755410194396973, 0.7187350392341614, 19.502914428710938)
(-0.32105690240859985, -1.753464698791504, 0.0, 0.0, -1.0, 0.0, -6.707316875457764, -1.737804889678955, 0.0, 1.2842276096343994, 3.0138587951660156, 0.0, 1265, 1317, 1336, 1200, 4.670794486999512, -12.049895286560059, 0.0, -3.9635677337646484, 17.94240951538086, 6.393235683441162, 28.19515037536621, 2.2378053665161133, 36.82619094848633, 3.801331043243408, 15.769469261169434, 1.4929168224334717, 21.063716888427734)
(-0.9126963019371033, -0.758945643901825, 0.0, 0.0, -1.0, 0.0, 2.987804889678955, 5.0, 0.0, 3.650785207748413, -0.9642174243927002, 0.0, 1248, 1308, 1329, 1233, -3.3483171463012695, 7.759607315063477, 0.0, -3.1496973037719727, 18.18463897705078, 0.5303842425346375, 28.186607360839844, 0.5159183740615845, 29.23291015625, -4.771373748779297, 15.769604682922363, -2.0338895320892334, 8.964341163635254)
(-8.505596160888672, 0.9778658151626587, 0.0, 0.0, -1.0, 0.0, -51.15853500366211, -13.810976028442383, 0.0, 34.02238464355469, -7.911463260650635, 0.0, 1126, 1339, 1479, 1173, -4.5130815505981445, 10.517312049865723, 0.0, -12.102594375610352, 18.300806045532227, 68.14473724365234, 28.793140411376953, 22.613401412963867, 119.55127716064453, 4.719610214233398, 15.72238540649414, 2.763486385345459, 23.205482482910156)
(-4.545964241027832, 1.5022733211517334, 0.0, 0.0, -1.0, 0.0, 76.09756469726562, 13.719511985778809, 0.0, 18.183856964111328, -10.009093284606934, 0.0, 1306, 1283, 1230, 1298, -9.145195960998535, -2.6508476734161377, 0.0, -4.968752861022949, 19.140596389770508, -46.33096694946289, 28.941932678222656, -15.44705581665039, -32.836090087890625, -18.98288345336914, 15.553722381591797, -8.015478134155273, -11.444640159606934)
(-1.8942513465881348, 1.5695827007293701, 0.0, 0.0, -1.0, 0.0, -38.01829147338867, 11.432927131652832, 0.0, 7.577005386352539, -10.27833080291748, 0.0, 1163, 1355, 1379, 1221, 45.34150695800781, 25.685394287109375, 0.0, -3.863265037536621, 18.838768005371094, 36.47623825073242, 28.944332122802734, 11.988612174987793, 77.4091796875, -17.369007110595703, 15.539080619812012, -6.628483295440674, -8.45840835571289)
(-1.1377034187316895, 0.5055481791496277, 0.0, 0.0, -1.0, 0.0, 19.817073822021484, -5.243902206420898, 0.0, 4.550813674926758, -6.02219295501709, 0.0, 1272, 1290, 1315, 1241, -4.992109775543213, 3.809361457824707, 0.0, -1.7522894144058228, 18.33343505859375, -12.213007926940918, 28.969449996948242, -3.7143993377685547, 13.042041778564453, -0.622632622718811, 15.455172538757324, -0.9847681522369385, 13.847771644592285)
(0.8903234601020813, 1.1177568435668945, 0.0, 0.0, -1.0, 0.0, -20.884145736694336, -1.737804889678955, 0.0, -3.561293840408325, -8.471027374267578, 0.0, 1205, 1304, 1370, 1239, 5.664309501647949, 19.07857894897461, 0.0, -2.7561004161834717, 18.09821319580078, 13.858281135559082, 28.985233306884766, 4.835464954376221, 47.678977966308594, -5.38657808303833, 15.395852088928223, -1.819289207458496, 8.189985275268555)
(2.090447425842285, 2.2885913848876953, 0.0, 0.0, 0.0, 0.0, 10.518292427062988, -2.317073106765747, 0.0, -8.36178970336914, -9.154365539550781, 0.0, 1270, 1291, 1305, 1252, -6.217922210693359, 24.908416748046875, 0.0, -2.2464966773986816, 18.116960525512695, -15.10406494140625, 28.915874481201172, -5.254421234130859, 8.557388305664062, -5.469834327697754, 15.255846977233887, -2.086906671524048, 7.699105739593506)
(0.41241446137428284, 1.3383878469467163, 0.0, 0.0, -1.0, 0.0, -13.993902206420898, -10.42682933807373, 0.0, -1.6496578454971313, -9.353551864624023, 0.0, 1238, 1309, 1353, 1217, 25.03142738342285, 22.50750732421875, 0.0, -4.537502765655518, 18.154006958007812, 9.875394821166992, 28.927417755126953, 3.116813898086548, 41.91962814331055, 0.8586219549179077, 15.144327163696289, 0.39529338479042053, 16.398242950439453)
(0.7336198687553406, 1.4085994958877563, 0.0, 0.0, -1.0, 0.0, 12.62195110321045, -6.067073345184326, 0.0, -2.9344794750213623, -9.634397506713867, 0.0, 1285, 1306, 1297, 1230, 15.27145004272461, 49.22915267944336, 0.0, -3.5812528133392334, 18.353092193603516, -12.445144653320312, 28.878660202026367, -4.476924419403076, 11.95659065246582, -2.8538594245910645, 15.048626899719238, -0.5249456763267517, 11.669821739196777)
(-0.10200031846761703, 0.6548734903335571, 0.0, 0.0, -1.0, 0.0, -10.335366249084473, 8.780488014221191, 0.0, 0.40800127387046814, -6.6194939613342285, 0.0, 1222, 1326, 1333, 1237, -1.0152544975280762, -17.060516357421875, 0.0, -4.85290002822876, 18.296236038208008, 8.594694137573242, 28.923686981201172, 2.654331922531128, 40.17271423339844, -12.319986343383789, 14.974974632263184, -4.465198040008545, -1.8102093935012817)
(-1.95759117603302, -0.28090065717697144, 0.0, 0.0, -1.0, 0.0, 9.84756088256836, -4.5731706619262695, 0.0, 7.83036470413208, -2.8763973712921143, 0.0, 1262, 1301, 1331, 1224, -7.843964576721191, 25.6510066986084, 0.0, -4.242838382720947, 18.055078506469727, -1.6137568950653076, 28.98282241821289, -0.7281831502914429, 26.64088249206543, 1.3574186563491821, 14.92562198638916, 0.687548041343689, 16.97058868408203)
(-2.41672682762146, -0.14800147712230682, 0.0, 0.0, -1.0, 0.0, -4.146341323852539, -3.658536672592163, 0.0, 9.66690731048584, -3.407994031906128, 0.0, 1234, 1312, 1357, 1219, -28.2398738861084, -15.046136856079102, 0.0, -4.402899265289307, 18.44471549987793, 11.050599098205566, 29.07388687133789, 3.760101318359375, 43.884586334228516, 0.2004341185092926, 14.874918937683105, -0.14361122250556946, 14.931741714477539)
(-0.9605016708374023, -0.2698569893836975, 0.0, 0.0, -1.0, 0.0, 9.84756088256836, -6.5853657722473145, 0.0, 3.8420066833496094, -2.92057204246521, 0.0, 1257, 1285, 1340, 1236, -2.976505756378174, -7.896947860717773, 0.0, -3.0504603385925293, 18.540142059326172, -4.804443359375, 29.112279891967773, -1.5748029947280884, 22.7330322265625, 2.9318349361419678, 14.835915565490723, 1.236256718635559, 19.00400733947754)
(0.0859082043170929, -0.9765928983688354, 0.0, 0.0, -1.0, 0.0, -9.603658676147461, -0.21341463923454285, 0.0, -0.3436328172683716, -0.0936284065246582, 0.0, 1238, 1307, 1351, 1222, 6.332610607147217, -13.881241798400879, 0.0, -3.4998509883880615, 18.72261619567871, 7.408020973205566, 29.150659561157227, 2.773812770843506, 39.33249282836914, 0.09582898765802383, 14.82367992401123, 0.18720859289169312, 15.106717109680176)
(-0.5736699104309082, 0.3491193652153015, 0.0, 0.0, -1.0, 0.0, 8.75, -2.012195110321045, 0.0, 2.294679641723633, -5.396477699279785, 0.0, 1263, 1304, 1319, 1232, -22.506542205810547, 39.48533248901367, 0.0, -3.5218024253845215, 18.84365463256836, -5.1642560958862305, 29.168264389038086, -2.1080033779144287, 21.89600372314453, -2.707426071166992, 14.78812313079834, -0.3874669373035431, 11.693229675292969)
(-0.6771726012229919, -1.6346194744110107, 0.0, 0.0, -1.0, 0.0, -29.542682647705078, 2.7134146690368652, 0.0, 2.7086904048919678, 2.538477897644043, 0.0, 1214, 1334, 1373, 1197, 0.19663596153259277, 30.478530883789062, 0.0, -5.166466236114502, 18.831314086914062, 25.801097869873047, 29.245439529418945, 8.887147903442383, 63.933685302734375, -0.13994941115379333, 14.758166313171387, -0.9786167144775391, 13.639599800109863)
(-14.9952392578125, 0.9635692834854126, 0.0, 0.0, -1.0, 0.0, 0.24390244483947754, 20.274391174316406, 0.0, 59.98095703125, -7.85427713394165, 0.0, 1127, 1367, 1400, 1224, -41.35588836669922, 7.541956901550293, 0.0, -16.969972610473633, 20.083452224731445, 47.789642333984375, 30.19274139404297, 16.02581024169922, 94.00819396972656, -22.502933502197266, 14.663809776306152, -8.014397621154785, -15.853522300720215)
(-1.2168515920639038, -1.2014468908309937, 0.0, 0.0, -1.0, 0.0, 53.20121765136719, 21.829267501831055, 0.0, 4.867406368255615, 0.8057875633239746, 0.0, 1328, 1322, 1213, 1255, 18.48048973083496, -10.332311630249023, 0.0, -1.0925343036651611, 18.42658805847168, -38.667049407958984, 29.88237953186035, -13.169299125671387, -21.953969955444336, -16.818782806396484, 14.67546558380127, -6.8860297203063965, -9.02934741973877)
(-4.013838768005371, 0.08348830789327621, 0.0, 0.0, -1.0, 0.0, -26.4939022064209, 25.274391174316406, 0.0, 16.055355072021484, -4.333953380584717, 0.0, 1151, 1359, 1372, 1237, -19.461658477783203, -8.55978012084961, 0.0, -6.262199401855469, 21.452348709106445, 34.039405822753906, 30.15156364440918, 11.565494537353516, 75.75646209716797, -23.686676025390625, 14.518278121948242, -9.06592082977295, -18.234317779541016)
(-0.722755491733551, 3.6131112575531006, 0.0, 0.0, 0.0, 0.0, 35.88414764404297, -23.170732498168945, 0.0, 2.891021966934204, -14.452445030212402, 0.0, 1308, 1268, 1300, 1242, 19.712553024291992, 26.517309188842773, 0.0, -1.2333885431289673, 20.984514236450195, -26.394500732421875, 30.07314109802246, -9.202836036682129, -5.524196624755859, 6.974629878997803, 14.377408027648926, 2.8857157230377197, 24.23775291442871)
(1.1147574186325073, 3.0353946685791016, 0.0, 0.0, -1.0, 0.0, -22.2560977935791, 9.359756469726562, 0.0, -4.459029674530029, -16.141578674316406, 0.0, 1220, 1366, 1351, 1261, 7.816098213195801, -12.250337600708008, 0.0, -4.462199687957764, 21.090612411499023, 14.237653732299805, 30.131681442260742, 4.821913242340088, 49.19124984741211, -20.40106773376465, 14.156516075134277, -7.553697109222412, -13.798249244689941)
(0.8458909392356873, 3.0235705375671387, 0.0, 0.0, -1.0, 0.0, 8.75, -3.170731782913208, 0.0, -3.383563756942749, -16.094282150268555, 0.0, 1280, 1333, 1331, 1277, 6.444448471069336, 5.173046112060547, 0.0, -2.985369920730591, 20.679485321044922, -9.7068510055542, 30.046491622924805, -3.601672410964966, 16.73796844482422, -10.33884048461914, 13.99691104888916, -3.41074800491333, 0.2473226636648178)
(-0.9760758876800537, 2.9181129932403564, 0.0, 0.0, -1.0, 0.0, -0.5182926654815674, 2.4695122241973877, 0.0, 3.904303550720215, -15.672451972961426, 0.0, 1275, 1378, 1375, 1298, 15.104647636413574, 3.444873809814453, 0.0, -4.662961959838867, 20.81454849243164, 3.538076877593994, 30.10753631591797, 1.4157088994979858, 35.06132125854492, -14.513570785522461, 13.814404487609863, -5.630833625793457, -6.330000400543213)
(0.5557723045349121, 1.6845147609710693, 0.0, 0.0, -1.0, 0.0, 2.9573171138763428, -2.317073106765747, 0.0, -2.2230892181396484, -10.738059043884277, 0.0, 1327, 1387, 1387, 1309, -15.397970199584961, -17.953510284423828, 0.0, -2.946652412414551, 20.712568283081055, -4.144325256347656, 30.03333854675293, -1.2684636116027832, 24.620548248291016, -6.736788749694824, 13.677879333496094, -2.3812525272369385, 4.559837341308594)
(-1.1177462339401245, 1.3602452278137207, 0.0, 0.0, -1.0, 0.0, -3.7195122241973877, -4.4817070960998535, 0.0, 4.470984935760498, -9.440980911254883, 0.0, 1308, 1390, 1415, 1300, 27.1613826751709, 2.5292534828186035, 0.0, -3.781864643096924, 21.706167221069336, 6.552397727966309, 30.066755294799805, 2.6246163845062256, 39.243770599365234, -3.967419147491455, 13.514575958251953, -1.2074370384216309, 8.339719772338867)
(-3.9177744388580322, 4.051723480224609, 0.0, 0.0, -1.0, 0.0, -67.68292999267578, 13.170731544494629, 0.0, 15.671097755432129, -20.206893920898438, 0.0, 1164, 1469, 1498, 1283, 0.7532345056533813, 1.0665578842163086, 0.0, -8.621345520019531, 21.75480079650879, 66.68321990966797, 30.394580841064453, 23.138378143310547, 120.21617889404297, -26.702098846435547, 13.338483810424805, -9.133564949035645, -22.497180938720703)
(-0.2621784210205078, 3.6576318740844727, 0.0, 0.0, -1.0, 0.0, 86.85975646972656, -7.743902206420898, 0.0, 1.0487136840820312, -18.63052749633789, 0.0, 1467, 1360, 1243, 1344, 36.522830963134766, 5.626352310180664, 0.0, -5.305339336395264, 21.529647827148438, -68.64883422851562, 30.554855346679688, -23.883214950561523, -61.977195739746094, -8.70930004119873, 13.090140342712402, -2.67775821685791, 1.7030822038650513)
(-5.730284690856934, 2.080104351043701, 0.0, 0.0, -1.0, 0.0, -55.21341323852539, 4.756097793579102, 0.0, 22.921138763427734, -12.320417404174805, 0.0, 1200, 1459, 1498, 1258, -26.434419631958008, -55.80904006958008, 0.0, -10.194820404052734, 23.666845321655273, 62.50764083862305, 30.808116912841797, 21.407629013061523, 114.723388671875, -13.661211967468262, 12.809391975402832, -3.9652631282806396, -4.817083835601807)
(1.3215998411178589, 4.157715797424316, 0.0, 0.0, -1.0, 0.0, 70.57926940917969, -23.689023971557617, 0.0, -5.2863993644714355, -20.630863189697266, 0.0, 1443, 1330, 1296, 1346, -9.717503547668457, 3.824972152709961, 0.0, -0.4719555377960205, 23.71852684020996, -60.692535400390625, 30.490089416503906, -20.684001922607422, -50.88644790649414, 2.446528673171997, 12.525513648986816, 0.8305410146713257, 15.802583694458008)
(-3.8441786766052246, 6.832131862640381, 0.0, 0.0, -1.0, 0.0, -48.475608825683594, -2.317073106765747, 0.0, 15.376714706420898, -31.328527450561523, 0.0, 1189, 1441, 1483, 1301, 12.992664337158203, 12.650005340576172, 0.0, -8.633845329284668, 25.54184913635254, 51.08185958862305, 30.866884231567383, 16.662891387939453, 98.61163330078125, -23.209163665771484, 12.055929183959961, -6.61981201171875, -17.773046493530273)
(5.732876300811768, 4.153347015380859, 0.0, 0.0, -1.0, 0.0, 30.121952056884766, -9.84756088256836, 0.0, -22.93150520324707, -20.613388061523438, 0.0, 1360, 1327, 1348, 1379, -24.495357513427734, -11.606019973754883, 0.0, 1.8948142528533936, 23.616540908813477, -42.44276809692383, 30.375751495361328, -14.034446716308594, -26.101463317871094, -8.612661361694336, 11.797711372375488, -2.992647647857666, 0.1924014836549759)
(-2.458038330078125, 0.9879905581474304, 0.0, 0.0, -1.0, 0.0, -20.274391174316406, 12.286585807800293, 0.0, 9.8321533203125, -7.951962471008301, 0.0, 1226, 1393, 1459, 1336, -30.41616439819336, -50.44490432739258, 0.0, -7.915246963500977, 25.067453384399414, 24.085235595703125, 30.711515426635742, 7.861210823059082, 62.657962799072266, -16.190837860107422, 11.517577171325684, -6.184636116027832, -10.857897758483887)
(5.385846138000488, 2.89207124710083, 0.0, 0.0, 0.0, 0.0, 10.396341323852539, -8.719511985778809, 0.0, -21.543384552001953, -11.56828498840332, 0.0, 1328, 1325, 1395, 1366, -17.38723373413086, -5.766628742218018, 0.0, 0.3056371510028839, 22.64259910583496, -25.551780700683594, 30.301116943359375, -8.350043296813965, -3.6007068157196045, -2.2790184020996094, 11.411735534667969, -0.924761950969696, 8.207955360412598)
(-3.0666158199310303, 4.936775207519531, 0.0, 0.0, -1.0, 0.0, -11.79878044128418, 4.237804889678955, 0.0, 12.266463279724121, -23.747100830078125, 0.0, 1267, 1438, 1401, 1308, 13.058642387390137, 25.57008171081543, 0.0, -8.465704917907715, 23.923391342163086, 19.252193450927734, 30.655271530151367, 6.316718101501465, 56.22418212890625, -22.387924194335938, 11.149035453796387, -8.13011360168457, -19.369003295898438)
(5.843681812286377, 1.0574722290039062, 0.0, 0.0, -1.0, 0.0, 7.957316875457764, 10.670731544494629, 0.0, -23.374727249145508, -8.229888916015625, 0.0, 1332, 1365, 1356, 1361, -2.63230562210083, -4.18864107131958, 0.0, -0.15091818571090698, 22.38315200805664, -25.065635681152344, 30.199199676513672, -8.363276481628418, -3.229712724685669, -15.120495796203613, 11.016318321228027, -5.37137508392334, -9.475552558898926)
(-4.220600128173828, 3.935368537902832, 0.0, 0.0, -1.0, 0.0, -5.4268293380737305, 1.4329267740249634, 0.0, 16.882400512695312, -19.741474151611328, 0.0, 1279, 1428, 1406, 1300, -28.808378219604492, 41.283199310302734, 0.0, -8.65899658203125, 24.117137908935547, 17.84738540649414, 30.560914993286133, 5.284756660461426, 53.69305419921875, -16.93951988220215, 10.795549392700195, -4.6506266593933105, -10.794597625732422)
(4.711761951446533, 1.9354263544082642, 0.0, 0.0, -1.0, 0.0, 5.762195110321045, 2.987804889678955, 0.0, -18.847047805786133, -11.741704940795898, 0.0, 1343, 1381, 1354, 1336, 55.37086868286133, -12.584383010864258, 0.0, 0.04969257488846779, 22.288631439208984, -19.687395095825195, 30.137331008911133, -6.465981483459473, 3.9839539527893066, -11.783607482910156, 10.663333892822266, -4.017052173614502, -5.137325763702393)
(-4.6927947998046875, 2.272226572036743, 0.0, 0.0, -1.0, 0.0, -20.426828384399414, 0.18292683362960815, 0.0, 18.77117919921875, -13.088906288146973, 0.0, 1256, 1429, 1446, 1287, -41.2652702331543, -18.51905059814453, 0.0, -8.816924095153809, 23.978723526000977, 31.3584041595459, 30.52340316772461, 11.28337287902832, 73.16517639160156, -10.617466926574707, 10.419246673583984, -3.5251615047454834, -3.7233810424804688)
(2.7856943607330322, 0.6869820952415466, 0.0, 0.0, -1.0, 0.0, 5.9146342277526855, 14.908536911010742, 0.0, -11.142777442932129, -6.747928619384766, 0.0, 1293, 1365, 1386, 1369, 8.668510437011719, -14.99797534942627, 0.0, -0.07987930625677109, 22.820335388183594, -13.645929336547852, 30.178579330444336, -4.289245128631592, 12.243406295776367, -17.325172424316406, 10.332891464233398, -6.615638256072998, -13.607919692993164)
(-3.3095905780792236, 0.7902806997299194, 0.0, 0.0, -1.0, 0.0, -1.676829218864441, 5.70121955871582, 0.0, 13.238362312316895, -7.161122798919678, 0.0, 1289, 1410, 1410, 1305, 1.4229648113250732, -10.256073951721191, 0.0, -8.041922569274902, 24.542139053344727, 11.932153701782227, 30.542436599731445, 3.870086431503296, 46.34467697143555, -10.289874076843262, 10.147988319396973, -3.849149703979492, -3.9910356998443604)
(1.2880350351333618, -2.4674744606018066, 0.0, 0.0, -1.0, 0.0, -1.25, 3.5060975551605225, 0.0, -5.152140140533447, 5.869897842407227, 0.0, 1302, 1349, 1430, 1332, 15.823959350585938, -7.734456539154053, 0.0, -1.469360589981079, 23.173233032226562, -3.1217122077941895, 30.269123077392578, -0.8185592889785767, 26.3288516998291, 1.8910402059555054, 10.176650047302246, 0.6598146557807922, 12.727505683898926)
(-3.2459311485290527, 1.2100924253463745, 0.0, 0.0, -1.0, 0.0, 5.121951103210449, -3.1402440071105957, 0.0, 12.983724594116211, -8.840370178222656, 0.0, 1322, 1409, 1394, 1288, -3.6363325119018555, 5.8480224609375, 0.0, -7.018141269683838, 24.943960189819336, 6.289418697357178, 30.55813217163086, 1.437817096710205, 38.285369873046875, -4.56010103225708, 10.10450267791748, -0.8150085210800171, 4.729393482208252)
(1.4195728302001953, 2.786264419555664, 0.0, 0.0, -1.0, 0.0, 7.22560977935791, -7.8353657722473145, 0.0, -5.678291320800781, -15.145057678222656, 0.0, 1318, 1367, 1391, 1334, -3.9460086822509766, -25.68285369873047, 0.0, -2.019665241241455, 23.788320541381836, -10.323121070861816, 30.385562896728516, -3.5884954929351807, 16.47394561767578, -5.847753524780273, 10.045852661132812, -2.1180782318115234, 2.0800209045410156)
(-1.9014846086502075, 0.6291428208351135, 0.0, 0.0, -1.0, 0.0, -2.591463327407837, 7.317073345184326, 0.0, 7.60593843460083, -6.516571044921875, 0.0, 1298, 1412, 1398, 1306, -65.11688232421875, -7.193065643310547, 0.0, -6.135518550872803, 24.861495971679688, 8.15792179107666, 30.580991744995117, 2.7316291332244873, 41.470542907714844, -11.066915512084961, 9.897870063781738, -4.183010101318359, -5.352055549621582)
(1.6040359735488892, 2.927834987640381, 0.0, 0.0, -1.0, 0.0, 8.841463088989258, -0.9146341681480408, 0.0, -6.416143894195557, -15.711339950561523, 0.0, 1311, 1370, 1384, 1348, 5.265073776245117, -13.39330005645752, 0.0, -1.9583840370178223, 24.225366592407227, -12.206085205078125, 30.403118133544922, -4.3800883293151855, 13.816943168640137, -11.83736515045166, 9.810829162597656, -3.89115047454834, -5.917686462402344)
(-3.4517416954040527, 2.5912768840789795, 0.0, 0.0, 0.0, 0.0, -6.402439117431641, 2.1646342277526855, 0.0, 13.806966781616211, -10.365107536315918, 0.0, 1268, 1401, 1431, 1314, -3.996488094329834, 7.352606773376465, 0.0, -6.1126508712768555, 25.308748245239258, 16.167524337768555, 30.61884117126465, 5.607430934906006, 52.393798828125, -10.02379322052002, 9.583125114440918, -3.4215173721313477, -3.862185478210449)
(2.685661792755127, 0.6124178171157837, 0.0, 0.0, -1.0, 0.0, -14.115853309631348, 6.890244007110596, 0.0, -10.742647171020508, -6.449671268463135, 0.0, 1294, 1393, 1402, 1325, 12.036032676696777, -18.96857452392578, 0.0, -2.0038089752197266, 24.77094078063965, 2.6985650062561035, 30.426362991333008, 0.9587358832359314, 34.08366394042969, -10.671932220458984, 9.510576248168945, -4.2494707107543945, -5.410826683044434)
(-10.28072738647461, 0.2868061363697052, 0.0, 0.0, -1.0, 0.0, -5.7317070960998535, 19.969512939453125, 0.0, 41.12290954589844, -5.147224426269531, 0.0, 1221, 1438, 1449, 1302, -25.646137237548828, 2.164419651031494, 0.0, -14.720120429992676, 26.277809143066406, 37.48369598388672, 31.229562759399414, 12.66427993774414, 81.37753295898438, -20.0933895111084, 9.355581283569336, -6.7254791259765625, -17.463287353515625)
(5.8892059326171875, -3.5385918617248535, 0.0, 0.0, -1.0, 0.0, 39.69512176513672, -13.414633750915527, 0.0, -23.55682373046875, 10.154367446899414, 0.0, 1433, 1309, 1345, 1327, -0.5540986061096191, -0.050961971282958984, 0.0, 1.129726529121399, 24.61835479736328, -50.60155487060547, 30.633607864379883, -16.737998962402344, -36.70594787597656, 18.855199813842773, 9.463055610656738, 7.178448677062988, 35.4967041015625)
(-5.7107014656066895, -1.1223341226577759, 0.0, 0.0, -1.0, 0.0, -50.09146499633789, 13.47560977935791, 0.0, 22.842805862426758, 0.4893364906311035, 0.0, 1216, 1465, 1481, 1252, -59.121604919433594, 22.886255264282227, 0.0, -11.240700721740723, 28.9813175201416, 58.34741973876953, 31.137493133544922, 19.869190216064453, 109.3541030883789, -10.389018058776855, 9.307210922241211, -3.919896125793457, -5.00170373916626)
(2.0404670238494873, 4.048316478729248, 0.0, 0.0, -1.0, 0.0, 46.432926177978516, -26.707317352294922, 0.0, -8.16186809539795, -20.193265914916992, 0.0, 1419, 1350, 1323, 1322, -11.500870704650879, 22.68593406677246, 0.0, -1.9583845138549805, 27.462114334106445, -43.67583465576172, 30.89394187927246, -14.248817443847656, -27.030712127685547, 5.211241245269775, 9.197649955749512, 2.978724718093872, 17.387617111206055)
(-6.622626781463623, 2.9851813316345215, 0.0, 0.0, -1.0, 0.0, -27.65243911743164, 20.0, 0.0, 26.490507125854492, -15.940725326538086, 0.0, 1225, 1483, 1423, 1284, 9.750858306884766, -5.374049663543701, 0.0, -10.438261985778809, 28.81409454345703, 43.314353942871094, 31.361305236816406, 14.658321380615234, 89.333984375, -28.752582550048828, 8.918203353881836, -9.997413635253906, -29.8317928314209)
(1.181229829788208, 0.858214259147644, 0.0, 0.0, -1.0, 0.0, 30.518293380737305, 6.402439117431641, 0.0, -4.724919319152832, -7.432857036590576, 0.0, 1336, 1354, 1359, 1364, 11.069563865661621, -18.32369613647461, 0.0, -0.351220965385437, 27.078882217407227, -28.194570541381836, 31.12693977355957, -9.54346752166748, -6.611098766326904, -11.0682373046875, 8.870233535766602, -3.53798770904541, -5.735991477966309)
(-5.756674766540527, 3.365770101547241, 0.0, 0.0, -1.0, 0.0, -6.189024448394775, 4.359755992889404, 0.0, 23.02669906616211, -17.46308135986328, 0.0, 1259, 1433, 1420, 1303, -3.538607597351074, 29.294368743896484, 0.0, -8.884909629821777, 28.337726593017578, 23.372577667236328, 31.617177963256836, 7.75875997543335, 62.74851608276367, -17.458271026611328, 8.650376319885254, -5.471560001373291, -14.279454231262207)
(4.00010871887207, 1.0030760765075684, 0.0, 0.0, -1.0, 0.0, 1.4329267740249634, 1.585365891456604, 0.0, -16.00043487548828, -8.012304306030273, 0.0, 1317, 1365, 1387, 1345, 20.01531219482422, 29.418872833251953, 0.0, -0.4952754080295563, 27.489091873168945, -13.946688652038574, 31.231775283813477, -4.796030521392822, 12.489055633544922, -7.678136348724365, 8.516443252563477, -2.1853151321411133, -1.347008228302002)
(-3.0111517906188965, -0.38544315099716187, 0.0, 0.0, -1.0, 0.0, 0.18292683362960815, 9.664633750915527, 0.0, 12.044607162475586, -2.4582273960113525, 0.0, 1292, 1411, 1403, 1304, -13.419754981994629, -17.511388778686523, 0.0, -7.6175312995910645, 28.501895904541016, 9.489343643188477, 31.556949615478516, 3.181459903717041, 44.227752685546875, -9.698288917541504, 8.402490615844727, -3.504223346710205, -4.800021648406982)
(0.6740881204605103, 0.4465319514274597, 0.0, 0.0, -1.0, 0.0, -14.786585807800293, -4.756097793579102, 0.0, -2.696352481842041, -5.786128044128418, 0.0, 1299, 1393, 1422, 1299, 36.26179504394531, 19.490453720092773, 0.0, -3.173476457595825, 27.622779846191406, 9.672185897827148, 31.316381454467773, 3.2714040279388428, 44.259971618652344, -0.8240242004394531, 8.399720191955566, -0.3335283696651459, 7.242166996002197)
(-0.7337955236434937, 0.7247480154037476, 0.0, 0.0, -1.0, 0.0, 12.134146690368652, 1.9512195587158203, 0.0, 2.9351820945739746, -6.89899206161499, 0.0, 1320, 1386, 1384, 1324, -51.41397476196289, -16.97490692138672, 0.0, -4.6719512939453125, 28.044878005981445, -7.3591718673706055, 31.416027069091797, -2.415579080581665, 21.64127540588379, -7.080169677734375, 8.290421485900879, -2.974658727645874, -1.7644065618515015)
(-0.9204218983650208, 3.498199701309204, 0.0, 0.0, 0.0, 0.0, -0.9756097793579102, 2.317073106765747, 0.0, 3.681687593460083, -13.992798805236816, 0.0, 1279, 1390, 1409, 1335, 6.886967182159424, 22.63056755065918, 0.0, -5.38673734664917, 28.367292404174805, 3.7258377075195312, 31.493938446044922, 1.1311384439468384, 36.350914001464844, -13.047897338867188, 8.176824569702148, -4.211434364318848, -9.082507133483887)
(-0.21774891018867493, 0.5266125798225403, 0.0, 0.0, -1.0, 0.0, 1.0060975551605225, 6.189024448394775, 0.0, 0.8709956407546997, -6.106450080871582, 0.0, 1295, 1389, 1401, 1329, -29.55134391784668, 31.673667907714844, 0.0, -4.345426559448242, 27.69976043701172, -0.10808153450489044, 31.458290100097656, 0.12889111042022705, 31.479101181030273, -9.836380004882812, 8.054224014282227, -3.6844539642333984, -5.466610431671143)
(0.48487216234207153, -1.5602805614471436, 0.0, 0.0, -1.0, 0.0, 1.0365853309631348, 8.231707572937012, 0.0, -1.9394886493682861, 2.241122245788574, 0.0, 1312, 1386, 1398, 1319, -1.5645027160644531, -21.274917602539062, 0.0, -5.196188926696777, 26.843360900878906, -2.380859136581421, 31.46880531311035, -0.6888636946678162, 28.39908218383789, -4.792468070983887, 8.040108680725098, -2.1688077449798584, 1.0788325071334839)
(1.587744116783142, -0.10080473124980927, 0.0, 0.0, -1.0, 0.0, -1.2195122241973877, 1.1585365533828735, 0.0, -6.350976467132568, -3.596781015396118, 0.0, 1323, 1390, 1390, 1311, 13.10480785369873, 0.6242966651916504, 0.0, -4.501372814178467, 26.919736862182617, -4.105171203613281, 31.40228843688965, -1.1006070375442505, 26.196510314941406, -3.8042540550231934, 7.994085311889648, -1.1885424852371216, 3.001288890838623)
(-0.06252896785736084, 1.4578067064285278, 0.0, 0.0, -1.0, 0.0, -1.5243902206420898, -2.8353657722473145, 0.0, 0.25011587142944336, -9.831226348876953, 0.0, 1319, 1403, 1390, 1303, 0.956567645072937, 32.73741912841797, 0.0, -5.892531871795654, 27.606021881103516, 1.4196048974990845, 31.461910247802734, 0.00839129276573658, 32.88990783691406, -5.596688270568848, 7.903448581695557, -1.5253337621688843, 0.7814265489578247)
(1.9318161010742188, 2.362604856491089, 0.0, 0.0, -1.0, 0.0, 9.329268455505371, -6.6768293380737305, 0.0, -7.727264404296875, -13.450419425964355, 0.0, 1326, 1369, 1386, 1337, 2.381558895111084, 30.626609802246094, 0.0, -3.753965377807617, 27.396724700927734, -13.645227432250977, 31.333864212036133, -4.826600074768066, 12.862035751342773, -5.418871879577637, 7.760120868682861, -1.0406618118286133, 1.3005871772766113)
(-0.5848449468612671, 4.804851055145264, 0.0, 0.0, -1.0, 0.0, -13.810976028442383, 3.1402440071105957, 0.0, -1.6606202125549316, -23.219404220581055, 0.0, 1261, 1411, 1404, 1337, 3.832017421722412, 2.5674948692321777, 0.0, -6.63978910446167, 27.78254508972168, 9.720285415649414, 31.420387268066406, 3.2664482593536377, 44.40711975097656, -21.087718963623047, 7.5107293128967285, -7.301884651184082, -20.878873825073242)
(0.0761866495013237, 3.3000099658966064, 0.0, 0.0, -1.0, 0.0, 10.243902206420898, -10.97560977935791, 0.0, -0.3047465980052948, -17.20003890991211, 0.0, 1338, 1395, 1412, 1350, 5.6930646896362305, -14.695941925048828, 0.0, -4.689789295196533, 27.15540885925293, -8.438919067382812, 31.361480712890625, -3.1107733249664307, 19.81178855895996, -4.979543209075928, 7.325750827789307, -1.015272855758667, 1.330934762954712)
(-2.0754263401031494, -2.0588014125823975, 0.0, 0.0, -1.0, 0.0, -6.310975551605225, 4.2682929039001465, 0.0, 8.301705360412598, 4.23520565032959, 0.0, 1309, 1410, 1462, 1333, 8.270862579345703, 22.752504348754883, 0.0, -6.711587905883789, 27.706165313720703, 11.690144538879395, 31.519243240356445, 4.2178497314453125, 47.42723846435547, -0.026469802483916283, 7.218184947967529, 0.02263321913778782, 7.214348316192627)
(-0.11484357714653015, -0.33740609884262085, 0.0, 0.0, -1.0, 0.0, 6.707316875457764, -9.969511985778809, 0.0, 0.4593743085861206, -2.6503756046295166, 0.0, 1361, 1399, 1427, 1327, 5.132672309875488, -0.025290966033935547, 0.0, -4.348629951477051, 27.88224220275879, -4.998353958129883, 31.452896118164062, -2.2362210750579834, 24.218320846557617, 5.85530948638916, 7.206020832061768, 2.5001213550567627, 15.56145191192627)
(-2.0282704830169678, 1.8748499155044556, 0.0, 0.0, -1.0, 0.0, -5.060975551605225, -10.304878234863281, 0.0, 8.113081932067871, -11.499399185180664, 0.0, 1332, 1429, 1439, 1314, 0.7852098941802979, 39.84607696533203, 0.0, -6.773934841156006, 28.889863967895508, 10.53924560546875, 31.629297256469727, 3.3103690147399902, 45.478912353515625, -0.9556167721748352, 7.059185028076172, 0.543665885925293, 6.647233963012695)
(-11.373387336730957, 0.14304205775260925, 0.0, -1.0, -1.0, 0.0, -73.56707000732422, 32.07316970825195, 0.0, 41.49354934692383, -4.572168350219727, 0.0, 1116, 1515, 1574, 1309, -6.49265193939209, -43.1533203125, 0.0, -15.509453773498535, 28.790775299072266, 92.04850006103516, 32.32984924316406, 31.643571853637695, 156.02191162109375, -29.316272735595703, 6.951627731323242, -11.246971130371094, -33.61161422729492)
(-5.685075283050537, -3.489922523498535, 0.0, 0.0, -1.0, 0.0, 88.65853881835938, 17.865854263305664, 0.0, 22.74030113220215, 9.95969009399414, 0.0, 1439, 1388, 1313, 1374, -14.793985366821289, -35.17759704589844, 0.0, -8.008843421936035, 27.982694625854492, -52.734588623046875, 32.555599212646484, -17.762269973754883, -37.941261291503906, -6.3249311447143555, 6.932332992553711, -2.978508234024048, -2.3711066246032715)
(-5.317959785461426, -1.185897946357727, 0.0, 0.0, 0.0, 0.0, -19.481706619262695, 6.463414669036865, 0.0, 21.271839141845703, 4.743591785430908, 0.0, 1264, 1425, 1504, 1322, -68.76586151123047, 6.8895111083984375, 0.0, -10.116616249084473, 29.532846450805664, 32.60283660888672, 32.72239303588867, 10.38443374633789, 75.70966339111328, -1.3758583068847656, 6.923880577087402, -0.2135724276304245, 5.334449768066406)
(2.5116798877716064, 2.6371991634368896, 0.0, -1.0, -1.0, 0.0, 27.2560977935791, -4.969511985778809, 0.0, -10.046719551086426, -14.548796653747559, 0.0, 1373, 1383, 1378, 1379, 17.619510650634766, 32.730892181396484, 0.0, -0.6225616931915283, 29.958303451538086, -29.842254638671875, 32.35165023803711, -10.102224349975586, -7.592828273773193, -7.663427829742432, 6.762770175933838, -1.9188718795776367, -2.8195295333862305)
(0.5579237341880798, 6.910890102386475, 0.0, 0.0, -1.0, 0.0, 4.02439022064209, 3.3841464519500732, 0.0, -2.2316949367523193, -31.6435604095459, 0.0, 1318, 1453, 1378, 1369, 8.23652458190918, -22.56511116027832, 0.0, -5.671188831329346, 31.548694610595703, -5.004868507385254, 32.5098991394043, -1.7549679279327393, 25.750064849853516, -28.022165298461914, 6.3672943115234375, -9.984323501586914, -31.63919448852539)
(2.497622013092041, 5.93643045425415, 0.0, 0.0, -1.0, 0.0, -7.8353657722473145, 9.481707572937012, 0.0, -9.990488052368164, -27.7457218170166, 0.0, 1298, 1447, 1392, 1380, 12.590696334838867, 16.85980224609375, 0.0, -2.2600600719451904, 30.739246368408203, -1.7240978479385376, 32.23627471923828, -0.37096884846687317, 30.14120864868164, -29.78194236755371, 6.05341100692749, -10.695538520812988, -34.424068450927734)
(3.4316859245300293, 6.841134071350098, 0.0, 0.0, -1.0, 0.0, -66.92073059082031, 7.560975551605225, 0.0, -13.726743698120117, -31.36453628540039, 0.0, 1195, 1469, 1489, 1365, 34.566246032714844, 48.87590026855469, 0.0, -3.911736488342285, 30.539093017578125, 42.5551872253418, 32.136207580566406, 14.797637939453125, 89.4890365600586, -31.14040756225586, 5.716772079467773, -12.015739440917969, -37.43937683105469)
(-13.218426704406738, 3.5137150287628174, 0.0, 0.0, 0.0, 0.0, 101.15853881835938, -15.97560977935791, 0.0, 52.87370681762695, -14.05486011505127, 0.0, 1468, 1433, 1306, 1307, -10.126106262207031, -2.7439725399017334, 0.0, -15.672101974487305, 30.471712112426758, -38.627864837646484, 33.16862487792969, -13.816200256347656, -19.275440216064453, 1.5365997552871704, 5.454956531524658, 1.4154670238494873, 8.407023429870605)
(-5.167006492614746, 4.282479763031006, 0.0, -1.0, -1.0, 0.0, -28.780487060546875, 18.536584854125977, 0.0, 20.668025970458984, -21.129919052124023, 0.0, 1246, 1514, 1438, 1320, -4.0512542724609375, -14.302772521972656, 0.0, -8.84679889678955, 31.034969329833984, 39.55881118774414, 33.09440612792969, 13.731934547424316, 86.3851547241211, -31.733203887939453, 5.236876010894775, -11.112409591674805, -37.60873794555664)
(1.8065930604934692, -0.47318923473358154, 0.0, 0.0, -1.0, 0.0, 42.89634323120117, -21.25, 0.0, -7.226372241973877, -2.107243061065674, 0.0, 1433, 1359, 1378, 1347, 1.1459314823150635, 26.96929359436035, 0.0, 1.5196623802185059, 30.02704429626465, -40.09817123413086, 32.75012969970703, -13.291553497314453, -20.639596939086914, 15.31420612335205, 5.1206135749816895, 5.703946590423584, 26.138765335083008)
(-0.2517716884613037, 3.2851686477661133, 0.0, 0.0, -1.0, 0.0, -26.676828384399414, 15.97560977935791, 0.0, 1.0070867538452148, -17.140674591064453, 0.0, 1245, 1453, 1450, 1366, -16.39967918395996, 11.337364196777344, 0.0, -5.288569450378418, 33.36545944213867, 22.147130966186523, 32.95022201538086, 7.587533950805664, 62.68488693237305, -26.493026733398438, 4.8715901374816895, -9.212273597717285, -30.833709716796875)
(4.205577850341797, 3.181384801864624, 0.0, 0.0, -1.0, 0.0, 3.3231706619262695, 6.6768293380737305, 0.0, -16.822311401367188, -16.725540161132812, 0.0, 1324, 1408, 1393, 1392, -3.184906005859375, 7.867458343505859, 0.0, 0.17865517735481262, 33.68177032470703, -16.116384506225586, 32.610809326171875, -5.227608680725098, 11.266815185546875, -18.72189712524414, 4.6770100593566895, -6.560681343078613, -20.605567932128906)
(2.1059176921844482, 3.80499005317688, 0.0, 0.0, -1.0, 0.0, 13.353658676147461, -5.70121955871582, 0.0, -8.423670768737793, -19.219959259033203, 0.0, 1333, 1392, 1407, 1390, -47.086544036865234, -40.07537078857422, 0.0, -3.2033565044403076, 33.87657165527344, -17.421863555908203, 32.61832046508789, -5.987399101257324, 9.209057807922363, -10.81499195098877, 4.503262996673584, -4.00554084777832, -10.317269325256348)
(-17.78795623779297, 3.2116360664367676, 0.0, -1.0, -1.0, 0.0, -63.90243911743164, -0.18292683362960815, 0.0, 71.15182495117188, -16.84654426574707, 0.0, 1195, 1598, 1539, 1186, 11.192079544067383, 9.27832317352295, 0.0, -23.734149932861328, 33.99973678588867, 108.04341125488281, 33.85519790649414, 36.71981430053711, 178.61842346191406, -13.330894470214844, 4.298828125, -3.5346932411193848, -12.566760063171387)
(11.237605094909668, 7.280640125274658, 0.0, 0.0, -1.0, 0.0, 35.60975646972656, -3.3231706619262695, 0.0, -44.95042037963867, -33.12255859375, 0.0, 1399, 1369, 1302, 1444, 26.33382797241211, 24.338401794433594, 0.0, 4.744202136993408, 31.77550506591797, -64.4481430053711, 32.751136779785156, -21.498319625854492, -53.19532775878906, -23.83951187133789, 4.15391206741333, -8.276983261108398, -27.962581634521484)
(-7.153751373291016, 4.836939811706543, 0.0, 0.0, -1.0, 0.0, -6.25, 15.182927131652832, 0.0, 28.615005493164062, -23.347759246826172, 0.0, 1240, 1477, 1444, 1358, 10.687548637390137, -18.602027893066406, 0.0, -13.422107696533203, 35.983428955078125, 27.892004013061523, 33.60088348388672, 9.124199867248535, 70.6170883178711, -30.824548721313477, 3.691673517227173, -10.499615669250488, -37.63249206542969)
(-0.048259325325489044, 6.707674980163574, 0.0, 0.0, -1.0, 0.0, -8.59756088256836, -19.481706619262695, 0.0, 0.19303730130195618, -30.830699920654297, 0.0, 1323, 1443, 1418, 1330, -7.789573669433594, 52.76028060913086, 0.0, -6.545277118682861, 34.670326232910156, 7.032478332519531, 33.36704635620117, 1.7776097059249878, 42.1771354675293, -9.079195022583008, 3.4323456287384033, -2.23834490776062, -7.885193824768066)
(-1.0502772331237793, 3.0266201496124268, 0.0, 0.0, -1.0, 0.0, 8.353658676147461, -14.481707572937012, 0.0, 4.201108932495117, -16.10647964477539, 0.0, 1350, 1424, 1411, 1328, 46.46738052368164, 9.812349319458008, 0.0, -5.7966485023498535, 33.43968963623047, -3.322039842605591, 33.4009895324707, -0.9809939861297607, 29.09795379638672, -1.299817681312561, 3.181760787963867, 0.1581386774778366, 2.040081739425659)
(-2.6856675148010254, 1.5860795974731445, 0.0, 0.0, -1.0, 0.0, 2.621951103210449, 6.95121955871582, 0.0, 10.742670059204102, -10.344318389892578, 0.0, 1295, 1431, 1431, 1357, -67.52372741699219, -13.664522171020508, 0.0, -6.625154972076416, 34.04213333129883, 6.496575355529785, 33.494117736816406, 2.54119610786438, 42.53188705444336, -13.836430549621582, 3.0112721920013428, -4.880128383636475, -15.705286979675293)
(2.5343642234802246, 4.902836799621582, 0.0, 0.0, -1.0, 0.0, -1.4634146690368652, -1.7987804412841797, 0.0, -10.137456893920898, -23.611347198486328, 0.0, 1327, 1437, 1388, 1362, 20.965347290039062, -10.752239227294922, 0.0, -2.975611925125122, 33.938331604003906, -6.939233303070068, 33.323768615722656, -2.169409990310669, 24.215126037597656, -17.450054168701172, 2.8312907218933105, -6.480079174041748, -21.09884262084961)
(-16.350093841552734, 6.269200801849365, 0.0, 0.0, 0.0, 0.0, -16.310976028442383, 14.756097793579102, 0.0, 65.40037536621094, -25.07680320739746, 0.0, 1160, 1500, 1521, 1337, -18.928869247436523, 41.40637969970703, 0.0, -21.99832534790039, 34.050987243652344, 65.36907958984375, 34.48775100708008, 21.39056968688965, 121.24739837646484, -31.866321563720703, 2.5642483234405518, -9.803048133850098, -39.10512161254883)
(12.36296272277832, -0.40442511439323425, 0.0, 0.0, -1.0, 0.0, -20.091463088989258, 37.774391174316406, 0.0, -49.45185089111328, -2.3822994232177734, 0.0, 1320, 1429, 1354, 1412, 23.45455551147461, 7.182170867919922, 0.0, 1.981702446937561, 31.992904663085938, -23.488309860229492, 33.42265701293945, -7.306995391845703, 2.6273508071899414, -32.1253547668457, 2.442950963973999, -11.899011611938477, -41.58141326904297)
(-5.234465599060059, 4.152102947235107, 0.0, 0.0, -1.0, 0.0, 11.067072868347168, 11.25, 0.0, 20.937862396240234, -20.60841178894043, 0.0, 1310, 1483, 1383, 1338, -74.83233642578125, 5.741903305053711, 0.0, -12.619668006896973, 35.939857482910156, 7.896631717681885, 34.013816833496094, 2.5720410346984863, 44.48249053955078, -25.48672866821289, 2.0691235065460205, -8.605173110961914, -32.02277755737305)
(2.066951036453247, 5.167521953582764, 0.0, 0.0, -1.0, 0.0, -7.8353657722473145, 1.7073171138763428, 0.0, -8.267804145812988, -24.670087814331055, 0.0, 1315, 1457, 1388, 1354, 3.7862300872802734, 18.44217300415039, 0.0, -6.0489373207092285, 34.93665313720703, -0.3459506928920746, 33.764122009277344, 0.5668837428092957, 33.98505401611328, -21.101924896240234, 1.8437488079071045, -7.540448188781738, -26.79862403869629)
(0.7388142943382263, 2.558701992034912, 0.0, 0.0, -1.0, 0.0, 13.810976028442383, -1.7073171138763428, 0.0, -2.9552571773529053, -14.234807968139648, 0.0, 1346, 1423, 1386, 1359, -9.317341804504395, 16.83952522277832, 0.0, -6.075918197631836, 34.631004333496094, -13.412986755371094, 33.735721588134766, -4.155338287353516, 16.167396545410156, -10.021992683410645, 1.6845579147338867, -3.918631076812744, -12.256065368652344)
(-1.3598552942276, 4.244692325592041, 0.0, 0.0, -1.0, 0.0, -2.804877996444702, -3.2926828861236572, 0.0, 5.4394211769104, -20.978769302368164, 0.0, 1285, 1425, 1439, 1369, 12.345688819885254, 39.24509811401367, 0.0, -6.324241638183594, 34.73085021972656, 6.5954389572143555, 33.759063720703125, 1.9251195192337036, 42.27962112426758, -14.148869514465332, 1.4741910696029663, -4.599635601043701, -17.27431297302246)
(2.6234023571014404, 2.8614063262939453, 0.0, 0.0, -1.0, 0.0, 6.128048896789551, -5.609755992889404, 0.0, -10.493609428405762, -15.445625305175781, 0.0, 1336, 1405, 1405, 1372, -8.180015563964844, -26.720012664794922, 0.0, -4.0856733322143555, 34.56010437011719, -13.297327041625977, 33.62525939941406, -4.714248180389404, 15.613682746887207, -7.868695259094238, 1.2891072034835815, -2.4151785373687744, -8.994766235351562)
(1.8541250228881836, 3.083153247833252, 0.0, 0.0, -1.0, 0.0, -14.542682647705078, -6.310975551605225, 0.0, -7.416500091552734, -16.332612991333008, 0.0, 1307, 1430, 1430, 1346, -7.280133247375488, 54.31370162963867, 0.0, -7.226070880889893, 35.25019454956055, 5.700945854187012, 33.641883850097656, 2.2222237586975098, 41.5650520324707, -8.017309188842773, 1.0602689981460571, -2.7532308101654053, -9.710271835327148)
(1.8397095203399658, 5.609403133392334, 0.0, 0.0, -1.0, 0.0, 7.042683124542236, -0.9451219439506531, 0.0, -7.358838081359863, -26.437612533569336, 0.0, 1336, 1445, 1369, 1367, 28.857608795166016, 33.6943359375, 0.0, -5.557778358459473, 34.951263427734375, -11.521217346191406, 33.53343200683594, -4.065063953399658, 17.947153091430664, -20.393993377685547, 0.8577007055282593, -7.348115921020508, -26.88440704345703)
(0.7452570199966431, 7.153193950653076, 0.0, 0.0, -1.0, 0.0, -8.445121765136719, -16.0060977935791, 0.0, -2.9810280799865723, -32.61277770996094, 0.0, 1326, 1459, 1397, 1332, 16.791175842285156, 15.916303634643555, 0.0, -7.413723945617676, 34.39912033081055, 4.371274948120117, 33.5715446472168, 1.592993974685669, 39.53581237792969, -13.285344123840332, 0.5849526524543762, -4.373712062835693, -17.07410430908203)
(1.4418933391571045, 2.3496291637420654, 0.0, 0.0, -1.0, 0.0, 3.6890244483947754, 1.5548779964447021, 0.0, -5.767573356628418, -13.398516654968262, 0.0, 1341, 1439, 1389, 1353, 23.797632217407227, 6.713625907897949, 0.0, -6.005185127258301, 34.308265686035156, -7.56527853012085, 33.46612548828125, -2.5550131797790527, 23.34583282470703, -11.962716102600098, 0.34785735607147217, -3.914980888366699, -15.529839515686035)
(-0.9743564128875732, -0.4757870137691498, 0.0, 0.0, -1.0, 0.0, -11.859756469726562, 8.567072868347168, 0.0, 3.897425651550293, -2.0968518257141113, 0.0, 1315, 1461, 1420, 1322, 7.323392868041992, -29.386371612548828, 0.0, -8.19100570678711, 34.755523681640625, 12.605745315551758, 33.55837631225586, 4.8914594650268555, 51.055580139160156, -8.531140327453613, 0.2297266125679016, -3.6053097248077393, -11.906723022460938)
(0.11750473827123642, 0.7012471556663513, 0.0, 0.0, -1.0, 0.0, 0.27439025044441223, -4.756097793579102, 0.0, -0.4700189530849457, -6.804988861083984, 0.0, 1338, 1428, 1417, 1335, 10.181976318359375, 16.230361938476562, 0.0, -6.0083842277526855, 34.89148712158203, -0.5955273509025574, 33.48222732543945, -0.07085728645324707, 32.81584167480469, -1.6391128301620483, 0.17532820999622345, -0.6036449670791626, -2.067429542541504)
(-2.142376661300659, 4.353744029998779, 0.0, 0.0, -1.0, 0.0, -3.871951103210449, 7.408536434173584, 0.0, 8.569506645202637, -21.414976119995117, 0.0, 1280, 1457, 1409, 1356, -35.203147888183594, 43.24994659423828, 0.0, -7.993293285369873, 35.4931755065918, 9.953166007995605, 33.606475830078125, 3.934542179107666, 47.49418640136719, -23.05881118774414, 0.053297676146030426, -7.947984218597412, -30.9534969329834)
(2.5229310989379883, 2.3026978969573975, 0.0, 0.0, -1.0, 0.0, 7.896341323852539, 0.030487805604934692, 0.0, -10.091724395751953, -13.21079158782959, 0.0, 1000, 1000, 1000, 1000, -10.475223541259766, -13.364931106567383, 0.0, -4.692683696746826, 34.491790771484375, -14.39045238494873, 33.41017150878906, -4.897022247314453, 14.122696876525879, -10.593023300170898, -0.06396199762821198, -3.3368866443634033, -13.99387264251709)
(-1.052337884902954, 0.9624955654144287, 0.0, 0.0, -1.0, 0.0, -30.091463088989258, -10.640243530273438, 0.0, 4.209351539611816, -7.849982261657715, 0.0, 1000, 1000, 1000, 1000, 3.920635223388672, 17.4482364654541, 0.0, -10.521800994873047, 34.1512451171875, 27.44065284729004, 33.606117248535156, 9.27163314819336, 70.31840515136719, 2.2322089672088623, -0.19268366694450378, 0.9238853454589844, 2.9634106159210205)
(-4.291515350341797, -4.622480869293213, 0.0, 0.0, -1.0, 0.0, 9.481707572937012, -7.865853786468506, 0.0, 17.166061401367188, 14.489923477172852, 0.0, 1000, 1000, 1000, 1000, -10.478946685791016, -7.830559730529785, 0.0, -11.281709671020508, 32.21603012084961, 6.147482872009277, 33.8148078918457, 2.104591131210327, 42.0668830871582, 17.88462257385254, -0.05993414297699928, 5.975101947784424, 23.799789428710938)
(-6.11572265625, -5.456244468688965, 0.0, 0.0, -1.0, 0.0, -6.097560882568359, 4.329268455505371, 0.0, 24.462890625, 17.82497787475586, 0.0, 1000, 1000, 1000, 1000, -10.603534698486328, -0.7424144744873047, 0.0, -11.640246391296387, 32.013282775878906, 24.448360443115234, 34.051658630371094, 8.282954216003418, 66.78297424316406, 10.796567916870117, 0.1545262634754181, 3.5791518688201904, 14.530245780944824)
(-9.205232620239258, -7.460261344909668, 0.0, 0.0, -1.0, 0.0, 5.609755992889404, -2.5304877758026123, 0.0, 36.82093048095703, 29.841045379638672, 0.0, 1000, 1000, 1000, 1000, -8.065421104431152, -11.534745216369629, 0.0, -11.260213851928711, 31.77120590209961, 24.96893882751465, 34.420902252197266, 8.469047546386719, 67.85888671875, 25.897226333618164, 0.40608859062194824, 8.766280174255371, 35.06959533691406)
(-6.207493782043457, -11.07558536529541, 0.0, 0.0, -1.0, 0.0, 6.646341323852539, -5.7317070960998535, 0.0, 24.829975128173828, 40.30234146118164, 0.0, 1000, 1000, 1000, 1000, -0.46047282218933105, -18.047584533691406, 0.0, -10.504423141479492, 30.450164794921875, 14.546907424926758, 34.735740661621094, 4.929262638092041, 54.211910247802734, 36.827239990234375, 0.856766939163208, 12.25851058959961, 49.9425163269043)
(-5.1365966796875, -14.19237232208252, 0.0, 0.0, -1.0, 0.0, -3.170731782913208, 7.103658676147461, 0.0, 20.54638671875, 52.76948928833008, 0.0, 1000, 1000, 1000, 1000, -5.920026779174805, -13.967777252197266, 0.0, -9.373936653137207, 29.54711151123047, 18.973695755004883, 34.93980407714844, 6.463022232055664, 60.376522064208984, 36.53266525268555, 1.4794529676437378, 12.323851585388184, 50.33597183227539)
(-6.346803665161133, -13.412752151489258, 0.0, 0.0, -1.0, 0.0, -1.0060975551605225, 0.8841463327407837, 0.0, 25.38721466064453, 49.65100860595703, 0.0, 1000, 1000, 1000, 1000, -5.415750026702881, -17.852115631103516, 0.0, -11.024850845336914, 30.086286544799805, 21.11465072631836, 35.29725646972656, 7.149048328399658, 63.56095504760742, 39.01348876953125, 2.0420656204223633, 13.210087776184082, 54.26564407348633)
(-7.340424060821533, -16.28716468811035, 0.0, 0.0, -1.0, 0.0, 27.439023971557617, 8.384146690368652, 0.0, 29.361696243286133, 61.148658752441406, 0.0, 1000, 1000, 1000, 1000, -5.475764274597168, -16.08765411376953, 0.0, -10.758845329284668, 29.283695220947266, 1.5381377935409546, 35.61003875732422, 0.46213680505752563, 37.610313415527344, 42.21160888671875, 2.7020328044891357, 14.2766695022583, 59.190311431884766)
(-5.208869457244873, -15.638587951660156, 0.0, 0.0, 0.0, 0.0, 5.609755992889404, -3.871951103210449, 0.0, 20.835477828979492, 62.554351806640625, 0.0, 1000, 1000, 1000, 1000, -7.2456817626953125, -9.841743469238281, 0.0, -9.991313934326172, 29.814790725708008, 12.180577278137207, 35.84816360473633, 4.069537162780762, 52.0982780456543, 53.14104080200195, 3.394169330596924, 18.00052833557129, 74.53573608398438)
(-5.5047221183776855, -14.903518676757812, 0.0, 0.0, -1.0, 0.0, 1.8902438879013062, 4.786585330963135, 0.0, 22.018888473510742, 55.61407470703125, 0.0, 1000, 1000, 1000, 1000, -5.475300312042236, -15.519521713256836, 0.0, -10.127594947814941, 30.300312042236328, 16.102916717529297, 36.092620849609375, 5.451482772827148, 57.64701843261719, 40.661991119384766, 4.065720558166504, 13.791016578674316, 58.51872634887695)
(-2.5136008262634277, -8.827284812927246, 0.0, 0.0, -1.0, 0.0, -1.6463414430618286, -17.2560977935791, 0.0, 10.054403305053711, 31.309139251708984, 0.0, 1000, 1000, 1000, 1000, -8.354930877685547, 10.994401931762695, 0.0, -8.18811321258545, 33.76936340332031, 9.360595703125, 36.1865234375, 3.2369091510772705, 48.784027099609375, 38.85219192504883, 4.4609694480896, 13.174341201782227, 56.48750305175781)
(-1.8460807800292969, -9.07450008392334, 0.0, 0.0, -1.0, 0.0, -1.4329267740249634, -4.817073345184326, 0.0, 7.3843231201171875, 32.29800033569336, 0.0, 1000, 1000, 1000, 1000, -4.287990570068359, -2.913262367248535, 0.0, -8.27195930480957, 33.5166130065918, 7.053800106048584, 36.295833587646484, 2.3780486583709717, 45.72768020629883, 29.692058563232422, 4.907961845397949, 10.103218078613281, 44.70323944091797)
(-1.4455496072769165, -9.043402671813965, 0.0, 0.0, -1.0, 0.0, -0.6097561120986938, -0.5182926654815674, 0.0, 5.782198429107666, 32.17361068725586, 0.0, 1000, 1000, 1000, 1000, -1.7964181900024414, -7.1818718910217285, 0.0, -8.331103324890137, 33.44465637207031, 5.113563537597656, 36.37750244140625, 1.7339844703674316, 43.22505187988281, 26.153522491455078, 5.307276725769043, 8.887864112854004, 40.348663330078125)
(-1.229049563407898, -8.904369354248047, 0.0, 0.0, -1.0, 0.0, -0.396341472864151, -0.27439025044441223, 0.0, 4.916198253631592, 31.617477416992188, 0.0, 1000, 1000, 1000, 1000, -1.2654945850372314, -8.772098541259766, 0.0, -8.393145561218262, 33.4778938293457, 4.250031471252441, 36.440467834472656, 1.4425086975097656, 42.13301086425781, 25.51349449157715, 5.693063259124756, 8.655323028564453, 39.861881256103516)
(-1.1201149225234985, -8.878518104553223, 0.0, 0.0, -1.0, 0.0, -0.060975611209869385, 0.4573170840740204, 0.0, 4.480459690093994, 31.51407241821289, 0.0, 1000, 1000, 1000, 1000, -1.1252796649932861, -8.999783515930176, 0.0, -8.449088096618652, 33.58597946166992, 3.633148193359375, 36.49822235107422, 1.223625659942627, 41.35499572753906, 24.84540367126465, 6.071371555328369, 8.41655445098877, 39.33333206176758)
(-1.0023845434188843, -8.804108619689941, 0.0, 0.0, -1.0, 0.0, -0.18292683362960815, 0.6707317233085632, 0.0, 4.009538173675537, 31.216434478759766, 0.0, 1000, 1000, 1000, 1000, -0.911191463470459, -9.132341384887695, 0.0, -8.497105598449707, 33.74372863769531, 3.3539719581604004, 36.55031967163086, 1.1356022357940674, 41.039894104003906, 24.436561584472656, 6.43173885345459, 8.286361694335938, 39.1546630859375)
(-0.9695160388946533, -8.734878540039062, 0.0, 0.0, -1.0, 0.0, -0.21341463923454285, 0.7012194991111755, 0.0, 3.8780641555786133, 30.93951416015625, 0.0, 1000, 1000, 1000, 1000, -0.5131549835205078, -8.550010681152344, 0.0, -8.555642127990723, 33.88454055786133, 3.2731831073760986, 36.59958267211914, 1.1032934188842773, 40.97605895996094, 24.190635681152344, 6.797973155975342, 8.199687957763672, 39.188297271728516)
(-0.9584910869598389, -8.715572357177734, 0.0, 0.0, -1.0, 0.0, -0.21341463923454285, 0.6097561120986938, 0.0, 3.8339643478393555, 30.862289428710938, 0.0, 1000, 1000, 1000, 1000, -0.9313738346099854, -8.83334732055664, 0.0, -8.602898597717285, 34.030845642089844, 3.237903118133545, 36.64726638793945, 1.0942578315734863, 40.979427337646484, 24.2020263671875, 7.153291702270508, 8.200702667236328, 39.5560188293457)
(-0.968416690826416, -8.709386825561523, 0.0, 0.0, -1.0, 0.0, -0.21341463923454285, 0.5792682766914368, 0.0, 3.873666763305664, 30.837547302246094, 0.0, 1000, 1000, 1000, 1000, -0.828021764755249, -8.960775375366211, 0.0, -8.657474517822266, 34.17684555053711, 3.269665241241455, 36.69154739379883, 1.1084496974945068, 41.06966018676758, 24.206623077392578, 7.508327960968018, 8.206171989440918, 39.92112350463867)