
(-7.159463882446289, -5.379690170288086, 0.0, 0.0, -1.0, 0.0, -0.15243902802467346, 0.6707317233085632, 0.0, 28.637855529785156, 17.518760681152344, 0.0, 1000, 1000, 1000, 1000, -7.137328147888184, -5.334177494049072, 0.0, -1.4568696022033691, 6.142059803009033, 23.032236099243164, 9.445558547973633, 46.83302307128906, 79.31082153320312, 13.478422164916992, 5.120058059692383, 27.425588607788086, 46.024070739746094)
(-7.15529203414917, -5.344508171081543, 0.0, 0.0, -1.0, 0.0, -0.21341463923454285, 0.5792682766914368, 0.0, 28.62116813659668, 17.378032684326172, 0.0, 1000, 1000, 1000, 1000, -6.788376808166504, -5.641667366027832, 0.0, -1.511748194694519, 6.284740924835205, 23.06766700744629, 9.784807205200195, 46.91948318481445, 79.77195739746094, 13.43901252746582, 5.318000316619873, 27.35391616821289, 46.11092758178711)
(-7.1513190269470215, -5.340122699737549, 0.0, 0.0, -1.0, 0.0, -0.24390244483947754, 0.6097561120986938, 0.0, 28.605276107788086, 17.360490798950195, 0.0, 1000, 1000, 1000, 1000, -6.793788909912109, -5.573897361755371, 0.0, -1.569066047668457, 6.42726993560791, 23.079341888427734, 10.123867988586426, 46.93109130859375, 80.1343002319336, 13.40058708190918, 5.514959812164307, 27.258522033691406, 46.174072265625)
(-7.146851539611816, -5.354163646697998, 0.0, 0.0, -1.0, 0.0, -0.21341463923454285, 0.5792682766914368, 0.0, 28.587406158447266, 17.416654586791992, 0.0, 1000, 1000, 1000, 1000, -7.138822555541992, -5.623936176300049, 0.0, -1.6230298280715942, 6.572847843170166, 23.04065704345703, 10.462812423706055, 46.88671875, 80.39019012451172, 13.46990966796875, 5.724045276641846, 27.42293357849121, 46.61688995361328)
(-7.156553745269775, -5.367367267608643, 0.0, 0.0, -1.0, 0.0, -0.24390244483947754, 0.7317073345184326, 0.0, 28.6262149810791, 17.46946907043457, 0.0, 1000, 1000, 1000, 1000, -6.960481643676758, -5.303540229797363, 0.0, -1.6830909252166748, 6.7120232582092285, 23.096094131469727, 10.802275657653809, 47.02222442626953, 80.92059326171875, 13.390210151672363, 5.922389984130859, 27.18926429748535, 46.50186538696289)
(-7.149288654327393, -5.350093841552734, 0.0, 0.0, -1.0, 0.0, -0.24390244483947754, 0.5487805008888245, 0.0, 28.59715461730957, 17.400375366210938, 0.0, 1000, 1000, 1000, 1000, -7.102378845214844, -5.824044227600098, 0.0, -1.738274097442627, 6.854857921600342, 23.072845458984375, 11.137428283691406, 46.94316101074219, 81.15343475341797, 13.48127555847168, 6.119669437408447, 27.430408477783203, 47.03135299682617)
(-7.153581619262695, -5.361715793609619, 0.0, 0.0, -1.0, 0.0, -0.18292683362960815, 0.6402438879013062, 0.0, 28.61432647705078, 17.446863174438477, 0.0, 1000, 1000, 1000, 1000, -6.97022819519043, -5.682554244995117, 0.0, -1.7904088497161865, 6.9999775886535645, 23.03780174255371, 11.475763320922852, 46.8460807800293, 81.35964965820312, 13.445295333862305, 6.3251447677612305, 27.34841537475586, 47.11885452270508)
(-7.174965858459473, -5.366830825805664, 0.0, 0.0, -1.0, 0.0, -0.4268292784690857, 0.6097561120986938, 0.0, 28.69986343383789, 17.467323303222656, 0.0, 1000, 1000, 1000, 1000, -7.104403495788574, -5.698583602905273, 0.0, -1.846354365348816, 7.144030570983887, 23.301353454589844, 11.815290451049805, 47.44318389892578, 82.55982971191406, 13.486053466796875, 6.523368835449219, 27.450471878051758, 47.459896087646484)
(-7.189423084259033, -5.357687473297119, 0.0, 0.0, 0.0, 0.0, 0.030487805604934692, 0.3048780560493469, 0.0, 28.757692337036133, 21.430749893188477, 0.0, 1000, 1000, 1000, 1000, -7.4108781814575195, -5.186441421508789, 0.0, -1.9007759094238281, 7.284425258636475, 22.98176383972168, 12.151299476623535, 46.67550277709961, 81.80856323242188, 16.900697708129883, 6.728237152099609, 34.464962005615234, 58.093894958496094)
(-7.193001747131348, -5.359781742095947, 0.0, 0.0, -1.0, 0.0, -0.21341463923454285, 0.6402438879013062, 0.0, 28.77200698852539, 17.43912696838379, 0.0, 1000, 1000, 1000, 1000, -7.64188289642334, -5.74760103225708, 0.0, -1.954587459564209, 7.426803112030029, 23.188337326049805, 12.49209213256836, 47.167476654052734, 82.84790802001953, 13.439106941223145, 6.927025318145752, 27.352506637573242, 47.7186393737793)
(-7.1944427490234375, -5.376473903656006, 0.0, 0.0, -1.0, 0.0, 0.0, 0.9146341681480408, 0.0, 28.77777099609375, 17.505895614624023, 0.0, 1000, 1000, 1000, 1000, -7.101819038391113, -5.360146522521973, 0.0, -2.0018444061279297, 7.585948467254639, 23.022216796875, 12.832710266113281, 46.85334014892578, 82.70826721191406, 13.273008346557617, 7.124611854553223, 27.02172088623047, 47.419342041015625)
(-7.157625675201416, -5.21494197845459, 0.0, 0.0, -1.0, 0.0, -5.457316875457764, -6.432926654815674, 0.0, 28.630502700805664, 16.85976791381836, 0.0, 1000, 1000, 1000, 1000, -8.07408618927002, -6.798819541931152, 0.0, -2.2455949783325195, 7.595096588134766, 27.270254135131836, 13.179398536682129, 55.456153869628906, 95.90580749511719, 18.6341552734375, 7.333110809326172, 38.3297004699707, 64.29696655273438)
(-7.960282802581787, -7.650102138519287, 0.0, 0.0, -1.0, 0.0, -1.1890244483947754, -13.932927131652832, 0.0, 31.84113121032715, 26.60040855407715, 0.0, 1000, 1000, 1000, 1000, -8.444247245788574, -6.0865254402160645, 0.0, -2.9620583057403564, 6.093268394470215, 26.424123764038086, 13.56820011138916, 53.3171501159668, 93.3094711303711, 32.42667007446289, 7.64945650100708, 66.22745513916016, 106.30358123779297)
(-10.226171493530273, -10.757975578308105, 0.0, 0.0, -1.0, 0.0, -0.6707317233085632, 16.40243911743164, 0.0, 40.904685974121094, 39.03190231323242, 0.0, 1000, 1000, 1000, 1000, -9.38748836517334, -19.546316146850586, 0.0, -2.698948383331299, 3.719184398651123, 33.26033401489258, 13.966949462890625, 67.81837463378906, 115.04566192626953, 18.10357093811035, 8.157672882080078, 36.58992004394531, 62.851165771484375)
(-8.221433639526367, -11.018689155578613, 0.0, 0.0, -1.0, 0.0, -1.585365891456604, -2.9573171138763428, 0.0, 32.88573455810547, 40.07475662231445, 0.0, 1000, 1000, 1000, 1000, -6.8324432373046875, -11.875076293945312, 0.0, -2.8026063442230225, 5.326958656311035, 27.576879501342773, 14.389873504638672, 56.53154373168945, 98.49829864501953, 34.4256591796875, 8.557146072387695, 69.49616241455078, 112.47897338867188)
(-7.7791266441345215, -12.913604736328125, 0.0, 0.0, -1.0, 0.0, 1.6158536672592163, -0.3658536672592163, 0.0, 31.116506576538086, 47.6544189453125, 0.0, 1000, 1000, 1000, 1000, -10.574824333190918, -12.798826217651367, 0.0, -2.9683072566986084, 4.47695779800415, 23.600521087646484, 14.767379760742188, 48.010353088378906, 86.37825775146484, 38.41621780395508, 9.126487731933594, 78.17536926269531, 125.71807861328125)
(-7.956278324127197, -10.943293571472168, 0.0, 0.0, -1.0, 0.0, 4.6646342277526855, -6.219511985778809, 0.0, 31.82511329650879, 39.77317428588867, 0.0, 1000, 1000, 1000, 1000, -9.471342086791992, -2.670205593109131, 0.0, -2.64711856842041, 5.822383880615234, 21.728382110595703, 15.109301567077637, 43.90102005004883, 80.73870086669922, 36.794151306152344, 9.576253890991211, 74.8565673828125, 121.22697448730469)
(-7.441460132598877, -13.508227348327637, 0.0, 0.0, -1.0, 0.0, -11.981707572937012, -17.560976028442383, 0.0, 29.765840530395508, 50.03290939331055, 0.0, 1000, 1000, 1000, 1000, -3.743086338043213, -3.241816520690918, 0.0, -3.0347707271575928, 5.231681823730469, 33.39803695678711, 15.478240966796875, 68.2641830444336, 117.14045715332031, 54.075111389160156, 10.148172378540039, 110.36534118652344, 174.588623046875)
(-8.212379455566406, -12.974753379821777, 0.0, 0.0, -1.0, 0.0, 16.79878044128418, 13.109756469726562, 0.0, 32.849517822265625, 47.89901351928711, 0.0, 1000, 1000, 1000, 1000, -8.380805969238281, -15.407788276672363, 0.0, -1.6899534463882446, 5.7457075119018555, 12.84058952331543, 15.80643081665039, 26.123506546020508, 54.77052688598633, 27.831405639648438, 10.715712547302246, 56.48590850830078, 95.03302764892578)
(-7.731355667114258, -10.67963695526123, 0.0, 0.0, 0.0, 0.0, -21.859756469726562, 2.103658437728882, 0.0, 30.92542266845703, 42.71854782104492, 0.0, 1000, 1000, 1000, 1000, -4.740462779998779, -5.469870090484619, 0.0, -3.2954416275024414, 7.247079849243164, 42.22814178466797, 16.220033645629883, 86.0916976928711, 144.5398712158203, 32.491912841796875, 11.150215148925781, 66.07041931152344, 109.7125473022461)
(-8.383055686950684, -5.624676704406738, 0.0, 0.0, -1.0, 0.0, 25.518293380737305, 15.0, 0.0, 33.532222747802734, 18.498706817626953, 0.0, 1000, 1000, 1000, 1000, -8.988122940063477, 1.3767976760864258, 0.0, -3.15169095993042, 10.430161476135254, 6.4111433029174805, 16.64064598083496, 12.9771146774292, 36.02890396118164, 2.7989654541015625, 11.359448432922363, 5.796753406524658, 19.955167770385742)
(-4.485411643981934, -3.139429807662964, 0.0, 0.0, -1.0, 0.0, 4.390244007110596, 2.896341562271118, 0.0, 17.941646575927734, 8.557719230651855, 0.0, 1000, 1000, 1000, 1000, -4.302672863006592, -2.99747633934021, 0.0, 0.09739431738853455, 10.554397583007812, 10.8411226272583, 16.757164001464844, 22.182209014892578, 49.780494689941406, 4.529102325439453, 11.478890419006348, 8.976876258850098, 24.9848690032959)
(-5.184725284576416, -0.8127674460411072, 0.0, 0.0, -1.0, 0.0, 5.396341323852539, -4.237804889678955, 0.0, 20.738901138305664, -0.7489302158355713, 0.0, 1000, 1000, 1000, 1000, -7.688752174377441, 2.2591543197631836, 0.0, 0.8457173109054565, 10.778332710266113, 12.2740478515625, 16.946077346801758, 25.048110961914062, 54.26823806762695, 2.791099786758423, 11.513724327087402, 5.528592109680176, 19.833415985107422)
(-4.179345607757568, -1.553584337234497, 0.0, 0.0, -1.0, 0.0, -3.445122003555298, 7.682926654815674, 0.0, 16.717382431030273, 2.2143373489379883, 0.0, 1000, 1000, 1000, 1000, -0.7428443431854248, -1.052797555923462, 0.0, 0.7992235422134399, 10.503789901733398, 16.130002975463867, 17.172582626342773, 32.83094787597656, 66.13353729248047, -4.374871253967285, 11.527509689331055, -8.964137077331543, -1.8114986419677734)
(-2.664971351623535, 1.0670042037963867, 0.0, 0.0, -1.0, 0.0, -4.512195110321045, 7.652439117431641, 0.0, 10.65988540649414, -8.268016815185547, 0.0, 1000, 1000, 1000, 1000, 0.4126812219619751, 3.070071220397949, 0.0, -0.29147768020629883, 12.244647979736328, 12.137664794921875, 17.38005256652832, 24.681026458740234, 54.1987419128418, -12.736364364624023, 11.406801223754883, -25.78614044189453, -27.115705490112305)
(-0.6782560348510742, 2.9729511737823486, 0.0, 0.0, -1.0, 0.0, 6.25, -3.2317073345184326, 0.0, 2.713024139404297, -15.891804695129395, 0.0, 1000, 1000, 1000, 1000, -1.3349621295928955, 3.1661338806152344, 0.0, 0.15318696200847626, 12.899678230285645, -2.829580783843994, 17.437414169311523, -5.8138580322265625, 8.793974876403809, -10.128077507019043, 11.23803997039795, -20.530319213867188, -19.42035675048828)
(0.056703392416238785, 1.7072197198867798, 0.0, 0.0, -1.0, 0.0, -3.2317073345184326, -1.6463414430618286, 0.0, -0.22681356966495514, -10.828878402709961, 0.0, 1000, 1000, 1000, 1000, -0.2921266555786133, 1.4964752197265625, 0.0, 1.1397722959518433, 11.96354866027832, 2.4039149284362793, 17.392784118652344, 5.002437591552734, 24.799135208129883, -7.346029758453369, 11.123591423034668, -14.964508056640625, -11.186945915222168)
(-1.4548426866531372, 1.2231504917144775, 0.0, 0.0, -1.0, 0.0, -1.402438998222351, -0.4268292784690857, 0.0, 5.819370746612549, -8.89260196685791, 0.0, 1000, 1000, 1000, 1000, -2.609375, -0.3153877258300781, 0.0, 0.16568715870380402, 11.886713981628418, 5.777447700500488, 17.474281311035156, 11.796412467956543, 35.04814147949219, -6.772618293762207, 11.012903213500977, -13.846254348754883, -9.605969429016113)
(-2.6326990127563477, 0.8293834924697876, 0.0, 0.0, -1.0, 0.0, -6.890244007110596, -1.7987804412841797, 0.0, 10.53079605102539, -7.31753396987915, 0.0, 1000, 1000, 1000, 1000, -3.620452404022217, -0.2086348533630371, 0.0, -0.47257500886917114, 11.949518203735352, 13.9368314743042, 17.592193603515625, 28.394750595092773, 59.92377471923828, -4.415002822875977, 10.91894817352295, -9.149751663208008, -2.6458065509796143)
(-2.7273499965667725, 0.3324127793312073, 0.0, 0.0, -1.0, 0.0, 12.530488014221191, -0.7621951103210449, 0.0, 10.90939998626709, -5.32965087890625, 0.0, 1000, 1000, 1000, 1000, -2.606502056121826, -1.3970680236816406, 0.0, -0.10336819291114807, 12.000581741333008, -1.296870470046997, 17.72763442993164, -2.736299514770508, 13.694464683532715, -3.6539645195007324, 10.84449291229248, -7.391554832458496, -0.2010263204574585)
(-0.4001115560531616, 0.5994943976402283, 0.0, 0.0, 0.0, 0.0, -5.396341323852539, 2.621951103210449, 0.0, 1.6004462242126465, -2.397977590560913, 0.0, 1000, 1000, 1000, 1000, 1.0991201400756836, 0.6125097274780273, 0.0, 0.900290310382843, 12.404695510864258, 5.597430229187012, 17.73293113708496, 11.410652160644531, 34.74101257324219, -4.0159430503845215, 10.765239715576172, -8.143129348754883, -1.3938335180282593)
(-1.2201168537139893, 0.7530558705329895, 0.0, 0.0, -1.0, 0.0, -0.9756097793579102, -1.0670732259750366, 0.0, 4.880467414855957, -7.012223243713379, 0.0, 1000, 1000, 1000, 1000, -1.3566327095031738, 0.25562477111816406, 0.0, 0.08413191884756088, 12.35759162902832, 4.684861660003662, 17.807964324951172, 9.533439636230469, 32.02626419067383, -4.756119728088379, 10.683307647705078, -9.709546089172363, -3.7823588848114014)
(-1.0135164260864258, 0.13267850875854492, 0.0, 0.0, -1.0, 0.0, -0.09146341681480408, 0.9756097793579102, 0.0, 4.054065704345703, -4.53071403503418, 0.0, 1000, 1000, 1000, 1000, -0.3504774570465088, -0.6233015060424805, 0.0, 0.32132700085639954, 12.227407455444336, 3.3164234161376953, 17.852100372314453, 6.848237037658691, 28.016759872436523, -4.405058860778809, 10.622801780700684, -8.968414306640625, -2.750671625137329)
(-1.3260724544525146, 0.13645528256893158, 0.0, 0.0, -1.0, 0.0, -1.1280487775802612, 1.25, 0.0, 5.304289817810059, -4.545821189880371, 0.0, 1000, 1000, 1000, 1000, -1.2412621974945068, -0.08092546463012695, 0.0, -0.04574614018201828, 12.474664688110352, 5.145871162414551, 17.924314498901367, 10.486306190490723, 33.55649185180664, -4.636656761169434, 10.570417404174805, -9.439846992492676, -3.506086826324463)
(-1.9533783197402954, 0.1618252545595169, 0.0, 0.0, -1.0, 0.0, -0.4268292784690857, -0.4573170840740204, 0.0, 7.813513278961182, -4.647301197052002, 0.0, 1000, 1000, 1000, 1000, -2.4353437423706055, 0.3156447410583496, 0.0, -0.405044823884964, 12.551645278930664, 6.592273712158203, 18.014564514160156, 13.426788330078125, 38.033626556396484, -3.351987361907959, 10.509725570678711, -6.7527971267700195, 0.404941201210022)
(-2.1859378814697266, -0.32580146193504333, 0.0, 0.0, -1.0, 0.0, -1.3719512224197388, 0.24390244483947754, 0.0, 8.743751525878906, -2.696794033050537, 0.0, 1000, 1000, 1000, 1000, -2.4655747413635254, -0.9247283935546875, 0.0, -0.5498619079589844, 12.476339340209961, 8.092561721801758, 18.12002182006836, 16.492000579833984, 42.70458221435547, -2.3525571823120117, 10.472367286682129, -4.78253698348999, 3.337273120880127)
(-2.194362163543701, -1.0343008041381836, 0.0, 0.0, -1.0, 0.0, 0.7317073345184326, 1.1585365533828735, 0.0, 8.777448654174805, 0.13720321655273438, 0.0, 1000, 1000, 1000, 1000, -2.608607292175293, -1.7711539268493652, 0.0, -0.6030625104904175, 12.962625503540039, 6.436593055725098, 18.66145133972168, 13.065157890319824, 38.16320037841797, -0.8170666694641113, 10.390000343322754, -1.697092056274414, 7.87584114074707)
(-2.179727792739868, -0.9560493230819702, 0.0, 0.0, -1.0, 0.0, -0.3353658616542816, -0.09146341681480408, 0.0, 8.718911170959473, -0.17580270767211914, 0.0, 1000, 1000, 1000, 1000, -2.1501216888427734, -1.031933069229126, 0.0, -0.6231846809387207, 13.085947036743164, 7.243422031402588, 18.764453887939453, 14.759895324707031, 40.76776885986328, -0.06747142970561981, 10.393156051635742, -0.1272965669631958, 10.19838809967041)
(-2.337765693664551, -1.1647518873214722, 0.0, 0.0, -1.0, 0.0, -2.8353657722473145, 3.567073106765747, 0.0, 9.351062774658203, 0.6590075492858887, 0.0, 1000, 1000, 1000, 1000, -1.304384469985962, 0.8749051094055176, 0.0, -0.8507763743400574, 13.284116744995117, 9.74914264678955, 18.880016326904297, 19.828950881958008, 48.458106994628906, -2.3264524936676025, 10.390265464782715, -4.760887622833252, 3.3029253482818604)
(-1.7976261377334595, -0.6954215168952942, 0.0, 0.0, -1.0, 0.0, 1.5548779964447021, 0.7317073345184326, 0.0, 7.190504550933838, -1.2183139324188232, 0.0, 1000, 1000, 1000, 1000, 0.34018218517303467, -0.580498218536377, 0.0, -0.5506240129470825, 13.605304718017578, 4.5085015296936035, 18.9715633392334, 9.127081871032715, 32.607147216796875, -1.5600169897079468, 10.366169929504395, -3.2641117572784424, 5.542041301727295)
(-1.345840334892273, -0.830482542514801, 0.0, 0.0, -1.0, 0.0, 5.7317070960998535, -4.420731544494629, 0.0, 5.383361339569092, -0.6780698299407959, 0.0, 1000, 1000, 1000, 1000, -0.6162900924682617, -1.3917953968048096, 0.0, 0.005473747383803129, 13.452103614807129, -0.2786765992641449, 19.019102096557617, -0.6363210082054138, 18.104103088378906, 2.9941294193267822, 10.369216918945312, 6.073358058929443, 19.436704635620117)
(0.0014690719544887543, -1.4513295888900757, 0.0, 0.0, -1.0, 0.0, -0.5182926654815674, 1.097561001777649, 0.0, -0.005876287817955017, 1.8053183555603027, 0.0, 1000, 1000, 1000, 1000, 1.1650863885879517, -1.5065045356750488, 0.0, 0.3509006202220917, 13.387469291687012, 0.40993309020996094, 19.026559829711914, 0.7825037240982056, 20.218997955322266, 0.5662058591842651, 10.383588790893555, 1.2506818771362305, 12.20047664642334)
(-0.10857069492340088, -1.522004246711731, 0.0, 0.0, -1.0, 0.0, 0.15243902802467346, 0.8536585569381714, 0.0, 0.4342827796936035, 2.088016986846924, 0.0, 1000, 1000, 1000, 1000, -0.6158599853515625, -2.076138973236084, 0.0, 0.05882750079035759, 13.59493637084961, 0.2254749983549118, 19.03732681274414, 0.41995325684547424, 19.682754516601562, 0.987486720085144, 10.395800590515137, 1.949070930480957, 13.332358360290527)
(-0.032336778938770294, -1.4722708463668823, 0.0, -1.0, -1.0, 0.0, -3.75, 2.317073106765747, 0.0, -3.870652914047241, 1.8890833854675293, 0.0, 1000, 1000, 1000, 1000, 0.07713115215301514, -2.1377553939819336, 0.0, -0.1425444781780243, 13.786554336547852, -0.09652233123779297, 19.045629501342773, -0.18719813227653503, 18.76190757751465, -0.3423917889595032, 10.415674209594727, -0.6808807849884033, 9.392401695251465)
(-0.9213460683822632, -1.2719894647598267, 0.0, 0.0, -1.0, 0.0, 1.8597561120986938, -0.9756097793579102, 0.0, 3.6853842735290527, 1.0879578590393066, 0.0, 1000, 1000, 1000, 1000, -1.4616613388061523, -1.0302658081054688, 0.0, -0.8638858795166016, 14.204085350036621, 1.4605025053024292, 19.106597900390625, 2.858130931854248, 23.42523193359375, 1.6508541107177734, 10.412445068359375, 3.338169574737549, 15.401469230651855)
(-1.2094262838363647, -0.9398831129074097, 0.0, 0.0, 0.0, 0.0, -5.70121955871582, -1.3719512224197388, 0.0, 4.837705135345459, -0.24046754837036133, 0.0, 1000, 1000, 1000, 1000, -2.8003578186035156, -0.555394172668457, 0.0, -0.9105323553085327, 14.282896041870117, 8.431139945983887, 19.14623260498047, 17.20083999633789, 44.77821350097656, 0.9051869511604309, 10.413773536682129, 1.8183815479278564, 13.137341499328613)
(-1.8432093858718872, -2.053687334060669, 0.0, 0.0, -1.0, 0.0, 1.6463414430618286, -4.817073345184326, 0.0, 7.372837543487549, 4.214749336242676, 0.0, 1000, 1000, 1000, 1000, -0.9705815315246582, -4.08519172668457, 0.0, -0.9023004174232483, 13.618720054626465, 4.5811967849731445, 19.234027862548828, 9.39591121673584, 33.21113586425781, 7.225457668304443, 10.475918769836426, 14.71834945678711, 32.41972732543945)
(-1.8397244215011597, -2.346438407897949, 0.0, 0.0, -1.0, 0.0, -2.5, 1.25, 0.0, 7.358897686004639, 5.385753631591797, 0.0, 1000, 1000, 1000, 1000, -2.651379108428955, -2.5294532775878906, 0.0, -1.3308064937591553, 13.873294830322266, 7.887118339538574, 19.33216667175293, 16.036760330200195, 43.25604248046875, 3.308602809906006, 10.528440475463867, 6.764002799987793, 20.601045608520508)
(-2.0551958084106445, -2.6511542797088623, 0.0, -1.0, 0.0, 0.0, -1.3414634466171265, 3.47560977935791, 0.0, 4.220783233642578, 10.60461711883545, 0.0, 1000, 1000, 1000, 1000, -2.3485331535339355, -2.1473677158355713, 0.0, -1.2437633275985718, 14.009730339050293, 4.449797630310059, 19.422353744506836, 9.27892780303955, 33.15107727050781, 5.7032060623168945, 10.601648330688477, 11.612528800964355, 27.917383193969727)
(-2.4461281299591064, -2.510953426361084, 0.0, 0.0, -1.0, 0.0, 1.3109755516052246, -0.6402438879013062, 0.0, 9.784512519836426, 6.043813705444336, 0.0, 1000, 1000, 1000, 1000, -2.2325797080993652, -2.7865638732910156, 0.0, -1.3125137090682983, 14.093572616577148, 6.778830051422119, 19.534706115722656, 13.770034790039062, 40.08357238769531, 5.347246170043945, 10.669240951538086, 10.850449562072754, 26.86693572998047)
(-2.0491201877593994, -2.5488979816436768, 0.0, 0.0, -1.0, 0.0, 0.18292683362960815, 1.676829218864441, 0.0, 8.196480751037598, 6.195591926574707, 0.0, 1000, 1000, 1000, 1000, -1.6970505714416504, -2.2669057846069336, 0.0, -1.3132755756378174, 14.38259506225586, 6.4108428955078125, 19.63705825805664, 13.024025917053223, 39.07192611694336, 3.6150100231170654, 10.7284517288208, 7.344696044921875, 21.68815803527832)
(-1.7612109184265137, -2.714425802230835, 0.0, 0.0, -1.0, 0.0, -1.9817073345184326, 2.3475608825683594, 0.0, 7.044843673706055, 6.85770320892334, 0.0, 1000, 1000, 1000, 1000, -1.4559962749481201, -3.219973564147949, 0.0, -1.3240984678268433, 14.451348304748535, 7.221240997314453, 19.726165771484375, 14.725483894348145, 41.672889709472656, 3.6081137657165527, 10.809331893920898, 7.35158634185791, 21.769031524658203)
(-2.2667994499206543, -2.5298075675964355, 0.0, 0.0, -1.0, 0.0, -0.4268292784690857, 0.24390244483947754, 0.0, 9.067197799682617, 6.119230270385742, 0.0, 1100, 1100, 1125, 1100, -3.1013851165771484, -3.5049920082092285, 0.0, -1.4951348304748535, 14.609732627868652, 7.595221519470215, 19.831205368041992, 15.450677871704102, 42.877105712890625, 4.700262546539307, 10.87509536743164, 9.625669479370117, 25.201026916503906)
(-2.0022857189178467, -2.09122896194458, 0.0, -1.0, -1.0, 0.0, 1.25, 1.676829218864441, 0.0, 4.009142875671387, 4.36491584777832, 0.0, 1100, 1100, 1125, 1100, -2.3426947593688965, -1.5474622249603271, 0.0, -1.1272995471954346, 14.946773529052734, 2.2073142528533936, 19.919620513916016, 3.602142810821533, 25.72907829284668, 2.1504693031311035, 10.920827865600586, 5.039226055145264, 18.110523223876953)
(-1.8054749965667725, -2.288100242614746, 0.0, 0.0, -1.0, 0.0, -0.3353658616542816, 0.4573170840740204, 0.0, 7.22189998626709, 5.152400970458984, 0.0, 1100, 1100, 1142, 1100, -1.806004285812378, -4.5144782066345215, 0.0, -1.3062634468078613, 14.866133689880371, 6.045812606811523, 20.01062774658203, 11.823319435119629, 37.8797607421875, 3.7560672760009766, 10.986377716064453, 7.49837589263916, 22.240821838378906)
(-1.2492913007736206, -2.469620943069458, 0.0, 0.0, -1.0, 0.0, 1.1280487775802612, -0.7317073345184326, 0.0, 4.997165203094482, 5.878483772277832, 0.0, 1100, 1119, 1187, 1100, 1.793617844581604, -8.348236083984375, 0.0, -1.1327881813049316, 15.07589054107666, 3.0952930450439453, 20.08075523376465, 6.803311824798584, 29.979360580444336, 5.288153171539307, 11.041549682617188, 11.81729507446289, 28.146997451782227)
(-1.203386902809143, -2.0086417198181152, 0.0, 0.0, -1.0, 0.0, 3.0487804412841797, 0.030487805604934692, 0.0, 4.813547611236572, 4.034566879272461, 0.0, 1133, 1160, 1209, 1100, -6.471417427062988, -6.465544700622559, 0.0, -1.2879713773727417, 15.19174575805664, 1.411813735961914, 20.139163970947266, 2.7511072158813477, 24.302085876464844, 3.2032630443573, 11.08318042755127, 6.519885540008545, 20.80632972717285)
(-0.8671996593475342, -2.5456273555755615, 0.0, 0.0, -1.0, 0.0, 5.4268293380737305, 0.3658536672592163, 0.0, 3.4687986373901367, 6.182509422302246, 0.0, 1212, 1208, 1270, 1168, -5.47654914855957, -11.880760192871094, 0.0, -1.0573309659957886, 15.416135787963867, -1.5664246082305908, 20.174942016601562, -4.1791486740112305, 14.429368019104004, 4.653324604034424, 11.146843910217285, 10.98750114440918, 26.787668228149414)
(-0.5251193046569824, 0.15729059278964996, 0.0, 0.0, -1.0, 0.0, 2.22560977935791, -4.237804889678955, 0.0, 2.1004772186279297, -4.629162311553955, 0.0, 1238, 1269, 1323, 1241, -4.368229389190674, 17.46209716796875, 0.0, -1.149861216545105, 16.21674346923828, -0.10010604560375214, 20.209367752075195, -1.8355690240859985, 18.273691177368164, -0.3130859434604645, 11.135034561157227, 2.0271308422088623, 12.849079132080078)
(0.3162314295768738, 0.04502870514988899, 0.0, 0.0, 0.0, 0.0, -2.4390244483947754, 4.4817070960998535, 0.0, -1.2649257183074951, -0.18011482059955597, 0.0, 1235, 1299, 1301, 1235, -9.109935760498047, 9.953577041625977, 0.0, -0.10855028033256531, 16.382295608520508, 0.9392789602279663, 20.163318634033203, 1.478691816329956, 22.581289291381836, -3.729457378387451, 11.072022438049316, -7.0597453117370605, 0.2828196585178375)
(-5.070507526397705, 1.7772669792175293, 0.0, 0.0, -1.0, 0.0, -42.86585235595703, 5.487804889678955, 0.0, 20.28203010559082, -11.109067916870117, 0.0, 1100, 1438, 1465, 1156, -10.857522964477539, -26.361570358276367, 0.0, -5.143916606903076, 16.645254135131836, 50.51830291748047, 20.4838924407959, 102.90845489501953, 173.91064453125, -13.277498245239258, 11.007704734802246, -27.21002769470215, -29.479820251464844)
(-4.200414180755615, 1.4249930381774902, 0.0, 0.0, -1.0, 0.0, 73.14024353027344, -1.1280487775802612, 0.0, 16.80165672302246, -9.699972152709961, 0.0, 1373, 1184, 1132, 1376, 19.15190887451172, -24.83797836303711, 0.0, -0.42471009492874146, 15.683358192443848, -45.07086944580078, 20.621597290039062, -93.569091796875, -118.01836395263672, -6.85753870010376, 10.910611152648926, -17.86815071105957, -13.815078735351562)
(-5.896911144256592, 1.304810643196106, 0.0, 0.0, -1.0, 0.0, -18.841463088989258, 12.530488014221191, 0.0, 23.587644577026367, -9.219242095947266, 0.0, 1100, 1395, 1404, 1215, -48.60883331298828, -2.4024264812469482, 0.0, -5.672729015350342, 17.42375946044922, 33.94328689575195, 20.945945739746094, 67.78936004638672, 122.6785888671875, -17.399784088134766, 10.734735488891602, -31.664501190185547, -38.329551696777344)
(3.053955316543579, 1.8718034029006958, 0.0, 0.0, -1.0, 0.0, -2.408536672592163, 9.45121955871582, 0.0, -12.215821266174316, -11.487213134765625, 0.0, 1227, 1320, 1231, 1292, 33.335166931152344, 29.110515594482422, 0.0, 5.171935081481934, 17.7034854888916, -7.845827579498291, 20.514055252075195, -14.797900199890137, -2.1296727657318115, -16.75074577331543, 10.623784065246582, -32.58614730834961, -38.713111877441406)
(-7.104719161987305, 0.3326503038406372, 0.0, 0.0, -1.0, 0.0, 17.408536911010742, 2.378048896789551, 0.0, 28.41887664794922, -5.330601215362549, 0.0, 1197, 1319, 1328, 1227, -12.158698081970215, -9.607269287109375, 0.0, -3.834315061569214, 18.112628936767578, 8.808271408081055, 21.055498123168945, 15.910187721252441, 45.773956298828125, -6.166920185089111, 10.525562286376953, -9.537583351135254, -5.178940773010254)
(2.6289737224578857, -0.3802121579647064, 0.0, 0.0, -1.0, 0.0, -32.92683029174805, 6.219511985778809, 0.0, -10.515894889831543, -2.4791512489318848, 0.0, 1144, 1342, 1367, 1221, 7.863336563110352, -4.811717510223389, 0.0, 1.554099440574646, 16.59296226501465, 17.928747177124023, 20.839712142944336, 37.409175872802734, 76.1776351928711, -6.958930969238281, 10.567732810974121, -16.57565689086914, -12.966856002807617)
(1.4181938171386719, 1.4769413471221924, 0.0, 0.0, -1.0, 0.0, 22.80487823486328, -10.82317066192627, 0.0, -5.6727752685546875, -9.90776538848877, 0.0, 1324, 1223, 1238, 1290, 43.16221618652344, 43.62125015258789, 0.0, 0.04419125244021416, 16.699214935302734, -22.782123565673828, 20.90464973449707, -46.50215148925781, -48.3796272277832, 0.7323242425918579, 10.509114265441895, 1.0713154077529907, 12.312753677368164)
(-4.409544944763184, -0.28166449069976807, 0.0, 0.0, -1.0, 0.0, 0.18292683362960815, 6.493902206420898, 0.0, 17.638179779052734, -2.8733420372009277, 0.0, 1189, 1360, 1321, 1204, -5.86028528213501, 20.614057540893555, 0.0, -4.970290660858154, 17.30226707458496, 13.964202880859375, 21.1877384185791, 26.82034683227539, 61.972286224365234, -7.493795871734619, 10.470093727111816, -16.69424057006836, -13.717942237854004)
(4.015115261077881, -0.49708592891693115, 0.0, 0.0, -1.0, 0.0, -5.396341323852539, 6.158536434173584, 0.0, -16.060461044311523, -2.0116562843322754, 0.0, 1243, 1267, 1279, 1286, -9.570051193237305, 11.656152725219727, 0.0, 2.880014181137085, 17.00333595275879, -8.531295776367188, 20.84140968322754, -18.138635635375977, -5.828522205352783, -6.536154270172119, 10.438983917236328, -11.582021713256836, -7.6791911125183105)
(-2.3716418743133545, -0.47597020864486694, 0.0, 0.0, -1.0, 0.0, 17.19512176513672, -0.3353658616542816, 0.0, 9.486567497253418, -2.0961191654205322, 0.0, 1257, 1268, 1291, 1258, -5.833334922790527, -9.875728607177734, 0.0, -3.242699146270752, 18.09739112854004, -6.166843414306641, 21.10271453857422, -13.845606803894043, 1.0902644395828247, -1.4086025953292847, 10.319295883178711, -3.2938308715820312, 5.6168622970581055)
(0.8438759446144104, -1.1770437955856323, 0.0, 0.0, 0.0, 0.0, -25.274391174316406, 9.969511985778809, 0.0, -3.3755037784576416, 4.708175182342529, 0.0, 1157, 1337, 1371, 1213, 5.717061519622803, 18.203706741333008, 0.0, -1.214802622795105, 17.662790298461914, 17.51910972595215, 20.994108200073242, 36.136940002441406, 74.65016174316406, -4.20906925201416, 10.331709861755371, -11.651996612548828, -5.529355525970459)
(0.5965596437454224, 2.0802395343780518, 0.0, 0.0, -1.0, 0.0, 3.0182926654815674, -1.7682926654815674, 0.0, -2.3862385749816895, -12.320958137512207, 0.0, 1239, 1308, 1266, 1260, 14.012456893920898, 10.691985130310059, 0.0, 0.3162946403026581, 17.97209358215332, -4.323625087738037, 20.9460391998291, -7.878435134887695, 8.743978500366211, -8.442132949829102, 10.251703262329102, -17.734176635742188, -15.924606323242188)
(-3.228078842163086, 3.60878849029541, 0.0, 0.0, -1.0, 0.0, 3.445122003555298, 8.20121955871582, 0.0, 12.912315368652344, -18.43515396118164, 0.0, 1156, 1384, 1263, 1271, -34.11743927001953, 21.190515518188477, 0.0, -3.5608396530151367, 17.86111831665039, 7.573754787445068, 21.17877960205078, 16.15853500366211, 44.91107177734375, -21.309099197387695, 10.07174301147461, -47.40757369995117, -58.644927978515625)
(2.333467960357666, 1.1388646364212036, 0.0, 0.0, -1.0, 0.0, -10.335366249084473, 3.4146342277526855, 0.0, -9.333871841430664, -8.555458068847656, 0.0, 1222, 1315, 1286, 1251, -15.964090347290039, 6.589184761047363, 0.0, 0.3934286832809448, 17.129262924194336, 0.801195502281189, 20.999650955200195, 0.03642360493540764, 21.837268829345703, -9.576074600219727, 10.00697135925293, -14.886759757995605, -14.455862045288086)
(-3.7551660537719727, 0.7394669055938721, 0.0, 0.0, -1.0, 0.0, 24.207317352294922, -5.091463565826416, 0.0, 15.02066421508789, -6.957867622375488, 0.0, 1290, 1299, 1254, 1230, -35.521148681640625, 47.17422866821289, 0.0, -2.976388454437256, 17.58185386657715, -7.349322319030762, 21.22734832763672, -15.549759864807129, -1.67173433303833, -1.4931232929229736, 9.8965482711792, -4.810140132904053, 3.5932846069335938)
(-0.8718586564064026, 2.7187750339508057, 0.0, 0.0, -1.0, 0.0, -23.44512176513672, 1.9817073345184326, 0.0, 3.4874346256256104, -14.875100135803223, 0.0, 1105, 1358, 1367, 1240, 19.059959411621094, -30.882047653198242, 0.0, -2.3231868743896484, 18.308834075927734, 21.546045303344727, 21.284963607788086, 42.30709457397461, 85.13809967041016, -13.485445976257324, 9.734149932861328, -27.67521095275879, -31.42650604248047)
(3.283195972442627, 2.5939621925354004, 0.0, 0.0, -1.0, 0.0, 7.134146213531494, 4.878048896789551, 0.0, -13.132783889770508, -14.375848770141602, 0.0, 1242, 1288, 1216, 1327, 18.22565460205078, 14.811717987060547, 0.0, 1.9338258504867554, 17.640230178833008, -16.213542938232422, 21.071216583251953, -31.23094940185547, -26.373275756835938, -15.403119087219238, 9.617921829223633, -33.6104850769043, -39.39568328857422)
(-4.300050258636475, 3.7166168689727783, 0.0, 0.0, -1.0, 0.0, 16.0060977935791, 5.457316875457764, 0.0, 17.2002010345459, -18.866466522216797, 0.0, 1183, 1354, 1252, 1285, -54.61187744140625, 6.055110931396484, 0.0, -6.126081466674805, 18.89083480834961, 0.9552825689315796, 21.47425079345703, 1.9657516479492188, 24.39528465270996, -19.459026336669922, 9.34971809387207, -40.876895904541016, -50.9862060546875)
(3.5889410972595215, 1.9168055057525635, 0.0, 0.0, -1.0, 0.0, -37.469512939453125, 14.237804412841797, 0.0, -14.355764389038086, -11.667222023010254, 0.0, 1100, 1389, 1323, 1261, 1.8145509958267212, -23.395328521728516, 0.0, 0.2350463569164276, 18.629552841186523, 18.490999221801758, 21.155241012573242, 39.075050354003906, 78.7212905883789, -20.72402000427246, 9.212570190429688, -46.27437973022461, -57.785831451416016)
(-0.6243009567260742, 2.2690436840057373, 0.0, 0.0, -1.0, 0.0, 38.90243911743164, -8.59756088256836, 0.0, 2.497203826904297, -13.07617473602295, 0.0, 1348, 1241, 1184, 1301, -24.68463897705078, 2.211230754852295, 0.0, -2.5960512161254883, 17.565834045410156, -29.124187469482422, 21.311838150024414, -57.942039489746094, -65.75439453125, -3.5828909873962402, 9.094996452331543, -7.813277721405029, -2.301172971725464)
(-5.042290687561035, 4.465825080871582, 0.0, 0.0, -1.0, 0.0, -14.87804889678955, 7.8353657722473145, 0.0, 20.16916275024414, -21.863300323486328, 0.0, 1100, 1426, 1343, 1242, 18.349519729614258, 17.023666381835938, 0.0, -7.883703231811523, 19.590530395507812, 28.037769317626953, 21.569669723510742, 56.204322814941406, 105.81175994873047, -23.75893211364746, 8.780566215515137, -50.416324615478516, -65.39469146728516)
(7.592404842376709, 2.4514098167419434, 0.0, 0.0, -1.0, 0.0, -33.475608825683594, 19.085365295410156, 0.0, -30.369619369506836, -13.805639266967773, 0.0, 1146, 1370, 1252, 1310, 8.667741775512695, -16.908802032470703, 0.0, 4.178033828735352, 19.147701263427734, 2.4847915172576904, 20.96474266052246, 8.044939041137695, 31.49447250366211, -26.31280517578125, 8.562541961669922, -52.3654899597168, -70.11575317382812)
(-3.737421751022339, 3.926658868789673, 0.0, 0.0, -1.0, 0.0, 47.04268264770508, 6.859755992889404, 0.0, 14.949687004089355, -19.706634521484375, 0.0, 1291, 1310, 1130, 1342, -3.188539505004883, 7.336291313171387, 0.0, -5.598337650299072, 19.93062973022461, -25.674396514892578, 21.439666748046875, -54.08637237548828, -58.321102142333984, -21.25311279296875, 8.323959350585938, -44.90535354614258, -57.83450698852539)
(-2.102341413497925, 2.3889904022216797, 0.0, 0.0, -1.0, 0.0, -36.67683029174805, -9.664633750915527, 0.0, 8.4093656539917, -13.555961608886719, 0.0, 1100, 1379, 1439, 1159, 7.204959869384766, 67.2863540649414, 0.0, -3.8907155990600586, 19.60288429260254, 36.0689582824707, 21.352548599243164, 72.96027374267578, 130.38177490234375, -3.1130623817443848, 8.203161239624023, -5.91204833984375, -0.8219496607780457)
(3.54240083694458, 2.089775800704956, 0.0, 0.0, -1.0, 0.0, -6.310975551605225, 1.4329267740249634, 0.0, -14.16960334777832, -12.359103202819824, 0.0, 1247, 1310, 1249, 1268, 5.565207481384277, 57.602237701416016, 0.0, 3.3266634941101074, 20.563865661621094, -6.28690242767334, 21.05242347717285, -13.52998161315918, 1.2355399131774902, -11.033624649047852, 8.007698059082031, -17.548620223999023, -20.574546813964844)
(-6.0694580078125, 3.45756459236145, 0.0, 0.0, -1.0, 0.0, 41.67683029174805, -15.54878044128418, 0.0, 24.27783203125, -17.830257415771484, 0.0, 1319, 1284, 1226, 1237, 1.3311045169830322, -0.941523551940918, 0.0, -6.160225868225098, 21.452585220336914, -13.919198989868164, 21.616296768188477, -29.323814392089844, -21.6267147064209, -1.8251816034317017, 7.788585186004639, 0.2857399582862854, 6.249143123626709)
(-1.7248173952102661, 1.1044442653656006, 0.0, 0.0, -1.0, 0.0, -29.085365295410156, -0.09146341681480408, 0.0, 6.8992695808410645, -8.417777061462402, 0.0, 1109, 1375, 1398, 1184, -19.862154006958008, 36.74105453491211, 0.0, -3.486445903778076, 20.04359245300293, 28.787708282470703, 21.524059295654297, 59.84577178955078, 110.15753936767578, -6.661051273345947, 7.708298206329346, -14.10029411315918, -13.053047180175781)
(3.8556182384490967, 1.1521124839782715, 0.0, 0.0, -1.0, 0.0, -19.024391174316406, 18.567073822021484, 0.0, -15.422472953796387, -8.608449935913086, 0.0, 1142, 1349, 1271, 1308, -4.7388176918029785, -1.3455469608306885, 0.0, 1.745871663093567, 20.212038040161133, 2.8815345764160156, 21.30303192138672, 8.231444358825684, 32.416011810302734, -21.740419387817383, 7.580623626708984, -46.765560150146484, -60.925357818603516)
(-4.4390153884887695, 2.400864839553833, 0.0, 0.0, -1.0, 0.0, 47.04268264770508, -14.939023971557617, 0.0, 17.756061553955078, -13.603459358215332, 0.0, 1369, 1252, 1201, 1248, -7.024717330932617, -0.2911825180053711, 0.0, -6.081872940063477, 20.393291473388672, -23.429296493530273, 21.756591796875, -49.369384765625, -51.04208755493164, 1.0684516429901123, 7.419708728790283, 9.237194061279297, 17.725353240966797)
(-2.2969040870666504, -2.0180842876434326, 0.0, 0.0, -1.0, 0.0, -46.371952056884766, 8.231707572937012, 0.0, 9.187616348266602, 4.0723371505737305, 0.0, 1100, 1364, 1507, 1175, -25.72452735900879, -28.985519409179688, 0.0, -5.4638848304748535, 20.598468780517578, 44.447654724121094, 21.7203311920166, 90.77034759521484, 156.93833923339844, -3.327496290206909, 7.4022111892700195, -4.957308769226074, -0.88259357213974)
(9.590310096740723, -0.8560411930084229, 0.0, 0.0, -1.0, 0.0, 7.0731706619262695, 9.603658676147461, 0.0, -38.36124038696289, -0.5758352279663086, 0.0, 1341, 1217, 1161, 1351, 1.410273790359497, 60.332916259765625, 0.0, 5.276663780212402, 22.296794891357422, -36.34752655029297, 21.11121940612793, -73.33149719238281, -88.56781005859375, -8.143594741821289, 7.281449317932129, -15.701632499694824, -16.563777923583984)
(-7.155867576599121, 2.898118734359741, 0.0, 0.0, -1.0, 0.0, 54.57316970825195, 9.29878044128418, 0.0, 28.623470306396484, -15.592474937438965, 0.0, 1265, 1295, 1166, 1344, -13.959925651550293, 21.52215576171875, 0.0, -11.104126930236816, 25.749683380126953, -20.7597599029541, 21.67421531677246, -47.63669204711914, -46.72223663330078, -19.91300392150879, 7.040473937988281, -39.167694091796875, -52.040225982666016)
(1.1333606243133545, 0.26111355423927307, 0.0, 0.0, 0.0, 0.0, -63.59756088256836, -8.140243530273438, 0.0, -4.533442497253418, -1.0444542169570923, 0.0, 1100, 1327, 1549, 1142, 17.26569175720215, -16.992324829101562, 0.0, -2.200925827026367, 23.266605377197266, 47.25129318237305, 21.225059509277344, 92.15800476074219, 160.6343536376953, 5.676631450653076, 7.055832862854004, 20.28728485107422, 33.01974868774414)
(7.306051731109619, -0.5042899250984192, 0.0, 0.0, -1.0, 0.0, -7.347560882568359, 25.85365867614746, 0.0, -29.224206924438477, -1.9828402996063232, 0.0, 1214, 1298, 1192, 1362, 28.295034408569336, -22.762897491455078, 0.0, 4.975293159484863, 22.605327606201172, -17.50131607055664, 20.862058639526367, -34.88813781738281, -31.527393341064453, -22.26919937133789, 7.062252044677734, -48.49125289916992, -63.69820022583008)
(-6.644197940826416, 4.6653523445129395, 0.0, 0.0, -1.0, 0.0, 58.04878234863281, 10.060976028442383, 0.0, 26.576791763305664, -22.661409378051758, 0.0, 1217, 1287, 1156, 1405, 12.68726634979248, 24.08559799194336, 0.0, -9.879279136657715, 24.46843719482422, -25.177593231201172, 21.372304916381836, -50.789154052734375, -54.59444046020508, -26.177907943725586, 6.843771457672119, -60.31013488769531, -79.64427185058594)
(-2.0410118103027344, 3.572202205657959, 0.0, 0.0, -1.0, 0.0, -38.475608825683594, -8.87195110321045, 0.0, 8.164047241210938, -18.288808822631836, 0.0, 1100, 1394, 1428, 1168, -29.95665740966797, 19.49799346923828, 0.0, -5.100620746612549, 21.394662857055664, 37.31172561645508, 21.194046020507812, 75.57575988769531, 134.08152770996094, -7.533486366271973, 6.798190116882324, -13.416034698486328, -14.151330947875977)
(4.745322227478027, 1.831583023071289, 0.0, 0.0, -1.0, 0.0, -30.640243530273438, 6.219511985778809, 0.0, -18.98128890991211, -11.326332092285156, 0.0, 1132, 1316, 1333, 1281, 21.722976684570312, 4.019120216369629, 0.0, 2.910810947418213, 20.70517921447754, 9.327163696289062, 20.78152084350586, 18.548070907592773, 48.65675735473633, -14.036676406860352, 6.629062175750732, -25.614774703979492, -33.02238845825195)
(-2.7071101665496826, 3.528895616531372, 0.0, 0.0, -1.0, 0.0, 54.024391174316406, 2.4390244483947754, 0.0, 10.82844066619873, -18.115581512451172, 0.0, 1325, 1266, 1115, 1357, 2.5252556800842285, 4.696499824523926, 0.0, -3.9975743293762207, 21.277284622192383, -34.556758880615234, 21.22688865661621, -71.9479751586914, -85.27784729003906, -16.443683624267578, 6.34933614730835, -35.707645416259766, -45.80199432373047)
(-4.575953960418701, 1.1890387535095215, 0.0, 0.0, -1.0, 0.0, 7.957316875457764, 21.737804412841797, 0.0, 18.303815841674805, -8.756155014038086, 0.0, 1141, 1394, 1251, 1276, -55.14786911010742, 18.81536293029785, 0.0, -7.018305778503418, 21.284448623657227, 8.277198791503906, 21.385770797729492, 17.202392578125, 46.86536407470703, -24.39516830444336, 6.209362983703613, -51.34028244018555, -69.52608489990234)
(4.573085784912109, 3.287444829940796, 0.0, 0.0, -1.0, 0.0, -47.34756088256836, 18.719512939453125, 0.0, -18.292343139648438, -17.1497802734375, 0.0, 1100, 1406, 1331, 1295, -6.168037414550781, 15.97574234008789, 0.0, 1.7850474119186401, 20.676366806030273, 23.24417495727539, 20.925975799560547, 47.85665512084961, 92.02680206298828, -28.6954345703125, 6.130039691925049, -61.23866653442383, -83.80406188964844)
(3.2342724800109863, 3.6858067512512207, 0.0, 0.0, 0.0, 0.0, 39.75609588623047, -4.5731706619262695, 0.0, -12.937089920043945, -14.743227005004883, 0.0, 1375, 1216, 1119, 1351, 22.1685848236084, -11.280596733093262, 0.0, -0.8390378355979919, 20.400150299072266, -42.15454864501953, 21.02873992919922, -86.60337829589844, -107.72918701171875, -8.136045455932617, 5.8543219566345215, -15.939661026000977, -18.221384048461914)
(-6.5910325050354, 4.199954032897949, 0.0, 0.0, -1.0, 0.0, 24.573171615600586, -15.0, 0.0, 26.3641300201416, -20.799816131591797, 0.0, 1233, 1301, 1292, 1236, -46.12410354614258, 3.4612503051757812, 0.0, -9.85687255859375, 22.20609474182129, 1.4327666759490967, 21.453224182128906, -1.9032500982284546, 20.98274040222168, -4.639853000640869, 5.554275035858154, -4.240688800811768, -3.3262667655944824)
(2.452064275741577, 4.25369119644165, 0.0, 0.0, -1.0, 0.0, -64.45121765136719, 23.841463088989258, 0.0, -9.808257102966309, -21.0147647857666, 0.0, 1100, 1466, 1394, 1283, -4.877995491027832, 51.58143615722656, 0.0, -0.35428109765052795, 21.77271270751953, 43.7143669128418, 21.004106521606445, 90.02243041992188, 154.74090576171875, -35.88498306274414, 5.3517866134643555, -78.76055908203125, -109.29375457763672)
(2.3202338218688965, 3.8780572414398193, 0.0, 0.0, -1.0, 0.0, 15.640243530273438, 17.378047943115234, 0.0, -9.280935287475586, -19.512229919433594, 0.0, 1239, 1349, 1125, 1349, 8.343664169311523, -17.845733642578125, 0.0, 1.087334394454956, 20.804418563842773, -19.93694305419922, 20.99032974243164, -39.5887336730957, -38.53534698486328, -29.512222290039062, 5.177813529968262, -59.15573501586914, -83.49014282226562)
(-8.83312702178955, 6.221779823303223, 0.0, 0.0, -1.0, 0.0, 28.079267501831055, 3.1402440071105957, 0.0, 35.3325080871582, -28.88711929321289, 0.0, 1159, 1393, 1230, 1280, -33.23234176635742, 19.82721710205078, 0.0, -10.143304824829102, 21.907312393188477, 5.8025922775268555, 21.691869735717773, 8.35451889038086, 35.84897994995117, -25.621891021728516, 4.884275913238525, -50.30624008178711, -71.04385375976562)
(2.998396158218384, 1.666136384010315, 0.0, 0.0, -1.0, 0.0, -66.43292999267578, 13.536585807800293, 0.0, -11.993584632873535, -10.664545059204102, 0.0, 1100, 1431, 1429, 1208, -15.65007209777832, -37.85578918457031, 0.0, -1.2974207401275635, 20.693437576293945, 43.551475524902344, 21.277273178100586, 90.02117919921875, 154.8499298095703, -19.360904693603516, 4.6977949142456055, -39.63729476928711, -54.3004035949707)
(3.0001888275146484, 0.9125383496284485, 0.0, 0.0, -1.0, 0.0, 34.878047943115234, 16.341463088989258, 0.0, -12.000755310058594, -7.650153160095215, 0.0, 1326, 1271, 1100, 1368, 13.1996488571167, -21.516590118408203, 0.0, 0.6632494330406189, 21.2586727142334, -37.50304412841797, 21.253110885620117, -75.06395721435547, -91.31388854980469, -19.19329261779785, 4.539922714233398, -39.10569763183594, -53.759063720703125)
(-9.81486988067627, 4.706010341644287, 0.0, 0.0, -1.0, 0.0, 29.115854263305664, 11.615853309631348, 0.0, 39.25947952270508, -22.82404136657715, 0.0, 1156, 1437, 1208, 1260, -20.64031219482422, 10.339261054992676, 0.0, -13.124861717224121, 24.477115631103516, 8.114900588989258, 21.859220504760742, 17.26446533203125, 47.23858642578125, -27.551916122436523, 4.218596458435059, -59.858333587646484, -83.19165802001953)
(4.147036075592041, -1.4537196159362793, 0.0, 0.0, -1.0, 0.0, -65.15243530273438, 7.195121765136719, 0.0, -16.588144302368164, 1.8148784637451172, 0.0, 1100, 1371, 1461, 1173, 25.50282096862793, -2.112332582473755, 0.0, -1.0376681089401245, 22.018280029296875, 38.85143280029297, 21.3169002532959, 79.52177429199219, 139.6901092529297, -4.304194450378418, 4.234886169433594, -5.587606906890869, -5.656915664672852)
(2.5664286613464355, -0.08920449018478394, 0.0, 0.0, -1.0, 0.0, 24.05487823486328, 5.4268293380737305, 0.0, -10.265714645385742, -3.6431820392608643, 0.0, 1312, 1242, 1185, 1319, 21.122188568115234, -0.7591638565063477, 0.0, 0.1666000932455063, 23.012033462524414, -27.45647621154785, 21.302080154418945, -54.91361618041992, -61.06801223754883, -7.256009101867676, 4.168602466583252, -12.8577241897583, -15.945131301879883)
(-8.412633895874023, 3.2536444664001465, 0.0, 0.0, -1.0, 0.0, 51.34146499633789, 12.37804889678955, 0.0, 33.650535583496094, -17.014577865600586, 0.0, 1212, 1346, 1165, 1336, -44.33558654785156, -29.318376541137695, 0.0, -10.79803466796875, 25.002117156982422, -14.152743339538574, 21.98305320739746, -27.003984451293945, -19.173675537109375, -23.514102935791016, 3.956301212310791, -56.781883239746094, -76.33968353271484)
(0.22990521788597107, -0.7874821424484253, 0.0, 0.0, -1.0, 0.0, -54.17683029174805, -2.591463327407837, 0.0, -0.9196208715438843, -0.8500714302062988, 0.0, 1100, 1350, 1500, 1151, -11.740692138671875, 4.577219009399414, 0.0, -3.6840105056762695, 22.846786499023438, 42.60576629638672, 21.627695083618164, 88.2613296508789, 152.4947967529297, 1.3931134939193726, 4.01078987121582, 6.461451530456543, 11.865354537963867)
(5.923314571380615, 2.132296323776245, 0.0, 0.0, -1.0, 0.0, -12.896341323852539, 13.62804889678955, 0.0, -23.69325828552246, -12.52918529510498, 0.0, 1158, 1294, 1233, 1345, 56.07811737060547, 29.966808319091797, 0.0, 3.5579099655151367, 23.851974487304688, -8.637533187866211, 21.211992263793945, -16.532455444335938, -3.9579968452453613, -20.9257869720459, 3.819338798522949, -44.765472412109375, -61.87192153930664)
(-4.5234527587890625, 4.882883548736572, 0.0, 0.0, -1.0, 0.0, 55.85365676879883, 3.0487804412841797, 0.0, 18.09381103515625, -23.53153419494629, 0.0, 1290, 1295, 1100, 1343, -18.509319305419922, 61.77509307861328, 0.0, -7.409469127655029, 26.31310272216797, -30.207876205444336, 21.780118942260742, -63.33571243286133, -71.76347351074219, -21.264251708984375, 3.4794600009918213, -46.892051696777344, -64.67684173583984)
(-3.1349353790283203, 2.4947562217712402, 0.0, 0.0, -1.0, 0.0, -27.80487823486328, 6.859755992889404, 0.0, 12.539741516113281, -13.979024887084961, 0.0, 1100, 1375, 1382, 1228, -8.280937194824219, 10.014363288879395, 0.0, -7.597425937652588, 24.8566951751709, 32.27569580078125, 21.767393112182617, 60.78757095336914, 114.83065795898438, -16.671024322509766, 3.3724727630615234, -34.42796325683594, -47.72651672363281)
(7.690737724304199, 0.009033549576997757, 0.0, 0.0, -1.0, 0.0, -66.85975646972656, 37.9878044128418, 0.0, -30.762950897216797, -4.036134243011475, 0.0, 1100, 1419, 1333, 1305, 37.74528503417969, 46.78048324584961, 0.0, 1.914160132408142, 24.408071517944336, 28.877445220947266, 21.22513198852539, 63.3216667175293, 113.42424011230469, -33.61914825439453, 3.289113759994507, -78.95291137695312, -109.28294372558594)
(3.1069376468658447, 2.8786633014678955, 0.0, 0.0, 0.0, 0.0, 36.18902587890625, -6.006097793579102, 0.0, -12.427750587463379, -11.514653205871582, 0.0, 1324, 1185, 1154, 1347, -13.847951889038086, -2.3454926013946533, 0.0, -2.4701387882232666, 24.722095489501953, -38.8934211730957, 21.382802963256836, -75.72985076904297, -93.24047088623047, -4.406844139099121, 3.100034236907959, -12.181852340698242, -13.488662719726562)
(-6.3926544189453125, 3.6263372898101807, 0.0, 0.0, -1.0, 0.0, 46.432926177978516, -18.079267501831055, 0.0, 25.57061767578125, -18.505348205566406, 0.0, 1320, 1269, 1192, 1224, -17.57809066772461, 39.390682220458984, 0.0, -11.91586971282959, 25.869197845458984, -16.68984603881836, 21.858638763427734, -35.804779052734375, -30.635988235473633, -0.3408645689487457, 2.8955600261688232, 2.3197097778320312, 4.874405384063721)
(1.2986537218093872, 0.903702437877655, 0.0, 0.0, -1.0, 0.0, -70.91463470458984, -8.262195587158203, 0.0, -5.194614887237549, -7.614809989929199, 0.0, 1100, 1406, 1474, 1100, -36.78041458129883, -28.191137313842773, 0.0, -3.8405652046203613, 24.905479431152344, 52.576011657714844, 21.417762756347656, 108.25421142578125, 182.24798583984375, 0.5179084539413452, 2.8501205444335938, 8.079007148742676, 11.447035789489746)
(8.547558784484863, 0.32140588760375977, 0.0, 0.0, -1.0, 0.0, -27.560976028442383, 25.884145736694336, 0.0, -34.19023513793945, -5.285623550415039, 0.0, 1126, 1316, 1228, 1344, 10.954862594604492, -11.357721328735352, 0.0, 2.602879524230957, 25.622404098510742, -5.303407192230225, 21.043006896972656, -7.21157693862915, 8.528023719787598, -24.935815811157227, 2.698073148727417, -54.28098678588867, -76.51873016357422)
(-4.1350908279418945, 2.7633261680603027, 0.0, 0.0, -1.0, 0.0, 60.51829147338867, -30.0, 0.0, 16.540363311767578, -15.053304672241211, 0.0, 1414, 1173, 1166, 1225, -41.387393951416016, -31.057111740112305, 0.0, -9.966630935668945, 27.83841323852539, -35.182342529296875, 21.5939884185791, -71.43434143066406, -85.02269744873047, 11.957356452941895, 2.4464073181152344, 31.14617347717285, 45.5499382019043)
(-5.782967567443848, 3.447190046310425, 0.0, 0.0, -1.0, 0.0, 10.365853309631348, 2.9573171138763428, 0.0, 23.13187026977539, -17.788761138916016, 0.0, 1130, 1353, 1254, 1233, -25.351282119750977, 12.660268783569336, 0.0, -10.096053123474121, 27.383533477783203, 10.212813377380371, 21.672481536865234, 19.170520782470703, 51.055816650390625, -16.59686279296875, 2.2828786373138428, -35.95878219604492, -50.27276611328125)
(3.483691692352295, 3.258152484893799, 0.0, 0.0, -1.0, 0.0, -42.07316970825195, 9.72560977935791, 0.0, -13.93476676940918, -17.032609939575195, 0.0, 1100, 1186, 1158, 1100, 11.33909797668457, 0.7463541030883789, 0.0, -1.0178520679473877, 25.47149658203125, 22.510723114013672, 21.256681442260742, 48.381736755371094, 92.14913940429688, -21.40657615661621, 2.146623134613037, -45.709266662597656, -64.96922302246094)
(1.0633766651153564, 0.7920657396316528, 0.0, 0.0, -1.0, 0.0, 10.82317066192627, 2.77439022064209, 0.0, -4.253506660461426, -7.168262958526611, 0.0, 1000, 1000, 1000, 1000, 19.725780487060547, -4.315616607666016, 0.0, -2.9599268436431885, 24.990398406982422, -12.061342239379883, 21.351299285888672, -24.60161590576172, -15.311659812927246, -7.954123020172119, 1.9946730136871338, -15.258505821228027, -21.217954635620117)
(0.7424122095108032, 1.4181171655654907, 0.0, 0.0, 0.0, 0.0, 4.359755992889404, -6.737804889678955, 0.0, -2.969648838043213, -5.672468662261963, 0.0, 1000, 1000, 1000, 1000, 5.844819068908691, -1.8697783946990967, 0.0, -4.869988441467285, 26.17484474182129, -5.863523960113525, 21.401790618896484, -12.493270874023438, 3.044996500015259, 0.8522689938545227, 1.8408957719802856, 2.257110834121704, 4.950275421142578)
(1.2502250671386719, 0.17310604453086853, 0.0, 0.0, -1.0, 0.0, -3.932926893234253, 2.4390244483947754, 0.0, -5.0009002685546875, -4.692424297332764, 0.0, 1000, 1000, 1000, 1000, -0.25997161865234375, -7.337944030761719, 0.0, -5.023950576782227, 25.503202438354492, -0.8543787002563477, 21.34046173095703, -1.82526695728302, 18.660816192626953, -5.7051591873168945, 1.7999520301818848, -11.552495002746582, -15.457701683044434)
(1.7950246334075928, -0.8469263911247253, 0.0, 0.0, -1.0, 0.0, 5.640244007110596, -1.737804889678955, 0.0, -7.180098533630371, -0.6122944355010986, 0.0, 1000, 1000, 1000, 1000, 1.8517042398452759, -2.5375354290008545, 0.0, -4.037519931793213, 24.982624053955078, -10.256274223327637, 21.236406326293945, -20.802473068237305, -9.822340965270996, 0.9004083871841431, 1.7887383699417114, 1.6505950689315796, 4.3397417068481445)
(0.7463639974594116, -2.6698203086853027, 0.0, 0.0, -1.0, 0.0, -6.402439117431641, -1.1280487775802612, 0.0, -2.9854559898376465, 6.679281234741211, 0.0, 1000, 1000, 1000, 1000, -2.010746955871582, -5.221816539764404, 0.0, -4.898037910461426, 24.647254943847656, 2.733586549758911, 21.1971378326416, 5.674708843231201, 29.60543441772461, 6.245863914489746, 1.8573565483093262, 12.605648040771484, 20.7088680267334)
(-0.635891318321228, -3.844587564468384, 0.0, 0.0, -1.0, 0.0, 0.5487805008888245, -2.22560977935791, 0.0, 2.543565273284912, 11.378350257873535, 0.0, 1000, 1000, 1000, 1000, -2.53065824508667, -3.674100399017334, 0.0, -5.398951053619385, 24.25075912475586, 1.5958278179168701, 21.231441497802734, 3.1717333793640137, 25.99900245666504, 10.88316822052002, 1.9890247583389282, 22.183916091918945, 35.05611038208008)
(-0.049013637006282806, -4.455308437347412, 0.0, 0.0, -1.0, 0.0, -3.1097559928894043, -2.77439022064209, 0.0, 0.19605454802513123, 13.821233749389648, 0.0, 1000, 1000, 1000, 1000, 1.151597261428833, -5.542965888977051, 0.0, -5.678981781005859, 24.16188621520996, 2.644648313522339, 21.264785766601562, 5.364294052124023, 29.273727416992188, 13.276498794555664, 2.145033121109009, 27.167905807495117, 42.589439392089844)
(0.1123121976852417, -5.887365341186523, 0.0, 0.0, -1.0, 0.0, 4.908536434173584, 0.9756097793579102, 0.0, -0.4492487907409668, 19.549461364746094, 0.0, 1000, 1000, 1000, 1000, -2.5287599563598633, -10.201993942260742, 0.0, -5.800628185272217, 23.439023971557617, -4.286228179931641, 21.27422332763672, -9.098523139953613, 7.889471054077148, 14.859082221984863, 2.3866195678710938, 30.36116600036621, 47.606868743896484)
(1.0560965538024902, -7.359263896942139, 0.0, 0.0, -1.0, 0.0, 2.0426828861236572, -0.0, 0.0, -4.224386215209961, 25.437055587768555, 0.0, 1000, 1000, 1000, 1000, 0.8927880525588989, -8.135869979858398, 0.0, -4.672884941101074, 23.18109703063965, -5.013655185699463, 21.18426513671875, -10.198652267456055, 5.971958160400391, 20.34964370727539, 2.6700072288513184, 41.345054626464844, 64.36470794677734)
(0.6755129098892212, -8.082494735717773, 0.0, 0.0, 0.0, 0.0, -0.7317073345184326, -4.329268455505371, 0.0, -2.7020516395568848, 32.329978942871094, 0.0, 1000, 1000, 1000, 1000, -1.075942039489746, -8.525047302246094, 0.0, -4.440415859222412, 22.74832534790039, -1.5762754678726196, 21.12453269958496, -3.1663618087768555, 16.381895065307617, 29.3273983001709, 3.020630121231079, 59.48959732055664, 91.8376235961914)
(0.10072971135377884, -10.892763137817383, 0.0, 0.0, -1.0, 0.0, -3.567073106765747, -9.207317352294922, 0.0, -0.40291884541511536, 39.57105255126953, 0.0, 1000, 1000, 1000, 1000, 1.7013709545135498, -13.089770317077637, 0.0, -4.901391983032227, 21.624696731567383, 2.5313234329223633, 21.131872177124023, 5.247135162353516, 28.91033172607422, 39.02269744873047, 3.463099479675293, 79.66305541992188, 122.14885711669922)
(-1.5049046277999878, -13.38055419921875, 0.0, 0.0, -1.0, 0.0, -33.59756088256836, 8.62804889678955, 0.0, 6.019618511199951, 49.522216796875, 0.0, 1000, 1000, 1000, 1000, -3.7414917945861816, -11.274255752563477, 0.0, -7.53218412399292, 20.108081817626953, 31.693744659423828, 21.257226943969727, 64.55805969238281, 117.509033203125, 32.715335845947266, 4.110185146331787, 66.8674087524414, 103.69292449951172)
(-6.488256931304932, -14.462723731994629, 0.0, 0.0, -1.0, 0.0, -0.18292683362960815, 1.2195122241973877, 0.0, 25.953027725219727, 53.850894927978516, 0.0, 1000, 1000, 1000, 1000, -9.699774742126465, -22.388782501220703, 0.0, -9.53294849395752, 20.23323631286621, 20.908763885498047, 21.56110954284668, 42.06121063232422, 84.53108215332031, 42.105106353759766, 4.726640224456787, 84.1798095703125, 131.0115509033203)
(-8.895071983337402, -14.533256530761719, 0.0, 0.0, -1.0, 0.0, -2.3475608825683594, 19.14634132385254, 0.0, 35.58028793334961, 54.133026123046875, 0.0, 1000, 1000, 1000, 1000, -12.369632720947266, -13.900284767150879, 0.0, -9.788741111755371, 22.261737823486328, 30.3422794342041, 21.93888282775879, 61.78569030761719, 114.06684875488281, 27.989349365234375, 5.280610084533691, 56.787601470947266, 90.05756378173828)
(-9.006555557250977, -11.362278938293457, 0.0, 0.0, -1.0, 0.0, 0.3048780560493469, 12.92682933807373, 0.0, 36.026222229003906, 41.44911575317383, 0.0, 1000, 1000, 1000, 1000, -12.770794868469238, -15.999857902526855, 0.0, -10.017096519470215, 23.416318893432617, 28.577075958251953, 22.381546020507812, 58.37452697753906, 109.33314514160156, 22.817829132080078, 5.770317554473877, 45.89986801147461, 74.4880142211914)
(-9.346898078918457, -8.544297218322754, 0.0, 0.0, -1.0, 0.0, -1.4634146690368652, 1.0365853309631348, 0.0, 37.38759231567383, 30.177188873291016, 0.0, 1000, 1000, 1000, 1000, -10.959821701049805, -8.48885726928711, 0.0, -10.081732749938965, 25.111892700195312, 31.0808048248291, 22.823471069335938, 64.0537338256836, 117.9580078125, 23.312482833862305, 6.103573799133301, 47.183834075927734, 76.59989166259766)
(-9.460607528686523, -7.063839435577393, 0.0, 0.0, -1.0, 0.0, -2.0426828861236572, -0.060975611209869385, 0.0, 37.842430114746094, 24.25535774230957, 0.0, 1000, 1000, 1000, 1000, -9.412332534790039, -4.601364612579346, 0.0, -9.917859077453613, 25.545270919799805, 31.908090591430664, 23.262537002563477, 65.30536651611328, 120.47599029541016, 19.453067779541016, 6.395502090454102, 39.559391021728516, 65.407958984375)
(-9.503100395202637, -6.346169471740723, 0.0, 0.0, -1.0, 0.0, -0.9756097793579102, 0.27439025044441223, 0.0, 38.01240158081055, 21.38467788696289, 0.0, 1000, 1000, 1000, 1000, -10.225639343261719, -7.173169136047363, 0.0, -9.965874671936035, 25.678197860717773, 31.19040870666504, 23.708629608154297, 63.53850555419922, 118.43754577636719, 16.888229370117188, 6.662599563598633, 34.27430725097656, 57.825138092041016)
(-9.483529090881348, -5.987238883972168, 0.0, 0.0, -1.0, 0.0, -0.3353658616542816, 0.3658536672592163, 0.0, 37.93411636352539, 19.948955535888672, 0.0, 1000, 1000, 1000, 1000, -8.940885543823242, -5.0, 0.0, -10.004287719726562, 25.84085464477539, 30.615585327148438, 24.167251586914062, 62.319820404052734, 117.1026611328125, 15.666481018066406, 6.90229606628418, 31.896526336669922, 54.465301513671875)
(-9.525873184204102, -5.814449310302734, 0.0, 0.0, -1.0, 0.0, -0.21341463923454285, 0.792682945728302, 0.0, 38.103492736816406, 19.257797241210938, 0.0, 1000, 1000, 1000, 1000, -9.281014442443848, -5.96469783782959, 0.0, -10.059775352478027, 25.979578018188477, 30.65352439880371, 24.61709976196289, 62.3656120300293, 117.63623809814453, 14.77209186553955, 7.125147819519043, 30.031885147094727, 51.92912673950195)
(-9.5164213180542, -5.692922115325928, 0.0, 0.0, -1.0, 0.0, -0.24390244483947754, 0.4878048896789551, 0.0, 38.0656852722168, 18.77168846130371, 0.0, 1000, 1000, 1000, 1000, -9.355999946594238, -5.8643693923950195, 0.0, -10.10825252532959, 26.126375198364258, 30.64767074584961, 25.06719207763672, 62.30401611328125, 118.01888275146484, 14.627107620239258, 7.349335670471191, 29.76015281677246, 51.736595153808594)
(-9.504348754882812, -5.661118984222412, 0.0, 0.0, -1.0, 0.0, -0.15243902802467346, 0.5792682766914368, 0.0, 38.01739501953125, 18.64447593688965, 0.0, 1000, 1000, 1000, 1000, -9.355385780334473, -6.062899112701416, 0.0, -10.155660629272461, 26.272253036499023, 30.53586769104004, 25.516845703125, 62.11033630371094, 118.16304779052734, 14.452166557312012, 7.561444282531738, 29.406028747558594, 51.419639587402344)
(-9.480356216430664, -5.590993881225586, 0.0, 0.0, -1.0, 0.0, -0.24390244483947754, 0.5792682766914368, 0.0, 37.921424865722656, 18.363975524902344, 0.0, 1000, 1000, 1000, 1000, -9.638399124145508, -5.795062065124512, 0.0, -10.207342147827148, 26.4147891998291, 30.532262802124023, 25.96173667907715, 62.100914001464844, 118.59491729736328, 14.227766036987305, 7.771684646606445, 28.93031883239746, 50.92976760864258)
(-9.483442306518555, -5.58799934387207, 0.0, 0.0, -1.0, 0.0, -0.18292683362960815, 0.6707317233085632, 0.0, 37.93376922607422, 18.35199737548828, 0.0, 1000, 1000, 1000, 1000, -9.67143726348877, -5.795184135437012, 0.0, -10.258870124816895, 26.564163208007812, 30.493356704711914, 26.409818649291992, 62.00940704345703, 118.91258239746094, 14.145011901855469, 7.98727560043335, 28.74842071533203, 50.880706787109375)
(-9.502389907836914, -5.533883094787598, 0.0, 0.0, -1.0, 0.0, -0.15243902802467346, 0.7317073345184326, 0.0, 38.009559631347656, 18.13553237915039, 0.0, 1000, 1000, 1000, 1000, -9.251893043518066, -5.835474967956543, 0.0, -10.30932903289795, 26.70897674560547, 30.529598236083984, 26.85858154296875, 62.053829193115234, 119.44200897216797, 13.923060417175293, 8.19417667388916, 28.291162490844727, 50.40840148925781)
(-9.502607345581055, -5.5510053634643555, 0.0, 0.0, -1.0, 0.0, -0.27439025044441223, 0.6097561120986938, 0.0, 38.01042938232422, 18.204021453857422, 0.0, 1000, 1000, 1000, 1000, -9.553264617919922, -6.2869062423706055, 0.0, -10.357807159423828, 26.854854583740234, 30.627857208251953, 27.302963256835938, 62.31394958496094, 120.24476623535156, 14.075411796569824, 8.411927223205566, 28.640249252319336, 51.12759017944336)
(-9.477170944213867, -5.5817952156066895, 0.0, 0.0, -1.0, 0.0, -0.18292683362960815, 0.6707317233085632, 0.0, 37.90868377685547, 18.327180862426758, 0.0, 1000, 1000, 1000, 1000, -8.973260879516602, -5.717945098876953, 0.0, -10.40918254852295, 27.00103187561035, 30.47328758239746, 27.751569747924805, 61.963043212890625, 120.18790435791016, 14.125158309936523, 8.618861198425293, 28.729604721069336, 51.47362518310547)
(-9.48607349395752, -5.589074611663818, 0.0, 0.0, -1.0, 0.0, -0.15243902802467346, 0.6097561120986938, 0.0, 37.94429397583008, 18.356298446655273, 0.0, 1000, 1000, 1000, 1000, -9.514772415161133, -5.7615065574646, 0.0, -10.461167335510254, 27.144472122192383, 30.477386474609375, 28.195594787597656, 61.96730041503906, 120.6402816772461, 14.197233200073242, 8.827342987060547, 28.87957000732422, 51.90414810180664)
(-9.496437072753906, -5.592883110046387, 0.0, 0.0, -1.0, 0.0, -0.3048780560493469, 0.6402438879013062, 0.0, 37.985748291015625, 18.371532440185547, 0.0, 1000, 1000, 1000, 1000, -9.631937026977539, -5.747790813446045, 0.0, -10.512693405151367, 27.29171371459961, 30.63250160217285, 28.644010543823242, 62.33433151245117, 121.61083984375, 14.185030937194824, 9.047856330871582, 28.844192504882812, 52.07707977294922)