
(-2.4420933723449707, -5.105241298675537, 0.0, -1.0, 0.0, 0.0, -0.3815343379974365, 1.2059770822525024, 0.0, 14.420933723449707, 51.05241394042969, 0.0, 1000, 1000, 1000, 1000, -2.6324362754821777, -5.303437232971191, 0.0, -0.10370636731386185, 0.28454962372779846, 2.220370292663574, -0.0838332325220108, -0.04538251459598541, 2.0911545753479004, 7.476965427398682, 0.6003835201263428, -0.08408661186695099, 7.99326229095459)
(-2.511995792388916, -4.945688247680664, 0.0, -1.0, 0.0, 0.0, -0.39680153131484985, 1.2517786026000977, 0.0, 15.11995792388916, 49.45688247680664, 0.0, 1000, 1000, 1000, 1000, -2.619626045227051, -5.153310298919678, 0.0, -0.20863333344459534, 0.5676482319831848, 2.3275139331817627, 0.09913663566112518, 0.009165081195533276, 2.4358158111572266, 7.2307658195495605, 1.1886842250823975, -0.10216283798217773, 8.31728744506836)
(-2.5284650325775146, -4.860048770904541, 0.0, -1.0, 0.0, 0.0, -0.47313740849494934, 1.4655190706253052, 0.0, 15.284650802612305, 48.600486755371094, 0.0, 1000, 1000, 1000, 1000, -2.4708261489868164, -5.167106628417969, 0.0, -0.3127213418483734, 0.8486102223396301, 2.363668203353882, 0.2827455997467041, 0.01671011745929718, 2.6631240844726562, 7.070245265960693, 1.7409031391143799, 0.4558548331260681, 9.267003059387207)
(-2.5489282608032227, -4.82091760635376, 0.0, -1.0, 0.0, 0.0, -0.3662671744823456, 1.1296411752700806, 0.0, 15.489282608032227, 48.20917510986328, 0.0, 1000, 1000, 1000, 1000, -2.2530016899108887, -4.8643903732299805, 0.0, -0.41161856055259705, 1.1325490474700928, 2.3783323764801025, 0.4981343150138855, -0.5957832932472229, 2.2806835174560547, 7.061929702758789, 2.2954344749450684, 0.0005066757439635694, 9.357871055603027)
(-2.5571866035461426, -4.802127361297607, 0.0, -1.0, 0.0, 0.0, -0.595274806022644, 0.9159007668495178, 0.0, 15.571866035461426, 48.02127456665039, 0.0, 1000, 1000, 1000, 1000, -2.2882494926452637, -5.3027753829956055, 0.0, -0.5070806741714478, 1.4165645837783813, 2.4250712394714355, 0.6850304007530212, 0.07629033178091049, 3.186391830444336, 7.065805912017822, 2.8463268280029297, 0.0952969565987587, 10.007430076599121)
(-2.5668835639953613, -4.805022239685059, 0.0, -1.0, 0.0, 0.0, -0.5342060923576355, 1.1907099485397339, 0.0, 15.668835639953613, 48.05022430419922, 0.0, 1000, 1000, 1000, 1000, -2.357573986053467, -5.152750492095947, 0.0, -0.6019319891929626, 1.7027937173843384, 2.4304561614990234, 0.8737150430679321, 0.028060011565685272, 3.332231283187866, 7.028927326202393, 3.3975024223327637, 0.022632712498307228, 10.44906234741211)
(-2.583000898361206, -4.811304092407227, 0.0, 0.0, 0.0, 0.0, 0.0764809176325798, 1.5113205909729004, 0.0, 25.83000946044922, 48.113040924072266, 0.0, 1000, 1000, 1000, 1000, -2.45180606842041, -4.9095458984375, 0.0, -0.7068595886230469, 1.9766565561294556, 3.8630292415618896, 1.081531286239624, 1.0375730991363525, 5.982133865356445, 6.990257740020752, 3.9472498893737793, -0.029514160007238388, 10.90799331665039)
(-2.55137300491333, -4.795583248138428, 0.0, -1.0, 0.0, 0.0, -0.457870215177536, 0.961702287197113, 0.0, 15.5137300491333, 47.955833435058594, 0.0, 1000, 1000, 1000, 1000, -2.280005931854248, -5.65669059753418, 0.0, -0.8028560876846313, 2.2492222785949707, 2.395740032196045, 1.2831676006317139, -0.027481768280267715, 3.651426076889038, 7.04911994934082, 4.486844062805176, 0.7457823157310486, 12.281745910644531)
(-2.5795257091522217, -4.790736675262451, 0.0, -1.0, 0.0, 0.0, -0.18306106328964233, 1.3739160299301147, 0.0, 15.795257568359375, 47.90736770629883, 0.0, 1000, 1000, 1000, 1000, -2.139166831970215, -5.912296772003174, 0.0, -0.9062572121620178, 2.5238468647003174, 2.3967478275299072, 1.4727346897125244, -0.0647302195429802, 3.8047523498535156, 6.98001766204834, 5.035714149475098, -0.06137124449014664, 11.954360961914062)
(-2.6088714599609375, -4.841695785522461, 0.0, -1.0, 0.0, 0.0, 0.0764809176325798, 1.6639924049377441, 0.0, 16.088714599609375, 48.41695785522461, 0.0, 1000, 1000, 1000, 1000, -2.3997440338134766, -5.197718620300293, 0.0, -1.035688877105713, 2.776946544647217, 2.4018349647521973, 1.6651341915130615, -0.10440633445978165, 3.9625630378723145, 7.01294469833374, 5.587773323059082, -0.10714933276176453, 12.493568420410156)
(-2.6397016048431396, -4.85526704788208, 0.0, -1.0, 0.0, 0.0, -0.045656487345695496, 1.725061058998108, 0.0, 16.397016525268555, 48.552669525146484, 0.0, 1000, 1000, 1000, 1000, -2.003169059753418, -4.969582557678223, 0.0, -1.1606168746948242, 3.0343217849731445, 2.4664008617401123, 1.8931026458740234, -0.08297503739595413, 4.276528358459473, 7.024141311645508, 6.135456085205078, 1.0191333293914795, 14.178730964660645)
(-2.6206820011138916, -4.8054375648498535, 0.0, -1.0, 0.0, 0.0, -0.07619083672761917, 1.6792595386505127, 0.0, 16.206819534301758, 48.05437469482422, 0.0, 1000, 1000, 1000, 1000, -2.74906063079834, -5.854189872741699, 0.0, -1.2383688688278198, 3.3400158882141113, 2.4424514770507812, 2.0872879028320312, -0.060082998126745224, 4.469656467437744, 6.956267356872559, 6.687396049499512, -0.11926643550395966, 13.524396896362305)
(-2.592236042022705, -4.808174133300781, 0.0, -1.0, 0.0, 0.0, -0.3815343379974365, 1.7708625793457031, 0.0, 15.92236042022705, 48.08174133300781, 0.0, 1000, 1000, 1000, 1000, -1.97831392288208, -5.561380863189697, 0.0, -1.3209307193756104, 3.626779317855835, 2.4455840587615967, 2.280329942703247, -0.09667385369539261, 4.629240036010742, 6.946631908416748, 7.234652519226074, -0.19154499471187592, 13.989739418029785)
(-2.6562609672546387, -4.731350898742676, 0.0, -1.0, 0.0, 0.0, -0.747946560382843, -0.305473268032074, 0.0, 16.562610626220703, 47.313507080078125, 0.0, 1000, 1000, 1000, 1000, -3.592599868774414, -5.34898567199707, 0.0, -1.420133352279663, 3.944077730178833, 2.596583366394043, 2.5030245780944824, -0.030302321538329124, 5.069305419921875, 7.142847061157227, 7.778109550476074, 0.459745317697525, 15.380702018737793)
(-2.410381317138672, -4.541482925415039, 0.0, -1.0, 0.0, 0.0, -2.213595390319824, 4.030404567718506, 0.0, 14.103813171386719, 45.41482925415039, 0.0, 1000, 1000, 1000, 1000, -1.1047413349151611, -5.76857852935791, 0.0, -1.338725209236145, 4.379086017608643, 2.4476113319396973, 2.6849236488342285, 0.7844118475914001, 5.916946887969971, 6.2076640129089355, 8.306436538696289, -0.806771457195282, 13.707329750061035)
(-2.5892081260681152, -4.713646411895752, 0.0, -1.0, 0.0, 0.0, -2.7479465007781982, -2.9161603450775146, 0.0, 15.892081260681152, 47.1364631652832, 0.0, 1000, 1000, 1000, 1000, -2.5455856323242188, -5.509538173675537, 0.0, -1.6836529970169067, 4.419130802154541, 2.796004295349121, 2.8784728050231934, 0.2914050221443176, 5.965882301330566, 7.5078935623168945, 8.836368560791016, 2.0031142234802246, 18.347375869750977)
(-3.128681182861328, -5.7843451499938965, 0.0, -1.0, 0.0, 0.0, -1.2822977304458618, -0.6566182971000671, 0.0, 21.28681182861328, 57.84345245361328, 0.0, 1000, 1000, 1000, 1000, -0.9018640518188477, -6.9734039306640625, 0.0, -2.4720921516418457, 3.6687958240509033, 3.385366439819336, 3.1766762733459473, -2.9734745025634766, 3.5885682106018066, 8.77501106262207, 9.49785041809082, -0.067979596555233, 18.20488166809082)
(-4.0253753662109375, -9.597906112670898, 0.0, -1.0, 0.0, 0.0, -1.4502366781234741, -35.90852737426758, 0.0, 30.253753662109375, 95.97906494140625, 0.0, 1000, 1000, 1000, 1000, -7.622452735900879, -9.894855499267578, 0.0, -3.33343243598938, -0.4271121919155121, 4.755598545074463, 3.499640941619873, 1.2904748916625977, 9.545714378356934, 19.783138275146484, 10.545950889587402, 3.0976619720458984, 33.42675018310547)
(-5.5309739112854, -13.502731323242188, 0.0, -1.0, 0.0, 0.0, 3.9390764236450195, 39.98460388183594, 0.0, 45.30973815917969, 135.02731323242188, 0.0, 1000, 1000, 1000, 1000, -4.513986110687256, -6.153594970703125, 0.0, -3.3262994289398193, -4.8017988204956055, 6.205599308013916, 3.9570884704589844, -2.0655646324157715, 8.097123146057129, 14.256406784057617, 12.308343887329102, -8.17403793334961, 18.39071273803711)
(-4.724679470062256, -13.30402660369873, 0.0, -1.0, 0.0, 0.0, -4.595274925231934, -43.725318908691406, 0.0, 37.246795654296875, 133.04026794433594, 0.0, 1000, 1000, 1000, 1000, -7.127813339233398, -17.488323211669922, 0.0, -3.6534407138824463, -3.4501500129699707, 6.276310920715332, 4.478400230407715, 0.5584931969642639, 11.313204765319824, 26.51483917236328, 13.612504959106445, 5.059124946594238, 45.18647003173828)
(-4.319227695465088, -17.72420883178711, 0.0, -1.0, 0.0, 0.0, -0.747946560382843, -32.656620025634766, 0.0, 33.19227600097656, 177.24209594726562, 0.0, 1000, 1000, 1000, 1000, -3.7057456970214844, -21.968181610107422, 0.0, -4.083481788635254, -7.162853240966797, 5.091033458709717, 4.9557785987854, -0.24814532697200775, 9.798666954040527, 31.484806060791016, 15.73045539855957, 7.203065395355225, 54.41832733154297)
(-4.500893592834473, -19.47310447692871, 0.0, -1.0, 0.0, 0.0, 0.13754962384700775, 46.15254211425781, 0.0, 35.008934020996094, 194.73104858398438, 0.0, 1000, 1000, 1000, 1000, -3.717017650604248, -20.38457489013672, 0.0, -3.418790817260742, -6.517007827758789, 5.23070764541626, 5.32059907913208, 0.2244190275669098, 10.775725364685059, 22.286775588989258, 18.134265899658203, -5.870448112487793, 34.550594329833984)
(-4.7486982345581055, -24.374181747436523, 0.0, -1.0, 0.0, 0.0, 10.336023330688477, -51.90852737426758, 0.0, 37.48698425292969, 243.7418212890625, 0.0, 1000, 1000, 1000, 1000, -8.218209266662598, -31.15738296508789, 0.0, -3.2271535396575928, -11.949249267578125, 4.072644233703613, 5.696916103363037, -1.4740885496139526, 8.295472145080566, 44.34755325317383, 20.656177520751953, 7.005598068237305, 72.00933074951172)
(2.1433897018432617, -26.617782592773438, 0.0, -1.0, -1.0, 0.0, 19.26732063293457, 60.48841857910156, 0.0, -31.433897018432617, 256.1778259277344, 0.0, 1000, 1000, 1000, 1000, 3.2106266021728516, -27.663700103759766, 0.0, 4.579826831817627, -11.170807838439941, -7.605182647705078, 5.449835777282715, 0.621924638748169, -1.5334219932556152, 29.353410720825195, 23.97512435913086, -8.741586685180664, 44.58694839477539)
(-0.8193293809890747, -14.099387168884277, 0.0, -1.0, 0.0, 0.0, -19.267030715942383, 62.44261932373047, 0.0, -1.806706190109253, 140.99386596679688, 0.0, 1000, 1000, 1000, 1000, 2.758549213409424, -12.48986530303955, 0.0, -0.17464393377304077, 0.6520631313323975, 2.619048833847046, 5.4123430252075195, -0.638897716999054, 7.392493724822998, 11.782687187194824, 25.750537872314453, -7.906743049621582, 29.626480102539062)
(-0.00705792335793376, 0.3305439352989197, 0.0, -1.0, 0.0, 0.0, 18.916175842285156, 17.63345718383789, 0.0, -9.929420471191406, -3.3054394721984863, 0.0, 1000, 1000, 1000, 1000, -0.2695305347442627, 2.613924980163574, 0.0, -0.23751075565814972, 12.206077575683594, -4.326839447021484, 5.402862548828125, -3.2653794288635254, -2.1893563270568848, -3.140834331512451, 25.84762954711914, 1.904345989227295, 24.611141204833984)
(3.0484848022460938, 2.6359314918518066, 0.0, -1.0, 0.0, 0.0, 4.50396203994751, 16.412084579467773, 0.0, -30.484848022460938, -26.35931396484375, 0.0, 1000, 1000, 1000, 1000, 1.5099741220474243, 2.7851929664611816, 0.0, 3.701988935470581, 13.982765197753906, -5.248321533203125, 4.906999588012695, 1.2083173990249634, 0.8669952750205994, -6.415709972381592, 25.560527801513672, -1.179884910583496, 17.96493148803711)
(2.629424571990967, 5.29307222366333, 0.0, -1.0, 0.0, 0.0, 16.29022216796875, 10.870099067687988, 0.0, -36.294246673583984, -52.930721282958984, 0.0, 1000, 1000, 1000, 1000, -0.6252717971801758, 7.0689697265625, 0.0, 4.345992565155029, 16.267467498779297, -7.887670516967773, 4.455477714538574, -1.7266765832901, -5.15886926651001, -9.570122718811035, 24.98672866821289, -1.3527559041976929, 14.063850402832031)
(3.762948751449585, 4.127671241760254, 0.0, -1.0, -1.0, 0.0, -4.106725215911865, -24.916160583496094, 0.0, -47.629486083984375, -51.276710510253906, 0.0, 1000, 1000, 1000, 1000, 3.056234836578369, 1.8461947441101074, 0.0, 6.538468360900879, 14.660722732543945, -6.528414249420166, 3.8023457527160645, 1.3620269298553467, -1.3640416860580444, -3.954082489013672, 24.394100189208984, 0.7303598523139954, 21.170377731323242)
(5.4901957511901855, 2.4429244995117188, 0.0, -1.0, 0.0, 0.0, -0.747946560382843, 3.6487252712249756, 0.0, -64.9019546508789, -24.429244995117188, 0.0, 1000, 1000, 1000, 1000, 5.677988529205322, 0.0454564094543457, 0.0, 7.916515827178955, 14.36306095123291, -9.623101234436035, 3.0990817546844482, 1.134242057800293, -5.389777183532715, -4.211695671081543, 24.07874870300293, -0.3597918748855591, 19.507261276245117)
(2.935823917388916, 3.654431104660034, 0.0, -1.0, 0.0, 0.0, -18.74794578552246, 3.236511468887329, 0.0, -39.358238220214844, -36.5443115234375, 0.0, 1000, 1000, 1000, 1000, 2.3281121253967285, 4.464395523071289, 0.0, 5.031817436218262, 15.910052299499512, -3.0915439128875732, 2.6118905544281006, 2.257087469100952, 1.7774343490600586, -5.967123508453369, 23.662996292114258, -0.10414641350507736, 17.591726303100586)
(-0.7122594118118286, 3.2640764713287354, 0.0, -1.0, 0.0, 0.0, -5.923519134521484, 0.12200763076543808, 0.0, -2.877405881881714, -32.64076614379883, 0.0, 1000, 1000, 1000, 1000, 0.15425586700439453, 2.5395569801330566, 0.0, 1.1669659614562988, 15.60948657989502, 0.4569169878959656, 2.6109981536865234, -0.49450358748435974, 2.573411464691162, -4.914416313171387, 23.26212501525879, 0.12880942225456238, 18.476518630981445)
(1.1050865650177002, 2.0127108097076416, 0.0, -1.0, 0.0, 0.0, 12.213885307312012, -2.9924962520599365, 0.0, -21.050865173339844, -20.127107620239258, 0.0, 1000, 1000, 1000, 1000, 1.3155580759048462, 1.0187888145446777, 0.0, 2.637305498123169, 14.944417953491211, -4.989712715148926, 2.43666410446167, -1.3631445169448853, -3.9161932468414307, -2.5701916217803955, 22.96799659729004, 0.13816556334495544, 20.53597068786621)
(0.7622560858726501, 1.3043558597564697, 0.0, -1.0, -1.0, 0.0, -7.725045680999756, -4.442877769470215, 0.0, -17.622560501098633, -23.04355812072754, 0.0, 1000, 1000, 1000, 1000, 0.7559590339660645, 1.0620779991149902, 0.0, 2.4707751274108887, 14.448813438415527, -1.4846271276474, 2.1914784908294678, 0.9002355337142944, 1.6070868968963623, -2.790102243423462, 22.79315185546875, -2.5214900970458984, 17.48155975341797)
(-0.5583981871604919, 0.060744620859622955, 0.0, -1.0, 0.0, 0.0, 1.8016717433929443, -1.8169236183166504, 0.0, -4.416018009185791, -0.6074461936950684, 0.0, 1000, 1000, 1000, 1000, -0.32011842727661133, -0.9412517547607422, 0.0, 1.3309621810913086, 13.665270805358887, -0.9326534271240234, 2.1522603034973145, -0.553085207939148, 0.6665217876434326, 0.18142160773277283, 22.75138282775879, 0.27863240242004395, 23.211437225341797)
(-0.48535245656967163, 0.09064195305109024, 0.0, -1.0, 0.0, 0.0, -4.44260311126709, 2.4731526374816895, 0.0, -5.146475315093994, -0.9064195156097412, 0.0, 1000, 1000, 1000, 1000, 0.28305768966674805, -0.029304027557373047, 0.0, 1.1322940587997437, 14.128522872924805, -0.10558082908391953, 2.0916876792907715, 0.525259792804718, 2.511366605758667, -0.5069358348846436, 22.741703033447266, -0.03191383183002472, 22.20285415649414)
(-0.9301102757453918, -0.1323920637369156, 0.0, -1.0, 0.0, 0.0, 2.8703739643096924, -2.549748182296753, 0.0, -0.6988972425460815, 1.3239206075668335, 0.0, 1000, 1000, 1000, 1000, -1.2195751667022705, -0.685178279876709, 0.0, 0.6831678152084351, 14.062231063842773, -0.5353906750679016, 2.128016710281372, -2.8607473373413086, -1.268121361732483, 0.5810502767562866, 22.741886138916016, 0.7074897289276123, 24.030426025390625)
(-0.9318807721138, -0.6837478876113892, 0.0, -1.0, 0.0, 0.0, -2.473137378692627, 3.022770881652832, 0.0, -0.6811922788619995, 6.8374786376953125, 0.0, 1000, 1000, 1000, 1000, -1.0178744792938232, -0.4936070442199707, 0.0, 0.5902248620986938, 14.006016731262207, 0.2687917649745941, 2.106884241104126, 0.1764744520187378, 2.5521504878997803, 0.5722061395645142, 22.804523468017578, -0.24890834093093872, 23.12782096862793)
(-0.7525870203971863, -0.7449285387992859, 0.0, -1.0, 0.0, 0.0, 4.671900749206543, -3.3436412811279297, 0.0, -2.4741296768188477, 7.449285507202148, 0.0, 1000, 1000, 1000, 1000, -0.9432201385498047, -1.3238825798034668, 0.0, 0.7441520094871521, 14.033239364624023, -1.0719045400619507, 2.0956742763519287, -0.716239333152771, 0.3075304329395294, 1.6189390420913696, 22.8718318939209, 0.7013925313949585, 25.192163467407227)
(-0.2308008372783661, -1.514133095741272, 0.0, -1.0, 0.0, 0.0, -4.534205913543701, 0.5800228714942932, 0.0, -7.691991806030273, 15.14133071899414, 0.0, 1000, 1000, 1000, 1000, 0.8275697231292725, -2.989847421646118, 0.0, 0.9712852239608765, 13.771988868713379, -0.4736678898334503, 2.0040366649627686, 0.3356000483036041, 1.8659688234329224, 2.1841962337493896, 23.021671295166016, 0.27397531270980835, 25.479841232299805)
(-0.7255781888961792, -1.0358504056930542, 0.0, -1.0, 0.0, 0.0, -0.1677938997745514, 2.244145154953003, 0.0, -2.744218111038208, 10.358504295349121, 0.0, 1000, 1000, 1000, 1000, -0.4221832752227783, -0.6184759140014648, 0.0, 0.3409377336502075, 14.409668922424316, -0.38646361231803894, 2.0104050636291504, -0.18105478584766388, 1.4428865909576416, 1.217153787612915, 23.144683837890625, -0.24234731495380402, 24.119489669799805)
(-1.478086233139038, -1.2186052799224854, 0.0, -1.0, 0.0, 0.0, -1.5418397188186646, 1.4349846839904785, 0.0, 4.780862331390381, 12.186052322387695, 0.0, 1000, 1000, 1000, 1000, -2.1190247535705566, -2.078559637069702, 0.0, -0.18093593418598175, 14.551469802856445, 0.9484052658081055, 2.0395750999450684, 0.024684419855475426, 3.012664794921875, 1.6126601696014404, 23.272796630859375, -0.09415245056152344, 24.791303634643555)
(-1.3996187448501587, -1.271218180656433, 0.0, -1.0, 0.0, 0.0, 0.04594656452536583, 0.27467939257621765, 0.0, 3.996187448501587, 12.71218204498291, 0.0, 1000, 1000, 1000, 1000, -1.202784776687622, -2.117778778076172, 0.0, -0.052123263478279114, 14.79189682006836, 0.5925361514091492, 2.0905027389526367, 0.025002365931868553, 2.708041191101074, 1.8656253814697266, 23.394079208374023, 0.26228582859039307, 25.521991729736328)
(-1.2182337045669556, -1.4600073099136353, 0.0, -1.0, 0.0, 0.0, -0.8090152740478516, 0.19834351539611816, 0.0, 2.1823370456695557, 14.600072860717773, 0.0, 1000, 1000, 1000, 1000, -1.0767545700073242, -2.181122064590454, 0.0, -0.21247082948684692, 14.878278732299805, 0.4487028419971466, 2.1645727157592773, -0.16806398332118988, 2.44521164894104, 2.160259485244751, 23.550745010375977, 0.14716294407844543, 25.85816764831543)
(-5.7333984375, -2.1758177280426025, 0.0, -1.0, 0.0, 0.0, -59.90825271606445, 1.41971755027771, 0.0, 47.333984375, 21.758176803588867, 0.0, 1000, 1000, 1000, 1000, -6.215588569641113, -2.436872959136963, 0.0, -4.70465087890625, 14.679315567016602, 16.086334228515625, 2.5523247718811035, 9.55202865600586, 28.19068717956543, 3.0507688522338867, 23.77223014831543, -0.33627456426620483, 26.486724853515625)
(-31.54702377319336, 1.1000068187713623, 0.0, -1.0, 0.0, 0.0, -93.1143569946289, 2.56475567817688, 0.0, 305.4702453613281, -11.000068664550781, 0.0, 1000, 1000, 1000, 1000, -34.8925666809082, 2.5482897758483887, 0.0, -29.90125846862793, 17.051496505737305, 59.787689208984375, 5.803646564483643, 6.444761753082275, 72.03609466552734, -2.0347235202789307, 23.743289947509766, 0.4109122157096863, 22.11948013305664)
(-44.26137924194336, 1.7434056997299194, 0.0, -1.0, 0.0, 0.0, -13.923519134521484, -6.427610874176025, 0.0, 432.6138000488281, -17.434057235717773, 0.0, 1000, 1000, 1000, 1000, -44.96818542480469, 3.1538782119750977, 0.0, -42.054664611816406, 16.57925033569336, 66.98059844970703, 11.00584602355957, -3.1494195461273193, 74.83702087402344, -1.650967001914978, 23.607601165771484, 1.3691139221191406, 23.325746536254883)
(-45.62028503417969, 2.189857006072998, 0.0, -1.0, 0.0, 0.0, 16.10701560974121, 2.7174274921417236, 0.0, 446.2028503417969, -21.898571014404297, 0.0, 1000, 1000, 1000, 1000, -47.649295806884766, 3.2912940979003906, 0.0, -42.95210647583008, 16.33440399169922, 64.51437377929688, 16.254743576049805, -3.7004048824310303, 77.06871032714844, -3.6923999786376953, 23.40031623840332, -0.8815606832504272, 18.82635498046875)
(-40.75908279418945, 1.672893762588501, 0.0, -1.0, 0.0, 0.0, -6.259397029876709, 2.3968167304992676, 0.0, 397.5908203125, -16.72893714904785, 0.0, 1000, 1000, 1000, 1000, -40.25688552856445, 0.9135928153991699, 0.0, -38.21076965332031, 16.12742805480957, 60.57753372192383, 20.897005081176758, 2.719902276992798, 84.19444274902344, -2.868863105773926, 23.187278747558594, 0.07197310775518417, 20.39038848876953)
(-44.36206817626953, 1.9172974824905396, 0.0, -1.0, 0.0, 0.0, 0.519228994846344, 2.961702346801758, 0.0, 433.62066650390625, -19.172975540161133, 0.0, 1000, 1000, 1000, 1000, -45.348453521728516, 0.4955744743347168, 0.0, -40.82072830200195, 17.22693634033203, 64.96521759033203, 25.937255859375, -0.5731688141822815, 90.32929992675781, -3.3202016353607178, 22.916255950927734, 0.14651194214820862, 19.742565155029297)
(-44.292903900146484, 1.6213314533233643, 0.0, -1.0, 0.0, 0.0, -4.44260311126709, 4.274679183959961, 0.0, 432.9290466308594, -16.213314056396484, 0.0, 1000, 1000, 1000, 1000, -44.786991119384766, 0.4620323181152344, 0.0, -40.83635711669922, 17.623092651367188, 65.60574340820312, 31.04408836364746, 0.6237741112709045, 97.27361297607422, -3.0731990337371826, 22.687637329101562, -0.44986632466316223, 19.16457176208496)
(-44.47416305541992, 1.1913466453552246, 0.0, -1.0, 0.0, 0.0, 0.33602291345596313, 0.2136106938123703, 0.0, 434.74163818359375, -11.913466453552246, 0.0, 1000, 1000, 1000, 1000, -44.709686279296875, 0.4473452568054199, 0.0, -41.03410720825195, 17.793521881103516, 65.16084289550781, 36.167415618896484, 0.13170213997364044, 101.4599609375, -1.819061517715454, 22.50153350830078, 0.3568326532840729, 21.039304733276367)
(-44.32359313964844, 1.2582826614379883, 0.0, -1.0, 0.0, 0.0, 1.4657938480377197, 2.518954277038574, 0.0, 433.2359313964844, -12.582826614379883, 0.0, 1000, 1000, 1000, 1000, -44.46901321411133, 0.734705924987793, 0.0, -40.7699089050293, 18.29379653930664, 64.76551818847656, 41.252601623535156, -0.03734307736158371, 105.98078155517578, -2.2652671337127686, 22.32339859008789, -0.11890020221471786, 19.93922996520996)
(-43.1705322265625, 0.5487045645713806, 0.0, -1.0, 0.0, 0.0, 0.9314427375793457, 1.9388015270233154, 0.0, 421.705322265625, -5.487045764923096, 0.0, 1000, 1000, 1000, 1000, -42.63568115234375, -0.1990680694580078, 0.0, -39.77124786376953, 18.05139923095703, 63.11608123779297, 46.26720428466797, -0.16676458716392517, 109.21651458740234, -1.1138770580291748, 22.222305297851562, -0.42703181505203247, 20.681396484375)
(-42.89137268066406, 0.6151624321937561, 0.0, -1.0, 0.0, 0.0, 0.5344961881637573, 0.7021602988243103, 0.0, 418.9137268066406, -6.1516242027282715, 0.0, 1000, 1000, 1000, 1000, -42.63911437988281, 0.3281841278076172, 0.0, -39.675655364990234, 18.26801109313965, 62.75688552856445, 51.19763946533203, -0.15193085372447968, 113.80259704589844, -1.028067708015442, 22.14376449584961, 0.17893947660923004, 21.29463768005371)
(-42.553707122802734, 0.17939691245555878, 0.0, -1.0, 0.0, 0.0, -2.183061122894287, 3.343381643295288, 0.0, 415.5370788574219, -1.7939691543579102, 0.0, 1000, 1000, 1000, 1000, -42.00242614746094, 0.5467433929443359, 0.0, -39.52912521362305, 18.22027587890625, 62.658023834228516, 56.080047607421875, 0.26775476336479187, 119.00582885742188, -0.7706026434898376, 22.10572052001953, -0.452566534280777, 20.882551193237305)
(-42.07319641113281, 0.18594615161418915, 0.0, 0.0, 0.0, 0.0, 3.450526714324951, -0.0764656513929367, 0.0, 420.7319641113281, -1.8594615459442139, 0.0, 1000, 1000, 1000, 1000, -41.6801643371582, -0.1388859748840332, 0.0, -39.050689697265625, 18.34345054626465, 62.59221649169922, 60.955711364746094, 0.19680577516555786, 123.74473571777344, -0.26744937896728516, 22.071535110473633, 0.0824337750673294, 21.886518478393555)
(-41.546485900878906, 0.0567176379263401, 0.0, -1.0, 0.0, 0.0, -0.7326793670654297, 2.0456717014312744, 0.0, 405.46484375, -0.5671764016151428, 0.0, 1000, 1000, 1000, 1000, -41.45160675048828, 0.3134751319885254, 0.0, -38.919281005859375, 18.498994827270508, 60.92962646484375, 65.73136901855469, -0.12532977759838104, 126.5356674194336, -0.39192721247673035, 22.059452056884766, -0.1098283976316452, 21.557697296142578)
(-41.50734329223633, 0.2537091076374054, 0.0, -1.0, 0.0, 0.0, -1.129625916481018, 2.137274742126465, 0.0, 405.07342529296875, -2.537091016769409, 0.0, 1000, 1000, 1000, 1000, -41.86313247680664, -0.028614521026611328, 0.0, -38.89680862426758, 18.976215362548828, 60.930458068847656, 70.48692321777344, 0.2555370628833771, 131.6729278564453, -0.701154887676239, 22.02035903930664, 0.12734121084213257, 21.44654655456543)
(-41.610328674316406, 0.07463428378105164, 0.0, -1.0, 0.0, 0.0, -0.44260305166244507, -0.21387022733688354, 0.0, 406.103271484375, -0.7463428378105164, 0.0, 1000, 1000, 1000, 1000, -41.26467514038086, -0.519615650177002, 0.0, -38.8746452331543, 19.12458610534668, 60.98188018798828, 75.25755310058594, 0.10217840224504471, 136.34161376953125, -0.07987089455127716, 21.988224029541016, 0.20832404494285583, 22.11667823791504)
(-41.40065002441406, -0.28276482224464417, 0.0, -1.0, 0.0, 0.0, 2.061213731765747, -0.00012977099686395377, 0.0, 404.0065002441406, 2.827648162841797, 0.0, 1000, 1000, 1000, 1000, -40.941097259521484, -0.48485851287841797, 0.0, -38.77622985839844, 19.09845733642578, 60.29179382324219, 80.05020141601562, -0.43616753816604614, 139.90582275390625, 0.4241666793823242, 21.996736526489258, 0.13960757851600647, 22.560510635375977)
(-40.442466735839844, -0.4459384083747864, 0.0, -1.0, 0.0, 0.0, -0.4273358881473541, -0.22913740575313568, 0.0, 394.4246826171875, 4.459383964538574, 0.0, 1000, 1000, 1000, 1000, -39.69782638549805, -1.2017228603363037, 0.0, -38.240936279296875, 19.047197341918945, 59.22780227661133, 84.70986938476562, 0.17884814739227295, 144.11651611328125, 0.7032781839370728, 22.037715911865234, 0.17125669121742249, 22.912250518798828)
(-40.81761932373047, -0.4347168505191803, 0.0, -1.0, 0.0, 0.0, 0.7787709832191467, 2.2899465560913086, 0.0, 398.17620849609375, 4.347168445587158, 0.0, 1000, 1000, 1000, 1000, -40.78574752807617, 0.24573373794555664, 0.0, -38.444122314453125, 19.57853889465332, 59.609615325927734, 89.47309875488281, -0.16803905367851257, 148.9146728515625, 0.3085832893848419, 22.069408416748047, -0.14199984073638916, 22.235992431640625)
(-39.94140625, -0.43190789222717285, 0.0, -1.0, 0.0, 0.0, 0.7329694628715515, 0.7784962058067322, 0.0, 389.4140625, 4.3190789222717285, 0.0, 1000, 1000, 1000, 1000, -38.705230712890625, -1.0356471538543701, 0.0, -37.76935577392578, 19.65972137451172, 58.302162170410156, 94.10368347167969, -0.6877374053001404, 151.71810913085938, 0.5310873985290527, 22.096418380737305, -0.17006023228168488, 22.45744514465332)
(-40.0150032043457, -0.2819713354110718, 0.0, -1.0, 0.0, 0.0, -1.3891679048538208, 1.1449084281921387, 0.0, 390.1500244140625, 2.8197133541107178, 0.0, 1000, 1000, 1000, 1000, -39.948368072509766, -1.3243353366851807, 0.0, -38.30818557739258, 19.996864318847656, 58.73087692260742, 98.6986312866211, -0.12054809927940369, 157.3089599609375, 0.2512207329273224, 22.120784759521484, 0.20579718053340912, 22.577802658081055)
(-40.193878173828125, -0.2034708708524704, 0.0, -1.0, 0.0, 0.0, 0.09174808859825134, 1.618190884590149, 0.0, 391.93878173828125, 2.0347087383270264, 0.0, 1000, 1000, 1000, 1000, -40.65854263305664, -0.8163118362426758, 0.0, -38.29158020019531, 20.48645782470703, 58.77705764770508, 103.2948226928711, 0.07334460318088531, 162.14523315429688, 0.062477678060531616, 22.120214462280273, 0.004512384068220854, 22.187204360961914)
(-40.15945053100586, -0.41072043776512146, 0.0, 0.0, 0.0, 0.0, -1.1601603031158447, 0.9464350938796997, 0.0, 401.5945129394531, 4.107204437255859, 0.0, 1000, 1000, 1000, 1000, -39.279056549072266, -0.9687328338623047, 0.0, -38.358360290527344, 20.581769943237305, 60.41320037841797, 108.00944519042969, 2.2212281227111816, 170.6438751220703, 0.47411543130874634, 22.150728225708008, -0.0697779580950737, 22.555065155029297)
(-40.053226470947266, -0.5246497988700867, 0.0, -1.0, 0.0, 0.0, 0.7787709832191467, 2.1220076084136963, 0.0, 390.5322570800781, 5.246498107910156, 0.0, 1000, 1000, 1000, 1000, -40.3640251159668, -1.3652496337890625, 0.0, -38.39955520629883, 20.848526000976562, 58.46302032470703, 112.62217712402344, 0.019212951883673668, 171.1044158935547, 0.46867358684539795, 22.193159103393555, -0.184803307056427, 22.47702980041504)
(-40.08373260498047, -0.7360190749168396, 0.0, -1.0, 0.0, 0.0, -1.328099250793457, -0.13753435015678406, 0.0, 390.83734130859375, 7.3601908683776855, 0.0, 1000, 1000, 1000, 1000, -39.8441047668457, -1.0311126708984375, 0.0, -38.47662353515625, 20.90711784362793, 58.82481384277344, 117.21855163574219, 0.10860827565193176, 176.1519775390625, 1.1246587038040161, 22.244142532348633, -0.0590558722615242, 23.30974578857422)
(-39.766292572021484, -0.8124682307243347, 0.0, -1.0, 0.0, 0.0, 0.8856412172317505, 0.686893105506897, 0.0, 387.6629333496094, 8.124682426452637, 0.0, 1000, 1000, 1000, 1000, -39.47039031982422, -0.6556878089904785, 0.0, -38.26238250732422, 21.06494903564453, 58.01659393310547, 121.78487396240234, -0.037065185606479645, 179.764404296875, 1.1156684160232544, 22.32906723022461, -0.05961689352989197, 23.385120391845703)
(-39.55870819091797, -1.0969386100769043, 0.0, -1.0, 0.0, 0.0, -0.12199236452579498, -0.12226717919111252, 0.0, 385.58709716796875, 10.969386100769043, 0.0, 1000, 1000, 1000, 1000, -39.16586685180664, -1.0414810180664062, 0.0, -38.18297576904297, 20.983842849731445, 57.856361389160156, 126.3678970336914, -0.2758328318595886, 183.94842529296875, 1.6637479066848755, 22.440719604492188, -0.1170741394162178, 23.987394332885742)
(-38.85649490356445, -1.4220038652420044, 0.0, -1.0, 0.0, 0.0, 2.458160400390625, -0.21387022733688354, 0.0, 378.56494140625, 14.220038414001465, 0.0, 1000, 1000, 1000, 1000, -38.437740325927734, -1.881650686264038, 0.0, -37.70111846923828, 20.93304443359375, 56.416015625, 130.84677124023438, -0.17821569740772247, 187.08456420898438, 2.165086269378662, 22.580406188964844, -0.052192989736795425, 24.693300247192383)
(-39.18375778198242, -1.0603275299072266, 0.0, -1.0, 0.0, 0.0, -1.3586336374282837, 0.9311679601669312, 0.0, 381.83758544921875, 10.603275299072266, 0.0, 1000, 1000, 1000, 1000, -39.126319885253906, -1.4254984855651855, 0.0, -38.14580535888672, 21.514846801757812, 57.479434967041016, 135.32286071777344, -0.020343689247965813, 192.78195190429688, 1.4508161544799805, 22.696964263916016, 0.1350105106830597, 24.282791137695312)
(-39.28406524658203, -1.0826481580734253, 0.0, 0.0, 0.0, 0.0, 0.3512900769710541, 0.5647557377815247, 0.0, 392.84063720703125, 10.826481819152832, 0.0, 1000, 1000, 1000, 1000, -39.0293083190918, -1.6542234420776367, 0.0, -38.21349334716797, 21.80733299255371, 58.8734016418457, 139.84161376953125, 0.8615834712982178, 199.57659912109375, 1.5392589569091797, 22.804996490478516, 0.29190871119499207, 24.636165618896484)
(-39.37587356567383, -1.1519546508789062, 0.0, -1.0, 0.0, 0.0, -2.4120686054229736, 1.3586488962173462, 0.0, 383.75872802734375, 11.519546508789062, 0.0, 1000, 1000, 1000, 1000, -39.27823257446289, -1.5896978378295898, 0.0, -38.46440505981445, 22.009750366210938, 57.925621032714844, 144.35873413085938, 0.15232373774051666, 202.4366912841797, 1.524134635925293, 22.9270076751709, -0.026622934266924858, 24.42452049255371)
(-39.288421630859375, -1.1299588680267334, 0.0, -1.0, 0.0, 0.0, 0.9009084105491638, 0.32048091292381287, 0.0, 382.88421630859375, 11.299589157104492, 0.0, 1000, 1000, 1000, 1000, -39.20671081542969, -1.3687682151794434, 0.0, -38.449851989746094, 22.33123779296875, 57.2974967956543, 148.86642456054688, -0.24221734702587128, 205.9217071533203, 1.6468662023544312, 23.04579734802246, 0.23723174631595612, 24.929895401000977)
(-39.96970748901367, -1.3024455308914185, 0.0, -1.0, 0.0, 0.0, -1.1448931694030762, 3.816664218902588, 0.0, 389.69708251953125, 13.024455070495605, 0.0, 1000, 1000, 1000, 1000, -40.49338150024414, -2.511942148208618, 0.0, -39.26294708251953, 22.606246948242188, 58.62629699707031, 153.429931640625, -0.23697571456432343, 211.8192596435547, 1.3811686038970947, 23.162519454956055, -0.6118160486221313, 23.931873321533203)
(-39.53438186645508, -1.3281495571136475, 0.0, -1.0, 0.0, 0.0, 0.6566336154937744, -2.29020619392395, 0.0, 385.34381103515625, 13.281496047973633, 0.0, 1000, 1000, 1000, 1000, -38.914772033691406, -1.118401050567627, 0.0, -38.67351531982422, 22.9051570892334, 57.70307540893555, 157.99444580078125, 0.03457373008131981, 215.7321014404297, 2.3357553482055664, 23.290597915649414, 0.6214356422424316, 26.24778938293457)
(-39.92659378051758, -1.5005841255187988, 0.0, -1.0, 0.0, 0.0, -0.8548167943954468, -0.885625958442688, 0.0, 389.26593017578125, 15.005841255187988, 0.0, 1000, 1000, 1000, 1000, -39.54193115234375, -1.4270942211151123, 0.0, -39.394405364990234, 22.879018783569336, 58.51811218261719, 162.58319091796875, -0.1486632078886032, 220.95263671875, 2.3837201595306396, 23.462726593017578, 0.09379130601882935, 25.940237045288086)
(-40.31722640991211, -1.904170274734497, 0.0, -1.0, 0.0, 0.0, 1.6184656620025635, 4.549488544464111, 0.0, 393.1722717285156, 19.041702270507812, 0.0, 1000, 1000, 1000, 1000, -41.13200378417969, -1.8085987567901611, 0.0, -39.89080047607422, 22.879756927490234, 58.733070373535156, 167.1877899169922, -0.579215407371521, 225.34164428710938, 2.1738321781158447, 23.673768997192383, -0.17107492685317993, 25.676525115966797)
(-38.87198257446289, -2.1960856914520264, 0.0, -1.0, 0.0, 0.0, 2.3054885864257812, 1.1449084281921387, 0.0, 378.7198181152344, 21.960857391357422, 0.0, 1000, 1000, 1000, 1000, -38.224300384521484, -2.9595234394073486, 0.0, -38.42702865600586, 23.084218978881836, 56.46215057373047, 171.68307495117188, -2.590902328491211, 225.5543212890625, 3.122392177581787, 23.896272659301758, 0.03392092138528824, 27.05258560180664)
(-39.83592224121094, -1.9340522289276123, 0.0, -1.0, 0.0, 0.0, -9.908251762390137, 5.251778602600098, 0.0, 388.3592224121094, 19.34052276611328, 0.0, 1000, 1000, 1000, 1000, -40.1246337890625, -1.5365378856658936, 0.0, -39.670127868652344, 23.56548309326172, 59.7401237487793, 176.2141571044922, 0.9206117987632751, 236.87489318847656, 2.113311529159546, 24.115795135498047, -0.6914234161376953, 25.537683486938477)
(-40.477535247802734, -2.03963303565979, 0.0, -1.0, 0.0, 0.0, -3.96932053565979, -1.0382976531982422, 0.0, 394.7753601074219, 20.396329879760742, 0.0, 1000, 1000, 1000, 1000, -41.20974349975586, -2.8190560340881348, 0.0, -40.09886932373047, 23.49820327758789, 59.811702728271484, 180.8538818359375, 0.9977415204048157, 241.663330078125, 3.2151942253112793, 24.327878952026367, -0.08741354197263718, 27.455659866333008)
(-39.97588348388672, -2.5580132007598877, 0.0, -1.0, 0.0, 0.0, 0.8856412172317505, 0.3815496265888214, 0.0, 389.75885009765625, 25.58013153076172, 0.0, 1000, 1000, 1000, 1000, -39.13358688354492, -2.1486799716949463, 0.0, -39.809444427490234, 23.336490631103516, 58.33097839355469, 185.57928466796875, 0.22861017286777496, 244.1388702392578, 3.779787302017212, 24.6210880279541, -0.006604751572012901, 28.394269943237305)
(-40.73664093017578, -2.509402275085449, 0.0, -1.0, 0.0, 0.0, -0.22886259853839874, 2.457885503768921, 0.0, 397.36639404296875, 25.094022750854492, 0.0, 1000, 1000, 1000, 1000, -41.07001876831055, -2.9446520805358887, 0.0, -40.78697204589844, 23.541271209716797, 59.639286041259766, 190.2786102294922, -0.43687665462493896, 249.48101806640625, 3.395420551300049, 24.918745040893555, -0.22935880720615387, 28.084806442260742)
(-40.19961929321289, -2.4077205657958984, 0.0, -1.0, 0.0, 0.0, 0.3512900769710541, 0.6105572581291199, 0.0, 391.9961853027344, 24.077205657958984, 0.0, 1000, 1000, 1000, 1000, -39.844215393066406, -2.767367124557495, 0.0, -40.29250717163086, 23.741785049438477, 58.746734619140625, 194.89474487304688, 0.14731207489967346, 253.78878784179688, 3.5199971199035645, 25.184144973754883, -0.12978623807430267, 28.574356079101562)
(-40.08687973022461, -2.469780921936035, 0.0, -1.0, 0.0, 0.0, 3.923809051513672, -1.5115801095962524, 0.0, 390.8688049316406, 24.69780921936035, 0.0, 1000, 1000, 1000, 1000, -39.17404556274414, -2.7987682819366455, 0.0, -40.293701171875, 23.971221923828125, 58.041751861572266, 199.50717163085938, -0.7319607734680176, 256.81695556640625, 3.931408405303955, 25.445255279541016, 0.5148849487304688, 29.89154815673828)
(-40.05739212036133, -2.441324234008789, 0.0, -1.0, 0.0, 0.0, -3.1296260356903076, 3.312847375869751, 0.0, 390.57391357421875, 24.41324234008789, 0.0, 1000, 1000, 1000, 1000, -39.938133239746094, -2.7300167083740234, 0.0, -40.451908111572266, 24.42241668701172, 59.05553436279297, 204.20950317382812, -1.1306893825531006, 262.13433837890625, 3.1650593280792236, 25.734516143798828, -0.10063741356134415, 28.79893684387207)
(-40.417030334472656, -2.752228021621704, 0.0, -1.0, 0.0, 0.0, -3.480771064758301, -1.4810458421707153, 0.0, 394.1702880859375, 27.522279739379883, 0.0, 1000, 1000, 1000, 1000, -40.059730529785156, -3.6843719482421875, 0.0, -40.75173568725586, 24.52338218688965, 59.64765930175781, 208.8341064453125, 0.5739354491233826, 269.0556945800781, 4.350499153137207, 26.026630401611328, 0.5342122912406921, 30.911340713500977)
(-40.422027587890625, -2.7192094326019287, 0.0, -1.0, 0.0, 0.0, 3.282587766647339, 1.4044504165649414, 0.0, 394.22027587890625, 27.192094802856445, 0.0, 1000, 1000, 1000, 1000, -40.084014892578125, -3.1659374237060547, 0.0, -40.78232192993164, 24.884729385375977, 58.64065170288086, 213.48574829101562, -0.5243554711341858, 271.60205078125, 3.8681464195251465, 26.32037925720215, -0.16370536386966705, 30.02482032775879)
(-39.51790237426758, -3.0895638465881348, 0.0, -1.0, 0.0, 0.0, -2.7479465007781982, 3.5113205909729004, 0.0, 385.17901611328125, 30.89563751220703, 0.0, 1000, 1000, 1000, 1000, -38.85072708129883, -3.6128110885620117, 0.0, -40.30648422241211, 24.86203384399414, 58.18904495239258, 218.0276336669922, 0.4429328143596649, 276.65960693359375, 4.10764741897583, 26.6667423248291, -0.4260813593864441, 30.348308563232422)
(-40.311790466308594, -2.5460968017578125, 0.0, -1.0, 0.0, 0.0, 1.6948015689849854, 2.305213689804077, 0.0, 393.117919921875, 25.460968017578125, 0.0, 1000, 1000, 1000, 1000, -41.07960510253906, -2.8714919090270996, 0.0, -40.84543991088867, 25.772621154785156, 58.713470458984375, 222.65719604492188, -0.3145461976528168, 281.0561218261719, 3.473363161087036, 26.937236785888672, 0.11677857488393784, 30.527379989624023)
(-39.29255676269531, -3.2951464653015137, 0.0, -1.0, 0.0, 0.0, 1.7406030893325806, -0.9619618058204651, 0.0, 382.9255676269531, 32.95146560668945, 0.0, 1000, 1000, 1000, 1000, -38.5814208984375, -3.6005306243896484, 0.0, -39.937313079833984, 25.470224380493164, 57.1777458190918, 227.1806640625, -0.10231256484985352, 284.256103515625, 5.087014198303223, 27.289165496826172, 0.2199152410030365, 32.59609603881836)
(-39.06451416015625, -3.2748732566833496, 0.0, -1.0, 0.0, 0.0, -0.6105419993400574, 1.4960534572601318, 0.0, 380.6451416015625, 32.74873352050781, 0.0, 1000, 1000, 1000, 1000, -38.64012145996094, -3.869920253753662, 0.0, -40.131473541259766, 25.75958251953125, 57.188350677490234, 231.6661834716797, -0.1358034759759903, 288.7187194824219, 4.687901973724365, 27.664928436279297, -0.029297955334186554, 32.32353210449219)
(-39.12090301513672, -3.14351487159729, 0.0, -1.0, 0.0, 0.0, 0.21388550102710724, 0.8700992465019226, 0.0, 381.20904541015625, 31.435148239135742, 0.0, 1000, 1000, 1000, 1000, -39.2060661315918, -3.604562520980835, 0.0, -40.16503143310547, 26.188180923461914, 57.14927291870117, 236.17599487304688, -2.247349977493286, 291.0779113769531, 4.584757328033447, 28.018518447875977, 0.1133648008108139, 32.71664047241211)
(-38.85507583618164, -3.4478187561035156, 0.0, -1.0, 0.0, 0.0, 1.206251859664917, 0.06093893200159073, 0.0, 378.5507507324219, 34.478187561035156, 0.0, 1000, 1000, 1000, 1000, -38.2380485534668, -4.124679088592529, 0.0, -40.03034210205078, 26.248605728149414, 56.60167694091797, 240.6398162841797, -0.25486627221107483, 296.98663330078125, 5.1625871658325195, 28.399551391601562, 0.22797413170337677, 33.79011154174805)
(-38.08223342895508, -3.7229106426239014, 0.0, -1.0, 0.0, 0.0, -2.870084047317505, 3.1143741607666016, 0.0, 370.82232666015625, 37.22910690307617, 0.0, 1000, 1000, 1000, 1000, -38.13473892211914, -4.624027252197266, 0.0, -39.51771545410156, 26.43797492980957, 56.053863525390625, 244.72903442382812, 0.8354423642158508, 300.0, 5.117209434509277, 28.817890167236328, -0.33762452006340027, 33.59747314453125)
(-39.03582763671875, -3.683183193206787, 0.0, -1.0, 0.0, 0.0, 0.6260992288589478, 0.19834351539611816, 0.0, 380.3582763671875, 36.83183288574219, 0.0, 1000, 1000, 1000, 1000, -39.404197692871094, -4.195211410522461, 0.0, -40.355770111083984, 26.85099220275879, 56.9598274230957, 244.72903442382812, -0.32251885533332825, 300.0, 5.495023250579834, 29.219512939453125, 0.12968143820762634, 34.84421920776367)
(-38.567138671875, -3.80802845954895, 0.0, -1.0, 0.0, 0.0, -2.183061122894287, 2.518954277038574, 0.0, 375.67138671875, 38.080284118652344, 0.0, 1000, 1000, 1000, 1000, -38.070281982421875, -4.760868072509766, 0.0, -40.09199523925781, 27.052568435668945, 56.67816925048828, 245.7655792236328, 0.29592737555503845, 300.0, 5.33419942855835, 29.64816665649414, -0.32227328419685364, 34.660091400146484)
(-38.77565002441406, -3.5990383625030518, 0.0, -1.0, 0.0, 0.0, 0.519228994846344, 1.2059770822525024, 0.0, 377.7565002441406, 35.99038314819336, 0.0, 1000, 1000, 1000, 1000, -38.89963912963867, -3.941654682159424, 0.0, -40.394493103027344, 27.4737606048584, 56.58559036254883, 245.7655792236328, -0.13585138320922852, 300.0, 5.217660903930664, 30.045276641845703, -0.1138702780008316, 35.14906692504883)
(-38.311580657958984, -3.6726913452148438, 0.0, -1.0, 0.0, 0.0, 2.7329695224761963, 1.2059770822525024, 0.0, 373.1158142089844, 36.72691345214844, 0.0, 1000, 1000, 1000, 1000, -37.36548614501953, -3.381178855895996, 0.0, -39.994144439697266, 27.728313446044922, 55.55742645263672, 245.95108032226562, -0.34995362162590027, 300.0, 5.3281402587890625, 30.462936401367188, 0.019484855234622955, 35.81056213378906)
(-37.88199996948242, -3.8289761543273926, 0.0, 0.0, 0.0, 0.0, -2.8090152740478516, 2.732694625854492, 0.0, 378.82000732421875, 38.28976058959961, 0.0, 1000, 1000, 1000, 1000, -37.651695251464844, -5.119443416595459, 0.0, -40.201045989990234, 28.059057235717773, 57.244354248046875, 246.50302124023438, 0.49625954031944275, 300.0, 5.333559989929199, 30.889598846435547, -0.06866713613271713, 36.15449142456055)
(-38.733219146728516, -3.9523470401763916, 0.0, -1.0, 0.0, 0.0, 1.511595368385315, 0.686893105506897, 0.0, 377.3321838378906, 39.52347183227539, 0.0, 1000, 1000, 1000, 1000, -39.251548767089844, -4.895793437957764, 0.0, -40.57368087768555, 28.674678802490234, 56.37308883666992, 246.87417602539062, -0.26568493247032166, 300.0, 5.825486660003662, 31.310688018798828, 0.5339823365211487, 37.6701545715332)
(-38.29018783569336, -4.179168224334717, 0.0, -1.0, 0.0, 0.0, 6.656633377075195, 0.8853664398193359, 0.0, 372.9018859863281, 41.791683197021484, 0.0, 1000, 1000, 1000, 1000, -38.81977081298828, -4.910247802734375, 0.0, -40.24685287475586, 29.31907844543457, 54.93678665161133, 247.1492462158203, -1.2011784315109253, 300.0, 6.1359477043151855, 31.769515991210938, 0.41963768005371094, 38.32509994506836)
(-33.1784553527832, -4.228383541107178, 0.0, -1.0, 0.0, 0.0, 38.778770446777344, 6.167809009552002, 0.0, 321.7845458984375, 42.283836364746094, 0.0, 1000, 1000, 1000, 1000, -32.64958953857422, -6.202280044555664, 0.0, -35.242618560791016, 29.93905258178711, 42.45086669921875, 251.0491943359375, -5.939111232757568, 287.5609436035156, 5.4174041748046875, 32.22917938232422, -0.5805617570877075, 37.06602096557617)
(-4.871490478515625, -5.5529584884643555, 0.0, -1.0, 0.0, 0.0, 141.6031951904297, -15.099366188049316, 0.0, 38.71490478515625, 55.52958679199219, 0.0, 1000, 1000, 1000, 1000, 0.9102438688278198, -7.779031753540039, 0.0, -6.893347263336182, 29.327648162841797, -15.433243751525879, 252.0841522216797, -12.381333351135254, 224.2695770263672, 10.594343185424805, 32.741127014160156, 1.7034605741500854, 45.03893280029297)
(1.6383031606674194, -4.617635250091553, 0.0, -1.0, 0.0, 0.0, -68.10672760009766, 17.267045974731445, 0.0, -26.383031845092773, 46.176353454589844, 0.0, 1000, 1000, 1000, 1000, 4.880523681640625, -4.80910587310791, 0.0, -3.96415376663208, 31.47311782836914, 6.258553981781006, 251.44046020507812, 7.859310150146484, 265.5583190917969, 4.336396217346191, 33.328880310058594, -1.2584704160690308, 36.406803131103516)
(-7.632394790649414, -3.4568707942962646, 0.0, -1.0, 0.0, 0.0, -2.4120686054229736, 5.5418548583984375, 0.0, 66.32394409179688, 34.56870651245117, 0.0, 1000, 1000, 1000, 1000, -8.328632354736328, -4.563174247741699, 0.0, -13.044652938842773, 32.83582305908203, 10.310401916503906, 252.3016357421875, -1.7508533000946045, 260.8611755371094, 4.35402774810791, 33.68723678588867, -0.5130906105041504, 37.528175354003906)
(-6.07315731048584, -3.172746181488037, 0.0, 0.0, 0.0, 0.0, -0.13725954294204712, 4.870099067687988, 0.0, 60.73157501220703, 31.727462768554688, 0.0, 1000, 1000, 1000, 1000, -5.241763591766357, -3.2584543228149414, 0.0, -11.696908950805664, 33.507102966308594, 9.130325317382812, 252.94003295898438, 1.305211067199707, 263.3755798339844, 4.028604507446289, 34.040767669677734, -0.7848197221755981, 37.28455352783203)
(-6.509193420410156, -2.595062017440796, 0.0, -1.0, 0.0, 0.0, -3.8013815879821777, 2.060938835144043, 0.0, 55.09193420410156, 25.950620651245117, 0.0, 1000, 1000, 1000, 1000, -6.921051979064941, -2.45837140083313, 0.0, -12.441454887390137, 34.439823150634766, 8.833996772766113, 253.600341796875, 0.3513634502887726, 262.78570556640625, 3.5834524631500244, 34.316375732421875, -0.1632424145936966, 37.73658752441406)
(-7.669663906097412, -2.442868947982788, 0.0, -1.0, 0.0, 0.0, -5.816648960113525, 7.496053218841553, 0.0, 66.69664001464844, 24.42868995666504, 0.0, 1000, 1000, 1000, 1000, -7.678352355957031, -3.26619815826416, 0.0, -13.527755737304688, 34.955745697021484, 10.876993179321289, 254.3709259033203, 0.7722241282463074, 266.0201416015625, 2.539895534515381, 34.597694396972656, -1.0409317016601562, 36.09666061401367)
(-9.103282928466797, -1.940845251083374, 0.0, -1.0, 0.0, 0.0, 0.33602291345596313, 0.3357481062412262, 0.0, 81.03282928466797, 19.4084529876709, 0.0, 1000, 1000, 1000, 1000, -9.452272415161133, -1.9598197937011719, 0.0, -14.919931411743164, 35.72761917114258, 12.104520797729492, 255.3195343017578, -0.48478683829307556, 266.93927001953125, 2.860905647277832, 34.80571365356445, 0.06670212000608444, 37.73332214355469)
(-9.61972427368164, -2.068773031234741, 0.0, -1.0, 0.0, 0.0, -4.5647406578063965, 1.6334580183029175, 0.0, 86.1972427368164, 20.68773078918457, 0.0, 1000, 1000, 1000, 1000, -9.559885025024414, -1.944911241531372, 0.0, -15.546842575073242, 35.90125274658203, 13.614297866821289, 256.3494567871094, -0.13528361916542053, 269.8284912109375, 2.8581409454345703, 35.03801727294922, 0.22987985610961914, 38.12603759765625)
(-10.305083274841309, -2.1761507987976074, 0.0, -1.0, 0.0, 0.0, -7.923519134521484, 2.7174274921417236, 0.0, 93.05083465576172, 21.76150894165039, 0.0, 1000, 1000, 1000, 1000, -10.214810371398926, -1.9154832363128662, 0.0, -16.360628128051758, 36.073822021484375, 15.14615249633789, 257.4383544921875, 0.8136181831359863, 273.39813232421875, 2.856612205505371, 35.277584075927734, -0.5833855867385864, 37.550811767578125)
(-10.32862663269043, -2.070183277130127, 0.0, -1.0, 0.0, 0.0, 7.038312911987305, -1.72532057762146, 0.0, 93.28627014160156, 20.701831817626953, 0.0, 1000, 1000, 1000, 1000, -10.284065246582031, -1.9049863815307617, 0.0, -16.233800888061523, 36.24286651611328, 12.937192916870117, 258.5628967285156, -0.8792272806167603, 270.620849609375, 3.364072799682617, 35.502708435058594, 0.36421000957489014, 39.23099136352539)
(-10.136293411254883, -3.422344446182251, 0.0, 0.0, 0.0, 0.0, -3.6029083728790283, -2.3207404613494873, 0.0, 101.36293029785156, 34.223445892333984, 0.0, 1000, 1000, 1000, 1000, -9.559925079345703, -4.630611896514893, 0.0, -16.71208381652832, 35.14787292480469, 15.744874954223633, 259.64056396484375, 2.4854013919830322, 277.870849609375, 5.481627941131592, 35.88314437866211, 0.40221187472343445, 41.76698303222656)
(-9.147697448730469, -4.700414180755615, 0.0, -1.0, 0.0, 0.0, 11.297855377197266, -6.977229118347168, 0.0, 81.47697448730469, 47.00414276123047, 0.0, 1000, 1000, 1000, 1000, -9.994956970214844, -4.783497333526611, 0.0, -15.473732948303223, 34.32708740234375, 10.52686882019043, 260.66754150390625, -1.0563242435455322, 270.1380615234375, 8.097206115722656, 36.40693283081055, 1.5746521949768066, 46.078792572021484)
(-7.987125873565674, -5.9810590744018555, 0.0, -1.0, 0.0, 0.0, -4.7784810066223145, -9.221504211425781, 0.0, 69.87126159667969, 59.81059265136719, 0.0, 1000, 1000, 1000, 1000, -7.776242256164551, -4.13440465927124, 0.0, -13.984077453613281, 32.781028747558594, 11.197461128234863, 261.45660400390625, 1.4144396781921387, 274.0685119628906, 10.354814529418945, 37.1118049621582, 1.0332567691802979, 48.499874114990234)
(-9.133234977722168, -7.614058494567871, 0.0, -1.0, 0.0, 0.0, 7.55739688873291, 15.358649253845215, 0.0, 81.33235168457031, 76.14058685302734, 0.0, 1000, 1000, 1000, 1000, -3.506977081298828, -9.43962287902832, 0.0, -15.063124656677246, 32.387718200683594, 11.066243171691895, 262.4540710449219, -2.3101370334625244, 271.2101745605469, 9.117290496826172, 37.977195739746094, -1.7293189764022827, 45.36516571044922)
(-8.52822208404541, -8.927909851074219, 0.0, -1.0, 0.0, 0.0, -18.580007553100586, -29.877992630004883, 0.0, 75.28221893310547, 89.27909851074219, 0.0, 1000, 1000, 1000, 1000, -5.960190773010254, -16.77198028564453, 0.0, -16.20178985595703, 30.821046829223633, 14.079334259033203, 263.31231689453125, -1.7375335693359375, 275.6541442871094, 17.873563766479492, 38.84091567993164, 4.054301738739014, 60.76877975463867)
(-7.519979953765869, -11.585676193237305, 0.0, -1.0, 0.0, 0.0, 30.732969284057617, 21.81666374206543, 0.0, 65.19979858398438, 115.85676574707031, 0.0, 1000, 1000, 1000, 1000, -12.335713386535645, -15.991521835327148, 0.0, -14.871986389160156, 30.064908981323242, 5.1700239181518555, 264.13092041015625, -5.065637111663818, 264.2353210449219, 14.1060152053833, 40.212032318115234, -2.501389741897583, 51.81665802001953)
(-10.760004043579102, -10.55456256866455, 0.0, -1.0, 0.0, 0.0, 7.175717353820801, 36.71742630004883, 0.0, 97.60003662109375, 105.54562377929688, 0.0, 1000, 1000, 1000, 1000, -3.8418655395507812, -23.066865921020508, 0.0, -17.021570205688477, 31.357324600219727, 13.563647270202637, 264.7453308105469, -2.911428213119507, 275.3975524902344, 10.324230194091797, 41.57415008544922, -12.1243314743042, 39.774051666259766)
(-9.913102149963379, -8.680007934570312, 0.0, -1.0, 0.0, 0.0, 4.427626132965088, 18.83956527709961, 0.0, 89.13101959228516, 86.80007934570312, 0.0, 1000, 1000, 1000, 1000, -10.296211242675781, -15.642973899841309, 0.0, -16.886730194091797, 33.97309494018555, 12.705509185791016, 265.83428955078125, -0.8973861932754517, 277.6424255371094, 10.194076538085938, 42.52832794189453, -2.831770896911621, 49.89063262939453)
(-9.644895553588867, -6.421107769012451, 0.0, -1.0, 0.0, 0.0, 32.76350402832031, 58.54948806762695, 0.0, 86.44895935058594, 64.21107482910156, 0.0, 1000, 1000, 1000, 1000, -15.220218658447266, -6.7751569747924805, 0.0, -16.26708221435547, 37.09749984741211, 8.052818298339844, 266.869384765625, -7.136768341064453, 267.7854309082031, 0.8492380380630493, 43.33832931518555, -8.866647720336914, 35.320919036865234)
(-8.95760440826416, -5.163427352905273, 0.0, -1.0, 0.0, 0.0, 10.809305191040039, 12.442618370056152, 0.0, 79.57604217529297, 51.634273529052734, 0.0, 1000, 1000, 1000, 1000, -14.432588577270508, -11.961429595947266, 0.0, -16.24704933166504, 37.64952087402344, 10.315011024475098, 267.58721923828125, -4.225615501403809, 273.6766052246094, 5.878747940063477, 43.70854949951172, -4.740279674530029, 44.84701919555664)
(-8.021705627441406, -4.197381019592285, 0.0, -1.0, 0.0, 0.0, 12.04594612121582, 14.534221649169922, 0.0, 70.21705627441406, 41.97380828857422, 0.0, 1000, 1000, 1000, 1000, -9.029752731323242, -6.574995040893555, 0.0, -15.494726181030273, 38.949031829833984, 8.725666999816895, 268.32305908203125, -3.154884099960327, 273.8938293457031, 4.115938186645508, 44.076175689697266, -3.3039519786834717, 44.888160705566406)
(-7.234940052032471, -3.4128546714782715, 0.0, 0.0, 0.0, 0.0, 0.1986183226108551, 1.969335913658142, 0.0, 72.34940338134766, 34.12854766845703, 0.0, 1000, 1000, 1000, 1000, -4.8161091804504395, -1.7246665954589844, 0.0, -15.150262832641602, 39.6894645690918, 10.82261848449707, 269.0858459472656, 2.271069288253784, 282.1795349121094, 4.82388162612915, 44.467933654785156, 0.3683885931968689, 49.66020202636719)
(-7.416311264038086, -3.5945491790771484, 0.0, -1.0, 0.0, 0.0, -1.0532901287078857, 0.7784962058067322, 0.0, 64.16311645507812, 35.945491790771484, 0.0, 1000, 1000, 1000, 1000, -8.092602729797363, -4.709632873535156, 0.0, -15.4503812789917, 39.762184143066406, 9.782461166381836, 269.86761474609375, -0.06039382889866829, 279.5896911621094, 5.275049209594727, 44.8792724609375, -0.1392543762922287, 50.01506805419922)
(-7.311797618865967, -3.47163987159729, 0.0, -1.0, 0.0, 0.0, -0.7784808874130249, 0.7632290124893188, 0.0, 63.117977142333984, 34.716400146484375, 0.0, 1000, 1000, 1000, 1000, -6.886635780334473, -3.3459343910217285, 0.0, -15.46256160736084, 40.10689163208008, 9.584468841552734, 270.6161193847656, 0.16321666538715363, 280.3638000488281, 5.092975616455078, 45.27724075317383, 0.1593225598335266, 50.529537200927734)
(-7.3684000968933105, -3.506868362426758, 0.0, -1.0, 0.0, 0.0, 0.2749541997909546, 1.8777328729629517, 0.0, 63.68400192260742, 35.06868362426758, 0.0, 1000, 1000, 1000, 1000, -7.124576568603516, -3.5231575965881348, 0.0, -15.575809478759766, 40.36692810058594, 9.511357307434082, 271.36761474609375, -0.14216744899749756, 280.7367858886719, 4.97864294052124, 45.67622756958008, -0.19282665848731995, 50.46204376220703)
(-7.338042736053467, -3.513392686843872, 0.0, -1.0, 0.0, 0.0, -0.457870215177536, 1.1449084281921387, 0.0, 63.380428314208984, 35.13392639160156, 0.0, 1000, 1000, 1000, 1000, -6.956125259399414, -4.027443885803223, 0.0, -15.681041717529297, 40.63240051269531, 9.57574462890625, 272.1490783691406, -0.8761980533599854, 280.8486328125, 5.098352432250977, 46.06480407714844, 0.1125275194644928, 51.27568435668945)
(-7.330587387084961, -3.47892165184021, 0.0, -1.0, 0.0, 0.0, -0.5647404789924622, 1.0380381345748901, 0.0, 63.30587387084961, 34.789215087890625, 0.0, 1000, 1000, 1000, 1000, -7.157147407531738, -3.6283631324768066, 0.0, -15.770628929138184, 40.905914306640625, 9.580592155456543, 272.89776611328125, 0.016364548355340958, 282.4947204589844, 5.062676906585693, 46.46133804321289, 0.013895851559937, 51.53791046142578)