
(-2.759812116622925, -0.32732781767845154, 0.0, -1.0, -1.0, 0.0, 9.29878044128418, -14.634146690368652, 0.0, 10.55887222290039, -4.0360331535339355, 0.0, 1000, 1000, 1000, 1000, -1.5567090511322021, -0.2602810859680176, 0.0, -13.735222816467285, 33.05653381347656, 0.11340826004743576, -0.584755003452301, -0.5338661074638367, -1.0052127838134766, 0.9538302421569824, 0.16567902266979218, 0.13869240880012512, 1.2582017183303833)
(-2.2944142818450928, -1.2823691368103027, 0.0, -1.0, -1.0, 0.0, -8.963414192199707, 25.94512176513672, 0.0, 7.766485691070557, 1.6942148208618164, 0.0, 1000, 1000, 1000, 1000, -1.5423519611358643, -2.432570695877075, 0.0, -13.642999649047852, 32.70454788208008, 1.5056910514831543, -0.5718121528625488, 0.156473308801651, 1.090352177619934, -2.182581663131714, 0.175257608294487, -1.2708250284194946, -3.278149127960205)
(-1.2433887720108032, 0.025903580710291862, 0.0, -1.0, -1.0, 0.0, 11.067072868347168, -8.109756469726562, 0.0, 1.4603326320648193, -6.155421257019043, 0.0, 1000, 1000, 1000, 1000, -0.771064281463623, -1.304126501083374, 0.0, -13.253973960876465, 34.5161247253418, -0.8646066188812256, -0.5557929873466492, -0.36322280764579773, -1.78362238407135, 0.17589016258716583, 0.14279495179653168, 0.4816274046897888, 0.8003125190734863)
(-1.9898791313171387, -0.7677962183952332, 0.0, -1.0, -1.0, 0.0, -18.04878044128418, 4.908536434173584, 0.0, 5.939274787902832, -1.393222689628601, 0.0, 1000, 1000, 1000, 1000, -1.5923564434051514, -0.7771577835083008, 0.0, -14.43857479095459, 33.952999114990234, 2.1589250564575195, -0.5449650287628174, 0.4200095534324646, 2.0339696407318115, -0.5671583414077759, 0.14672866463661194, -0.035323068499565125, -0.45575273036956787)
(-4.573725700378418, -1.3930671215057373, 0.0, -1.0, -1.0, 0.0, -17.621952056884766, -16.371952056884766, 0.0, 21.442354202270508, 2.358402729034424, 0.0, 1000, 1000, 1000, 1000, -3.202907085418701, -0.6088614463806152, 0.0, -18.118148803710938, 33.6889762878418, 3.5157878398895264, -0.4748724699020386, 0.40474945306777954, 3.445664644241333, 1.6857318878173828, 0.1486215442419052, 0.872684121131897, 2.7070376873016357)
(-6.295464038848877, -1.6645833253860474, 0.0, -1.0, -1.0, 0.0, 2.77439022064209, 9.17682933807373, 0.0, 31.772785186767578, 3.987499952316284, 0.0, 1000, 1000, 1000, 1000, -5.878958225250244, -2.360792636871338, 0.0, -20.33019256591797, 33.76078414916992, 2.6098554134368896, -0.3830612897872925, -0.40911945700645447, 1.8176747560501099, -0.4670396149158478, 0.16871300339698792, -0.14750176668167114, -0.445828378200531)
(-5.204575061798096, -1.096566915512085, 0.0, -1.0, -1.0, 0.0, 2.591463327407837, 1.5548779964447021, 0.0, 25.22745132446289, 0.5794014930725098, 0.0, 1000, 1000, 1000, 1000, -4.193211078643799, -2.1783266067504883, 0.0, -19.631261825561523, 34.805763244628906, 2.037238836288452, -0.32307565212249756, -0.03305322304368019, 1.6811100244522095, -0.08779288828372955, 0.15970481932163239, 0.01298996526747942, 0.08490189909934998)
(-4.534579277038574, -0.6572954058647156, 0.0, -1.0, 0.0, 0.0, 5.5182929039001465, 2.5, 0.0, 21.207475662231445, 3.943772315979004, 0.0, 1000, 1000, 1000, 1000, -4.237903118133545, -1.329106092453003, 0.0, -19.357177734375, 35.72801971435547, 1.4120264053344727, -0.27075308561325073, -0.309096097946167, 0.8321772217750549, 0.1299395114183426, 0.1527796983718872, 0.2832270562648773, 0.5659462809562683)
(-2.8029162883758545, -1.1464793682098389, 0.0, -1.0, -1.0, 0.0, 5.762195110321045, 3.841463327407837, 0.0, 10.817497253417969, 0.8788762092590332, 0.0, 1000, 1000, 1000, 1000, -2.4893455505371094, -2.028830051422119, 0.0, -17.820287704467773, 35.88686752319336, 0.4549771845340729, -0.2469593584537506, -0.11486675590276718, 0.09315107762813568, -0.2666328549385071, 0.1506079137325287, -0.1663256585597992, -0.2823505997657776)
(-0.8017511963844299, 0.658995509147644, 0.0, -1.0, -1.0, 0.0, 13.170731544494629, 2.2865853309631348, 0.0, -1.1894928216934204, -9.953972816467285, 0.0, 1000, 1000, 1000, 1000, -1.4166038036346436, -0.7853970527648926, 0.0, -15.68995189666748, 38.411865234375, -1.2924202680587769, -0.25470954179763794, -0.19289550185203552, -1.740025281906128, -1.1016502380371094, 0.11460451036691666, 0.5668324828147888, -0.4202132523059845)
(-1.1315373182296753, 0.02274465747177601, 0.0, -1.0, -1.0, 0.0, -6.7682929039001465, 1.4939024448394775, 0.0, 0.7892239093780518, -6.136467933654785, 0.0, 1000, 1000, 1000, 1000, -1.2808339595794678, -1.2781004905700684, 0.0, -15.614645957946777, 38.48748016357422, 0.6801765561103821, -0.2599976062774658, -0.09589170664548874, 0.3242872357368469, -0.6867333054542542, 0.09895909577608109, -0.13081662356853485, -0.7185908555984497)
(-1.999123215675354, 0.4324600100517273, 0.0, -1.0, -1.0, 0.0, -0.6097561120986938, -2.2560975551605225, 0.0, 5.994739532470703, -8.594759941101074, 0.0, 1000, 1000, 1000, 1000, -1.3388097286224365, -0.7763943672180176, 0.0, -16.474702835083008, 39.58047866821289, 0.5944045782089233, -0.24082012474536896, -0.05029730871319771, 0.30328717827796936, -0.5704795718193054, 0.07287938892841339, 0.768805742263794, 0.2712055444717407)
(-1.9400486946105957, 0.040708135813474655, 0.0, -1.0, -1.0, 0.0, -0.6707317233085632, 4.329268455505371, 0.0, 5.640292167663574, -6.244248867034912, 0.0, 1000, 1000, 1000, 1000, -1.791402816772461, -0.3694782257080078, 0.0, -16.452449798583984, 39.870880126953125, 0.5679921507835388, -0.2283456176519394, -0.05470629036426544, 0.2849402129650116, -0.9516165256500244, 0.05553728714585304, -0.05079567804932594, -0.9468749165534973)
(-2.2454545497894287, 0.182740718126297, 0.0, -1.0, -1.0, 0.0, -1.9817073345184326, -0.0, 0.0, 7.472727298736572, -7.096444129943848, 0.0, 1000, 1000, 1000, 1000, -1.986267328262329, -1.0587615966796875, 0.0, -16.870275497436523, 40.58230972290039, 0.8508991003036499, -0.20679959654808044, -0.0343104787170887, 0.6097890138626099, -0.6386799812316895, 0.03729821741580963, 0.3724157214164734, -0.22896604239940643)
(-1.9042954444885254, 0.21033106744289398, 0.0, -1.0, -1.0, 0.0, 3.0182926654815674, 0.396341472864151, 0.0, 5.425772666931152, -7.261986255645752, 0.0, 1000, 1000, 1000, 1000, -1.5479459762573242, -0.6588597297668457, 0.0, -16.710521697998047, 41.15152359008789, 0.21667319536209106, -0.19186937808990479, -0.03919684514403343, -0.014393020421266556, -0.6892494559288025, 0.013248947449028492, 0.008778830990195274, -0.66722172498703)
(-2.364671468734741, -0.3172249495983124, 0.0, -1.0, 0.0, 0.0, -2.77439022064209, -1.0670732259750366, 0.0, 8.188028335571289, 1.9033496379852295, 0.0, 1000, 1000, 1000, 1000, -1.8255436420440674, -1.0658721923828125, 0.0, -17.3878173828125, 41.19999694824219, 0.9866176843643188, -0.17071466147899628, -0.055072687566280365, 0.7608303427696228, 0.2673380374908447, 0.0006047620554454625, 0.5107736587524414, 0.778716504573822)
(-3.007133960723877, -1.3347278833389282, 0.0, -1.0, -1.0, 0.0, 3.8109755516052246, -6.25, 0.0, 12.042803764343262, 2.0083673000335693, 0.0, 1000, 1000, 1000, 1000, -2.381621837615967, -0.7095184326171875, 0.0, -18.375316619873047, 40.30350875854492, 0.7408645749092102, -0.1331125795841217, -0.3257811665534973, 0.2819708287715912, 0.7432530522346497, 0.012151653878390789, 0.3798409104347229, 1.135245680809021)
(-2.5944857597351074, -1.5495808124542236, 0.0, -1.0, -1.0, 0.0, -4.847560882568359, -2.317073106765747, 0.0, 9.566914558410645, 3.297484874725342, 0.0, 1000, 1000, 1000, 1000, -2.5427465438842773, -2.8466572761535645, 0.0, -18.159164428710938, 40.664634704589844, 1.2973028421401978, -0.11411060392856598, 0.03265920281410217, 1.2158514261245728, 0.5053102374076843, 0.01889847218990326, 0.5800709128379822, 1.104279637336731)
(-2.0330567359924316, -2.916724920272827, 0.0, 0.0, -1.0, 0.0, 2.0731706619262695, -7.5, 0.0, 12.19834041595459, 11.500349044799805, 0.0, 1000, 1000, 1000, 1000, -1.2864651679992676, -2.700117349624634, 0.0, -17.838884353637695, 39.15214157104492, 0.9112652540206909, -0.09719807654619217, 0.17010802030563354, 0.9841752052307129, 1.7100313901901245, 0.05685386061668396, 0.09684818983078003, 1.8637334108352661)
(-1.2895909547805786, -3.752692937850952, 0.0, -1.0, -1.0, 0.0, 0.3658536672592163, 4.817073345184326, 0.0, 1.7375457286834717, 16.516157150268555, 0.0, 1000, 1000, 1000, 1000, -1.7356464862823486, -3.968057155609131, 0.0, -17.034313201904297, 38.483089447021484, 0.12345228344202042, -0.09721465408802032, -0.04170119762420654, -0.015463563613593578, 1.05291748046875, 0.10223650932312012, -0.2283088117837906, 0.9268451929092407)
(-0.8604838848114014, -3.0323824882507324, 0.0, -1.0, -1.0, 0.0, -3.871951103210449, -3.0182926654815674, 0.0, -0.8370966911315918, 12.194294929504395, 0.0, 1000, 1000, 1000, 1000, -0.865973949432373, -3.5291495323181152, 0.0, -16.63111686706543, 39.42668533325195, 0.2731368839740753, -0.10183044523000717, 0.2218911200761795, 0.39319756627082825, 1.3691328763961792, 0.1236857995390892, 0.3534926474094391, 1.846311330795288)
(0.368014395236969, -4.2563300132751465, 0.0, -1.0, -1.0, 0.0, 9.268292427062988, -0.6402438879013062, 0.0, -8.208086013793945, 19.537979125976562, 0.0, 1100, 1100, 1100, 1100, -0.44324326515197754, -4.423498630523682, 0.0, -15.506880760192871, 38.353363037109375, -1.5728741884231567, -0.11669956147670746, -0.056433431804180145, -1.7460070848464966, 1.8160400390625, 0.1777588278055191, -0.12718962132930756, 1.8666092157363892)
(-2.5069496631622314, -2.507693290710449, 0.0, -1.0, -1.0, 0.0, -1.402438998222351, 6.128048896789551, 0.0, 9.041698455810547, 9.046159744262695, 0.0, 1100, 1100, 1100, 1100, -0.6127574443817139, 0.3501901626586914, 0.0, -18.32013702392578, 40.40519332885742, 0.9399724006652832, -0.09180174767971039, -0.9606974720954895, -0.11252681910991669, 0.26262998580932617, 0.19745492935180664, 0.20512790977954865, 0.6652128100395203)
(-3.5816266536712646, -1.421979308128357, 0.0, -1.0, -1.0, 0.0, 1.1585365533828735, -3.170731782913208, 0.0, 15.48975944519043, 2.5318758487701416, 0.0, 1154, 1173, 1175, 1152, -1.8062095642089844, -2.1694815158843994, 0.0, -19.738428115844727, 42.40503692626953, 1.289810061454773, -0.050960928201675415, -0.8062466979026794, 0.4326024055480957, 0.5132346749305725, 0.18979384005069733, 0.5714172124862671, 1.2744457721710205)
(-1.2873892784118652, -1.551005482673645, 0.0, -1.0, -1.0, 0.0, 6.463414669036865, 18.567073822021484, 0.0, 1.7243356704711914, 3.30603289604187, 0.0, 1249, 1270, 1266, 1253, 0.2556283473968506, 2.3521432876586914, 0.0, -18.03461456298828, 43.59010314941406, -0.4265170991420746, -0.04728604853153229, -0.730186402797699, -1.2039895057678223, -1.3734936714172363, 0.194218248128891, -0.8237720131874084, -2.003047466278076)
(-2.115696430206299, 1.8762879371643066, 0.0, -1.0, -1.0, 0.0, -7.042683124542236, 34.32926940917969, 0.0, 6.694178581237793, -17.257728576660156, 0.0, 1319, 1356, 1341, 1334, -0.6669161319732666, -23.872709274291992, 0.0, -18.74208641052246, 47.51493835449219, 1.2363176345825195, -0.03403417766094208, -0.27543413639068604, 0.9268493056297302, -4.642829895019531, 0.12117502838373184, -3.317128896713257, -7.8387837409973145)
(-4.86270809173584, 4.554240703582764, 0.0, -1.0, 0.0, 0.0, 22.560976028442383, 70.73170471191406, 0.0, 23.17624855041504, -27.325443267822266, 0.0, 1401, 1446, 1416, 1431, -3.9592370986938477, 3.1202077865600586, 0.0, -20.93309211730957, 50.101524353027344, 0.05537452548742294, 0.012565289624035358, -2.5775039196014404, -2.509564161300659, -8.825142860412598, 0.03334997594356537, -5.989121437072754, -14.780914306640625)
(1.252449631690979, 9.692931175231934, 0.0, -1.0, -1.0, 0.0, 20.091463088989258, 31.40243911743164, 0.0, -13.514698028564453, -64.15758514404297, 0.0, 1441, 1474, 1455, 1460, 0.06082141399383545, 17.873130798339844, 0.0, -13.930191993713379, 57.6978645324707, -3.02455472946167, -0.052340734750032425, -0.1333189606666565, -3.210214376449585, -8.60040283203125, -0.15553618967533112, -0.7682519555091858, -9.524190902709961)
(-1.9162890911102295, 12.6973237991333, 0.0, -1.0, -1.0, 0.0, -49.93902587890625, 5.8231706619262695, 0.0, 5.497734546661377, -82.18394470214844, 0.0, 1430, 1483, 1468, 1445, -57.444339752197266, 13.910343170166016, 0.0, -15.22500991821289, 63.189476013183594, 4.9893083572387695, -0.0650634691119194, 4.3660888671875, 9.29033374786377, -7.920640468597412, -0.3851282000541687, 0.6142333149909973, -7.691535472869873)
(-7.575576305389404, 9.743963241577148, 0.0, 0.0, -1.0, 0.0, -106.18902587890625, -43.475608825683594, 0.0, 45.45345687866211, -64.46377563476562, 0.0, 1430, 1483, 1485, 1428, 16.055850982666016, -14.77816104888916, 0.0, -23.458541870117188, 60.989463806152344, 13.647823333740234, 0.057051029056310654, 3.82192063331604, 17.52679443359375, -1.8889349699020386, -0.5378957986831665, 3.758884906768799, 1.3320541381835938)
(-49.73421096801758, 7.9416069984436035, 0.0, -1.0, -1.0, 0.0, 149.84756469726562, 78.6280517578125, 0.0, 292.4052734375, -53.64964294433594, 0.0, 1426, 1487, 1441, 1472, -30.400196075439453, 52.404056549072266, 0.0, -80.54802703857422, 59.00088119506836, 12.830193519592285, 1.1560875177383423, -16.62471580505371, -2.6384339332580566, -11.90499210357666, -0.6321977376937866, -10.125818252563477, -22.663007736206055)
(9.278594017028809, 2.758349657058716, 0.0, -1.0, -1.0, 0.0, 17.560976028442383, 94.05487823486328, 0.0, -61.67156219482422, -22.550098419189453, 0.0, 1422, 1491, 1448, 1465, -15.566909790039062, -42.01338577270508, 0.0, -24.371339797973633, 54.10483932495117, -7.130928039550781, 0.7540427446365356, 9.251717567443848, 2.8748323917388916, -10.4944486618042, -0.6741693615913391, -10.135261535644531, -21.303878784179688)
(1.037024736404419, 4.432459831237793, 0.0, -1.0, -1.0, 0.0, -42.19512176513672, 31.890243530273438, 0.0, -12.222148895263672, -32.594757080078125, 0.0, 1467, 1524, 1503, 1488, -39.60822296142578, 2.165607452392578, 0.0, -22.877288818359375, 56.35605239868164, 2.6975674629211426, 0.6446762084960938, 4.869887351989746, 8.21213150024414, -5.80364990234375, -0.7702903151512146, -3.688585042953491, -10.26252555847168)
(0.44622802734375, 8.452807426452637, 0.0, -1.0, -1.0, 0.0, 38.65853500366211, -17.560976028442383, 0.0, -8.6773681640625, -56.71684265136719, 0.0, 1486, 1503, 1499, 1490, 16.027793884277344, 57.37262725830078, 0.0, -19.927583694458008, 60.05787658691406, -4.2602314949035645, 0.5967656373977661, 0.12078826129436493, -3.542677402496338, -3.5240280628204346, -0.9088313579559326, 1.9899250268936157, -2.442934513092041)
(-10.343013763427734, 9.026144027709961, 0.0, -1.0, -1.0, 0.0, -292.98779296875, 139.63414001464844, 0.0, 56.058082580566406, -60.156864166259766, 0.0, 1411, 1580, 1517, 1474, 21.82178497314453, -22.7498779296875, 0.0, -32.955020904541016, 62.52266311645508, 31.414127349853516, 0.7119628190994263, 10.759127616882324, 42.88521957397461, -17.981189727783203, -1.0862499475479126, -12.16097354888916, -31.228412628173828)
(-33.51201629638672, 3.404789686203003, 0.0, -1.0, -1.0, 0.0, 158.1707305908203, 53.04878234863281, 0.0, 195.0720977783203, -26.42873764038086, 0.0, 1476, 1513, 1485, 1504, -22.83030891418457, 40.42043685913086, 0.0, -66.16386413574219, 58.54446029663086, 3.3211231231689453, 1.482426404953003, -10.233579635620117, -5.430030345916748, -7.152976989746094, -1.1296719312667847, -5.4224700927734375, -13.705119132995605)
(20.844482421875, 6.110540390014648, 0.0, -1.0, -1.0, 0.0, 96.18902587890625, -71.43292999267578, 0.0, -131.06689453125, -42.66324234008789, 0.0, 1503, 1486, 1497, 1492, 24.48770523071289, 22.93492889404297, 0.0, -2.145871639251709, 59.750091552734375, -20.453033447265625, 0.8220798373222351, 6.382837772369385, -13.248115539550781, 2.5892717838287354, -1.2533175945281982, 4.182962894439697, 5.518917083740234)
(-0.3435238301753998, 9.915229797363281, 0.0, -1.0, 0.0, 0.0, -52.89634323120117, 17.89634132385254, 0.0, -3.938857078552246, -59.49137878417969, 0.0, 1472, 1517, 1500, 1489, -9.300334930419922, 10.281644821166992, 0.0, -14.945719718933105, 66.4653549194336, 4.4061737060546875, 0.7524771094322205, -1.165595293045044, 3.993055582046509, -6.964894771575928, -1.4322761297225952, -0.41047778725624084, -8.807648658752441)
(8.653959274291992, 7.0324177742004395, 0.0, -1.0, -1.0, 0.0, -23.35365867614746, -7.713414669036865, 0.0, -57.92375564575195, -48.19450759887695, 0.0, 1482, 1507, 1504, 1485, 13.412456512451172, -3.015590190887451, 0.0, -5.46218204498291, 67.56871032714844, -3.1113088130950928, 0.5675550699234009, 3.527108907699585, 0.9833551645278931, -3.643298387527466, -1.5734198093414307, 3.3215878009796143, -1.8951305150985718)
(-51.259437561035156, 1.7582100629806519, 0.0, -1.0, -1.0, 0.0, -76.25, 8.841463088989258, 0.0, 301.556640625, -16.54926109313965, 0.0, 1462, 1527, 1520, 1469, -37.728904724121094, 25.685157775878906, 0.0, -73.29631805419922, 67.99052429199219, 34.00259780883789, 1.506669521331787, -16.34429168701172, 19.164976119995117, -2.2851650714874268, -1.6528762578964233, 0.7660494446754456, -3.171992063522339)
(18.112367630004883, -10.043272018432617, 0.0, 0.0, -1.0, 0.0, 191.76829528808594, -3.2926828861236572, 0.0, -108.67420959472656, 54.2596321105957, 0.0, 1506, 1483, 1487, 1502, -25.79241943359375, -57.9243049621582, 0.0, -3.4822733402252197, 65.7636947631836, -27.039825439453125, 1.0121365785598755, 6.282028675079346, -19.74566078186035, 5.179708480834961, -1.6384278535842896, -1.6977359056472778, 1.8435444831848145)
(-4.003703594207764, -0.16796229779720306, 0.0, -1.0, -1.0, 0.0, -57.43902587890625, 24.817073822021484, 0.0, 18.022220611572266, -4.9922261238098145, 0.0, 1475, 1514, 1505, 1484, 8.819012641906738, -7.931011199951172, 0.0, -20.3562068939209, 75.98807525634766, 6.7915120124816895, 1.0288853645324707, -3.065530300140381, 4.754867076873779, -2.6828370094299316, -1.676730751991272, -0.2279171198606491, -4.587484836578369)
(1.0672283172607422, 6.802080154418945, 0.0, -1.0, -1.0, 0.0, 31.79878044128418, 5.182926654815674, 0.0, -12.403369903564453, -46.81248092651367, 0.0, 1478, 1511, 1494, 1495, 7.160543918609619, -15.083114624023438, 0.0, -9.319769859313965, 73.01628875732422, -3.9781932830810547, 0.9387269020080566, 1.2360289096832275, -1.80343759059906, -4.679586410522461, -1.715830683708191, -2.384422779083252, -8.779840469360352)
(-53.44718933105469, 4.603687286376953, 0.0, -1.0, -1.0, 0.0, -218.68902587890625, -45.57926940917969, 0.0, 314.6831359863281, -33.62212371826172, 0.0, 1447, 1542, 1552, 1437, -32.01863479614258, 21.992551803588867, 0.0, -76.10208892822266, 71.40299987792969, 48.00349807739258, 1.8792250156402588, -7.380550861358643, 42.50217056274414, 1.0761431455612183, -1.8074061870574951, 5.874534606933594, 5.143271446228027)
(22.39386558532715, 1.8565706014633179, 0.0, -1.0, -1.0, 0.0, 300.94512939453125, 108.04878234863281, 0.0, -140.36318969726562, -17.139423370361328, 0.0, 1502, 1487, 1452, 1537, -6.388544082641602, -69.25695037841797, 0.0, -3.0809147357940674, 72.43743133544922, -39.717750549316406, 1.429835557937622, 3.384645700454712, -34.90326690673828, -11.266938209533691, -1.8856709003448486, -4.168114185333252, -17.320722579956055)
(0.21891862154006958, -2.645738124847412, 0.0, -1.0, -1.0, 0.0, -107.74390411376953, 109.45121765136719, 0.0, -7.313511848449707, 9.874428749084473, 0.0, 1456, 1535, 1493, 1498, -1.7378082275390625, -14.389873504638672, 0.0, -18.331064224243164, 72.90299224853516, 9.038735389709473, 1.332268238067627, -1.7236260175704956, 8.647377014160156, -8.96191120147705, -1.8991068601608276, -9.939621925354004, -20.800640106201172)
(-11.909132957458496, -3.8224565982818604, 0.0, -1.0, -1.0, 0.0, -236.3719482421875, -80.88414764404297, 0.0, 65.45479583740234, 16.93474006652832, 0.0, 1456, 1533, 1560, 1429, -6.862424850463867, 34.266563415527344, 0.0, -29.550731658935547, 72.19280242919922, 27.16440773010254, 1.482846975326538, 13.16397762298584, 41.81123352050781, 8.803699493408203, -1.8929924964904785, 6.6150922775268555, 13.525799751281738)
(-56.03724670410156, 4.7733612060546875, 0.0, -1.0, -1.0, 0.0, -152.256103515625, 24.786584854125977, 0.0, 330.2234802246094, -34.640167236328125, 0.0, 1430, 1559, 1544, 1445, -22.243318557739258, -9.174875259399414, 0.0, -90.02495574951172, 78.78731536865234, 43.42316436767578, 2.615429639816284, 0.7511851787567139, 46.78977584838867, -5.348407745361328, -1.9867533445358276, -0.3764845132827759, -7.711645603179932)
(-34.731903076171875, 4.6295037269592285, 0.0, 0.0, -1.0, 0.0, 43.2621955871582, -5.487804889678955, 0.0, 208.39141845703125, -33.77702331542969, 0.0, 1459, 1530, 1517, 1472, 19.455360412597656, 8.392781257629395, 0.0, -76.09965515136719, 77.6305923461914, 14.8616304397583, 3.1224443912506104, 0.6249633431434631, 18.609037399291992, -2.546029806137085, -2.074636936187744, -1.8864368200302124, -6.507103443145752)
(-45.55769729614258, 6.184354782104492, 0.0, -1.0, -1.0, 0.0, 10.54878044128418, -34.878047943115234, 0.0, 267.34619140625, -43.10612869262695, 0.0, 1464, 1525, 1528, 1461, -36.32844543457031, 25.324996948242188, 0.0, -92.6596908569336, 80.00617218017578, 23.11176872253418, 3.8711514472961426, -4.628351211547852, 22.354568481445312, -0.7405272722244263, -2.197051763534546, 4.342604160308838, 1.4050253629684448)
(-33.25528335571289, 6.961308479309082, 0.0, -1.0, -1.0, 0.0, 2.4695122241973877, 21.707317352294922, 0.0, 193.53170776367188, -47.767852783203125, 0.0, 1453, 1538, 1519, 1472, -12.047016143798828, -14.400201797485352, 0.0, -81.56382751464844, 81.76592254638672, 17.19559669494629, 4.292465686798096, 1.7094391584396362, 23.19750213623047, -6.252765655517578, -2.3247547149658203, -1.1717095375061035, -9.74923038482666)
(-33.773014068603516, 7.1949334144592285, 0.0, -1.0, -1.0, 0.0, -19.725608825683594, 73.10975646972656, 0.0, 196.63809204101562, -49.16960144042969, 0.0, 1438, 1551, 1512, 1477, -70.14765930175781, 7.561729431152344, 0.0, -82.12740325927734, 83.95691680908203, 19.472734451293945, 4.755520820617676, 2.566211223602295, 26.794466018676758, -11.005142211914062, -2.451216697692871, -5.929170608520508, -19.385530471801758)
(-29.6468448638916, 4.389448165893555, 0.0, -1.0, -1.0, 0.0, 57.835365295410156, -17.957317352294922, 0.0, 171.88107299804688, -32.33668899536133, 0.0, 1471, 1518, 1516, 1473, -16.33898162841797, 5.754325866699219, 0.0, -76.23529815673828, 83.8906021118164, 10.264113426208496, 5.1348724365234375, -2.9185335636138916, 12.480452537536621, -1.2941434383392334, -2.5616278648376465, 2.7955994606018066, -1.0601717233657837)
(-32.12469482421875, 4.645575523376465, 0.0, -1.0, -1.0, 0.0, 13.262195587158203, 27.408536911010742, 0.0, 186.7481689453125, -33.873451232910156, 0.0, 1456, 1535, 1514, 1477, -36.824092864990234, -50.50206756591797, 0.0, -79.79475402832031, 86.59883880615234, 15.613738059997559, 5.585651874542236, -2.278698205947876, 18.920692443847656, -5.515378952026367, -2.6770691871643066, -2.3932301998138428, -10.585678100585938)
(-27.617351531982422, 7.948117733001709, 0.0, -1.0, -1.0, 0.0, 28.75, -2.7439024448394775, 0.0, 159.7041015625, -53.68870544433594, 0.0, 1461, 1528, 1513, 1476, 10.022659301757812, 21.97293472290039, 0.0, -75.26410675048828, 88.91151428222656, 11.785869598388672, 5.950778961181641, -1.9249149560928345, 15.81173324584961, -4.585031986236572, -2.814936637878418, 0.17774328589439392, -7.222225189208984)
(-25.69734001159668, 7.977897644042969, 0.0, -1.0, -1.0, 0.0, -12.591463088989258, 20.54878044128418, 0.0, 148.1840362548828, -53.86738586425781, 0.0, 1448, 1541, 1515, 1474, -66.30196380615234, -11.135200500488281, 0.0, -72.59808349609375, 90.34262084960938, 14.469795227050781, 6.278061389923096, 2.6829824447631836, 23.43083953857422, -6.697454929351807, -2.9588451385498047, -3.0771234035491943, -12.733423233032227)
(-19.221113204956055, 5.866647243499756, 0.0, -1.0, 0.0, 0.0, 30.762195587158203, -67.40853881835938, 0.0, 109.32667541503906, -35.19988250732422, 0.0, 1477, 1512, 1520, 1469, -2.104935646057129, 56.94926452636719, 0.0, -67.8152847290039, 88.71136474609375, 7.070803642272949, 6.5283074378967285, -2.112339735031128, 11.486771583557129, 2.8987791538238525, -3.0500435829162598, 4.227546691894531, 4.076282024383545)
(-22.186738967895508, 6.234686851501465, 0.0, -1.0, -1.0, 0.0, -9.054878234863281, -12.865853309631348, 0.0, 127.12043762207031, -43.408119201660156, 0.0, 1460, 1529, 1521, 1468, -27.700042724609375, -5.0, 0.0, -66.56742858886719, 90.7735595703125, 12.255779266357422, 6.788367748260498, 1.095616102218628, 20.13976287841797, -2.7488040924072266, -3.1794233322143555, 1.8985228538513184, -4.029704570770264)
(-19.231443405151367, 5.864495277404785, 0.0, -1.0, -1.0, 0.0, -0.21341463923454285, 23.170732498168945, 0.0, 109.38865661621094, -41.186973571777344, 0.0, 1453, 1536, 1512, 1477, -66.51580047607422, 14.588315963745117, 0.0, -58.418514251708984, 90.69782257080078, 9.86418628692627, 6.977343559265137, 2.7333645820617676, 19.57489585876465, -5.792193412780762, -3.2792739868164062, -2.5353403091430664, -11.606807708740234)
(-18.138225555419922, 8.379892349243164, 0.0, -1.0, -1.0, 0.0, 3.7195122241973877, -13.993902206420898, 0.0, 102.82935333251953, -56.279354095458984, 0.0, 1464, 1527, 1516, 1475, -22.826828002929688, -11.357288360595703, 0.0, -58.2380256652832, 93.26947784423828, 8.919885635375977, 7.241099834442139, -0.4334125816822052, 15.72757339477539, -3.8056907653808594, -3.405139207839966, 1.636502981185913, -5.574326992034912)
(-15.121258735656738, 6.254403114318848, 0.0, -1.0, -1.0, 0.0, -24.390243530273438, 35.09146499633789, 0.0, 84.72755432128906, -43.52642059326172, 0.0, 1452, 1539, 1515, 1476, -18.27444076538086, -8.822693824768066, 0.0, -52.647029876708984, 93.2906494140625, 9.820601463317871, 7.421082019805908, 4.147423267364502, 21.38910675048828, -7.075610160827637, -3.506047010421753, -1.5368273258209229, -12.118484497070312)
(-15.906974792480469, 7.181954383850098, 0.0, -1.0, -1.0, 0.0, 34.42073059082031, 8.170731544494629, 0.0, 89.44184875488281, -49.09172821044922, 0.0, 1467, 1524, 1507, 1484, -11.309453010559082, -16.615859985351562, 0.0, -51.91028594970703, 92.93392181396484, 4.951900482177734, 7.602557182312012, -2.484431505203247, 10.070026397705078, -5.153621196746826, -3.6160595417022705, -0.11256932467222214, -8.88224983215332)
(-15.505475997924805, 7.30797815322876, 0.0, -1.0, -1.0, 0.0, 21.4939022064209, 0.9756097793579102, 0.0, 87.03285217285156, -49.847869873046875, 0.0, 1466, 1525, 1510, 1481, -10.576165199279785, -8.370529174804688, 0.0, -51.98789596557617, 94.5781478881836, 5.898505210876465, 7.820096492767334, -1.740821361541748, 11.97778034210205, -4.574112892150879, -3.758681058883667, 1.0579590797424316, -7.274835109710693)
(-9.332276344299316, 6.904333591461182, 0.0, -1.0, -1.0, 0.0, -1.7682926654815674, 15.70121955871582, 0.0, 49.99365997314453, -47.426002502441406, 0.0, 1462, 1529, 1508, 1483, 5.426889896392822, -16.36359405517578, 0.0, -47.47509002685547, 98.33377075195312, 4.658575534820557, 7.926116943359375, 0.42318814992904663, 13.007881164550781, -5.681449890136719, -3.8986949920654297, -0.661782443523407, -10.241927146911621)
(-16.449369430541992, 8.934928894042969, 0.0, -1.0, 0.0, 0.0, -1.4329267740249634, -16.341463088989258, 0.0, 92.69621276855469, -53.60957336425781, 0.0, 1463, 1528, 1515, 1476, -18.094188690185547, -19.278156280517578, 0.0, -49.154205322265625, 94.29537200927734, 8.471622467041016, 8.113384246826172, -0.3895179331302643, 16.19548797607422, -3.3541300296783447, -3.985440969467163, 0.6105625629425049, -6.729008674621582)
(-13.180102348327637, 9.39578914642334, 0.0, -1.0, -1.0, 0.0, -8.079268455505371, 67.71341705322266, 0.0, 73.08061218261719, -62.374732971191406, 0.0, 1448, 1543, 1501, 1490, -22.471717834472656, 2.743453025817871, 0.0, -47.20756149291992, 98.22998809814453, 7.304389476776123, 8.30085563659668, 0.9074555039405823, 16.5127010345459, -11.70793342590332, -4.156747817993164, -5.351578712463379, -21.21626091003418)
(-13.093143463134766, 10.110954284667969, 0.0, -1.0, -1.0, 0.0, -6.707316875457764, -3.2926828861236572, 0.0, 72.5588607788086, -66.66572570800781, 0.0, 1462, 1529, 1515, 1476, -13.20004940032959, -27.53426742553711, 0.0, -48.34538269042969, 98.72279357910156, 7.133955478668213, 8.493843078613281, 0.688978374004364, 16.3167781829834, -5.703573703765869, -4.320657730102539, 2.9533326625823975, -7.07089900970459)
(-13.612771034240723, 9.513084411621094, 0.0, -1.0, -1.0, 0.0, -14.939023971557617, -4.847560882568359, 0.0, 75.67662811279297, -63.07850646972656, 0.0, 1458, 1533, 1513, 1478, -27.24748420715332, 1.7809562683105469, 0.0, -49.53851318359375, 99.96304321289062, 8.15540885925293, 8.675378799438477, 0.8051846027374268, 17.635971069335938, -5.240785121917725, -4.4862260818481445, -0.6167533993721008, -10.343764305114746)
(-11.698646545410156, 7.437589645385742, 0.0, -1.0, -1.0, 0.0, 37.164634704589844, -25.274391174316406, 0.0, 64.19187927246094, -50.62553787231445, 0.0, 1475, 1516, 1513, 1478, 7.696860313415527, -17.774028778076172, 0.0, -46.14263916015625, 102.2325439453125, 2.4324519634246826, 8.820873260498047, -2.717674732208252, 8.535650253295898, -2.2816030979156494, -4.637869834899902, 5.415120601654053, -1.5043525695800781)
(-14.87853717803955, 10.78288745880127, 0.0, -1.0, -1.0, 0.0, -49.878047943115234, 6.158536434173584, 0.0, 83.27122497558594, -70.69732666015625, 0.0, 1448, 1543, 1517, 1474, -51.78575134277344, 31.206634521484375, 0.0, -49.59355926513672, 103.76168060302734, 11.983434677124023, 9.000412940979004, 3.4210851192474365, 24.404932022094727, -6.917027950286865, -4.794837474822998, -1.3067225217819214, -13.018588066101074)
(-16.929401397705078, 8.6856689453125, 0.0, -1.0, -1.0, 0.0, -22.7439022064209, -12.743902206420898, 0.0, 95.57640838623047, -58.114013671875, 0.0, 1457, 1534, 1519, 1472, -16.00901985168457, 35.66551208496094, 0.0, -49.97038650512695, 103.86961364746094, 10.648828506469727, 9.217999458312988, 1.001135230064392, 20.867961883544922, -4.083309650421143, -4.921920299530029, 1.4491450786590576, -7.556085109710693)
(-37.116329193115234, 7.482844352722168, 0.0, -1.0, -1.0, 0.0, -92.1036605834961, 66.82926940917969, 0.0, 216.69796752929688, -50.897064208984375, 0.0, 1427, 1564, 1517, 1474, -12.974698066711426, -13.559328079223633, 0.0, -73.12418365478516, 102.67859649658203, 27.792146682739258, 9.804466247558594, -2.868434429168701, 34.728179931640625, -10.595370292663574, -5.030277252197266, -7.899149417877197, -23.524797439575195)
(-38.69252014160156, 4.280772686004639, 0.0, -1.0, 0.0, 0.0, -41.76829147338867, 32.28658676147461, 0.0, 226.15512084960938, -25.684635162353516, 0.0, 1434, 1557, 1532, 1459, -11.338284492492676, -10.303428649902344, 0.0, -80.55711364746094, 100.8016128540039, 24.11310577392578, 10.444310188293457, 4.293370246887207, 38.85078811645508, -5.217410087585449, -5.095757007598877, -2.0510129928588867, -12.364179611206055)
(-32.921939849853516, 6.0390214920043945, 0.0, -1.0, -1.0, 0.0, -5.762195110321045, 20.030487060546875, 0.0, 191.53164672851562, -42.234130859375, 0.0, 1444, 1547, 1525, 1466, -4.6162567138671875, -18.79901885986328, 0.0, -78.23699188232422, 101.82583618164062, 17.756444931030273, 10.918078422546387, 2.01665997505188, 30.69118309020996, -5.60381555557251, -5.188472747802734, -0.20302891731262207, -10.995317459106445)
(-30.53425407409668, 9.983591079711914, 0.0, -1.0, -1.0, 0.0, 12.195121765136719, 90.48780822753906, 0.0, 177.2055206298828, -65.90155029296875, 0.0, 1432, 1559, 1504, 1487, -42.09476852416992, 4.575145721435547, 0.0, -77.4892349243164, 105.37554168701172, 14.850936889648438, 11.340536117553711, 0.0638684555888176, 26.255340576171875, -14.075042724609375, -5.347268581390381, -8.131561279296875, -27.55387306213379)
(-32.93180847167969, 4.707242965698242, 0.0, 0.0, -1.0, 0.0, 13.04878044128418, 20.335365295410156, 0.0, 197.59085083007812, -34.24345779418945, 0.0, 1444, 1547, 1521, 1470, -31.765403747558594, 8.0076904296875, 0.0, -76.68021392822266, 101.3600082397461, 16.60878562927246, 11.770282745361328, 0.11746396869421005, 28.496532440185547, -4.9120941162109375, -5.426064968109131, -2.659423351287842, -12.99758243560791)
(-27.40825843811035, 5.703723907470703, 0.0, -1.0, -1.0, 0.0, 15.27439022064209, -5.457316875457764, 0.0, 158.44955444335938, -40.22234344482422, 0.0, 1451, 1538, 1521, 1468, -23.266794204711914, 48.089691162109375, 0.0, -71.02165222167969, 101.82936096191406, 12.885765075683594, 12.129220008850098, 0.13838642835617065, 25.153371810913086, -3.128852367401123, -5.514869213104248, 0.28391629457473755, -8.3598051071167)
(-26.369571685791016, 9.66259765625, 0.0, -1.0, -1.0, 0.0, -0.12195122241973877, 22.286584854125977, 0.0, 152.21743774414062, -63.9755859375, 0.0, 1446, 1547, 1520, 1473, -20.994205474853516, -25.547191619873047, 0.0, -70.75885009765625, 106.10955047607422, 13.71054458618164, 12.485456466674805, 0.8651204109191895, 27.061120986938477, -7.763595104217529, -5.6843156814575195, -0.2049284130334854, -13.652839660644531)
(-22.29861831665039, 9.783856391906738, 0.0, -1.0, -1.0, 0.0, -11.890243530273438, 77.68292999267578, 0.0, 127.79170989990234, -64.70314025878906, 0.0, 1430, 1561, 1507, 1484, -36.279781341552734, 25.596166610717773, 0.0, -64.9545669555664, 104.61640930175781, 12.571374893188477, 12.730822563171387, 3.048091411590576, 28.35028839111328, -12.814746856689453, -5.823910713195801, -8.371163368225098, -27.00982093811035)
(-17.37322425842285, 9.871447563171387, 0.0, -1.0, -1.0, 0.0, 24.329267501831055, -16.25, 0.0, 98.23934936523438, -65.22868347167969, 0.0, 1458, 1533, 1515, 1476, -4.084740161895752, 13.366741180419922, 0.0, -62.71156311035156, 103.98927307128906, 6.651906967163086, 12.99013900756836, -1.24149489402771, 18.400550842285156, -4.408081531524658, -5.968124866485596, 1.4256963729858398, -8.950510025024414)
(-21.262407302856445, 9.470067977905273, 0.0, -1.0, 0.0, 0.0, 50.15243911743164, -11.737804412841797, 0.0, 121.57444763183594, -56.82040786743164, 0.0, 1462, 1529, 1511, 1480, 22.752622604370117, 33.1123046875, 0.0, -65.97177124023438, 106.40361022949219, 6.427980899810791, 13.281839370727539, -5.092874050140381, 14.61694622039795, -4.05743408203125, -6.140830039978027, 1.4436808824539185, -8.754583358764648)
(-16.35757827758789, 10.578266143798828, 0.0, -1.0, -1.0, 0.0, -4.207316875457764, -24.664634704589844, 0.0, 92.14546966552734, -69.46959686279297, 0.0, 1455, 1536, 1521, 1470, -19.11307716369629, 3.494953155517578, 0.0, -59.97160720825195, 109.48426818847656, 8.67175006866455, 13.452895164489746, 0.6216580271720886, 22.74630355834961, -4.032446384429932, -6.32227897644043, 2.824648141860962, -7.5300774574279785)
(-16.928752899169922, 10.115893363952637, 0.0, -1.0, -1.0, 0.0, -10.0, -40.54878234863281, 0.0, 95.57251739501953, -66.69535827636719, 0.0, 1456, 1535, 1525, 1466, -6.468049049377441, -11.93433666229248, 0.0, -58.866737365722656, 110.31719970703125, 9.501526832580566, 13.682769775390625, 1.023098349571228, 24.207395553588867, -2.35319185256958, -6.4900922775268555, 3.701991319656372, -5.141292572021484)
(-18.13861846923828, 10.715497970581055, 0.0, -1.0, -1.0, 0.0, -41.79878234863281, 32.43902587890625, 0.0, 102.83171081542969, -70.29298400878906, 0.0, 1435, 1556, 1518, 1473, -74.35537719726562, -7.8115692138671875, 0.0, -59.73609924316406, 111.9277114868164, 13.016744613647461, 13.939348220825195, 4.328890800476074, 31.284982681274414, -9.245881080627441, -6.663618564605713, -3.0684475898742676, -18.977947235107422)
(-13.257487297058105, 6.213198184967041, 0.0, -1.0, -1.0, 0.0, -22.225608825683594, 37.25609588623047, 0.0, 73.544921875, -43.27919006347656, 0.0, 1440, 1551, 1517, 1474, -46.83717727661133, 1.4492216110229492, 0.0, -52.89448165893555, 110.6441650390625, 8.61934757232666, 14.10841178894043, 5.881725788116455, 28.609485626220703, -7.248175621032715, -6.790270805358887, -3.112546920776367, -17.15099334716797)
(-15.908347129821777, 7.926843643188477, 0.0, -1.0, -1.0, 0.0, 12.987804412841797, 66.06707000732422, 0.0, 89.45008087158203, -53.56106185913086, 0.0, 1441, 1552, 1502, 1491, -20.97635841369629, 14.048542022705078, 0.0, -54.7420539855957, 109.3400650024414, 6.88160514831543, 14.308323860168457, -0.8696819543838501, 20.320247650146484, -10.766531944274902, -6.885498523712158, -7.533914566040039, -25.185945510864258)
(-12.298951148986816, 11.543610572814941, 0.0, -1.0, -1.0, 0.0, 10.97560977935791, -33.20121765136719, 0.0, 67.79370880126953, -75.26166534423828, 0.0, 1456, 1535, 1517, 1474, -2.948855400085449, 59.21250915527344, 0.0, -50.8242073059082, 109.85408782958984, 5.11362886428833, 14.45570182800293, 0.9592326879501343, 20.528564453125, -3.78544020652771, -7.036685943603516, 2.2377805709838867, -8.584345817565918)
(-11.972931861877441, 12.969520568847656, 0.0, -1.0, -1.0, 0.0, 8.079268455505371, -12.22560977935791, 0.0, 65.83759307861328, -83.81712341308594, 0.0, 1455, 1536, 1515, 1476, -9.249346733093262, -2.1533310413360596, 0.0, -48.33700180053711, 112.73321533203125, 5.198249340057373, 14.601529121398926, 0.11366317421197891, 19.913442611694336, -6.443236351013184, -7.272308349609375, 3.597898006439209, -10.117647171020508)
(-6.1553802490234375, 12.937605857849121, 0.0, 0.0, -1.0, 0.0, 4.6646342277526855, -28.323171615600586, 0.0, 36.932281494140625, -83.6256332397461, 0.0, 1456, 1535, 1513, 1478, -8.237608909606934, 8.157999038696289, 0.0, -42.46902084350586, 114.86886596679688, 2.904088258743286, 14.641035079956055, 0.7075081467628479, 18.25263214111328, -4.977221488952637, -7.481158256530762, 1.3722028732299805, -11.086176872253418)
(-9.86746883392334, 9.727733612060547, 0.0, -1.0, -1.0, 0.0, 6.6768293380737305, 16.615854263305664, 0.0, 53.204811096191406, -64.36640167236328, 0.0, 1449, 1540, 1509, 1480, -6.152381896972656, 3.901209831237793, 0.0, -39.444175720214844, 113.41030883789062, 4.187518119812012, 14.7222900390625, 1.1537595987319946, 20.063568115234375, -7.288403034210205, -7.645346164703369, -0.8933396935462952, -15.827088356018066)
(-2.4387824535369873, 8.971746444702148, 0.0, -1.0, -1.0, 0.0, -20.39634132385254, -4.969511985778809, 0.0, 8.632694244384766, -59.83047866821289, 0.0, 1457, 1534, 1516, 1475, -9.0236177444458, -2.4809470176696777, 0.0, -35.64920425415039, 117.38394927978516, 2.6126132011413574, 14.75385856628418, 2.30763840675354, 19.674110412597656, -4.9374871253967285, -7.8338623046875, 3.717495918273926, -9.053853034973145)
(-1.9533671140670776, 7.693587779998779, 0.0, -1.0, -1.0, 0.0, 37.92683029174805, -14.84756088256836, 0.0, 5.720202445983887, -52.16152572631836, 0.0, 1467, 1524, 1505, 1486, 18.226696014404297, -7.945483207702637, 0.0, -33.91871643066406, 119.4505844116211, -2.8985965251922607, 14.768492698669434, -2.479231119155884, 9.390665054321289, -3.3582568168640137, -7.97764778137207, 1.8426517248153687, -9.493252754211426)
(-0.47849538922309875, 3.8028957843780518, 0.0, -1.0, -1.0, 0.0, 16.79878044128418, -41.18902587890625, 0.0, -3.1290276050567627, -28.81737518310547, 0.0, 1470, 1519, 1514, 1475, 7.270841598510742, 49.68648147583008, 0.0, -31.20682144165039, 116.40789031982422, -1.7935028076171875, 14.757593154907227, -1.0587937831878662, 11.905296325683594, 1.1134486198425293, -8.0584077835083, 4.383047103881836, -2.5619120597839355)
(-3.781463623046875, 5.707026958465576, 0.0, -1.0, 0.0, 0.0, 29.908536911010742, 34.78658676147461, 0.0, 16.68878173828125, -34.24216079711914, 0.0, 1457, 1534, 1499, 1492, 0.8645570278167725, 3.788397789001465, 0.0, -30.084714889526367, 114.5002670288086, -1.1897779703140259, 14.7609224319458, -2.2296924591064453, 11.341452598571777, -6.212587356567383, -8.115267753601074, -3.0166139602661133, -17.34446907043457)
(-1.9976460933685303, 2.7648913860321045, 0.0, -1.0, -1.0, 0.0, 3.3841464519500732, -16.067073822021484, 0.0, 5.985876560211182, -22.58934783935547, 0.0, 1464, 1527, 1513, 1478, 35.136940002441406, -0.6856441497802734, 0.0, -25.740047454833984, 110.50896453857422, 0.23415571451187134, 14.757061958312988, -0.5066946744918823, 14.484522819519043, -0.5870046615600586, -8.16477108001709, 1.618170976638794, -7.133605003356934)
(-2.7661826610565186, 0.2509010136127472, 0.0, -1.0, -1.0, 0.0, -16.615854263305664, 12.07317066192627, 0.0, 10.597095489501953, -7.505405902862549, 0.0, 1453, 1538, 1514, 1477, -55.34431457519531, 17.783000946044922, 0.0, -25.75650405883789, 107.71644592285156, 2.4491655826568604, 14.775769233703613, 2.859978437423706, 20.08491325378418, -1.762071967124939, -8.17089557647705, -2.0538570880889893, -11.986824035644531)
(-0.781365692615509, 5.349313735961914, 0.0, -1.0, -1.0, 0.0, 27.469512939453125, 14.29878044128418, 0.0, -1.3118058443069458, -38.095882415771484, 0.0, 1458, 1531, 1500, 1489, 4.195648193359375, -2.6428189277648926, 0.0, -21.029525756835938, 107.6684341430664, -2.5903186798095703, 14.738365173339844, -0.8838356137275696, 11.26421070098877, -4.715519428253174, -8.216151237487793, -2.6093575954437256, -15.541028022766113)
(-1.340705156326294, 8.014405250549316, 0.0, -1.0, -1.0, 0.0, -14.237804412841797, 28.689023971557617, 0.0, 2.0442309379577637, -54.08643341064453, 0.0, 1451, 1538, 1504, 1485, -1.5850028991699219, -16.312864303588867, 0.0, -22.531352996826172, 109.7249984741211, 1.4653831720352173, 14.758426666259766, 0.34409865736961365, 16.567909240722656, -7.449791431427002, -8.348713874816895, -1.3152835369110107, -17.113788604736328)
(1.6667841672897339, 10.053704261779785, 0.0, -1.0, -1.0, 0.0, 49.32926940917969, 5.030488014221191, 0.0, -16.00070571899414, -66.32222747802734, 0.0, 1462, 1529, 1493, 1498, 64.69686889648438, -27.06001853942871, 0.0, -19.040647506713867, 107.82835388183594, -5.879697322845459, 14.709856986999512, -3.2130515575408936, 5.617108345031738, -6.421744346618652, -8.482349395751953, -2.9030513763427734, -17.807144165039062)
(2.8090837001800537, 11.43567943572998, 0.0, -1.0, -1.0, 0.0, -7.256097793579102, 46.219512939453125, 0.0, -22.854501724243164, -74.61407470703125, 0.0, 1447, 1542, 1495, 1494, 7.035401344299316, -15.530450820922852, 0.0, -17.511072158813477, 105.92559814453125, -1.4038563966751099, 14.663642883300781, 0.7730595469474792, 14.032845497131348, -10.875022888183594, -8.62712574005127, -3.576615333557129, -23.078763961791992)
(6.007242679595947, 11.614401817321777, 0.0, -1.0, -1.0, 0.0, -7.103658676147461, -15.945121765136719, 0.0, -42.04345703125, -75.68640899658203, 0.0, 1459, 1530, 1504, 1485, 4.775182723999023, 61.82966613769531, 0.0, -14.520369529724121, 108.64556121826172, -3.1445817947387695, 14.543896675109863, 0.7895617485046387, 12.188876152038574, -5.376715660095215, -8.835308074951172, 1.1280951499938965, -13.083928108215332)
(8.96697998046875, 12.400262832641602, 0.0, 0.0, -1.0, 0.0, 14.146341323852539, -33.65853500366211, 0.0, -53.8018798828125, -80.40158081054688, 0.0, 1467, 1522, 1505, 1484, -14.385366439819336, 15.991157531738281, 0.0, -10.897500038146973, 113.53459930419922, -6.115339756011963, 14.38578987121582, 0.8904117941856384, 9.16086196899414, -4.206873893737793, -9.074101448059082, 4.7144694328308105, -8.566506385803223)
(8.388229370117188, 13.024367332458496, 0.0, -1.0, -1.0, 0.0, -1.0365853309631348, -20.731706619262695, 0.0, -56.329376220703125, -84.14620208740234, 0.0, 1463, 1526, 1503, 1486, 5.958016395568848, 17.286663055419922, 0.0, -11.174179077148438, 114.71448516845703, -4.976351261138916, 14.261482238769531, 1.0190315246582031, 10.30416202545166, -5.707304954528809, -9.281713485717773, 3.6117095947265625, -11.37730884552002)
(11.153619766235352, 11.365184783935547, 0.0, -1.0, -1.0, 0.0, -4.2682929039001465, 31.219512939453125, 0.0, -72.92172241210938, -74.19110870361328, 0.0, 1453, 1536, 1491, 1498, 18.77329444885254, 44.31917190551758, 0.0, -10.492321968078613, 116.30719757080078, -6.178808212280273, 14.113025665283203, 1.191175937652588, 9.125393867492676, -9.486955642700195, -9.48562240600586, -3.219024419784546, -22.19160270690918)
(7.302315711975098, 7.618626594543457, 0.0, -1.0, -1.0, 0.0, -9.72560977935791, -14.329268455505371, 0.0, -49.81389617919922, -51.711761474609375, 0.0, 1463, 1526, 1503, 1486, 33.18999481201172, 28.390995025634766, 0.0, -13.142777442932129, 114.79059600830078, -3.6079459190368652, 13.997819900512695, -0.5845984816551208, 9.805275917053223, -3.364424228668213, -9.595488548278809, 1.5715330839157104, -11.388379096984863)
(7.012165069580078, 10.394535064697266, 0.0, -1.0, -1.0, 0.0, -11.25, -87.5, 0.0, -48.07299041748047, -68.3672103881836, 0.0, 1472, 1517, 1514, 1475, 39.99259948730469, 46.95093536376953, 0.0, -12.951620101928711, 115.6657485961914, -3.3140690326690674, 13.893932342529297, 0.792077898979187, 11.371940612792969, 1.7219510078430176, -9.74575138092041, 6.508412837982178, -1.5153874158859253)
(3.2533507347106934, 10.959169387817383, 0.0, -1.0, 0.0, 0.0, -39.05487823486328, 79.48170471191406, 0.0, -25.520103454589844, -65.75502014160156, 0.0, 1437, 1552, 1491, 1498, -29.282785415649414, 0.8697848320007324, 0.0, -18.537437438964844, 119.53006744384766, 1.2181297540664673, 13.855108261108398, 1.9441462755203247, 17.017385482788086, -13.071305274963379, -9.926557540893555, -7.581263065338135, -30.579126358032227)
(4.011192798614502, 8.637809753417969, 0.0, -1.0, -1.0, 0.0, -6.9817070960998535, 115.15243530273438, 0.0, -30.067157745361328, -57.82685852050781, 0.0, 1434, 1555, 1481, 1508, -18.559160232543945, -39.109130859375, 0.0, -19.622793197631836, 117.92473602294922, -2.077690601348877, 13.798806190490723, 1.4865663051605225, 13.207681655883789, -15.568136215209961, -10.050721168518066, -11.231670379638672, -36.850528717041016)
(3.4171059131622314, 7.635042667388916, 0.0, -1.0, -1.0, 0.0, 13.384146690368652, 24.115854263305664, 0.0, -26.502635955810547, -51.81025695800781, 0.0, 1458, 1531, 1493, 1496, 26.686513900756836, -5.224123477935791, 0.0, -23.142759323120117, 117.74179077148438, -3.589810609817505, 13.77379035949707, -2.4160361289978027, 7.767943859100342, -6.833349704742432, -10.18342113494873, -2.145705461502075, -19.1624755859375)
(2.6800296306610107, 7.133914947509766, 0.0, -1.0, -1.0, 0.0, 14.237804412841797, -36.82926940917969, 0.0, -22.080177307128906, -48.803489685058594, 0.0, 1465, 1524, 1500, 1489, 75.96577453613281, 4.7360687255859375, 0.0, -23.091848373413086, 118.57593536376953, -3.26861834526062, 13.701744079589844, -2.845991849899292, 7.58713436126709, -1.0776798725128174, -10.329939842224121, -0.38153353333473206, -11.789153099060059)
(6.29478645324707, 4.371626377105713, 0.0, -1.0, -1.0, 0.0, -14.085366249084473, -12.286585807800293, 0.0, -43.76871871948242, -32.229759216308594, 0.0, 1463, 1528, 1508, 1483, 19.23650550842285, 4.491289138793945, 0.0, -19.38895606994629, 119.04711151123047, -2.671501874923706, 13.568073272705078, 1.6979540586471558, 12.594526290893555, -1.794885516166687, -10.42236042022705, 2.4331092834472656, -9.784136772155762)
(9.525847434997559, 0.7769359946250916, 0.0, -1.0, -1.0, 0.0, 25.274391174316406, -46.585365295410156, 0.0, -63.15508270263672, -10.661616325378418, 0.0, 1480, 1513, 1508, 1485, -0.3781886100769043, 2.9504852294921875, 0.0, -18.570205688476562, 120.08355712890625, -7.958652496337891, 13.449145317077637, -1.3482871055603027, 4.142205715179443, 3.233137369155884, -10.495261192321777, 4.517296314239502, -2.7448275089263916)
(9.627426147460938, 0.12081830948591232, 0.0, -1.0, -1.0, 0.0, -19.725608825683594, 19.725608825683594, 0.0, -63.764556884765625, -6.724909782409668, 0.0, 1465, 1524, 1501, 1488, 33.16455078125, -11.915376663208008, 0.0, -21.33163833618164, 125.42411041259766, -3.963505268096924, 13.305793762207031, -1.5713287591934204, 7.770959377288818, -2.380546808242798, -10.557234764099121, 1.5476129055023193, -11.390169143676758)
(7.560117244720459, 1.3489810228347778, 0.0, -1.0, -1.0, 0.0, -23.262195587158203, 17.19512176513672, 0.0, -51.36070251464844, -14.093886375427246, 0.0, 1458, 1533, 1506, 1485, -22.740089416503906, -13.998586654663086, 0.0, -22.497636795043945, 128.56695556640625, -2.5288655757904053, 13.191224098205566, 3.5478291511535645, 14.210187911987305, -2.8160107135772705, -10.596996307373047, 0.1989266276359558, -13.214079856872559)
(9.847349166870117, 4.7171502113342285, 0.0, 0.0, -1.0, 0.0, -19.268293380737305, 10.213414192199707, 0.0, -59.0840950012207, -34.30290222167969, 0.0, 1455, 1536, 1501, 1490, -26.807767868041992, 55.85036849975586, 0.0, -20.04108238220215, 128.14244079589844, -3.5834224224090576, 13.023301124572754, 3.6050050258636475, 13.044883728027344, -4.006468296051025, -10.628737449645996, -3.2207577228546143, -17.85596466064453)
(8.17101001739502, 5.976924896240234, 0.0, -1.0, -1.0, 0.0, -8.567072868347168, 16.128047943115234, 0.0, -55.02606201171875, -41.861549377441406, 0.0, 1459, 1532, 1498, 1493, 4.357920169830322, -24.473180770874023, 0.0, -19.342002868652344, 127.09579467773438, -4.181308746337891, 12.870918273925781, 0.3871358036994934, 9.07674503326416, -5.219063758850098, -10.708003997802734, -1.1073408126831055, -17.034408569335938)
(4.049333095550537, 4.456503391265869, 0.0, -1.0, -1.0, 0.0, 24.05487823486328, -43.10975646972656, 0.0, -30.295997619628906, -32.73902130126953, 0.0, 1476, 1517, 1505, 1488, 49.11933898925781, 35.57680130004883, 0.0, -23.82706642150879, 125.92752075195312, -4.891578674316406, 12.810918807983398, -3.2426507472991943, 4.676689624786377, 0.9333661794662476, -10.772187232971191, 3.854465961456299, -5.984355449676514)
(1.0773885250091553, 8.450796127319336, 0.0, -1.0, -1.0, 0.0, 10.731707572937012, 36.67683029174805, 0.0, -12.464330673217773, -56.704776763916016, 0.0, 1455, 1534, 1491, 1498, 28.031980514526367, -12.804696083068848, 0.0, -26.076908111572266, 129.44125366210938, -2.0876433849334717, 12.7865629196167, -2.807887077331543, 7.8910322189331055, -8.40434455871582, -10.9041166305542, -1.9448298215866089, -21.2532901763916)
(0.8256678581237793, 6.55739688873291, 0.0, -1.0, -1.0, 0.0, 5.884146213531494, 41.92073059082031, 0.0, -10.954007148742676, -45.344383239746094, 0.0, 1451, 1538, 1491, 1498, 4.62278938293457, -24.87242317199707, 0.0, -25.110137939453125, 128.45407104492188, -1.5154337882995605, 12.7503023147583, -1.2404413223266602, 9.994427680969238, -7.853860378265381, -10.993640899658203, -4.369013786315918, -23.216514587402344)
(2.850205183029175, 8.036121368408203, 0.0, 0.0, -1.0, 0.0, 0.27439025044441223, 81.1280517578125, 0.0, -17.10123062133789, -54.21672821044922, 0.0, 1442, 1547, 1485, 1504, -14.24920654296875, -18.23784065246582, 0.0, -25.437273025512695, 130.02235412597656, -1.5638059377670288, 12.714133262634277, 0.6183916330337524, 11.768718719482422, -12.181031227111816, -11.12605094909668, -7.810347557067871, -31.117429733276367)
(1.0816971063613892, 5.422608375549316, 0.0, -1.0, -1.0, 0.0, -66.70731353759766, 77.40853881835938, 0.0, -12.490182876586914, -38.53565216064453, 0.0, 1431, 1558, 1498, 1491, -61.92144775390625, -4.225758075714111, 0.0, -25.093215942382812, 127.007080078125, 4.879541873931885, 12.651593208312988, 5.994882583618164, 23.526018142700195, -10.434977531433105, -11.205595970153809, -8.437514305114746, -30.078086853027344)
(6.462643623352051, 3.885119915008545, 0.0, -1.0, -1.0, 0.0, 31.371952056884766, 36.585365295410156, 0.0, -44.77586364746094, -29.310718536376953, 0.0, 1459, 1532, 1492, 1499, -4.93071174621582, 2.024416446685791, 0.0, -21.915624618530273, 127.23894500732422, -6.853302955627441, 12.568598747253418, 0.523139476776123, 6.238434791564941, -5.930647850036621, -11.286083221435547, -2.7874155044555664, -20.004146575927734)
(-4.258157253265381, 2.958496570587158, 0.0, -1.0, -1.0, 0.0, -71.49390411376953, 48.35365676879883, 0.0, 19.54894256591797, -23.750980377197266, 0.0, 1443, 1548, 1509, 1482, -21.87871742248535, -6.1949357986450195, 0.0, -32.03361511230469, 130.1929473876953, 8.193856239318848, 12.628841400146484, 2.2356810569763184, 23.058378219604492, -6.489417552947998, -11.377542495727539, -1.399695634841919, -19.26665496826172)
(7.817719459533691, 4.428839206695557, 0.0, -1.0, -1.0, 0.0, 75.73170471191406, 46.7378044128418, 0.0, -52.90631866455078, -32.573036193847656, 0.0, 1463, 1526, 1483, 1506, 5.8534369468688965, -10.834737777709961, 0.0, -23.26090431213379, 133.7006378173828, -11.577423095703125, 12.5465669631958, -0.6182356476783752, 0.35090893507003784, -7.137975215911865, -11.495877265930176, -2.8107616901397705, -21.44461441040039)
(-3.1438167095184326, 5.762021064758301, 0.0, -1.0, 0.0, 0.0, -35.60975646972656, 73.44512176513672, 0.0, 12.862899780273438, -34.57212829589844, 0.0, 1442, 1549, 1492, 1499, -20.919645309448242, -19.503528594970703, 0.0, -29.709836959838867, 132.8446502685547, 4.362539291381836, 12.533024787902832, -1.605102777481079, 15.290461540222168, -9.721552848815918, -11.569177627563477, -7.10407829284668, -28.394807815551758)
(0.9647263288497925, 6.0871357917785645, 0.0, -1.0, -1.0, 0.0, 45.0, 52.92683029174805, 0.0, -11.788357734680176, -42.5228157043457, 0.0, 1455, 1534, 1484, 1505, 11.183120727539062, -28.893449783325195, 0.0, -27.158918380737305, 133.7937469482422, -5.110951900482178, 12.532452583312988, -2.9003148078918457, 4.521185398101807, -8.590468406677246, -11.69113540649414, -4.33098030090332, -24.61258316040039)
(-5.401829719543457, 5.634247303009033, 0.0, -1.0, -1.0, 0.0, -33.871952056884766, -27.89634132385254, 0.0, 26.410978317260742, -39.805484771728516, 0.0, 1456, 1535, 1513, 1478, -19.768537521362305, 1.952507495880127, 0.0, -33.37554168701172, 134.8079376220703, 5.425463676452637, 12.591744422912598, 0.677308976650238, 18.694517135620117, -1.0718228816986084, -11.805152893066406, 1.8241589069366455, -11.052816390991211)
(4.3071112632751465, 6.306769847869873, 0.0, -1.0, -1.0, 0.0, -4.847560882568359, 1.0365853309631348, 0.0, -31.842666625976562, -43.84061813354492, 0.0, 1459, 1530, 1502, 1487, -8.422698020935059, -8.271138191223145, 0.0, -29.82019805908203, 139.03518676757812, -2.4295594692230225, 12.55859375, 1.1633340120315552, 11.292367935180664, -4.0389485359191895, -11.958470344543457, 1.7539587020874023, -14.243460655212402)
(-2.619013547897339, 8.061198234558105, 0.0, -1.0, -1.0, 0.0, -12.286585807800293, 36.70731735229492, 0.0, 9.714080810546875, -54.3671875, 0.0, 1448, 1545, 1495, 1498, 8.20979118347168, 6.616352081298828, 0.0, -32.81333541870117, 140.3582305908203, 1.98006010055542, 12.553108215332031, -0.9903149604797363, 13.542853355407715, -8.19670581817627, -12.092620849609375, -4.680009365081787, -24.969335556030273)
(2.9295153617858887, 8.4210844039917, 0.0, -1.0, 0.0, 0.0, 17.164634704589844, -42.95731735229492, 0.0, -23.577091217041016, -50.52650451660156, 0.0, 1467, 1524, 1504, 1487, 21.810686111450195, -6.058476448059082, 0.0, -25.684226989746094, 140.7752685546875, -3.666755437850952, 12.455987930297852, -0.2085646092891693, 8.580667495727539, -0.6812268495559692, -12.226771354675293, 2.565612554550171, -10.342385292053223)
(-0.630280077457428, 10.544754028320312, 0.0, -1.0, -1.0, 0.0, -38.780487060546875, -62.56097412109375, 0.0, -2.2183194160461426, -69.26852416992188, 0.0, 1154, 1221, 1206, 1169, 31.156978607177734, 8.595846176147461, 0.0, -30.63407325744629, 146.27223205566406, 3.290595054626465, 12.465483665466309, 0.4117753505706787, 16.16785430908203, -0.6036794781684875, -12.426015853881836, 5.782337665557861, -7.247357368469238)
(-13.212489128112793, 2.182851791381836, 0.0, -1.0, -1.0, 0.0, -19.542682647705078, 4.390244007110596, 0.0, 73.27493286132812, -19.097110748291016, 0.0, 1000, 1000, 1000, 1000, -5.68419885635376, 10.266308784484863, 0.0, -47.07081985473633, 139.58413696289062, 8.353585243225098, 12.721597671508789, -2.4227724075317383, 18.65241050720215, -2.1138617992401123, -12.450852394104004, -0.15476588904857635, -14.71947956085205)
(-2.890498399734497, 3.753146171569824, 0.0, -1.0, -1.0, 0.0, 42.682926177978516, 17.957317352294922, 0.0, 11.34299087524414, -28.518877029418945, 0.0, 1000, 1000, 1000, 1000, -10.090738296508789, 3.888676643371582, 0.0, -38.97843933105469, 143.09466552734375, -2.820594072341919, 12.756235122680664, -0.43541303277015686, 9.500227928161621, -4.182857513427734, -12.536698341369629, -0.5525392293930054, -17.2720947265625)
(-1.6268467903137207, -2.145909547805786, 0.0, -1.0, -1.0, 0.0, -17.469512939453125, -38.75, 0.0, 3.761080741882324, 6.875457286834717, 0.0, 1000, 1000, 1000, 1000, -1.3759291172027588, -1.7586569786071777, 0.0, -37.96442794799805, 137.30413818359375, 1.9107534885406494, 12.741008758544922, 0.4098329246044159, 15.06159496307373, 4.1062912940979, -12.516273498535156, 0.8182191252708435, -7.591763019561768)
(-1.8680247068405151, -4.113519668579102, 0.0, -1.0, 0.0, 0.0, 21.4939022064209, 3.353658437728882, 0.0, 5.208148002624512, 24.68111801147461, 0.0, 1000, 1000, 1000, 1000, -1.9373960494995117, -4.484260559082031, 0.0, -37.66413116455078, 135.67425537109375, -1.4657179117202759, 12.763358116149902, -0.6261828541755676, 10.671457290649414, 1.9194713830947876, -12.453783988952637, 0.8091624975204468, -9.725150108337402)
(-0.40238717198371887, -6.5136566162109375, 0.0, -1.0, -1.0, 0.0, 0.3658536672592163, -14.84756088256836, 0.0, -3.585676908493042, 33.081939697265625, 0.0, 1000, 1000, 1000, 1000, -3.2378759384155273, -4.782754421234131, 0.0, -35.08045959472656, 133.56253051757812, -0.35563772916793823, 12.734735488891602, 0.2363920658826828, 12.61548900604248, 4.313654899597168, -12.37225341796875, 0.7435193061828613, -7.315079212188721)
(-3.4900572299957275, -10.992055892944336, 0.0, -1.0, -1.0, 0.0, -15.12195110321045, -32.0121955871582, 0.0, 14.940343856811523, 59.952335357666016, 0.0, 1000, 1000, 1000, 1000, -5.996475696563721, -5.43041467666626, 0.0, -36.743709564208984, 127.58050537109375, 2.705606460571289, 12.761130332946777, 0.6492138504981995, 16.115951538085938, 8.27680778503418, -12.199161529541016, 0.5218350291252136, -3.4005186557769775)
(-1.6797527074813843, -14.9573392868042, 0.0, -1.0, -1.0, 0.0, 31.95121955871582, -16.341463088989258, 0.0, 4.078516006469727, 83.74403381347656, 0.0, 1000, 1000, 1000, 1000, 5.072932243347168, -20.82242774963379, 0.0, -35.135475158691406, 121.2460708618164, -2.5085432529449463, 12.784841537475586, -1.262233853340149, 9.014063835144043, 9.007694244384766, -11.959622383117676, -0.09544549137353897, -3.0473737716674805)
(1.6404756307601929, -21.73191261291504, 0.0, -1.0, -1.0, 0.0, -12.195121765136719, -35.45731735229492, 0.0, -15.842853546142578, 124.3914794921875, 0.0, 1000, 1000, 1000, 1000, 0.4635847806930542, -14.65896224975586, 0.0, -31.570680618286133, 113.5306625366211, -0.32829585671424866, 12.721870422363281, 0.6786065101623535, 13.07218074798584, 14.386391639709473, -11.633201599121094, 0.3644687235355377, 3.117658853530884)
(-7.537976264953613, -18.208059310913086, 0.0, -1.0, 0.0, 0.0, -49.085365295410156, 13.231707572937012, 0.0, 39.22785949707031, 109.24835205078125, 0.0, 1000, 1000, 1000, 1000, -1.4415228366851807, -13.754380226135254, 0.0, -42.08577346801758, 113.25993347167969, 7.948190212249756, 12.84933090209961, 0.2778925895690918, 21.075414657592773, 8.641498565673828, -11.355033874511719, 0.5056817531585693, -2.2078540325164795)
(-4.38898229598999, -17.228784561157227, 0.0, -1.0, -1.0, 0.0, 44.90853500366211, -13.04878044128418, 0.0, 20.333892822265625, 97.37271118164062, 0.0, 1000, 1000, 1000, 1000, 1.1766149997711182, -25.285863876342773, 0.0, -38.51139450073242, 114.1259536743164, -2.2117178440093994, 12.921090126037598, 2.012500047683716, 12.721872329711914, 9.937934875488281, -11.133306503295898, 2.837832450866699, 1.6424599885940552)
(-8.762989044189453, -6.568898677825928, 0.0, -1.0, -1.0, 0.0, 7.1646342277526855, 129.05487060546875, 0.0, 46.57793426513672, 33.41339111328125, 0.0, 1000, 1000, 1000, 1000, -14.930349349975586, -16.954992294311523, 0.0, -42.237159729003906, 127.72582244873047, 3.547196865081787, 13.044412612915039, -1.4740687608718872, 15.117541313171387, -8.607732772827148, -11.092826843261719, -3.5676944255828857, -23.26825523376465)
(-11.73957633972168, -2.5228614807128906, 0.0, -1.0, -1.0, 0.0, -15.304878234863281, -40.121952056884766, 0.0, 64.43745422363281, 9.137168884277344, 0.0, 1000, 1000, 1000, 1000, -10.366398811340332, -2.8882627487182617, 0.0, -48.99690246582031, 134.826904296875, 7.176809787750244, 13.221940040588379, -2.4287755489349365, 17.969974517822266, 4.433320999145508, -11.125901222229004, 4.1230878829956055, -2.5694923400878906)
(-4.473445415496826, -5.498739242553711, 0.0, -1.0, -1.0, 0.0, 0.09146341681480408, -77.28658294677734, 0.0, 20.84067153930664, 26.992435455322266, 0.0, 1000, 1000, 1000, 1000, 0.5932328701019287, -4.2966694831848145, 0.0, -41.929229736328125, 133.0677032470703, 1.8674287796020508, 13.238338470458984, 0.31873801350593567, 15.424505233764648, 9.385111808776855, -11.018013954162598, 7.5951337814331055, 5.962231636047363)
(2.154616117477417, 1.5427122116088867, 0.0, -1.0, -1.0, 0.0, 66.58536529541016, 70.42682647705078, 0.0, -18.927696228027344, -15.25627326965332, 0.0, 1000, 1000, 1000, 1000, 5.768166542053223, 8.396421432495117, 0.0, -34.07358932495117, 142.80630493164062, -7.696175575256348, 13.1821928024292, -0.5165210366249084, 4.96949577331543, -7.7114787101745605, -11.069435119628906, 0.7951236963272095, -17.985790252685547)
(0.6810316443443298, -0.5740056037902832, 0.0, -1.0, -1.0, 0.0, 7.317073345184326, 6.52439022064209, 0.0, -10.086190223693848, -2.555966377258301, 0.0, 1000, 1000, 1000, 1000, -2.5371150970458984, -5.046725749969482, 0.0, -34.87663650512695, 142.66854858398438, -1.566293716430664, 13.157512664794922, -0.7376135587692261, 10.853605270385742, -0.817232072353363, -11.086705207824707, -0.22927840054035187, -12.13321590423584)
(-0.10675356537103653, -1.5154786109924316, 0.0, -1.0, -1.0, 0.0, 3.7195122241973877, 2.4390244483947754, 0.0, -5.35947847366333, 3.09287166595459, 0.0, 1000, 1000, 1000, 1000, -0.2832362651824951, -4.756518363952637, 0.0, -35.232276916503906, 143.36587524414062, -0.8171091675758362, 13.142894744873047, -0.21852223575115204, 12.10726261138916, 0.05884625017642975, -11.092647552490234, 0.1614042967557907, -10.872397422790527)
(-0.3127705752849579, -2.17470645904541, 0.0, 0.0, -1.0, 0.0, 1.6158536672592163, 3.170731782913208, 0.0, 1.8766233921051025, 7.048238754272461, 0.0, 1000, 1000, 1000, 1000, -0.34883999824523926, -3.4597725868225098, 0.0, -35.30270767211914, 143.83245849609375, 0.02346927486360073, 13.134238243103027, 0.2471964806318283, 13.40490436553955, 0.34897562861442566, -11.082403182983398, -0.13629502058029175, -10.869723320007324)
(-0.5693461298942566, -2.5309786796569824, 0.0, -1.0, -1.0, 0.0, -2.896341562271118, 0.9146341681480408, 0.0, -2.58392333984375, 9.185872077941895, 0.0, 1000, 1000, 1000, 1000, -1.6717109680175781, -3.6352922916412354, 0.0, -35.57435607910156, 144.34317016601562, 0.02811763994395733, 13.129735946655273, 0.1045261025428772, 13.26237964630127, 0.7444114685058594, -11.067980766296387, 0.1281275898218155, -10.195442199707031)
(-0.7132136821746826, -2.7331252098083496, 0.0, -1.0, -1.0, 0.0, 3.1402440071105957, 4.969511985778809, 0.0, -1.7207179069519043, 10.398751258850098, 0.0, 1000, 1000, 1000, 1000, 0.27593231201171875, -4.243922233581543, 0.0, -35.734867095947266, 144.8861541748047, -0.43748655915260315, 13.126415252685547, -0.3409136235713959, 12.348014831542969, 0.48863154649734497, -11.0504732131958, -0.2599811553955078, -10.821823120117188)
(-0.7177554965019226, -2.771740674972534, 0.0, -1.0, -1.0, 0.0, -1.9207316637039185, 1.737804889678955, 0.0, -1.6934670209884644, 10.630443572998047, 0.0, 1000, 1000, 1000, 1000, -0.994312047958374, -3.6477293968200684, 0.0, -35.91185760498047, 145.4583740234375, 0.020453818142414093, 13.126020431518555, 0.057079460471868515, 13.203554153442383, 0.800337553024292, -11.0280122756958, 0.045103661715984344, -10.182571411132812)
(-0.7044098377227783, -2.800739288330078, 0.0, -1.0, -1.0, 0.0, -0.9756097793579102, 2.2560975551605225, 0.0, -1.77354097366333, 10.804435729980469, 0.0, 1000, 1000, 1000, 1000, 0.1202857494354248, -3.544841766357422, 0.0, -36.08334732055664, 146.0401611328125, -0.07181380689144135, 13.123727798461914, 0.024883335456252098, 13.076797485351562, 0.7693504095077515, -11.008517265319824, 0.02864164113998413, -10.210524559020996)
(-0.7409506440162659, -2.842172384262085, 0.0, 0.0, 0.0, 0.0, -0.5487805008888245, 2.1341464519500732, 0.0, -1.5542961359024048, 17.05303382873535, 0.0, 1000, 1000, 1000, 1000, -0.5554525852203369, -4.017410755157471, 0.0, -36.29964065551758, 146.58372497558594, -0.09049639850854874, 13.122045516967773, -0.026110144332051277, 13.005439758300781, 1.3426998853683472, -10.985960960388184, 0.187651127576828, -9.455609321594238)
(-0.7436006665229797, -2.8559248447418213, 0.0, -1.0, -1.0, 0.0, -0.8536585569381714, 2.1341464519500732, 0.0, -1.5383960008621216, 11.135549545288086, 0.0, 1000, 1000, 1000, 1000, -0.26528215408325195, -3.3278422355651855, 0.0, -36.49796676635742, 147.15003967285156, -0.0616263709962368, 13.122710227966309, 0.001962200505658984, 13.063045501708984, 0.8101262450218201, -10.965531349182129, 0.019663598388433456, -10.135741233825684)
(-0.7502395510673523, -2.8576722145080566, 0.0, -1.0, -1.0, 0.0, -0.7621951103210449, 2.7439024448394775, 0.0, -1.4985626935958862, 11.14603328704834, 0.0, 1000, 1000, 1000, 1000, -0.4275941848754883, -3.7106173038482666, 0.0, -36.6821174621582, 147.70504760742188, -0.06627308577299118, 13.120874404907227, -0.001825312850996852, 13.052775382995605, 0.7561917901039124, -10.944707870483398, -0.026901157572865486, -10.215417861938477)
(-0.7432331442832947, -2.8720405101776123, 0.0, -1.0, -1.0, 0.0, -0.5792682766914368, 2.22560977935791, 0.0, -1.540601134300232, 11.232242584228516, 0.0, 1000, 1000, 1000, 1000, -0.42762303352355957, -3.740945816040039, 0.0, -36.883338928222656, 148.26158142089844, -0.08651995658874512, 13.121737480163574, -0.0859285518527031, 12.949288368225098, 0.8105969429016113, -10.921700477600098, 0.004293717443943024, -10.106809616088867)
(-0.7424205541610718, -2.873985528945923, 0.0, -1.0, -1.0, 0.0, -0.7621951103210449, 2.5, 0.0, -1.5454766750335693, 11.243913650512695, 0.0, 1000, 1000, 1000, 1000, -0.5130469799041748, -3.3300418853759766, 0.0, -37.08045196533203, 148.81124877929688, -0.07049533724784851, 13.119948387145996, -0.011730627156794071, 13.03772258758545, 0.7869522571563721, -10.90083122253418, -0.028467899188399315, -10.14234733581543)
(-0.7638505101203918, -2.8782544136047363, 0.0, -1.0, 0.0, 0.0, -1.1585365533828735, 2.195122003555298, 0.0, -1.416896939277649, 17.269527435302734, 0.0, 1000, 1000, 1000, 1000, -0.30661821365356445, -3.7854180335998535, 0.0, -37.26948165893555, 149.37693786621094, -0.02325243502855301, 13.118366241455078, 0.031018266454339027, 13.12613296508789, 1.3566964864730835, -10.8792724609375, 0.4176316559314728, -9.104944229125977)
(-0.7386051416397095, -2.8758504390716553, 0.0, -1.0, -1.0, 0.0, -0.7621951103210449, 2.2865853309631348, 0.0, -1.5683691501617432, 11.255102157592773, 0.0, 1000, 1000, 1000, 1000, -0.020882606506347656, -3.82131290435791, 0.0, -37.46338653564453, 149.9447479248047, -0.07255566120147705, 13.120392799377441, -0.01117834821343422, 13.036659240722656, 0.807166576385498, -10.856426239013672, 0.014051447622478008, -10.035207748413086)
(-0.740587055683136, -2.8599159717559814, 0.0, -1.0, -1.0, 0.0, -0.7012194991111755, 2.621951103210449, 0.0, -1.556477665901184, 11.159496307373047, 0.0, 1000, 1000, 1000, 1000, -0.37057018280029297, -3.5414459705352783, 0.0, -37.653175354003906, 150.49685668945312, -0.07697323709726334, 13.118598937988281, -0.008434354327619076, 13.033190727233887, 0.7683790922164917, -10.835488319396973, -0.037490230053663254, -10.104598999023438)
(-0.7581067681312561, -2.8797216415405273, 0.0, -1.0, -1.0, 0.0, -0.792682945728302, 2.591463327407837, 0.0, -1.4513593912124634, 11.278329849243164, 0.0, 1000, 1000, 1000, 1000, -0.20482921600341797, -3.606876850128174, 0.0, -37.847694396972656, 151.0582733154297, -0.0592808797955513, 13.119420051574707, -0.21601273119449615, 12.84412670135498, 0.7818180322647095, -10.812366485595703, -0.0687587708234787, -10.099308013916016)