
(-3.7320218086242676, -1.637505054473877, 0.0, 0.0, 0.0, 0.0, 3.2012195587158203, 3.6890244483947754, 0.0, 22.392131805419922, 9.825030326843262, 0.0, 1000, 1000, 1000, 1000, -3.7320218086242676, -1.637505054473877, 0.0, 0.016006097197532654, 0.018445121124386787, 2.494818687438965, 0.028786368668079376, 12.05189323425293, 14.575498580932617, 0.7976807355880737, 0.009204008616507053, 3.8534116744995117, 4.660296440124512)
(-3.1851882934570312, -1.9491528272628784, 0.0, -1.0, 0.0, 0.0, -5.792683124542236, 1.1280487775802612, 0.0, 13.111129760742188, 11.694916725158691, 0.0, 1000, 1000, 1000, 1000, -1.9736976623535156, -3.3479154109954834, 0.0, -0.13079269230365753, 0.7394816875457764, 2.45749568939209, 1.0743991136550903, -1.612481713294983, 1.9194130897521973, 1.3736928701400757, 0.5480462312698364, 0.35577020049095154, 2.2775092124938965)
(-3.6010377407073975, -2.9923577308654785, 0.0, -1.0, 0.0, 0.0, -13.384146690368652, -9.02439022064209, 0.0, 15.606225967407227, 17.954147338867188, 0.0, 1000, 1000, 1000, 1000, -0.8259892463684082, -3.1837244033813477, 0.0, -1.4815549850463867, 0.6661583781242371, 3.7687482833862305, 2.4134371280670166, 2.167205333709717, 8.349390983581543, 3.5072100162506104, 1.6648478507995605, 2.9999096393585205, 8.171967506408691)
(-5.487837314605713, -6.070018291473389, 0.0, -1.0, 0.0, 0.0, -6.067073345184326, -1.737804889678955, 0.0, 26.927024841308594, 36.420108795166016, 0.0, 1000, 1000, 1000, 1000, -5.218997478485107, -6.916581153869629, 0.0, -4.075608730316162, -2.4115850925445557, 4.2892327308654785, 4.867473125457764, 3.080153465270996, 12.236859321594238, 4.96052885055542, 4.661898136138916, -0.5519363284111023, 9.070490837097168)
(-5.533527851104736, -5.753656387329102, 0.0, -1.0, 0.0, 0.0, 9.268292427062988, 21.189023971557617, 0.0, 27.201168060302734, 34.52193832397461, 0.0, 1000, 1000, 1000, 1000, -3.437602996826172, -6.505819797515869, 0.0, -4.304572582244873, -1.5304874181747437, 2.3312740325927734, 7.0092949867248535, -5.329787731170654, 4.010781288146973, 1.7332788705825806, 7.084713935852051, -7.351362705230713, 1.4666298627853394)
(-4.195359706878662, -5.210973262786865, 0.0, -1.0, 0.0, 0.0, -14.268292427062988, -20.792682647705078, 0.0, 19.172157287597656, 31.265838623046875, 0.0, 1000, 1000, 1000, 1000, -0.6881015300750732, -2.9191946983337402, 0.0, -3.979267120361328, 0.2530490458011627, 4.347258567810059, 8.544065475463867, 8.748642921447754, 21.639965057373047, 6.767607688903809, 8.721810340881348, 12.983471870422363, 28.472888946533203)
(-5.097670078277588, -13.140613555908203, 0.0, -1.0, 0.0, 0.0, -2.5609755516052246, -70.30487823486328, 0.0, 24.586021423339844, 78.84368133544922, 0.0, 1000, 1000, 1000, 1000, -2.619171142578125, -10.080757141113281, 0.0, -5.691310405731201, -8.178201675415039, 3.5291097164154053, 10.885167121887207, -2.079145669937134, 12.33513069152832, 19.389312744140625, 14.933777809143066, 13.823680877685547, 48.14677047729492)
(-4.5610246658325195, -23.52794647216797, 0.0, -1.0, 0.0, 0.0, 4.878048896789551, 3.1097559928894043, 0.0, 21.366147994995117, 141.1676788330078, 0.0, 1000, 1000, 1000, 1000, -6.484100341796875, -24.979507446289062, 0.0, -5.033840179443359, -20.560516357421875, 2.1434526443481445, 12.393610000610352, 1.0877914428710938, 15.624855041503906, 17.94753074645996, 26.968814849853516, -15.541801452636719, 29.374542236328125)
(-4.146848678588867, -12.51970386505127, 0.0, -1.0, 0.0, 0.0, -11.219511985778809, 41.85975646972656, 0.0, 18.881092071533203, 75.11822509765625, 0.0, 1000, 1000, 1000, 1000, -4.2193989753723145, -15.873973846435547, 0.0, -4.51051664352417, -11.209145545959473, 3.913078546524048, 13.65522575378418, 9.00256633758545, 26.570871353149414, 4.323600769042969, 31.991058349609375, 4.077922821044922, 40.392581939697266)
(-5.582508087158203, -18.646705627441406, 0.0, 0.0, 0.0, 0.0, -2.3475608825683594, -62.682926177978516, 0.0, 33.49504852294922, 111.88023376464844, 0.0, 1000, 1000, 1000, 1000, -2.6681761741638184, 4.188817977905273, 0.0, -5.853504180908203, -17.719818115234375, 4.659539222717285, 15.791491508483887, -1.7524296045303345, 18.69860076904297, 22.69321060180664, 39.989437103271484, 8.371845245361328, 71.05449676513672)
(-13.956977844238281, -27.75267219543457, 0.0, -1.0, 0.0, 0.0, -121.25, 9.84756088256836, 0.0, 77.74186706542969, 166.5160369873047, 0.0, 1000, 1000, 1000, 1000, -13.53667163848877, -32.286556243896484, 0.0, -16.114938735961914, -27.25883674621582, 25.868942260742188, 21.41020965576172, 27.82858657836914, 75.10773468017578, 20.366901397705078, 53.229488372802734, -7.576706409454346, 66.01968383789062)
(-11.25561809539795, -25.972618103027344, 0.0, -1.0, 0.0, 0.0, 67.95731353759766, 20.121952056884766, 0.0, 61.53370666503906, 155.83570861816406, 0.0, 1000, 1000, 1000, 1000, -9.630390167236328, -22.852807998657227, 0.0, -13.786585807800293, -26.733224868774414, -0.8350688815116882, 27.859214782714844, -2.093151330947876, 24.93099594116211, 17.64278793334961, 65.12106323242188, 2.4366142749786377, 85.2004623413086)
(-18.622915267944336, -15.14936351776123, 0.0, -1.0, 0.0, 0.0, -91.18902587890625, 58.932926177978516, 0.0, 105.73748779296875, 90.89617919921875, 0.0, 1000, 1000, 1000, 1000, -12.369616508483887, -23.85678482055664, 0.0, -23.6304874420166, -15.72056770324707, 25.600446701049805, 35.32684326171875, 7.6625847816467285, 68.58987426757812, 4.1552228927612305, 70.78512573242188, -5.709880828857422, 69.23046875)
(-15.501349449157715, 10.406458854675293, 0.0, -1.0, 0.0, 0.0, 79.81707000732422, 104.81707000732422, 0.0, 87.00809478759766, -62.438751220703125, 0.0, 1000, 1000, 1000, 1000, -16.028823852539062, 5.11370849609375, 0.0, -23.773473739624023, 11.83629035949707, 0.9348332285881042, 43.55998992919922, -17.339191436767578, 27.15563201904297, -21.743257522583008, 64.02301788330078, 0.6778866052627563, 42.95764923095703)
(-2.555102825164795, 15.940164566040039, 0.0, -1.0, 0.0, 0.0, 28.780487060546875, 31.64634132385254, 0.0, 9.33061695098877, -95.6409912109375, 0.0, 1000, 1000, 1000, 1000, -6.980436325073242, 5.8063812255859375, 0.0, -9.88064193725586, 23.41128921508789, -2.5284831523895264, 42.20672607421875, 0.5920978784561157, 40.27033996582031, -16.547353744506836, 54.67658996582031, 7.1319193840026855, 45.26115417480469)
(4.450188636779785, 11.149542808532715, 0.0, -1.0, 0.0, 0.0, 16.55487823486328, -21.79878044128418, 0.0, -32.701133728027344, -66.89725494384766, 0.0, 1000, 1000, 1000, 1000, -3.6834516525268555, 4.531169891357422, 0.0, 0.808688759803772, 25.062047958374023, -6.4032816886901855, 38.14998245239258, 7.137060642242432, 38.88376235961914, -5.862801551818848, 48.46525573730469, 14.184514999389648, 56.78697204589844)
(2.245513677597046, 4.268740653991699, 0.0, -1.0, 0.0, 0.0, 9.17682933807373, -9.085366249084473, 0.0, -19.473081588745117, -25.612443923950195, 0.0, 1000, 1000, 1000, 1000, 1.8572101593017578, 2.6540379524230957, 0.0, 0.4814019501209259, 21.12470054626465, -3.7244882583618164, 36.547000885009766, -3.644355535507202, 29.178157806396484, -2.148519992828369, 46.99477005004883, 4.542581558227539, 49.388832092285156)
(0.5603981614112854, -8.279472351074219, 0.0, -1.0, 0.0, 0.0, -7.591463565826416, -36.40243911743164, 0.0, -9.362388610839844, 49.67683410644531, 0.0, 1000, 1000, 1000, 1000, 0.7757924795150757, -7.242323875427246, 0.0, -0.9361283183097839, 8.90915584564209, -0.2302202582359314, 35.67504119873047, -2.5172433853149414, 32.92757797241211, 11.19030475616455, 51.2874755859375, -6.068120956420898, 56.40966033935547)
(1.401378870010376, -8.629117012023926, 0.0, -1.0, 0.0, 0.0, 0.4878048896789551, 22.34756088256836, 0.0, -14.408273696899414, 51.77470397949219, 0.0, 1000, 1000, 1000, 1000, 1.22694993019104, -8.409051895141602, 0.0, 0.09786556661128998, 8.183091163635254, -1.9364901781082153, 34.58699035644531, 0.9185935258865356, 33.569091796875, 3.825528621673584, 55.40824890136719, -6.375542640686035, 52.858238220214844)
(3.0947585105895996, -1.6544911861419678, 0.0, -1.0, 0.0, 0.0, 17.378047943115234, 55.64024353027344, 0.0, -24.56855010986328, 9.926946640014648, 0.0, 1000, 1000, 1000, 1000, 1.1938543319702148, -3.2702460289001465, 0.0, 2.739938735961914, 15.407022476196289, -5.453057765960693, 32.5811653137207, -0.9117456078529358, 26.21636390686035, -5.942728519439697, 55.519771575927734, -10.371426582336426, 39.20561599731445)
(3.2473254203796387, 6.150418281555176, 0.0, 0.0, 0.0, 0.0, -6.158536434173584, 7.560975551605225, 0.0, -19.483951568603516, -36.90251159667969, 0.0, 1000, 1000, 1000, 1000, 3.273216724395752, 3.4233903884887695, 0.0, 3.706707239151001, 25.203514099121094, -1.7323038578033447, 30.458646774291992, 6.069738388061523, 34.79608154296875, -5.780252933502197, 51.26772689819336, 9.134912490844727, 54.62238693237305)
(0.5993460416793823, 1.8429584503173828, 0.0, -1.0, 0.0, 0.0, -6.341463565826416, -31.737804412841797, 0.0, -9.596076011657715, -11.057750701904297, 0.0, 1000, 1000, 1000, 1000, 1.252953290939331, 0.1895761489868164, 0.0, 0.7519814968109131, 22.552907943725586, -0.4230996072292328, 30.199460983276367, -1.4678127765655518, 28.308549880981445, 2.6884069442749023, 50.082305908203125, 6.683077335357666, 59.453792572021484)
(-0.7732573747634888, -4.057066440582275, 0.0, -1.0, 0.0, 0.0, -6.5853657722473145, -7.347560882568359, 0.0, -1.3604557514190674, 24.34239959716797, 0.0, 1000, 1000, 1000, 1000, -0.22466373443603516, -4.089422225952148, 0.0, -1.0477135181427002, 16.99162483215332, 0.6792382597923279, 30.327943801879883, -0.04387596249580383, 30.963306427001953, 4.119694709777832, 52.4857177734375, -1.6209214925765991, 54.98448944091797)
(-0.38199958205223083, -4.294850826263428, 0.0, -1.0, 0.0, 0.0, 2.0426828861236572, 4.054878234863281, 0.0, -3.7080025672912598, 25.76910400390625, 0.0, 1000, 1000, 1000, 1000, 0.04444289207458496, -3.9701180458068848, 0.0, -0.9815548062324524, 16.634910583496094, -0.747589111328125, 30.310104370117188, -2.3490843772888184, 27.21343231201172, 2.8228492736816406, 54.49470520019531, -1.1468180418014526, 56.170738220214844)
(0.7755147814750671, -0.6239132285118103, 0.0, -1.0, 0.0, 0.0, 9.329268455505371, 21.79878044128418, 0.0, -10.653088569641113, 3.7434792518615723, 0.0, 1000, 1000, 1000, 1000, 1.2826335430145264, -1.1862781047821045, 0.0, 0.10487815737724304, 20.721343994140625, -2.5977063179016113, 29.57457733154297, -1.2150574922561646, 25.76181411743164, -2.34718918800354, 54.36982727050781, -1.4546858072280884, 50.56795120239258)
(1.0643342733383179, 1.5300946235656738, 0.0, -1.0, 0.0, 0.0, -1.6158536672592163, -0.8841463327407837, 0.0, -12.386005401611328, -9.180567741394043, 0.0, 1000, 1000, 1000, 1000, 1.9066410064697266, -0.34249114990234375, 0.0, 0.16006095707416534, 23.909603118896484, -1.4001197814941406, 28.62762451171875, -0.6718921661376953, 26.555612564086914, -1.078534722328186, 52.97919464111328, 2.8284213542938232, 54.72908401489258)
(-0.8590618371963501, -4.025414943695068, 0.0, -1.0, 0.0, 0.0, -13.963414192199707, -21.189023971557617, 0.0, -0.8456289768218994, 24.152488708496094, 0.0, 1000, 1000, 1000, 1000, -0.25451231002807617, -4.119290351867676, 0.0, -2.028963565826416, 18.740245819091797, 1.7053121328353882, 28.752470016479492, 0.9822267889976501, 31.44001007080078, 5.894396781921387, 54.917633056640625, 0.3336082398891449, 61.14563751220703)
(-0.9747750759124756, -5.718461513519287, 0.0, -1.0, 0.0, 0.0, 4.2682929039001465, 3.75, 0.0, -0.15134954452514648, 34.310768127441406, 0.0, 1000, 1000, 1000, 1000, -0.2767677307128906, -5.344422340393066, 0.0, -2.629420280456543, 16.8468017578125, -0.5745534896850586, 29.06810760498047, -1.0471618175506592, 27.446392059326172, 3.972899913787842, 57.79365539550781, -1.4703681468963623, 60.29618835449219)
(1.1102840900421143, -0.9629806280136108, 0.0, -1.0, 0.0, 0.0, 14.085366249084473, 37.317073822021484, 0.0, -12.661705017089844, 5.777883529663086, 0.0, 1000, 1000, 1000, 1000, 0.6398129463195801, -3.043579578399658, 0.0, -0.5606705546379089, 22.051525115966797, -3.477119207382202, 28.04995346069336, -2.1433005332946777, 22.429534912109375, -4.100094795227051, 57.912322998046875, -4.832647800445557, 48.97957992553711)
(2.0383901596069336, 3.5804550647735596, 0.0, -1.0, 0.0, 0.0, -12.134146690368652, 21.067073822021484, 0.0, -18.2303409576416, -21.482730865478516, 0.0, 1000, 1000, 1000, 1000, 2.2593250274658203, -0.2504596710205078, 0.0, 0.6054877638816833, 28.164331436157227, -0.7925052642822266, 26.433290481567383, 3.6982686519622803, 29.339054107666016, -5.531474590301514, 55.20682907104492, -3.1736273765563965, 46.50172805786133)
(-0.7692119479179382, 4.455997943878174, 0.0, -1.0, 0.0, 0.0, -15.243902206420898, 10.853658676147461, 0.0, -1.3847283124923706, -26.73598861694336, 0.0, 1000, 1000, 1000, 1000, 0.7165852785110474, 1.6606764793395996, 0.0, -2.658231735229492, 30.829727172851562, 1.8016926050186157, 26.743000030517578, 1.4744893312454224, 30.019182205200195, -4.886653900146484, 52.54387283325195, -2.1804256439208984, 45.47679138183594)
(-0.15060776472091675, 3.3276474475860596, 0.0, -1.0, 0.0, 0.0, 9.390243530273438, -2.317073106765747, 0.0, -5.096353530883789, -19.965885162353516, 0.0, 1000, 1000, 1000, 1000, -0.21153020858764648, 1.4329643249511719, 0.0, -2.498781442642212, 31.07774543762207, -1.8832576274871826, 26.68248176574707, -1.0450000762939453, 23.754222869873047, -2.2943453788757324, 50.70222091674805, 0.2954566180706024, 48.703330993652344)
(0.25066545605659485, 2.906991958618164, 0.0, -1.0, 0.0, 0.0, -0.7012194991111755, 2.4390244483947754, 0.0, -7.503992557525635, -17.441951751708984, 0.0, 1000, 1000, 1000, 1000, 1.055082082748413, 2.120095729827881, 0.0, -2.1217989921569824, 31.708232879638672, -0.8843604922294617, 26.14511489868164, 0.33219242095947266, 25.592947006225586, -2.584526777267456, 49.24250411987305, 1.6715974807739258, 48.32957458496094)
(0.06562734395265579, 2.4068238735198975, 0.0, -1.0, 0.0, 0.0, 0.060975611209869385, -3.3231706619262695, 0.0, -6.393764019012451, -14.440942764282227, 0.0, 1000, 1000, 1000, 1000, 0.37207484245300293, 1.9691343307495117, 0.0, -2.592531442642212, 31.946348190307617, -0.8391161561012268, 25.82497787475586, -0.7882418632507324, 24.197620391845703, -1.445310354232788, 48.08538818359375, 2.568800449371338, 49.20887756347656)
(0.5425074100494385, 1.8089910745620728, 0.0, 0.0, 0.0, 0.0, 2.012195110321045, -6.006097793579102, 0.0, -3.255044460296631, -10.853946685791016, 0.0, 1000, 1000, 1000, 1000, 1.0093494653701782, 1.0462512969970703, 0.0, -2.246342420578003, 31.87973403930664, -0.6847411394119263, 25.2581729888916, 0.23748746514320374, 24.8109188079834, -0.630220353603363, 47.18680191040039, 2.5458459854125977, 49.1024284362793)
(1.0231857299804688, -0.3854561448097229, 0.0, -1.0, 0.0, 0.0, 2.896341562271118, -21.615854263305664, 0.0, -12.139114379882812, 2.312736988067627, 0.0, 1000, 1000, 1000, 1000, 1.6608846187591553, 0.4649171829223633, 0.0, -1.907470703125, 29.740705490112305, -1.9546092748641968, 24.448822021484375, -0.7395027875900269, 21.754709243774414, 3.1107168197631836, 47.46725845336914, 6.072269916534424, 56.650245666503906)
(-0.8318442106246948, -9.155385971069336, 0.0, -1.0, 0.0, 0.0, -30.579267501831055, -46.34146499633789, 0.0, -1.008934736251831, 54.932315826416016, 0.0, 1000, 1000, 1000, 1000, 1.4333364963531494, -4.761407852172852, 0.0, -4.0118913650512695, 19.761592864990234, 3.8441433906555176, 24.383779525756836, 6.8473286628723145, 35.075252532958984, 13.1655912399292, 52.358489990234375, 3.3580453395843506, 68.88212585449219)
(-5.962548732757568, -7.427528381347656, 0.0, -1.0, 0.0, 0.0, -18.841463088989258, 29.542682647705078, 0.0, 29.775291442871094, 44.56517028808594, 0.0, 1000, 1000, 1000, 1000, -3.0259628295898438, -8.12966537475586, 0.0, -10.511587142944336, 20.467079162597656, 6.320178031921387, 27.604522705078125, -1.8843905925750732, 32.04030990600586, 1.9529234170913696, 56.25727844238281, -3.0474112033843994, 55.16279220581055)
(-3.896318197250366, -1.5075081586837769, 0.0, -1.0, 0.0, 0.0, 16.40243911743164, 7.286585330963135, 0.0, 17.37790870666504, 9.045048713684082, 0.0, 1000, 1000, 1000, 1000, -3.2327775955200195, -0.49647998809814453, 0.0, -9.280949592590332, 26.321495056152344, 0.12681104242801666, 29.222354888916016, -2.1404340267181396, 27.20873260498047, 0.22860023379325867, 56.16299819946289, 4.138668537139893, 60.53026580810547)
(-0.7393030524253845, -2.3310108184814453, 0.0, -1.0, 0.0, 0.0, 7.347560882568359, 1.6158536672592163, 0.0, -1.5641816854476929, 13.986064910888672, 0.0, 1000, 1000, 1000, 1000, -1.0514039993286133, -2.715679168701172, 0.0, -6.083847522735596, 26.154726028442383, -1.1585265398025513, 28.7598819732666, 0.3010282814502716, 27.90238380432129, 1.608127474784851, 57.25151824951172, 2.1740527153015137, 61.03369903564453)
(-0.524992823600769, -2.1509506702423096, 0.0, -1.0, 0.0, 0.0, -14.146341323852539, 6.25, 0.0, -2.8500430583953857, 12.905704498291016, 0.0, 1000, 1000, 1000, 1000, -0.00921773910522461, -2.195546865463257, 0.0, -6.0157084465026855, 27.014789581298828, 1.4685187339782715, 28.542598724365234, 3.6766769886016846, 33.68779373168945, 0.8652415871620178, 58.083984375, 0.6689559817314148, 59.61818313598633)
(-0.9443628191947937, -1.838150143623352, 0.0, -1.0, 0.0, 0.0, 6.371951103210449, -3.170731782913208, 0.0, -0.3338230848312378, 11.028901100158691, 0.0, 1000, 1000, 1000, 1000, -1.6368677616119385, -2.6113991737365723, 0.0, -6.5846099853515625, 28.0440616607666, -0.8717506527900696, 28.783506393432617, -1.0977407693862915, 26.814014434814453, 1.8459522724151611, 58.491695404052734, 1.2904253005981445, 61.628074645996094)
(-0.19265469908714294, -1.526200532913208, 0.0, -1.0, 0.0, 0.0, 4.5731706619262695, 16.25, 0.0, -4.844071865081787, 9.157203674316406, 0.0, 1000, 1000, 1000, 1000, -0.8982679843902588, -2.992790937423706, 0.0, -5.733389854431152, 29.197113037109375, -1.2242414951324463, 28.29119300842285, -1.8444896936416626, 25.222461700439453, -0.9220635294914246, 58.97411346435547, -1.3911923170089722, 56.660858154296875)
(-0.49283403158187866, -1.0556714534759521, 0.0, -1.0, 0.0, 0.0, -26.067073822021484, 7.8353657722473145, 0.0, -3.0429959297180176, 6.334028720855713, 0.0, 1000, 1000, 1000, 1000, -0.10090184211730957, -2.193192481994629, 0.0, -5.944821357727051, 30.501983642578125, 2.9931302070617676, 27.828746795654297, 7.097682476043701, 37.919559478759766, -0.19517381489276886, 59.05199432373047, -0.9331384301185608, 57.923683166503906)
(-4.187180042266846, -1.939587116241455, 0.0, -1.0, 0.0, 0.0, -5.9146342277526855, -4.1768293380737305, 0.0, 19.12308120727539, 11.63752269744873, 0.0, 1000, 1000, 1000, 1000, -2.2743782997131348, -3.3432722091674805, 0.0, -10.33110237121582, 30.04268455505371, 3.2549030780792236, 30.070369720458984, 1.0169856548309326, 34.34225845336914, 2.05586576461792, 59.535057067871094, -3.9772989749908447, 57.613624572753906)
(-7.444054126739502, -0.10611412674188614, 0.0, -1.0, 0.0, 0.0, 8.963414192199707, 5.27439022064209, 0.0, 38.66432571411133, 0.636684775352478, 0.0, 1000, 1000, 1000, 1000, -5.6536431312561035, -0.9063458442687988, 0.0, -14.962960243225098, 32.991153717041016, 3.8611185550689697, 33.577423095703125, -10.586431503295898, 26.852109909057617, -0.6029016971588135, 58.87976837158203, -1.5442782640457153, 56.73258972167969)
(-1.1811484098434448, -1.442585825920105, 0.0, -1.0, 0.0, 0.0, 9.908536911010742, -3.628048896789551, 0.0, 1.086890459060669, 8.65551471710205, 0.0, 1000, 1000, 1000, 1000, -2.300931453704834, -2.1342082023620605, 0.0, -8.844210624694824, 32.292842864990234, -1.1468141078948975, 33.03759002685547, 2.778104305267334, 34.668880462646484, 1.5968632698059082, 59.400901794433594, -0.2614375054836273, 60.736328125)
(-3.8772332668304443, -1.9808052778244019, 0.0, -1.0, 0.0, 0.0, -6.7682929039001465, -4.390244007110596, 0.0, 17.263399124145508, 11.884831428527832, 0.0, 1000, 1000, 1000, 1000, -3.4539647102355957, -2.0546486377716064, 0.0, -11.300005912780762, 32.07621765136719, 3.124119997024536, 34.30512619018555, -1.9233852624893188, 35.505859375, 2.11575984954834, 60.12474822998047, 1.650822639465332, 63.89133071899414)
(-3.064021348953247, -3.136965036392212, 0.0, 0.0, 0.0, 0.0, 1.1585365533828735, -3.1097559928894043, 0.0, 18.38412857055664, 18.82179069519043, 0.0, 1000, 1000, 1000, 1000, -2.307981491088867, -4.335518836975098, 0.0, -10.664182662963867, 31.236431121826172, 2.2393269538879395, 35.324153900146484, 1.5145915746688843, 39.07807159423828, 2.8511011600494385, 61.44921112060547, 0.5936886072158813, 64.89399719238281)
(-3.321925163269043, -3.4762210845947266, 0.0, -1.0, 0.0, 0.0, -3.7804877758026123, 4.603658676147461, 0.0, 13.931550979614258, 20.85732650756836, 0.0, 1000, 1000, 1000, 1000, -2.7460684776306152, -3.826188325881958, 0.0, -11.330041885375977, 31.02103614807129, 2.302564859390259, 36.452579498291016, 0.7312911748886108, 39.48643493652344, 2.1129767894744873, 63.088539123535156, -0.8157143592834473, 64.38580322265625)
(-2.6997220516204834, -4.216050624847412, 0.0, -1.0, 0.0, 0.0, 7.77439022064209, 0.6097561120986938, 0.0, 10.198331832885742, 25.296302795410156, 0.0, 1000, 1000, 1000, 1000, -1.9163010120391846, -4.130354404449463, 0.0, -11.244219779968262, 30.416311264038086, 0.3151124119758606, 37.406009674072266, -2.5717272758483887, 35.14939498901367, 3.2092509269714355, 64.83182525634766, 0.23055541515350342, 68.2716293334961)
(-0.0581468902528286, -4.131282806396484, 0.0, -1.0, 0.0, 0.0, 17.042682647705078, 5.27439022064209, 0.0, -5.651118755340576, 24.787696838378906, 0.0, 1000, 1000, 1000, 1000, -1.8556327819824219, -4.325382709503174, 0.0, -8.525623321533203, 30.847261428833008, -2.9501943588256836, 36.87767791748047, -3.830725908279419, 30.096755981445312, 2.5367298126220703, 66.52003479003906, -0.6284492015838623, 68.42831420898438)
(3.9741854667663574, -4.615536689758301, 0.0, -1.0, 0.0, 0.0, 12.439023971557617, 5.060975551605225, 0.0, -29.845111846923828, 27.693220138549805, 0.0, 1000, 1000, 1000, 1000, 1.1852588653564453, -5.52806282043457, 0.0, -3.474403142929077, 30.578811645507812, -5.496937274932861, 34.054901123046875, 2.343285322189331, 30.901248931884766, 2.9421918392181396, 68.48015594482422, -2.0159451961517334, 69.40640258789062)
(2.2340471744537354, -1.8097963333129883, 0.0, -1.0, 0.0, 0.0, -16.737804412841797, 7.103658676147461, 0.0, -19.40428352355957, 10.85877799987793, 0.0, 1000, 1000, 1000, 1000, 1.6594188213348389, -3.172947406768799, 0.0, -4.016170501708984, 33.92241668701172, -0.34664228558540344, 32.2678108215332, 3.3142287731170654, 35.23539733886719, 0.4881654977798462, 68.75455474853516, 0.8173520565032959, 70.06006622314453)
(1.5867348909378052, -2.553340435028076, 0.0, -1.0, 0.0, 0.0, -6.189024448394775, -1.3109755516052246, 0.0, -15.52040958404541, 15.320042610168457, 0.0, 1000, 1000, 1000, 1000, 3.629253625869751, -4.581528663635254, 0.0, -4.609920978546143, 33.99072265625, -1.2130800485610962, 31.537397384643555, 3.3752520084381104, 33.69956970214844, 2.16203236579895, 69.70329284667969, 2.508906126022339, 74.37422943115234)
(-0.6911138892173767, -1.3064244985580444, 0.0, -1.0, 0.0, 0.0, -8.140243530273438, 6.006097793579102, 0.0, -1.8533166646957397, 7.8385467529296875, 0.0, 1000, 1000, 1000, 1000, -0.7511558532714844, -2.2488441467285156, 0.0, -7.580042362213135, 36.19041061401367, 0.8173004984855652, 31.762161254882812, -1.6844305992126465, 30.895030975341797, 0.23821836709976196, 69.83409881591797, 2.4616506099700928, 72.53396606445312)
(0.32741454243659973, -1.7462559938430786, 0.0, -1.0, 0.0, 0.0, 4.695121765136719, -1.5548779964447021, 0.0, -7.964487075805664, 10.47753620147705, 0.0, 1000, 1000, 1000, 1000, 0.5516948699951172, -2.5508346557617188, 0.0, -6.595284938812256, 36.48370361328125, -1.6457490921020508, 31.24561309814453, 1.1300874948501587, 30.729951858520508, 1.5642138719558716, 70.29717254638672, 0.31432101130485535, 72.17571258544922)
(0.03456263244152069, -2.434860944747925, 0.0, -1.0, 0.0, 0.0, -8.62804889678955, 2.77439022064209, 0.0, -6.207376003265381, 14.60916519165039, 0.0, 1000, 1000, 1000, 1000, 0.8341505527496338, -3.349527359008789, 0.0, -7.829890727996826, 38.37211227416992, 0.31468749046325684, 28.805532455444336, 1.1222892999649048, 30.242507934570312, 1.5385206937789917, 74.6076431274414, 0.8060342669487, 76.95220184326172)
(-1.099199652671814, -2.5467641353607178, 0.0, 0.0, 0.0, 0.0, 0.030487805604934692, -2.4695122241973877, 0.0, 6.595197677612305, 15.280584335327148, 0.0, 1000, 1000, 1000, 1000, -0.44525623321533203, -3.385199546813965, 0.0, -9.340261459350586, 38.77240753173828, 0.8534122705459595, 29.231874465942383, -0.46377328038215637, 29.62151336669922, 2.3075127601623535, 75.46965026855469, 1.309883713722229, 79.08704376220703)
(-1.0439833402633667, -2.73376727104187, 0.0, -1.0, 0.0, 0.0, -4.207316875457764, 3.7195122241973877, 0.0, 0.2639000415802002, 16.402603149414062, 0.0, 1000, 1000, 1000, 1000, -0.31249237060546875, -3.7374978065490723, 0.0, -9.58995532989502, 39.15106201171875, 0.581258237361908, 29.313053131103516, 0.8074390888214111, 30.701749801635742, 1.6488018035888672, 76.54542541503906, 0.2546374797821045, 78.44886779785156)
(-0.6969346404075623, -2.516256332397461, 0.0, -1.0, 0.0, 0.0, 2.804877996444702, 1.585365891456604, 0.0, -1.8183921575546265, 15.097537994384766, 0.0, 1000, 1000, 1000, 1000, -0.18995141983032227, -3.4381234645843506, 0.0, -9.665410995483398, 39.89954376220703, -0.6010251045227051, 29.345006942749023, -0.6654303669929504, 28.078550338745117, 1.7565823793411255, 77.35028076171875, -0.2526341378688812, 78.8542251586914)
(-0.9474131464958191, -3.055190086364746, 0.0, -1.0, 0.0, 0.0, -4.1768293380737305, 2.6524391174316406, 0.0, -0.31552112102508545, 18.331140518188477, 0.0, 1000, 1000, 1000, 1000, -0.8647902011871338, -3.8544845581054688, 0.0, -10.169528007507324, 39.9068603515625, 0.5019700527191162, 29.44631576538086, -1.2791765928268433, 28.669109344482422, 2.038231134414673, 78.53096771240234, -1.1782413721084595, 79.39096069335938)
(-0.6248112320899963, -2.9408938884735107, 0.0, -1.0, 0.0, 0.0, 3.170731782913208, 8.170731544494629, 0.0, -2.2511324882507324, 17.645362854003906, 0.0, 1000, 1000, 1000, 1000, -5.601646900177002, -7.480450630187988, 0.0, -10.178518295288086, 40.51980972290039, -0.7048423886299133, 29.394914627075195, -1.1722162961959839, 27.517854690551758, 1.2317020893096924, 79.64836883544922, -3.159074068069458, 77.72100067138672)
(-0.6117653846740723, -3.006772518157959, 0.0, -1.0, 0.0, 0.0, -10.762195587158203, -3.3231706619262695, 0.0, -2.3294076919555664, 18.040634155273438, 0.0, 1000, 1000, 1000, 1000, 5.037004470825195, -1.178724765777588, 0.0, -10.183395385742188, 40.79207229614258, 1.0962624549865723, 29.203065872192383, 4.599678993225098, 34.89900588989258, 2.777294397354126, 80.70501708984375, 2.1550536155700684, 85.63736724853516)
(-4.975167274475098, -0.5158545970916748, 0.0, -1.0, 0.0, 0.0, -3.2317073345184326, -0.3658536672592163, 0.0, 23.851003646850586, 3.095127582550049, 0.0, 1000, 1000, 1000, 1000, -4.409908771514893, 0.34610986709594727, 0.0, -15.5358304977417, 44.06707000732422, 3.520752429962158, 31.65776824951172, -8.090351104736328, 27.08816909790039, 0.44992756843566895, 80.50296783447266, 5.114517688751221, 86.06741333007812)
(-1.1501768827438354, -2.2910666465759277, 0.0, -1.0, 0.0, 0.0, 3.1402440071105957, -1.6463414430618286, 0.0, 0.9010612964630127, 13.746399879455566, 0.0, 1000, 1000, 1000, 1000, -0.8650016784667969, -3.3850855827331543, 0.0, -12.12546443939209, 42.99695587158203, -0.29109376668930054, 31.368379592895508, 0.8942827582359314, 31.971569061279297, 2.001056432723999, 81.47439575195312, 0.6228703856468201, 84.09832763671875)
(-0.4889429211616516, -3.5384256839752197, 0.0, -1.0, 0.0, 0.0, -2.987804889678955, -0.5792682766914368, 0.0, -3.066342353820801, 21.230554580688477, 0.0, 1000, 1000, 1000, 1000, 0.01997661590576172, -4.309414863586426, 0.0, -11.637051582336426, 42.04863739013672, -0.010209870524704456, 31.112178802490234, 2.162801504135132, 33.2647705078125, 2.8352768421173096, 83.07164001464844, 0.9140921235084534, 86.82100677490234)
(-3.126878261566162, -3.692120313644409, 0.0, -1.0, 0.0, 0.0, -17.164634704589844, 13.841463088989258, 0.0, 12.761269569396973, 22.152721405029297, 0.0, 1000, 1000, 1000, 1000, -2.1592416763305664, -3.37434720993042, 0.0, -14.747417449951172, 42.35275650024414, 3.8903675079345703, 32.38486099243164, 0.2607775032520294, 36.53600311279297, 1.0804635286331177, 84.68841552734375, -3.9289300441741943, 81.8399429321289)
(-2.9391727447509766, -3.515624523162842, 0.0, -1.0, 0.0, 0.0, 5.365853786468506, -2.682926893234253, 0.0, 11.449719429016113, 21.238479614257812, 0.0, 1000, 1000, 1000, 1000, -2.6182565689086914, -4.3019232749938965, 0.0, -14.677446365356445, 42.74727249145508, 0.7909025549888611, 33.4022102355957, -0.5519255995750427, 33.64118957519531, 3.1097826957702637, 85.92350769042969, 0.47750651836395264, 89.51079559326172)
(-2.8011255264282227, -4.121990203857422, 0.0, -1.0, 0.0, 0.0, -9.17682933807373, -2.2560975551605225, 0.0, 10.806753158569336, 24.73194122314453, 0.0, 1000, 1000, 1000, 1000, -1.6259775161743164, -5.0751776695251465, 0.0, -14.921501159667969, 42.58858108520508, 2.597865581512451, 34.18436813354492, 3.0274035930633545, 39.809635162353516, 3.5084450244903564, 87.60482788085938, 1.1501874923706055, 92.26345825195312)
(-2.703556776046753, -3.3656723499298096, 0.0, -1.0, 0.0, 0.0, 14.603658676147461, -0.12195122241973877, 0.0, 10.22134017944336, 20.194034576416016, 0.0, 1100, 1100, 1179, 1100, -1.9855635166168213, -3.765066146850586, 0.0, -15.231253623962402, 43.9355354309082, -0.5697014331817627, 35.38450622558594, -2.671421766281128, 32.14338302612305, 2.641078233718872, 88.62285614013672, -0.2047293335199356, 91.0592041015625)
(-0.5027115345001221, -2.0668742656707764, 0.0, -1.0, 0.0, 0.0, 18.475608825683594, 5.152439117431641, 0.0, -2.9837307929992676, 12.4012451171875, 0.0, 1100, 1100, 1181, 1100, -0.9994421005249023, -5.468454360961914, 0.0, -12.74268627166748, 45.6512336730957, -2.7897140979766846, 34.92751693725586, -4.046433448791504, 28.09136962890625, 0.9423447847366333, 89.2597885131836, 3.1462652683258057, 93.34839630126953)
(-0.9784355163574219, -1.150827169418335, 0.0, 0.0, 0.0, 0.0, 5.5182929039001465, -17.957317352294922, 0.0, 5.870613098144531, 6.90496301651001, 0.0, 1100, 1100, 1261, 1100, 1.7275896072387695, -4.166718482971191, 0.0, -12.981708526611328, 47.33858108520508, 0.04580162465572357, 34.709171295166016, -0.4453698992729187, 34.30960464477539, 3.2320964336395264, 89.403076171875, 12.50826644897461, 105.14344024658203)
(3.243720054626465, -2.733017683029175, 0.0, -1.0, 0.0, 0.0, -8.506097793579102, 12.987804412841797, 0.0, -25.46232032775879, 16.39810562133789, 0.0, 1100, 1100, 1246, 1100, 6.1695380210876465, -10.788284301757812, 0.0, -7.885977268218994, 46.15017318725586, -2.2043089866638184, 32.163272857666016, 9.27637004852295, 39.23533630371094, 0.44333916902542114, 90.66896057128906, -7.76104736328125, 83.35124969482422)
(-2.1951773166656494, -3.465533971786499, 0.0, -1.0, 0.0, 0.0, -23.20121955871582, 6.402439117431641, 0.0, 7.1710638999938965, 20.793203353881836, 0.0, 1148, 1100, 1286, 1100, -15.184297561645508, 13.153768539428711, 0.0, -13.796950340270996, 45.995452880859375, 3.948396921157837, 33.23299789428711, 3.166653633117676, 40.34804916381836, 1.8707993030548096, 92.0191879272461, -5.3770904541015625, 88.51289367675781)
(-4.039670467376709, -1.0187971591949463, 0.0, 0.0, 0.0, 0.0, -22.591463088989258, 27.164634704589844, 0.0, 24.238021850585938, 6.112782955169678, 0.0, 1128, 1109, 1373, 1100, 11.589107513427734, 10.602229118347168, 0.0, -16.861129760742188, 48.591033935546875, 6.087832927703857, 35.350257873535156, 12.701532363891602, 54.139625549316406, -2.7367405891418457, 92.06460571289062, -15.353206634521484, 73.97465515136719)
(-0.42288199067115784, -0.18204724788665771, 0.0, -1.0, 0.0, 0.0, 7.743902206420898, 22.682926177978516, 0.0, -3.462707996368408, 1.0922834873199463, 0.0, 1259, 1210, 1354, 1100, 17.821800231933594, -9.992208480834961, 0.0, -12.734602928161621, 51.57732391357422, -1.4568592309951782, 35.15757751464844, 10.921469688415527, 44.622188568115234, -2.806783676147461, 91.28668975830078, -9.19740104675293, 79.28250885009766)
(-3.0068905353546143, 2.809147596359253, 0.0, -1.0, 0.0, 0.0, 7.408536434173584, 10.0, 0.0, 12.041343688964844, -16.85488510131836, 0.0, 1288, 1218, 1364, 1112, 3.091928720474243, -17.522323608398438, 0.0, -15.287497520446777, 54.253841400146484, 0.602264940738678, 36.55192184448242, -1.7183974981307983, 35.435787200927734, -3.4911351203918457, 89.85489654541016, -5.571660041809082, 80.79210662841797)
(-0.011671400628983974, 4.186770915985107, 0.0, -1.0, 0.0, 0.0, 12.286585807800293, -24.268293380737305, 0.0, -5.929971694946289, -25.120624542236328, 0.0, 1364, 1220, 1365, 1100, 13.85527229309082, 25.177570343017578, 0.0, -12.81828784942627, 55.78722381591797, -2.368152379989624, 36.24596405029297, -5.684648036956787, 28.19316291809082, -0.11080305278301239, 87.36616516113281, 22.924118041992188, 110.17948150634766)
(-5.266810894012451, 6.1292243003845215, 0.0, -1.0, 0.0, 0.0, -22.987804412841797, 59.54268264770508, 0.0, 25.60086441040039, -36.77534484863281, 0.0, 1245, 1242, 1407, 1208, -22.111221313476562, -1.7138805389404297, 0.0, -17.8952693939209, 59.99821090698242, 6.316526889801025, 37.844390869140625, -4.916218280792236, 39.24469757080078, -12.521343231201172, 84.15885162353516, -21.156511306762695, 50.48099899291992)
(2.4177591800689697, 6.692490100860596, 0.0, -1.0, 0.0, 0.0, 25.670732498168945, -32.19512176513672, 0.0, -20.506555557250977, -40.15494155883789, 0.0, 1354, 1233, 1436, 1151, -14.596431732177734, -0.19081974029541016, 0.0, -7.869661808013916, 60.68159103393555, -6.003047466278076, 34.960086822509766, 2.1543636322021484, 31.11140251159668, -1.0347765684127808, 81.19923400878906, 21.300413131713867, 101.46487426757812)
(2.1012890338897705, 8.4403076171875, 0.0, -1.0, 0.0, 0.0, 55.70121765136719, 10.609756469726562, 0.0, -18.60773468017578, -50.641845703125, 0.0, 1411, 1257, 1332, 1170, 24.767635345458984, -0.5025882720947266, 0.0, -8.695576667785645, 63.60185623168945, -9.660163879394531, 34.148075103759766, -32.918922424316406, -8.431009292602539, -7.962708473205566, 77.18968200683594, 9.777734756469727, 79.00471496582031)
(-8.452775955200195, 12.367342948913574, 0.0, -1.0, 0.0, 0.0, -61.371952056884766, 48.29268264770508, 0.0, 44.71665573120117, -74.20405578613281, 0.0, 1255, 1274, 1412, 1229, -60.05411148071289, 22.167335510253906, 0.0, -19.601215362548828, 68.61878204345703, 13.791519165039062, 36.418758392333984, -9.568476676940918, 40.64179992675781, -15.924575805664062, 71.63664245605469, -14.513855934143066, 41.19821548461914)
(4.116929531097412, 4.001369953155518, 0.0, -1.0, 0.0, 0.0, 20.274391174316406, 50.51829147338867, 0.0, -30.701576232910156, -24.008220672607422, 0.0, 1237, 1347, 1360, 1230, -13.85986614227295, -17.23345947265625, 0.0, -3.9830758571624756, 61.58416748046875, -6.626875877380371, 32.48466873168945, 24.222572326660156, 50.08036804199219, -9.688446998596191, 70.08887481689453, -55.31913757324219, 5.081291198730469)
(3.92933988571167, 0.2322252243757248, 0.0, -1.0, 0.0, 0.0, 39.42073059082031, -1.2804877758026123, 0.0, -29.576038360595703, -1.3933513164520264, 0.0, 1371, 1259, 1384, 1156, 13.898378372192383, -3.1322665214538574, 0.0, -3.2871923446655273, 60.195594787597656, -8.969579696655273, 30.90243911743164, -2.534585952758789, 19.398273468017578, -0.014672260731458664, 69.8202133178711, 15.222725868225098, 85.02826690673828)
(-6.942476272583008, 6.477479934692383, 0.0, -1.0, 0.0, 0.0, 8.414633750915527, 10.609756469726562, 0.0, 35.65485763549805, -38.8648796081543, 0.0, 1414, 1288, 1308, 1159, 2.224714756011963, 44.26346206665039, 0.0, -16.23322868347168, 67.23843383789062, 3.541229009628296, 34.192501068115234, -42.145843505859375, -4.412116050720215, -6.431702613830566, 66.74580383300781, 8.425971984863281, 68.74007415771484)
(-10.866252899169922, 8.166722297668457, 0.0, -1.0, 0.0, 0.0, -31.676828384399414, -20.54878044128418, 0.0, 59.19751739501953, -49.000335693359375, 0.0, 1350, 1281, 1385, 1158, 14.30388355255127, 25.103261947631836, 0.0, -21.6807861328125, 69.10365295410156, 11.813664436340332, 37.576717376708984, -19.814184188842773, 29.576200485229492, -3.698702096939087, 63.12718963623047, 14.491804122924805, 73.9202880859375)
(0.7927908301353455, 1.477924108505249, 0.0, -1.0, 0.0, 0.0, 4.939024448394775, -32.89634323120117, 0.0, -10.756745338439941, -8.867544174194336, 0.0, 1351, 1304, 1388, 1128, 11.31497859954834, 7.045048713684082, 0.0, -9.172249794006348, 63.39345169067383, -2.040450096130371, 35.39903259277344, 9.9680814743042, 43.326663970947266, 3.123743772506714, 62.908447265625, 10.762136459350586, 76.79432678222656)
(-0.6903267502784729, 3.078986406326294, 0.0, -1.0, 0.0, 0.0, 10.12195110321045, 6.158536434173584, 0.0, -1.8580394983291626, -18.473918914794922, 0.0, 1373, 1314, 1334, 1149, 14.870471000671387, -8.063167572021484, 0.0, -11.775146484375, 64.0372085571289, -1.557398796081543, 35.81797790527344, -12.871160507202148, 21.38941764831543, -3.202219247817993, 61.97964096069336, 2.5352602005004883, 61.31268310546875)
(-4.404423236846924, 3.5005569458007812, 0.0, -1.0, 0.0, 0.0, -25.884145736694336, 36.7378044128418, 0.0, 20.42654037475586, -21.003341674804688, 0.0, 1308, 1329, 1362, 1199, -65.06752014160156, 5.470583915710449, 0.0, -17.481849670410156, 65.40657043457031, 6.020389080047607, 37.71269607543945, -7.691227436065674, 36.0418586730957, -7.506349086761475, 60.14094161987305, -17.132692337036133, 35.50189971923828)
(2.6867213249206543, -0.356217622756958, 0.0, -1.0, 0.0, 0.0, -17.865854263305664, -27.865854263305664, 0.0, -22.12032699584961, 2.137305736541748, 0.0, 1329, 1311, 1475, 1187, 16.263273239135742, 7.80086612701416, 0.0, -8.914472579956055, 62.349090576171875, -0.5530814528465271, 35.142311096191406, 22.866464614868164, 57.45569610595703, 3.9004108905792236, 60.4817008972168, 12.330371856689453, 76.71248626708984)
(5.5244879722595215, 6.221678256988525, 0.0, -1.0, 0.0, 0.0, 0.9146341681480408, 32.378047943115234, 0.0, -39.14692687988281, -37.33007049560547, 0.0, 1374, 1402, 1370, 1180, -8.508946418762207, -2.524656295776367, 0.0, -6.165234565734863, 67.90000915527344, -5.208003044128418, 32.687965393066406, 16.97553062438965, 44.45549392700195, -9.062054634094238, 57.46945571899414, -8.063194274902344, 40.34420394897461)
(-2.328983783721924, 4.256239891052246, 0.0, 0.0, 0.0, 0.0, -64.69512176513672, -12.164633750915527, 0.0, 13.973902702331543, -25.537439346313477, 0.0, 1418, 1421, 1377, 1114, 37.38479995727539, 5.70533561706543, 0.0, -15.512494087219238, 67.2249984741211, 10.226972579956055, 34.33509063720703, 11.860998153686523, 56.42306137084961, -1.7384647130966187, 55.36205291748047, 11.288534164428711, 64.91212463378906)
(-28.503158569335938, 10.902880668640137, 0.0, -1.0, 0.0, 0.0, 168.26219177246094, 84.7256088256836, 0.0, 165.01895141601562, -65.41728210449219, 0.0, 1489, 1321, 1208, 1312, 14.131327629089355, 50.200294494628906, 0.0, -47.43840408325195, 75.03048706054688, -0.4216212332248688, 51.48808288574219, -128.9857940673828, -77.91934204101562, -19.51857566833496, 50.77219772338867, -15.449296951293945, 15.804327011108398)
(-20.863924026489258, 10.8050537109375, 0.0, -1.0, 0.0, 0.0, -20.54878044128418, -49.35975646972656, 0.0, 119.18354797363281, -64.830322265625, 0.0, 1339, 1342, 1431, 1218, -18.083438873291016, 2.4560718536376953, 0.0, -42.681697845458984, 77.6983642578125, 18.165203094482422, 56.18745422363281, -30.388967514038086, 43.96369171142578, -2.0111734867095947, 44.61973571777344, 9.730880737304688, 52.33944320678711)
(9.009623527526855, 4.3820481300354, 0.0, -1.0, 0.0, 0.0, 80.67073059082031, -73.50609588623047, 0.0, -60.0577392578125, -26.29228973388672, 0.0, 1346, 1268, 1471, 1246, 27.06132698059082, 47.03874969482422, 0.0, -8.738405227661133, 71.71971130371094, -18.294700622558594, 46.660125732421875, -1.5135875940322876, 26.851837158203125, 6.1377949714660645, 43.179229736328125, 26.438432693481445, 75.75545501708984)
(6.738225936889648, 3.8509738445281982, 0.0, -1.0, 0.0, 0.0, 13.993902206420898, 48.01829147338867, 0.0, -46.42935562133789, -23.10584259033203, 0.0, 1243, 1236, 1457, 1389, -16.56153678894043, -12.2744140625, 0.0, -7.494197845458984, 74.03632354736328, -7.855023384094238, 41.51252746582031, -28.519153594970703, 5.1383514404296875, -9.246136665344238, 40.86383819580078, -12.652848243713379, 18.964855194091797)
(1.6567693948745728, 4.021717548370361, 0.0, -1.0, 0.0, 0.0, -62.5, 14.085366249084473, 0.0, -15.940616607666016, -24.130306243896484, 0.0, 1100, 1204, 1605, 1426, -53.15232467651367, 9.689525604248047, 0.0, -10.542520523071289, 73.19213104248047, 6.052720069885254, 39.2001953125, 16.83368492126465, 62.08659744262695, -4.968037128448486, 39.43050765991211, -16.849037170410156, 17.613433837890625)
(14.674275398254395, 5.378382205963135, 0.0, -1.0, 0.0, 0.0, -17.378047943115234, 52.13414764404297, 0.0, -94.045654296875, -32.270294189453125, 0.0, 1186, 1302, 1511, 1331, 37.174903869628906, -9.153457641601562, 0.0, 2.845284938812256, 78.35555267333984, -9.966788291931152, 31.863807678222656, 42.0775146484375, 63.97453308105469, -10.972577095031738, 35.65187072753906, -9.024730682373047, 15.654561996459961)
(11.853562355041504, 5.74156379699707, 0.0, -1.0, 0.0, 0.0, 85.88414764404297, -5.884146213531494, 0.0, -77.12137603759766, -34.44938278198242, 0.0, 1387, 1356, 1323, 1264, 3.4140539169311523, -29.63933563232422, 0.0, 1.199400544166565, 81.18479919433594, -21.190717697143555, 28.223655700683594, -10.1444673538208, -3.111530303955078, -3.7134807109832764, 31.174577713012695, -4.849704742431641, 22.611392974853516)
(-14.393169403076172, 5.609133720397949, 0.0, -1.0, 0.0, 0.0, -51.89024353027344, 59.817073822021484, 0.0, 80.35901641845703, -33.65480041503906, 0.0, 1293, 1406, 1339, 1293, -40.823814392089844, -3.5812230110168457, 0.0, -26.51218605041504, 82.58543395996094, 17.192405700683594, 36.20252990722656, -23.472763061523438, 29.922168731689453, -12.151344299316406, 28.441259384155273, -33.23210906982422, -16.94219398498535)
(7.017991542816162, 1.670796513557434, 0.0, -1.0, 0.0, 0.0, -13.658536911010742, -56.15853500366211, 0.0, -48.107948303222656, -10.024779319763184, 0.0, 1402, 1389, 1395, 1144, 30.32729148864746, 7.193608283996582, 0.0, -7.328955173492432, 77.45661163330078, -4.478423118591309, 31.146387100219727, 23.1616153717041, 49.8295783996582, 5.997387886047363, 28.389537811279297, 31.638771057128906, 66.02569580078125)
(-0.9234829545021057, 6.427020072937012, 0.0, -1.0, 0.0, 0.0, 7.256097793579102, 28.780487060546875, 0.0, -0.4591022729873657, -38.56211853027344, 0.0, 1353, 1391, 1334, 1252, -0.8302931785583496, -1.4648492336273193, 0.0, -14.283524513244629, 81.13741302490234, -1.0029759407043457, 32.49601745605469, -11.222079277038574, 20.27096176147461, -8.754538536071777, 25.812196731567383, -6.120755195617676, 10.93690299987793)
(-1.9449127912521362, 2.3682193756103516, 0.0, -1.0, 0.0, 0.0, -13.414633750915527, -22.621952056884766, 0.0, 5.669476509094238, -14.20931625366211, 0.0, 1367, 1400, 1358, 1209, 7.316370487213135, 2.3051719665527344, 0.0, -15.113859176635742, 76.94044494628906, 2.4809343814849854, 33.00666809082031, -0.11984138190746307, 35.367759704589844, 1.0936427116394043, 25.083559036254883, 2.6347005367279053, 28.811901092529297)
(2.5602834224700928, 0.6503092646598816, 0.0, -1.0, 0.0, 0.0, -31.310976028442383, 3.3841464519500732, 0.0, -21.3617000579834, -3.90185546875, 0.0, 1293, 1383, 1411, 1243, 14.054536819458008, -14.001749992370605, 0.0, -12.40059757232666, 74.9986572265625, 1.2934058904647827, 31.876529693603516, 21.389780044555664, 54.559715270996094, -0.9471802711486816, 25.14617919921875, -4.590461254119873, 19.608537673950195)
(3.6838290691375732, 4.612875938415527, 0.0, -1.0, 0.0, 0.0, 12.34756088256836, 46.79878234863281, 0.0, -28.10297393798828, -27.677255630493164, 0.0, 1297, 1412, 1343, 1278, -35.99983215332031, -4.620670795440674, 0.0, -9.126513481140137, 77.27943420410156, -5.258569717407227, 29.84995460510254, 10.599832534790039, 35.191219329833984, -9.681884765625, 23.290159225463867, -26.245885848999023, -12.637611389160156)
(-13.212091445922852, -0.6323243975639343, 0.0, -1.0, 0.0, 0.0, -62.835365295410156, 53.719512939453125, 0.0, 73.27255249023438, 3.7939462661743164, 0.0, 1178, 1347, 1445, 1361, -22.643381118774414, -40.325645446777344, 0.0, -27.05318832397461, 73.06401062011719, 17.694028854370117, 36.57538986206055, -0.967221200466156, 53.30219650268555, -6.490324020385742, 23.512771606445312, -38.26126480102539, -21.238815307617188)
(-1.5672413110733032, -0.48326024413108826, 0.0, -1.0, 0.0, 0.0, 167.80487060546875, -59.45121765136719, 0.0, 3.4034478664398193, 2.8995614051818848, 0.0, 1522, 1381, 1296, 1131, -6.484310150146484, -6.5775041580200195, 0.0, -16.974069595336914, 72.29634094238281, -21.37218475341797, 39.0263671875, -21.97415542602539, -4.319973945617676, 8.10560131072998, 24.219898223876953, 44.29035568237305, 76.61585235595703)
(-17.9405574798584, 11.977402687072754, 0.0, -1.0, 0.0, 0.0, -129.26829528808594, 31.128047943115234, 0.0, 101.64334106445312, -71.86441802978516, 0.0, 1223, 1357, 1458, 1292, 16.3902587890625, 9.476493835449219, 0.0, -38.18656539916992, 82.77500915527344, 30.018512725830078, 46.63964080810547, -11.523726463317871, 65.13442993164062, -13.389019966125488, 18.455150604248047, 3.0721893310546875, 8.138319969177246)
(17.446542739868164, 6.102506160736084, 0.0, 0.0, 0.0, 0.0, 162.8353729248047, -108.04878234863281, 0.0, -104.67926025390625, -36.61503601074219, 0.0, 1565, 1430, 1264, 1100, -0.9314441680908203, -5.952996253967285, 0.0, 0.7029160261154175, 79.376220703125, -34.77690505981445, 36.11712646484375, 3.0991976261138916, 4.4394211769104, 9.28638744354248, 15.355514526367188, 57.535301208496094, 82.17720031738281)
(-17.926815032958984, 19.631912231445312, 0.0, -1.0, 0.0, 0.0, -68.56707000732422, 97.31707000732422, 0.0, 101.5608901977539, -117.79147338867188, 0.0, 1385, 1443, 1252, 1250, 36.68068313598633, 5.233122825622559, 0.0, -38.1937255859375, 94.69862365722656, 22.116634368896484, 45.923744201660156, -62.88212585449219, 5.158255100250244, -27.964111328125, 6.146054744720459, 7.890984535217285, -13.927072525024414)
(1.7613569498062134, 7.38614559173584, 0.0, -1.0, 0.0, 0.0, 33.59756088256836, -129.3292694091797, 0.0, -16.56814193725586, -44.316871643066406, 0.0, 1482, 1484, 1295, 1100, 21.989761352539062, 62.819854736328125, 0.0, -17.24555778503418, 86.42713165283203, -6.521541595458984, 42.607421875, 11.923140525817871, 48.00901794433594, 11.05161190032959, 2.5954437255859375, 43.68568420410156, 57.332740783691406)
(-2.8946971893310547, 3.764054298400879, 0.0, -1.0, 0.0, 0.0, 45.030487060546875, -8.04878044128418, 0.0, 11.368183135986328, -22.584325790405273, 0.0, 1361, 1388, 1312, 1270, 6.703466892242432, -5.8748016357421875, 0.0, -19.39921760559082, 82.95973205566406, -4.376099586486816, 42.67936706542969, -31.07732391357422, 7.225943565368652, -1.8896209001541138, 1.5142412185668945, 4.065115451812744, 3.6897358894348145)
(6.009920120239258, -0.020161757245659828, 0.0, -1.0, 0.0, 0.0, 16.158536911010742, 12.65243911743164, 0.0, -42.05952072143555, 0.12097054719924927, 0.0, 1190, 1263, 1453, 1423, -2.287257194519043, 21.04019546508789, 0.0, -7.724827766418457, 78.95470428466797, -7.568347454071045, 37.15534973144531, -13.78459358215332, 15.802409172058105, -1.6290909051895142, 2.0020506381988525, -10.967567443847656, -10.59460735321045)
(0.6838766932487488, 8.286856651306152, 0.0, -1.0, 0.0, 0.0, 0.0, -6.463414669036865, 0.0, -10.103260040283203, -49.72113800048828, 0.0, 1294, 1382, 1377, 1277, -41.24916458129883, 41.3707160949707, 0.0, -10.95074462890625, 85.26173400878906, -1.313423752784729, 36.20621109008789, 2.3343424797058105, 37.22713088989258, -5.623504161834717, -1.9932551383972168, 10.713800430297852, 3.0970406532287598)
(1.2838295698165894, 2.1823315620422363, 0.0, -1.0, 0.0, 0.0, -17.80487823486328, -60.182926177978516, 0.0, -13.702977180480957, -13.093989372253418, 0.0, 1310, 1327, 1426, 1268, -22.664100646972656, -13.220145225524902, 0.0, -9.704856872558594, 79.33338165283203, 0.5332471132278442, 34.29464340209961, -0.9576015472412109, 33.87028884887695, 6.121561527252197, -2.29608154296875, 31.32012939453125, 35.14561080932617)
(0.08011171966791153, 7.202636241912842, 0.0, -1.0, 0.0, 0.0, -47.07316970825195, 31.676828384399414, 0.0, -6.48067045211792, -43.215816497802734, 0.0, 1206, 1407, 1410, 1307, -19.002225875854492, -13.027368545532227, 0.0, -12.550283432006836, 85.07698822021484, 5.277024745941162, 34.6997184753418, 26.126937866210938, 66.10368347167969, -9.736043930053711, -6.017014503479004, -8.753808975219727, -24.506866455078125)
(6.429026126861572, 4.71026086807251, 0.0, -1.0, 0.0, 0.0, 21.128047943115234, -28.628047943115234, 0.0, -44.57415771484375, -28.261566162109375, 0.0, 1270, 1345, 1391, 1329, 13.18640422821045, -8.897445678710938, 0.0, -4.284276962280273, 81.43781280517578, -8.541287422180176, 30.46183967590332, 2.103339195251465, 24.02389144897461, 0.04764263331890106, -7.70224666595459, 4.576493263244629, -3.078110933303833)
(3.29158878326416, 0.921478271484375, 0.0, -1.0, 0.0, 0.0, -40.4878044128418, 78.26219177246094, 0.0, -25.74953269958496, -5.52886962890625, 0.0, 1208, 1452, 1318, 1353, 10.084786415100098, -28.638120651245117, 0.0, -7.756533622741699, 81.69207000732422, 1.9159753322601318, 29.235668182373047, 11.138984680175781, 42.290626525878906, -10.892837524414062, -8.647960662841797, -50.25578689575195, -69.79658508300781)
(2.8102846145629883, 0.23245744407176971, 0.0, -1.0, 0.0, 0.0, 51.89024353027344, 23.75, 0.0, -22.86170768737793, -1.394744634628296, 0.0, 1375, 1466, 1235, 1254, 24.33699607849121, -12.69428539276123, 0.0, -8.875743865966797, 80.19282531738281, -9.717754364013672, 29.205768585205078, -11.334112167358398, 8.153902053833008, -3.2688169479370117, -8.524869918823242, -15.776507377624512, -27.570194244384766)
(-2.8982527256011963, 3.3133344650268555, 0.0, -1.0, 0.0, 0.0, 14.817072868347168, 55.73170852661133, 0.0, 11.389516830444336, -19.880006790161133, 0.0, 1301, 1410, 1296, 1322, -47.07407760620117, 13.211612701416016, 0.0, -12.662022590637207, 84.69420623779297, -0.4455822706222534, 29.292631149291992, -18.188316345214844, 10.658732414245605, -9.829523086547852, -10.456036567687988, -13.394742012023926, -33.680301666259766)
(3.030029058456421, 1.150005578994751, 0.0, -1.0, 0.0, 0.0, -12.77439022064209, -19.390243530273438, 0.0, -24.180173873901367, -6.900033473968506, 0.0, 1324, 1429, 1330, 1247, 4.2882304191589355, -48.11129379272461, 0.0, -6.983364582061768, 82.5080795288086, -1.4827518463134766, 27.04216194152832, 11.352211952209473, 36.91162109375, 1.6237272024154663, -11.076884269714355, 3.9864795207977295, -5.466677188873291)
(5.738442897796631, 0.3423277735710144, 0.0, -1.0, 0.0, 0.0, -34.05487823486328, 50.335365295410156, 0.0, -40.43065643310547, -2.053966522216797, 0.0, 1228, 1431, 1345, 1326, -30.659542083740234, -33.981754302978516, 0.0, -4.781229496002197, 82.16126251220703, -0.8288511633872986, 24.362720489501953, 21.743623733520508, 45.27749252319336, -6.81061315536499, -11.623687744140625, -27.624656677246094, -46.058956146240234)
(2.9325668811798096, 1.6955784559249878, 0.0, 0.0, 0.0, 0.0, 25.274391174316406, 9.45121955871582, 0.0, -17.595401763916016, -10.173470497131348, 0.0, 1379, 1465, 1253, 1233, 10.801230430603027, -9.701214790344238, 0.0, -8.547842979431152, 85.4113998413086, -5.573072910308838, 24.163700103759766, -2.100318193435669, 16.49030876159668, -2.5512099266052246, -13.681252479553223, -0.030973099172115326, -16.26343536376953)
(3.4679605960845947, 3.3013851642608643, 0.0, -1.0, 0.0, 0.0, -25.30487823486328, 57.774391174316406, 0.0, -26.807764053344727, -19.808311462402344, 0.0, 1268, 1504, 1268, 1290, -8.679864883422852, 52.9850959777832, 0.0, -9.235650062561035, 86.7052993774414, -0.19537515938282013, 22.537883758544922, 21.407697677612305, 43.750205993652344, -10.0857515335083, -15.270126342773438, -39.01332092285156, -64.36920166015625)
(11.551741600036621, -1.0968328714370728, 0.0, -1.0, 0.0, 0.0, -26.64634132385254, 7.682926654815674, 0.0, -75.3104476928711, 6.580997467041016, 0.0, 1331, 1518, 1294, 1188, 34.29975128173828, 6.417268753051758, 0.0, 2.11541748046875, 81.10606384277344, -6.326333999633789, 16.280689239501953, 53.25773620605469, 63.21208953857422, -0.14325079321861267, -13.88663387298584, -6.032825946807861, -20.062711715698242)
(2.5699150562286377, 3.8566532135009766, 0.0, -1.0, 0.0, 0.0, 61.55487823486328, 27.987804412841797, 0.0, -21.419490814208984, -23.13991928100586, 0.0, 1414, 1463, 1201, 1253, -9.86220932006836, -27.81414794921875, 0.0, -6.510190010070801, 88.01842498779297, -10.786667823791504, 17.64813804626465, -17.700422286987305, -10.838951110839844, -6.646604061126709, -16.63821029663086, -1.9594000577926636, -25.24421501159668)
(-11.4171724319458, 10.185556411743164, 0.0, -1.0, 0.0, 0.0, -19.481706619262695, -30.2439022064209, 0.0, 62.50303649902344, -61.113338470458984, 0.0, 1354, 1383, 1327, 1266, -27.779138565063477, 9.364296913146973, 0.0, -22.799978256225586, 93.74739837646484, 10.658016204833984, 23.445192337036133, -21.523052215576172, 12.580157279968262, -4.013026714324951, -21.66201400756836, 33.696083068847656, 8.021041870117188)
(-7.513655185699463, 4.907976150512695, 0.0, -1.0, 0.0, 0.0, 33.14024353027344, -88.20121765136719, 0.0, 39.081932067871094, -29.447856903076172, 0.0, 1364, 1360, 1340, 1262, -8.546161651611328, 51.090633392333984, 0.0, -18.427867889404297, 90.283203125, 0.7724195122718811, 25.225807189941406, -17.49842071533203, 8.499805450439453, 7.637937068939209, -24.10911750793457, 36.9195556640625, 20.448375701904297)
(-4.833512783050537, 2.7470543384552, 0.0, -1.0, 0.0, 0.0, -35.182926177978516, 13.719511985778809, 0.0, 23.001075744628906, -16.48232650756836, 0.0, 1105, 1275, 1413, 1400, -19.578706741333008, -24.912683486938477, 0.0, -17.042804718017578, 91.31262969970703, 7.563920021057129, 25.91749382019043, 2.400286912918091, 35.8817024230957, -3.926239013671875, -25.673492431640625, -9.615825653076172, -39.21555709838867)
(3.42710542678833, 4.833420276641846, 0.0, -1.0, 0.0, 0.0, -14.512195587158203, 18.414634704589844, 0.0, -26.562633514404297, -29.00052261352539, 0.0, 1000, 1000, 1000, 1000, -8.707409858703613, 56.598934173583984, 0.0, -9.379236221313477, 89.04694366455078, -1.5665569305419922, 23.027381896972656, 19.17947006225586, 40.640296936035156, -6.163970470428467, -26.765213012695312, -18.355449676513672, -51.28463363647461)
(-2.8130080699920654, 1.0511317253112793, 0.0, -1.0, 0.0, 0.0, -9.634146690368652, -7.77439022064209, 0.0, 10.878047943115234, -6.306790351867676, 0.0, 1000, 1000, 1000, 1000, -4.186514377593994, -5.768466472625732, 0.0, -17.42100715637207, 86.6783447265625, 2.6665854454040527, 24.87299156188965, -5.365875244140625, 22.173702239990234, 0.19078798592090607, -27.052757263183594, 1.3557708263397217, -25.50619888305664)
(0.46741142868995667, -0.8214471340179443, 0.0, -1.0, 0.0, 0.0, -6.280488014221191, -16.829267501831055, 0.0, -8.804468154907227, 4.928682804107666, 0.0, 1000, 1000, 1000, 1000, 6.434147357940674, 0.858067512512207, 0.0, -14.849058151245117, 85.97149658203125, -0.3281174302101135, 24.066043853759766, 2.702134609222412, 26.440061569213867, 2.828533411026001, -27.019887924194336, 5.3122477531433105, -18.879106521606445)
(-1.0692192316055298, -4.31753396987915, 0.0, -1.0, 0.0, 0.0, -13.414633750915527, -19.420732498168945, 0.0, 0.4153153896331787, 25.90520477294922, 0.0, 1000, 1000, 1000, 1000, 0.17440378665924072, -3.9390883445739746, 0.0, -17.242202758789062, 82.78108215332031, 1.7978934049606323, 24.444835662841797, 1.8527580499649048, 28.095487594604492, 5.892371654510498, -25.06659698486328, 5.110676288604736, -14.06354808807373)
(-1.340438961982727, -3.166837453842163, 0.0, -1.0, 0.0, 0.0, -5.853658676147461, 6.554878234863281, 0.0, 2.0426337718963623, 19.00102424621582, 0.0, 1000, 1000, 1000, 1000, -0.18864059448242188, 0.48674964904785156, 0.0, -17.9143123626709, 83.63351440429688, 1.0265181064605713, 24.72115135192871, 1.9727739095687866, 27.720443725585938, 1.6179989576339722, -23.44315528869629, 0.651877224445343, -21.17327880859375)
(-2.9556033611297607, -3.921248197555542, 0.0, -1.0, 0.0, 0.0, -2.6524391174316406, -12.439023971557617, 0.0, 11.733619689941406, 23.527488708496094, 0.0, 1000, 1000, 1000, 1000, -2.3472981452941895, -2.3768162727355957, 0.0, -19.61324691772461, 83.05135345458984, 1.8701876401901245, 25.844078063964844, -1.1768399477005005, 26.537425994873047, 4.675646781921387, -21.999387741088867, 2.660043954849243, -14.6636962890625)
(0.23758409917354584, -8.626018524169922, 0.0, -1.0, 0.0, 0.0, 2.9268293380737305, -28.59756088256836, 0.0, -7.425504684448242, 51.75611114501953, 0.0, 1000, 1000, 1000, 1000, 4.011137962341309, -5.113508701324463, 0.0, -18.500593185424805, 78.11493682861328, -1.3458033800125122, 25.788101196289062, 0.1619451642036438, 24.6042423248291, 10.445977210998535, -18.0053653717041, 2.3562121391296387, -5.203176021575928)
(-4.438345909118652, -10.919938087463379, 0.0, -1.0, 0.0, 0.0, -63.10975646972656, -15.213414192199707, 0.0, 20.630075454711914, 65.5196304321289, 0.0, 1000, 1000, 1000, 1000, -0.9189553260803223, -9.909558296203613, 0.0, -23.72528839111328, 74.64723205566406, 10.886178016662598, 27.357149124145508, 9.919010162353516, 48.16233825683594, 10.495296478271484, -12.459062576293945, 5.263913154602051, 3.3001465797424316)
(-13.3613920211792, -15.604232788085938, 0.0, -1.0, 0.0, 0.0, -3.3231706619262695, -77.95731353759766, 0.0, 74.16835021972656, 93.62539672851562, 0.0, 1000, 1000, 1000, 1000, -11.616167068481445, -11.085713386535645, 0.0, -34.30272674560547, 68.303466796875, 10.073898315429688, 34.50297164916992, -6.016451835632324, 38.560420989990234, 22.30575180053711, -5.363345146179199, 19.344165802001953, 36.28657150268555)
(-4.597231388092041, -23.322511672973633, 0.0, -1.0, 0.0, 0.0, 20.060976028442383, -2.7439024448394775, 0.0, 21.583389282226562, 139.93507385253906, 0.0, 1000, 1000, 1000, 1000, -12.926530838012695, -20.948326110839844, 0.0, -24.329866409301758, 57.19218444824219, 0.19791372120380402, 34.8144416809082, 7.276782989501953, 42.28913497924805, 18.54826545715332, 6.892453670501709, -9.989681243896484, 15.45103931427002)
(-11.042311668395996, -24.305736541748047, 0.0, -1.0, 0.0, 0.0, -35.36585235595703, -10.091463088989258, 0.0, 60.253868103027344, 145.83441162109375, 0.0, 1000, 1000, 1000, 1000, -7.24244499206543, -19.70241928100586, 0.0, -31.134138107299805, 54.588382720947266, 12.430563926696777, 39.65890121459961, 0.33612602949142456, 52.42559051513672, 20.270362854003906, 17.528545379638672, -0.3702877163887024, 37.42862319946289)
(-4.090992450714111, -22.749279022216797, 0.0, -1.0, 0.0, 0.0, 44.664634704589844, -31.40243911743164, 0.0, 18.545955657958984, 136.49566650390625, 0.0, 1000, 1000, 1000, 1000, 4.464480400085449, -26.883588790893555, 0.0, -27.163406372070312, 53.698604583740234, -3.39542818069458, 42.65033721923828, 15.4021577835083, 54.657066345214844, 21.826753616333008, 28.547374725341797, 28.890396118164062, 79.2645263671875)
(-6.711491584777832, -15.901559829711914, 0.0, -1.0, 0.0, 0.0, -11.37195110321045, 31.371952056884766, 0.0, 34.268951416015625, 95.40936279296875, 0.0, 1000, 1000, 1000, 1000, -8.81419563293457, -15.130934715270996, 0.0, -29.017982482910156, 62.515682220458984, 5.9333176612854, 45.3609733581543, 6.596738338470459, 57.891029357910156, 8.32486343383789, 33.4180908203125, -7.57038688659668, 34.172569274902344)
(-7.950153350830078, -4.998031139373779, 0.0, -1.0, 0.0, 0.0, -16.676828384399414, 15.304878234863281, 0.0, 41.70092010498047, 29.98818588256836, 0.0, 1000, 1000, 1000, 1000, -1.1424751281738281, -11.2524995803833, 0.0, -31.258073806762695, 75.8371810913086, 7.589107036590576, 49.06290054321289, 2.006622791290283, 58.65863037109375, 1.9088300466537476, 33.6283073425293, 11.214107513427734, 46.75124740600586)
(-7.396028995513916, -2.7657954692840576, 0.0, -1.0, 0.0, 0.0, 0.9146341681480408, 24.390243530273438, 0.0, 38.37617492675781, 16.594772338867188, 0.0, 1000, 1000, 1000, 1000, -2.221604824066162, -7.21430778503418, 0.0, -31.281696319580078, 81.6176528930664, 4.87000036239624, 52.04219436645508, -4.993647575378418, 51.918548583984375, -1.013411283493042, 34.37688064575195, 20.532760620117188, 53.8962287902832)
(-7.484229564666748, -2.042483329772949, 0.0, -1.0, 0.0, 0.0, 8.170731544494629, 14.390243530273438, 0.0, 38.90537643432617, 12.254899978637695, 0.0, 1000, 1000, 1000, 1000, -10.3693265914917, -8.104998588562012, 0.0, -30.93870735168457, 84.85896301269531, 3.9955039024353027, 54.74070739746094, -3.107098340988159, 55.629112243652344, -0.277594655752182, 34.49148941040039, -0.7012640237808228, 33.512630462646484)
(-6.054882049560547, -2.1083922386169434, 0.0, -1.0, 0.0, 0.0, 1.4634146690368652, 5.030488014221191, 0.0, 30.32929229736328, 12.65035343170166, 0.0, 1000, 1000, 1000, 1000, -4.292356967926025, -3.228512763977051, 0.0, -29.75547981262207, 87.03215026855469, 3.752563953399658, 56.9657096862793, 4.289069652557373, 65.00733947753906, 0.9905825257301331, 34.788448333740234, 4.486238956451416, 40.2652702331543)
(-6.427361011505127, -3.5549371242523193, 0.0, -1.0, 0.0, 0.0, -0.5182926654815674, 1.8292683362960815, 0.0, 32.56416702270508, 21.329622268676758, 0.0, 1000, 1000, 1000, 1000, -6.701066970825195, -5.242030620574951, 0.0, -30.23138999938965, 87.24604034423828, 4.300719738006592, 59.37086486816406, -0.29331374168395996, 63.37826919555664, 2.535046100616455, 36.00585174560547, 0.6856963634490967, 39.226593017578125)
(-6.492587566375732, -4.109576225280762, 0.0, 0.0, 0.0, 0.0, -0.8536585569381714, 1.3109755516052246, 0.0, 38.95552444458008, 24.65745735168457, 0.0, 1000, 1000, 1000, 1000, -6.703265190124512, -5.497581481933594, 0.0, -30.417367935180664, 87.82787322998047, 5.175193786621094, 61.79700469970703, 1.6470842361450195, 68.6192855834961, 3.0350425243377686, 37.465179443359375, 0.8983396291732788, 41.398563385009766)
(-6.639304161071777, -4.451416969299316, 0.0, -1.0, 0.0, 0.0, -0.3353658616542816, 1.1585365533828735, 0.0, 33.83582305908203, 26.7085018157959, 0.0, 1000, 1000, 1000, 1000, -7.671421051025391, -6.3510870933532715, 0.0, -30.682771682739258, 88.33641052246094, 4.442254543304443, 64.27811431884766, -0.662861168384552, 68.05750274658203, 3.321495532989502, 39.133460998535156, 0.41186508536338806, 42.8668212890625)
(-6.508904457092285, -4.567436695098877, 0.0, -1.0, 0.0, 0.0, -1.1890244483947754, 2.987804889678955, 0.0, 33.053428649902344, 27.404621124267578, 0.0, 1000, 1000, 1000, 1000, -6.610251426696777, -5.503663539886475, 0.0, -30.748319625854492, 88.95120239257812, 4.451519012451172, 66.62167358398438, 0.008403870277106762, 71.08159637451172, 3.1741862297058105, 40.85708236694336, -0.806153416633606, 43.22511672973633)
(-6.500988483428955, -4.638803482055664, 0.0, -1.0, 0.0, 0.0, -0.4878048896789551, 3.2012195587158203, 0.0, 33.00593185424805, 27.832820892333984, 0.0, 1000, 1000, 1000, 1000, -5.2374420166015625, -4.3161516189575195, 0.0, -30.850915908813477, 89.49556732177734, 4.354185581207275, 69.10118103027344, -1.6863582134246826, 71.76900482177734, 3.202108144760132, 42.63297653198242, 0.7964643239974976, 46.63154983520508)