
(-4.440543174743652, -12.026758193969727, 0.0, -1.0, -1.0, 0.0, -0.18292683362960815, 0.6707317233085632, 0.0, 20.643259048461914, 66.16055297851562, 0.0, 1000, 1000, 1000, 1000, -4.274390697479248, -12.458909034729004, 0.0, -16.91822052001953, 43.57831573486328, 0.0, 0.0, -0.0, 0.0, 52.3918571472168, -0.0, -0.005998657550662756, 52.385860443115234)
(-4.420273303985596, -12.004159927368164, 0.0, -1.0, -1.0, 0.0, -0.21341463923454285, 0.6402438879013062, 0.0, 20.52164077758789, 66.02496337890625, 0.0, 1000, 1000, 1000, 1000, -4.317716598510742, -12.25326156616211, 0.0, -16.97079849243164, 43.7356071472168, 0.0, 0.0, 0.0, 0.0, 52.307777404785156, -0.0, 0.004388793837279081, 52.312164306640625)
(-4.406704902648926, -11.887669563293457, 0.0, -1.0, -1.0, 0.0, 0.3353658616542816, 1.2195122241973877, 0.0, 20.440229415893555, 65.32601928710938, 0.0, 1000, 1000, 1000, 1000, -4.0554518699646, -12.886638641357422, 0.0, -17.022024154663086, 43.918521881103516, 0.0, 0.0, -0.0, 0.0, 51.28520584106445, 0.0, 0.17917872965335846, 51.46438217163086)
(-4.62026834487915, -11.651399612426758, 0.0, -1.0, -1.0, 0.0, -0.396341472864151, 4.847560882568359, 0.0, 21.72161102294922, 63.90839767456055, 0.0, 1000, 1000, 1000, 1000, -7.519990921020508, -9.160781860351562, 0.0, -17.079797744750977, 44.150394439697266, 0.0, 0.0, 0.0, 0.0, 47.2486686706543, 0.0, -5.848384380340576, 41.40028381347656)
(-4.51128625869751, -11.623743057250977, 0.0, -1.0, -1.0, 0.0, 0.15243902802467346, -10.27439022064209, 0.0, 21.067718505859375, 63.74245834350586, 0.0, 1000, 1000, 1000, 1000, -4.6967644691467285, -10.486949920654297, 0.0, -17.187719345092773, 44.07019805908203, 0.0, 0.0, -0.0, 0.0, 59.213478088378906, 0.0, 8.165619850158691, 67.37909698486328)
(-4.214102268218994, -17.911413192749023, 0.0, -1.0, -1.0, 0.0, 0.7012194991111755, -20.426828384399414, 0.0, 19.28461456298828, 101.46847534179688, 0.0, 1000, 1000, 1000, 1000, -1.405637264251709, -18.252670288085938, 0.0, -16.857389450073242, 38.91012954711914, 0.0, 0.0, 0.0, 0.0, 97.51624298095703, 0.0, 5.85349178314209, 103.36973571777344)
(-4.14501428604126, -23.965044021606445, 0.0, -1.0, -1.0, 0.0, -3.079268217086792, 13.932927131652832, 0.0, 18.870086669921875, 137.79026794433594, 0.0, 1000, 1000, 1000, 1000, -2.125546455383301, -27.446125030517578, 0.0, -16.85860824584961, 37.40266418457031, 0.0, 0.0, 0.0, 0.0, 99.08586883544922, 0.0, -7.253286838531494, 91.83258056640625)
(-3.76885724067688, -20.349315643310547, 0.0, -1.0, -1.0, 0.0, -0.4573170840740204, 7.957316875457764, 0.0, 16.613143920898438, 116.09589385986328, 0.0, 1000, 1000, 1000, 1000, -0.6828887462615967, -15.130860328674316, 0.0, -17.477514266967773, 41.82126998901367, 0.0, 0.0, -0.0, 0.0, 86.5108642578125, 0.0, 3.6351287364959717, 90.14599609375)
(-4.871393203735352, -23.253477096557617, 0.0, -1.0, -1.0, 0.0, -8.414633750915527, -15.0, 0.0, 23.22835922241211, 133.52085876464844, 0.0, 1000, 1000, 1000, 1000, -6.4431962966918945, -31.208768844604492, 0.0, -19.53513526916504, 40.116546630859375, 0.0, 0.0, -0.0, 0.0, 118.81668853759766, 0.0, 7.027877330780029, 125.84456634521484)
(-9.237404823303223, -11.52927017211914, 0.0, -1.0, -1.0, 0.0, -5.091463565826416, 36.18902587890625, 0.0, 49.42443084716797, 63.175621032714844, 0.0, 1000, 1000, 1000, 1000, -16.17415428161621, 8.64319896697998, 0.0, -19.745351791381836, 47.47980499267578, 0.0, 0.0, 0.0, 0.0, 21.589275360107422, 0.0, -17.993446350097656, 3.5958287715911865)
(-9.927839279174805, -3.428891658782959, 0.0, -1.0, -1.0, 0.0, 5.243902206420898, 4.817073345184326, 0.0, 53.56703567504883, 14.573349952697754, 0.0, 1000, 1000, 1000, 1000, -6.051545143127441, 0.6525135040283203, 0.0, -18.756933212280273, 51.668212890625, 0.0, 0.0, -0.0, 0.0, 7.8050217628479, 0.0, -1.3460876941680908, 6.4589338302612305)
(-5.643045902252197, 2.560706615447998, 0.0, -1.0, -1.0, 0.0, 8.719511985778809, -8.841463088989258, 0.0, 27.8582763671875, -21.364238739013672, 0.0, 1000, 1000, 1000, 1000, -3.0758981704711914, 6.9734296798706055, 0.0, -17.060129165649414, 52.76850891113281, 0.0, 0.0, -0.0, 0.0, -10.018220901489258, 0.0, -0.625465452671051, -10.643686294555664)
(-2.4800350666046143, 2.6854801177978516, 0.0, -1.0, -1.0, 0.0, -1.4634146690368652, -2.4390244483947754, 0.0, 8.880210876464844, -22.11288070678711, 0.0, 1000, 1000, 1000, 1000, -0.7568418979644775, 0.4405331611633301, 0.0, -15.422628402709961, 52.401588439941406, 0.0, 0.0, 0.0, 0.0, -15.73908519744873, 0.0, 3.194462299346924, -12.544623374938965)
(-2.9884696006774902, 2.2039425373077393, 0.0, -1.0, -1.0, 0.0, 1.4634146690368652, -2.012195110321045, 0.0, 11.930817604064941, -19.223655700683594, 0.0, 1000, 1000, 1000, 1000, -2.9279022216796875, 0.300539493560791, 0.0, -15.74275016784668, 52.525672912597656, 0.0, 0.0, -0.0, 0.0, -13.76916790008545, 0.0, 0.18741731345653534, -13.581750869750977)
(-2.277881145477295, 2.827636957168579, 0.0, -1.0, -1.0, 0.0, 7.1646342277526855, -8.170731544494629, 0.0, 7.6672868728637695, -22.965822219848633, 0.0, 1000, 1000, 1000, 1000, -1.450319528579712, 2.2341713905334473, 0.0, -15.043968200683594, 52.25798797607422, 0.0, 0.0, -0.0, 0.0, -11.83607292175293, 0.0, 4.155422210693359, -7.680650234222412)
(1.5445150136947632, 0.42178523540496826, 0.0, -1.0, -1.0, 0.0, 0.18292683362960815, 1.9817073345184326, 0.0, -15.26708984375, -8.53071117401123, 0.0, 1000, 1000, 1000, 1000, 6.600307464599609, -0.6689672470092773, 0.0, -13.511957168579102, 51.64152908325195, -0.0, 0.0, -0.0, 0.0, -8.409934997558594, 0.0, -1.2722818851470947, -9.68221664428711)
(2.354553461074829, -0.8195789456367493, 0.0, -1.0, -1.0, 0.0, -0.24390244483947754, -3.0182926654815674, 0.0, -20.127321243286133, -1.0825263261795044, 0.0, 1000, 1000, 1000, 1000, 2.3289310932159424, -1.7837767601013184, 0.0, -13.937417030334473, 51.07902526855469, -0.0, 0.0, -0.0, 0.0, 1.5486130714416504, 0.0, 2.165335178375244, 3.7139482498168945)
(2.588712215423584, -2.1586146354675293, 0.0, -1.0, -1.0, 0.0, -0.396341472864151, 0.4573170840740204, 0.0, -21.532272338867188, 6.951687812805176, 0.0, 1000, 1000, 1000, 1000, 3.22111177444458, -3.122346878051758, 0.0, -13.851746559143066, 50.76378631591797, -0.0, 0.0, 0.0, 0.0, 5.195496559143066, 0.0, 0.32699868083000183, 5.522495269775391)
(2.0091192722320557, -2.280545949935913, 0.0, -1.0, -1.0, 0.0, -4.969511985778809, 4.329268455505371, 0.0, -18.054716110229492, 7.6832756996154785, 0.0, 1000, 1000, 1000, 1000, 0.48773229122161865, -1.285902976989746, 0.0, -14.581624984741211, 51.20295715332031, -0.0, 0.0, 0.0, 0.0, 2.6832058429718018, 0.0, -1.5392838716506958, 1.1439218521118164)
(0.9143508076667786, -1.7855358123779297, 0.0, -1.0, -1.0, 0.0, 1.5243902206420898, -2.77439022064209, 0.0, -11.486104965209961, 4.713214874267578, 0.0, 1000, 1000, 1000, 1000, -0.16550588607788086, -1.774174690246582, 0.0, -15.107081413269043, 51.37277603149414, -0.0, 0.0, -0.0, 0.0, 5.990084171295166, 0.0, 0.8799932599067688, 6.870077133178711)
(1.2383228540420532, -3.0748982429504395, 0.0, -1.0, -1.0, 0.0, -2.5304877758026123, -1.7073171138763428, 0.0, -13.429937362670898, 12.449389457702637, 0.0, 1000, 1000, 1000, 1000, 1.5871994495391846, -5.810332298278809, 0.0, -14.847631454467773, 50.77215576171875, -0.0, 0.0, 0.0, 0.0, 11.32536506652832, 0.0, 1.140326976776123, 12.465692520141602)
(-0.09883952885866165, -3.250746011734009, 0.0, -1.0, -1.0, 0.0, -2.378048896789551, 0.6097561120986938, 0.0, -5.406962871551514, 13.504476547241211, 0.0, 1000, 1000, 1000, 1000, -1.5811183452606201, -2.7219889163970947, 0.0, -15.81958293914795, 51.05858612060547, -0.0, 0.0, 0.0, 0.0, 10.315775871276855, 0.0, 0.1326388418674469, 10.44841480255127)
(-0.8344694972038269, -3.8713533878326416, 0.0, -1.0, -1.0, 0.0, -0.8536585569381714, -0.7317073345184326, 0.0, -0.9931830167770386, 17.228120803833008, 0.0, 1000, 1000, 1000, 1000, -0.9900860786437988, -5.819273948669434, 0.0, -15.664555549621582, 50.672611236572266, -0.0, 0.0, 0.0, 0.0, 14.3678617477417, 0.0, -0.07009133696556091, 14.297770500183105)
(-1.296636939048767, -4.3777079582214355, 0.0, 0.0, -1.0, 0.0, -1.0670732259750366, 2.0731706619262695, 0.0, 7.779821395874023, 20.266246795654297, 0.0, 1100, 1100, 1100, 1100, -1.7872343063354492, -5.092681407928467, 0.0, -15.991081237792969, 50.65432357788086, 0.0, 0.0, 0.0, 0.0, 14.554461479187012, 0.0, -1.6136795282363892, 12.94078254699707)
(-0.9303541779518127, -5.216094493865967, 0.0, -1.0, -1.0, 0.0, 0.6097561120986938, 3.47560977935791, 0.0, -0.41787493228912354, 25.296566009521484, 0.0, 1100, 1100, 1100, 1100, -1.2065398693084717, -1.8518202304840088, 0.0, -15.85891056060791, 50.491973876953125, -0.0, 0.0, 0.0, 0.0, 17.45676612854004, 0.0, -2.6089847087860107, 14.84778118133545)
(-0.24469180405139923, -5.035684108734131, 0.0, -1.0, -1.0, 0.0, 0.15243902802467346, -0.12195122241973877, 0.0, -4.531849384307861, 24.21410369873047, 0.0, 1100, 1100, 1100, 1100, -1.0893785953521729, -1.2269878387451172, 0.0, -15.718212127685547, 50.820621490478516, -0.0, 0.0, -0.0, 0.0, 19.46884536743164, 0.0, 0.9545914530754089, 20.42343521118164)
(-1.0643268823623657, -4.9786553382873535, 0.0, -1.0, -1.0, 0.0, -1.0670732259750366, 1.2195122241973877, 0.0, 0.38596129417419434, 23.871932983398438, 0.0, 1100, 1100, 1126, 1100, -3.7383203506469727, -7.947085380554199, 0.0, -16.13300132751465, 51.063167572021484, 0.0, 0.0, 0.0, 0.0, 18.121936798095703, 0.0, -1.8472462892532349, 16.274690628051758)
(-1.196681261062622, -4.3140363693237305, 0.0, 0.0, -1.0, 0.0, -1.7682926654815674, 4.5731706619262695, 0.0, 7.180087566375732, 19.884218215942383, 0.0, 1178, 1191, 1206, 1179, -5.661934852600098, -3.424577236175537, 0.0, -16.32583999633789, 51.60204315185547, 0.0, 0.0, 0.0, 0.0, 12.248838424682617, 0.0, -8.94680404663086, 3.3020339012145996)
(-0.37928280234336853, -3.4352920055389404, 0.0, -1.0, -1.0, 0.0, 5.487804889678955, 3.5365853309631348, 0.0, -3.7243032455444336, 14.611751556396484, 0.0, 1265, 1274, 1265, 1234, -2.6908607482910156, -9.441390991210938, 0.0, -15.774920463562012, 52.241668701171875, -0.0, 0.0, -0.0, 0.0, 8.860133171081543, 0.0, -3.3020429611206055, 5.558090686798096)
(0.1609046757221222, 0.5449388027191162, 0.0, -1.0, -1.0, 0.0, -7.012195110321045, -4.542683124542236, 0.0, -6.965427875518799, -9.269632339477539, 0.0, 1284, 1333, 1340, 1349, 13.247106552124023, 63.47388458251953, 0.0, -15.721721649169922, 52.4201774597168, 0.0, 0.0, 0.0, 0.0, -3.781559467315674, 0.0, -11.020817756652832, -14.802377700805664)
(-1.5570157766342163, -1.005533218383789, 0.0, -1.0, -1.0, 0.0, -1.9207316637039185, 9.146341323852539, 0.0, 3.342094659805298, 0.033199310302734375, 0.0, 1361, 1424, 1389, 1412, -28.04289436340332, 32.02460861206055, 0.0, -14.874768257141113, 51.674442291259766, 0.0, 0.0, 0.0, 0.0, -7.290513515472412, 0.0, -13.955169677734375, -21.245683670043945)
(-1.4561078548431396, -2.6080334186553955, 0.0, -1.0, 0.0, 0.0, 4.817073345184326, 4.45121955871582, 0.0, 2.736647129058838, 15.648200988769531, 0.0, 1435, 1442, 1431, 1398, -35.024967193603516, 26.796428680419922, 0.0, -14.74260425567627, 52.46392822265625, -0.0, 0.0, -0.0, 0.0, 8.957585334777832, 0.0, -2.7828176021575928, 6.17476749420166)
(1.0059993267059326, -0.9570693969726562, 0.0, -1.0, -1.0, 0.0, -7.987804889678955, -5.97560977935791, 0.0, -12.035995483398438, -0.2575836181640625, 0.0, 1412, 1429, 1442, 1419, 48.82965087890625, 16.619497299194336, 0.0, -15.211813926696777, 52.77461624145508, -0.0, 0.0, -0.0, 0.0, 4.574420928955078, 0.0, -3.151057243347168, 1.4233638048171997)
(0.3147129714488983, -6.145461082458496, 0.0, -1.0, -1.0, 0.0, 8.87195110321045, -9.57317066192627, 0.0, -7.888278007507324, 30.872766494750977, 0.0, 1457, 1426, 1445, 1374, 5.281461238861084, -10.641084671020508, 0.0, -15.510744094848633, 46.706016540527344, -0.0, 0.0, -0.0, 0.0, 32.35675048828125, 0.0, -7.1121649742126465, 25.244585037231445)
(-2.640136241912842, 1.6451631784439087, 0.0, -1.0, -1.0, 0.0, -15.365853309631348, 9.57317066192627, 0.0, 9.84081745147705, -15.870979309082031, 0.0, 1371, 1448, 1423, 1460, -3.781982421875, 72.8908462524414, 0.0, -18.349763870239258, 53.3538818359375, 0.0, 0.0, 0.0, 0.0, -20.35531997680664, 0.0, -8.202258110046387, -28.55757713317871)
(-1.9818519353866577, 0.5939501523971558, 0.0, -1.0, 0.0, 0.0, 12.865853309631348, -0.9756097793579102, 0.0, 5.891111373901367, -3.5637009143829346, 0.0, 1441, 1469, 1404, 1392, 10.234567642211914, 0.09165334701538086, 0.0, -17.167287826538086, 53.50967788696289, -0.0, 0.0, -0.0, 0.0, -2.0704729557037354, 0.0, -1.8976919651031494, -3.9681649208068848)
(-1.384148120880127, -6.8625874519348145, 0.0, -1.0, -1.0, 0.0, -0.5792682766914368, 30.70121955871582, 0.0, 2.3048887252807617, 35.1755256652832, 0.0, 1379, 1462, 1409, 1452, -22.8492488861084, -3.9368019104003906, 0.0, -16.14838409423828, 46.934383392333984, 0.0, 0.0, 0.0, 0.0, 3.5794448852539062, 0.0, -35.16769027709961, -31.588245391845703)
(-2.637855291366577, -3.1143627166748047, 0.0, -1.0, -1.0, 0.0, 5.213414669036865, 1.737804889678955, 0.0, 9.827131271362305, 12.686176300048828, 0.0, 1482, 1444, 1543, 1465, 6.545207977294922, 42.53014373779297, 0.0, -16.363168716430664, 51.66913986206055, 0.0, 0.0, -0.0, 0.0, 8.758697509765625, 0.0, 20.430606842041016, 29.18930435180664)
(-2.3504669666290283, 0.21863305568695068, 0.0, -1.0, -1.0, 0.0, -6.890244007110596, -5.396341323852539, 0.0, 8.102802276611328, -7.311798095703125, 0.0, 1477, 1475, 1516, 1474, -14.145627975463867, -0.934689998626709, 0.0, -17.373077392578125, 55.86046600341797, 0.0, 0.0, 0.0, 0.0, -1.5323654413223267, 0.0, 12.149334907531738, 10.616969108581543)
(-0.30619141459465027, 3.2242543697357178, 0.0, -1.0, -1.0, 0.0, 3.170731782913208, -13.932927131652832, 0.0, -4.162851333618164, -25.34552574157715, 0.0, 1484, 1500, 1495, 1471, 36.29863357543945, -27.115615844726562, 0.0, -16.106916427612305, 56.02021408081055, -0.0, 0.0, -0.0, 0.0, -9.13007926940918, 0.0, 11.302692413330078, 2.172614097595215)
(2.4007253646850586, -3.4629855155944824, 0.0, -1.0, -1.0, 0.0, 7.621951103210449, -2.2560975551605225, 0.0, -20.40435218811035, 14.777913093566895, 0.0, 1442, 1462, 1531, 1511, -0.8330402374267578, -23.98356056213379, 0.0, -14.88709831237793, 49.845211029052734, -0.0, 0.0, -0.0, 0.0, 13.62720775604248, 0.0, -13.829336166381836, -0.20212799310684204)
(0.8639787435531616, -0.33001187443733215, 0.0, -1.0, -1.0, 0.0, -7.1646342277526855, 2.621951103210449, 0.0, -11.18387222290039, -4.019928932189941, 0.0, 1470, 1453, 1540, 1483, 11.241987228393555, -30.991722106933594, 0.0, -16.348834991455078, 55.81273651123047, -0.0, 0.0, 0.0, 0.0, -5.313504219055176, 0.0, 23.68024444580078, 18.36673927307129)
(1.5677131414413452, 1.7213802337646484, 0.0, -1.0, -1.0, 0.0, -7.743902206420898, -7.560975551605225, 0.0, -15.406278610229492, -16.32828140258789, 0.0, 1450, 1492, 1499, 1501, 13.512605667114258, 25.656620025634766, 0.0, -16.31194305419922, 57.77264404296875, -0.0, 0.0, 0.0, 0.0, -7.0138444900512695, 0.0, -3.935530185699463, -10.949374198913574)
(1.5604101419448853, -2.483489513397217, 0.0, -1.0, -1.0, 0.0, 7.439024448394775, -0.27439025044441223, 0.0, -15.36246109008789, 8.9009370803833, 0.0, 1475, 1514, 1479, 1478, -7.786308288574219, -12.058128356933594, 0.0, -16.874908447265625, 50.72355651855469, -0.0, 0.0, -0.0, 0.0, 7.340261936187744, 0.0, -16.74188804626465, -9.401626586914062)
(-2.2380144596099854, -0.41326096653938293, 0.0, -1.0, -1.0, 0.0, 9.664633750915527, 13.445121765136719, 0.0, 7.428086757659912, -3.5204341411590576, 0.0, 1461, 1540, 1453, 1492, 0.5221749544143677, 37.07286834716797, 0.0, -16.323535919189453, 55.641841888427734, -0.0, 0.0, -0.0, 0.0, -13.572443962097168, 0.0, -15.915212631225586, -29.487655639648438)
(2.150592088699341, -3.1643147468566895, 0.0, -1.0, -1.0, 0.0, 1.737804889678955, 2.5, 0.0, -18.903553009033203, 12.985888481140137, 0.0, 1463, 1502, 1525, 1524, 1.6018950939178467, -13.444440841674805, 0.0, -13.945487022399902, 54.447181701660156, -0.0, 0.0, 0.0, 0.0, 8.388710975646973, 0.0, -17.609926223754883, -9.221216201782227)
(1.3249897956848145, -1.5545204877853394, 0.0, -1.0, -1.0, 0.0, -1.585365891456604, 10.884146690368652, 0.0, -13.949938774108887, 3.327122926712036, 0.0, 1451, 1517, 1526, 1552, -9.614889144897461, -28.77981948852539, 0.0, -16.239843368530273, 55.7988395690918, -0.0, 0.0, 0.0, 0.0, -6.045619010925293, 0.0, -16.839712142944336, -22.885330200195312)
(1.9892892837524414, -2.047451972961426, 0.0, -1.0, -1.0, 0.0, 7.347560882568359, -17.10365867614746, 0.0, -17.93573570251465, 6.284711837768555, 0.0, 1563, 1492, 1557, 1446, -3.7236275672912598, 22.84041976928711, 0.0, -15.897926330566406, 56.122920989990234, -0.0, 0.0, -0.0, 0.0, 18.710697174072266, 0.0, 26.48931312561035, 45.20001220703125)
(0.029628096148371696, -0.6392044425010681, 0.0, 0.0, -1.0, 0.0, -18.536584854125977, 2.012195110321045, 0.0, -0.17776857316493988, -2.164773464202881, 0.0, 1525, 1531, 1558, 1524, -19.55381965637207, -28.550832748413086, 0.0, -18.537256240844727, 59.12855529785156, 0.0, 0.0, 0.0, 0.0, -3.3415749073028564, 0.0, 10.427477836608887, 7.085903167724609)
(-1.8041558265686035, -1.1673102378845215, 0.0, -1.0, -1.0, 0.0, 8.780488014221191, -0.5487805008888245, 0.0, 4.824934959411621, 1.003861427307129, 0.0, 1554, 1570, 1517, 1493, -1.737344741821289, 15.351346969604492, 0.0, -17.14715576171875, 58.87398910522461, -0.0, 0.0, -0.0, 0.0, 1.242113471031189, 0.0, 0.8063517808914185, 2.0484652519226074)
(-2.1528310775756836, 0.22446933388710022, 0.0, -1.0, -1.0, 0.0, 1.0365853309631348, 11.829268455505371, 0.0, 6.916986465454102, -7.346816062927246, 0.0, 1481, 1567, 1518, 1564, -0.3345761299133301, -40.33025360107422, 0.0, -16.982826232910156, 59.73680114746094, 0.0, 0.0, -0.0, 0.0, -15.34086799621582, 0.0, -17.65217399597168, -32.9930419921875)
(-1.296712040901184, -3.9241394996643066, 0.0, -1.0, -1.0, 0.0, 13.04878044128418, -40.15243911743164, 0.0, 1.7802722454071045, 17.544837951660156, 0.0, 1608, 1486, 1599, 1437, 12.580822944641113, 15.475257873535156, 0.0, -15.911179542541504, 52.43009567260742, -0.0, 0.0, -0.0, 0.0, 46.15782165527344, 0.0, 24.806943893432617, 70.96476745605469)
(-3.504748821258545, 0.9937523603439331, 0.0, 0.0, -1.0, 0.0, -27.2560977935791, 35.06097412109375, 0.0, 21.028491973876953, -11.96251392364502, 0.0, 1468, 1580, 1505, 1577, -17.057579040527344, 41.135684967041016, 0.0, -20.703868865966797, 61.81241989135742, 0.0, 0.0, 0.0, 0.0, -37.61878967285156, 0.0, -8.298356056213379, -45.917144775390625)
(0.5947770476341248, -0.7636197209358215, 0.0, -1.0, -1.0, 0.0, 26.4939022064209, 5.762195110321045, 0.0, -9.568662643432617, -1.4182816743850708, 0.0, 1534, 1595, 1486, 1507, -10.304121017456055, -66.66204833984375, 0.0, -16.705238342285156, 58.62538528442383, -0.0, 0.0, 0.0, 0.0, -5.744381427764893, 0.0, -14.627131462097168, -20.37151336669922)
(0.9453110098838806, -0.6304703950881958, 0.0, -1.0, -1.0, 0.0, 1.9512195587158203, 8.47560977935791, 0.0, -11.671866416931152, -2.217177629470825, 0.0, 1494, 1548, 1533, 1547, 9.75256061553955, -22.82707405090332, 0.0, -14.782370567321777, 58.44489669799805, -0.0, 0.0, 0.0, 0.0, -8.554229736328125, 0.0, -8.292572975158691, -16.846803665161133)
(0.5116609930992126, 1.1407331228256226, 0.0, -1.0, -1.0, 0.0, 1.9207316637039185, -11.341463088989258, 0.0, -9.069966316223145, -12.844398498535156, 0.0, 1524, 1522, 1561, 1519, 5.325100898742676, 31.85683822631836, 0.0, -16.948827743530273, 60.201454162597656, -0.0, 0.0, -0.0, 0.0, -1.2023483514785767, 0.0, 11.79290771484375, 10.590559005737305)
(-1.97116219997406, 1.7799359560012817, 0.0, -1.0, 0.0, 0.0, -2.987804889678955, -57.225608825683594, 0.0, 5.826972961425781, -10.67961597442627, 0.0, 1586, 1488, 1595, 1457, 9.784034729003906, 2.837475299835205, 0.0, -17.6695556640625, 56.34124755859375, 0.0, 0.0, -0.0, 0.0, 37.236793518066406, 0.0, 21.580106735229492, 58.81690216064453)
(-1.6553443670272827, 5.827314853668213, 0.0, -1.0, -1.0, 0.0, 0.8536585569381714, -3.658536672592163, 0.0, 3.9320662021636963, -40.963890075683594, 0.0, 1533, 1523, 1560, 1510, 11.769707679748535, 11.194536209106445, 0.0, -18.712993621826172, 58.95343780517578, 0.0, 0.0, -0.0, 0.0, -29.844284057617188, 0.0, 45.27432632446289, 15.430042266845703)
(3.0680904388427734, 6.823611736297607, 0.0, -1.0, -1.0, 0.0, 3.5060975551605225, -13.414633750915527, 0.0, -24.40854263305664, -46.94166946411133, 0.0, 1501, 1545, 1538, 1542, 24.862247467041016, 12.799123764038086, 0.0, -15.463754653930664, 58.500526428222656, -0.0, 0.0, -0.0, 0.0, -26.82162857055664, 0.0, 14.946637153625488, -11.874990463256836)
(4.192460536956787, 2.1955642700195312, 0.0, -1.0, -1.0, 0.0, 3.0487804412841797, -6.371951103210449, 0.0, -31.154762268066406, -19.173385620117188, 0.0, 1496, 1524, 1559, 1547, 20.433576583862305, -24.444889068603516, 0.0, -15.467107772827148, 57.00143814086914, -0.0, 0.0, -0.0, 0.0, -10.241147994995117, 0.0, 6.213249683380127, -4.02789831161499)
(4.328442096710205, 4.318038463592529, 0.0, -1.0, 0.0, 0.0, -0.792682945728302, -8.689023971557617, 0.0, -31.970653533935547, -25.90822982788086, 0.0, 1537, 1545, 1538, 1506, 1.8035122156143188, 34.89815902709961, 0.0, -16.301258087158203, 58.39320373535156, -0.0, 0.0, -0.0, 0.0, -13.775364875793457, 0.0, 19.66180992126465, 5.886444568634033)
(1.735653042793274, 4.436620235443115, 0.0, -1.0, -1.0, 0.0, -9.420731544494629, -45.24390411376953, 0.0, -16.413917541503906, -32.619720458984375, 0.0, 1552, 1491, 1592, 1491, -11.91104793548584, 71.13457489013672, 0.0, -17.199430465698242, 58.24838638305664, -0.0, 0.0, 0.0, 0.0, 10.099347114562988, 0.0, 30.137903213500977, 40.23725128173828)
(0.03367315232753754, -0.6456326842308044, 0.0, -1.0, -1.0, 0.0, 1.9512195587158203, 36.76829147338867, 0.0, -6.202038764953613, -2.126204013824463, 0.0, 1489, 1609, 1474, 1554, 14.161433219909668, -55.07545471191406, 0.0, -19.6628475189209, 57.34474182128906, -0.0, 0.0, -0.0, 0.0, -31.115596771240234, 0.0, -18.767667770385742, -49.88326644897461)
(2.6690030097961426, -1.383053183555603, 0.0, -1.0, -1.0, 0.0, 20.54878044128418, -3.9024391174316406, 0.0, -22.014019012451172, 2.298319101333618, 0.0, 1564, 1565, 1520, 1481, 8.216241836547852, -9.216667175292969, 0.0, -15.784804344177246, 56.7522087097168, -0.0, 0.0, -0.0, 0.0, 4.960606575012207, 0.0, 4.432125091552734, 9.392731666564941)
(0.5066580772399902, 0.5617184042930603, 0.0, -1.0, 0.0, 0.0, -10.97560977935791, 9.054878234863281, 0.0, -9.039948463439941, -3.3703103065490723, 0.0, 1530, 1558, 1597, 1585, 24.574352264404297, -56.33840560913086, 0.0, -18.378557205200195, 58.61759948730469, 0.0, 0.0, -0.0, 0.0, -9.940150260925293, 0.0, 6.006310939788818, -3.9338393211364746)
(1.2255611419677734, 1.8233991861343384, 0.0, -1.0, -1.0, 0.0, 11.707317352294922, -2.896341562271118, 0.0, -13.35336685180664, -16.94039535522461, 0.0, 1563, 1608, 1547, 1552, -2.729127883911133, 72.71693420410156, 0.0, -16.90568733215332, 58.1099853515625, -0.0, 0.0, -0.0, 0.0, -11.23524284362793, 0.0, -1.0037389993667603, -12.238982200622559)
(2.698659896850586, -1.611562728881836, 0.0, -1.0, -1.0, 0.0, 1.0365853309631348, -28.384145736694336, 0.0, -22.191959381103516, 3.6693763732910156, 0.0, 1596, 1530, 1625, 1519, -3.285734176635742, 35.94009017944336, 0.0, -17.499286651611328, 56.520347595214844, -0.0, 0.0, -0.0, 0.0, 25.6428165435791, 0.0, 17.207603454589844, 42.85041809082031)
(1.5032204389572144, 1.1369022130966187, 0.0, -1.0, -1.0, 0.0, -7.865853786468506, 63.780487060546875, 0.0, -15.019322395324707, -12.821413040161133, 0.0, 1424, 1654, 1501, 1691, -35.2484130859375, 45.45036697387695, 0.0, -18.785568237304688, 59.662269592285156, -0.0, 0.0, 0.0, 0.0, -61.281517028808594, 0.0, -44.088836669921875, -105.37035369873047)
(4.786051273345947, -0.9487136006355286, 0.0, -1.0, -1.0, 0.0, 29.14634132385254, -1.1890244483947754, 0.0, -34.71630859375, -0.3077183961868286, 0.0, 1569, 1586, 1569, 1546, -35.02680587768555, 45.066890716552734, 0.0, -14.550965309143066, 57.39048385620117, -0.0, 0.0, 0.0, 0.0, 0.7050448656082153, 0.0, 0.9373033046722412, 1.6423481702804565)
(5.666048049926758, -2.014509677886963, 0.0, -1.0, -1.0, 0.0, -22.34756088256836, 6.158536434173584, 0.0, -39.99628829956055, 6.087058067321777, 0.0, 1552, 1523, 1630, 1561, 13.844338417053223, 23.988887786865234, 0.0, -17.562095642089844, 60.546878814697266, -0.0, 0.0, 0.0, 0.0, -0.05718269199132919, 0.0, 24.47714614868164, 24.419963836669922)
(0.7952739000320435, -0.07820399850606918, 0.0, -1.0, -1.0, 0.0, -0.09146341681480408, -6.554878234863281, 0.0, -10.77164363861084, -5.530776023864746, 0.0, 1566, 1588, 1565, 1547, 3.622573137283325, -8.612133026123047, 0.0, -20.55523681640625, 62.31425476074219, -0.0, 0.0, -0.0, 0.0, 0.8192817568778992, 0.0, -1.3942009210586548, -0.5749191045761108)
(-2.4988389015197754, 4.380715370178223, 0.0, -1.0, -1.0, 0.0, 3.1402440071105957, 12.256097793579102, 0.0, 8.993033409118652, -32.28429412841797, 0.0, 1526, 1672, 1481, 1587, -47.82639694213867, 34.76014709472656, 0.0, -19.587553024291992, 62.71378707885742, 0.0, 0.0, 0.0, 0.0, -35.6323127746582, 0.0, -27.493141174316406, -63.12545394897461)
(1.4638276100158691, -0.38704633712768555, 0.0, -1.0, -1.0, 0.0, 21.707317352294922, -13.384146690368652, 0.0, -14.782965660095215, -3.6777219772338867, 0.0, 1611, 1576, 1579, 1504, -11.05748462677002, -21.089801788330078, 0.0, -15.870176315307617, 59.590309143066406, -0.0, 0.0, -0.0, 0.0, 7.765139579772949, 0.0, 19.799697875976562, 27.564838409423828)
(-3.779672145843506, 2.167823076248169, 0.0, -1.0, -1.0, 0.0, -32.5, 0.12195122241973877, 0.0, 16.67803192138672, -19.006938934326172, 0.0, 1545, 1549, 1606, 1570, -6.532773971557617, -6.078826904296875, 0.0, -19.971553802490234, 63.55830001831055, 0.0, 0.0, 0.0, 0.0, -15.303112983703613, 0.0, 23.399415969848633, 8.096303939819336)
(-2.4009878635406494, 0.20935150980949402, 0.0, -1.0, -1.0, 0.0, 13.140243530273438, -22.19512176513672, 0.0, 8.405927658081055, -7.256109237670898, 0.0, 1611, 1560, 1593, 1502, -4.028110027313232, 13.268997192382812, 0.0, -19.6939697265625, 62.5303955078125, -0.0, 0.0, -0.0, 0.0, 11.951210021972656, 0.0, 23.38536834716797, 35.336578369140625)
(-2.107484817504883, 2.122006893157959, 0.0, -1.0, -1.0, 0.0, -7.743902206420898, -6.280488014221191, 0.0, 6.644908905029297, -18.732040405273438, 0.0, 1540, 1579, 1576, 1575, -9.937267303466797, 50.78469467163086, 0.0, -20.279640197753906, 64.01820373535156, 0.0, 0.0, -0.0, 0.0, -9.961241722106934, 0.0, 0.42904773354530334, -9.532194137573242)
(-2.651914358139038, 1.7230592966079712, 0.0, -1.0, -1.0, 0.0, 10.670731544494629, -7.286585330963135, 0.0, 9.91148567199707, -16.338356018066406, 0.0, 1563, 1588, 1569, 1554, 15.917502403259277, 16.664283752441406, 0.0, -18.765460968017578, 62.461341857910156, -0.0, 0.0, -0.0, 0.0, -7.241416931152344, 0.0, 4.693355083465576, -2.5480618476867676)
(-2.4839446544647217, 2.390479326248169, 0.0, -1.0, -1.0, 0.0, 0.030487805604934692, -19.573171615600586, 0.0, 8.903667449951172, -20.342876434326172, 0.0, 1554, 1542, 1611, 1559, -11.988795280456543, -12.261344909667969, 0.0, -18.120189666748047, 62.33711242675781, 0.0, 0.0, 0.0, 0.0, -0.6157638430595398, 0.0, 16.514080047607422, 15.898317337036133)
(-1.315761923789978, 4.631466865539551, 0.0, -1.0, -1.0, 0.0, -8.62804889678955, 13.963414192199707, 0.0, 1.8945715427398682, -33.78880310058594, 0.0, 1489, 1615, 1538, 1624, -18.102468490600586, -23.134191513061523, 0.0, -18.23634910583496, 62.632835388183594, 0.0, 0.0, 0.0, 0.0, -38.20177459716797, 0.0, -15.255759239196777, -53.4575309753418)
(3.109941005706787, 4.225769996643066, 0.0, -1.0, -1.0, 0.0, 18.59756088256836, -1.6158536672592163, 0.0, -24.659645080566406, -31.3546199798584, 0.0, 1499, 1591, 1562, 1614, -13.16731071472168, 62.989112854003906, 0.0, -15.92094898223877, 61.81241989135742, -0.0, 0.0, -0.0, 0.0, -23.791011810302734, 0.0, -12.218511581420898, -36.009525299072266)
(3.7093024253845215, 1.3036189079284668, 0.0, -1.0, -1.0, 0.0, -0.4878048896789551, 2.77439022064209, 0.0, -28.255813598632812, -13.8217134475708, 0.0, 1522, 1578, 1579, 1595, 11.791682243347168, -11.557952880859375, 0.0, -15.518814086914062, 60.1810188293457, -0.0, 0.0, -0.0, 0.0, -13.276883125305176, 0.0, -4.549697399139404, -17.826580047607422)
(3.731541395187378, 1.4696913957595825, 0.0, -1.0, -1.0, 0.0, -3.567073106765747, 6.707316875457764, 0.0, -28.38924789428711, -14.818148612976074, 0.0, 1512, 1572, 1583, 1603, 1.8602030277252197, -31.9097957611084, 0.0, -16.866836547851562, 61.146568298339844, -0.0, 0.0, -0.0, 0.0, -17.22037124633789, 0.0, -3.1044321060180664, -20.324804306030273)
(0.967750608921051, 4.242103099822998, 0.0, -1.0, -1.0, 0.0, 2.896341562271118, 10.70121955871582, 0.0, -11.806503295898438, -31.452617645263672, 0.0, 1490, 1643, 1512, 1625, -22.67181396484375, 56.07504653930664, 0.0, -17.567453384399414, 61.33026123046875, -0.0, 0.0, 0.0, 0.0, -33.72307205200195, 0.0, -32.82965850830078, -66.55272674560547)
(3.4097766876220703, 4.4072346687316895, 0.0, -1.0, -1.0, 0.0, 4.969511985778809, 13.932927131652832, 0.0, -26.458660125732422, -32.44340896606445, 0.0, 1514, 1652, 1501, 1599, -10.472561836242676, -19.285686492919922, 0.0, -16.000232696533203, 58.79031753540039, -0.0, 0.0, 0.0, 0.0, -37.10106658935547, 0.0, -21.88227081298828, -58.98333740234375)
(3.780996084213257, 0.6480262875556946, 0.0, -1.0, -1.0, 0.0, -10.396341323852539, 13.47560977935791, 0.0, -28.685976028442383, -9.888157844543457, 0.0, 1500, 1603, 1554, 1617, 6.5052032470703125, 65.39896392822266, 0.0, -16.43956184387207, 58.66912841796875, -0.0, 0.0, 0.0, 0.0, -18.69101333618164, 0.0, -22.486068725585938, -41.17708206176758)
(1.6243351697921753, -0.008914760313928127, 0.0, -1.0, -1.0, 0.0, 2.1646342277526855, 16.341463088989258, 0.0, -15.746010780334473, -5.946511268615723, 0.0, 1524, 1633, 1522, 1591, -16.966838836669922, -7.6153388023376465, 0.0, -19.289562225341797, 59.873687744140625, -0.0, 0.0, -0.0, 0.0, -17.830379486083984, 0.0, -26.362104415893555, -44.19248580932617)
(-0.10359108448028564, 0.21664685010910034, 0.0, -1.0, -1.0, 0.0, 8.536585807800293, -5.884146213531494, 0.0, -5.378453254699707, -7.2998809814453125, 0.0, 1596, 1582, 1573, 1519, 11.902145385742188, -21.70425033569336, 0.0, -18.47431755065918, 59.78435516357422, -0.0, 0.0, 0.0, 0.0, -1.1325877904891968, 0.0, 18.368040084838867, 17.23545265197754)
(-1.6190696954727173, 1.3067911863327026, 0.0, -1.0, -1.0, 0.0, -26.067073822021484, 7.012195110321045, 0.0, 3.7144181728363037, -13.840746879577637, 0.0, 1517, 1571, 1584, 1598, -0.5743513107299805, -1.4097509384155273, 0.0, -20.578739166259766, 61.706302642822266, 0.0, 0.0, 0.0, 0.0, -16.682353973388672, 0.0, -0.10346725583076477, -16.78582000732422)
(-0.19410519301891327, 1.59425950050354, 0.0, -1.0, -1.0, 0.0, 15.182927131652832, -12.65243911743164, 0.0, -4.835368633270264, -15.565557479858398, 0.0, 1585, 1586, 1571, 1532, 9.778072357177734, -15.060079574584961, 0.0, -20.150535583496094, 61.72977066040039, -0.0, 0.0, -0.0, 0.0, -2.3304946422576904, 0.0, 12.098794937133789, 9.76830005645752)
(-1.998351812362671, 2.9630544185638428, 0.0, -1.0, -1.0, 0.0, -0.5182926654815674, -14.939023971557617, 0.0, 5.990110874176025, -23.7783260345459, 0.0, 1586, 1571, 1584, 1529, 9.665864944458008, 13.65345573425293, 0.0, -20.859834671020508, 62.06315994262695, 0.0, 0.0, -0.0, 0.0, -7.071441650390625, 0.0, 24.607769012451172, 17.536327362060547)
(-2.7870914936065674, 4.00730562210083, 0.0, -1.0, -1.0, 0.0, 1.4329267740249634, -5.609755992889404, 0.0, 10.722549438476562, -30.043834686279297, 0.0, 1539, 1601, 1554, 1576, 39.530757904052734, 37.86458206176758, 0.0, -21.643369674682617, 62.82291793823242, 0.0, 0.0, -0.0, 0.0, -19.54726219177246, 0.0, -1.6103423833847046, -21.157604217529297)
(-3.1271893978118896, 5.980264663696289, 0.0, -1.0, -1.0, 0.0, 16.158536911010742, -2.682926893234253, 0.0, 12.76313591003418, -41.881587982177734, 0.0, 1540, 1628, 1527, 1575, 10.388675689697266, -4.737102508544922, 0.0, -19.91105079650879, 61.83785629272461, -0.0, 0.0, -0.0, 0.0, -31.358928680419922, 0.0, -2.1770238876342773, -33.535953521728516)
(0.520483136177063, 3.4049060344696045, 0.0, -1.0, -1.0, 0.0, 8.079268455505371, 18.384145736694336, 0.0, -9.122899055480957, -26.42943572998047, 0.0, 1479, 1605, 1552, 1638, 9.689630508422852, -65.27554321289062, 0.0, -18.121112823486328, 60.1598014831543, -0.0, 0.0, -0.0, 0.0, -35.850868225097656, 0.0, -17.2281551361084, -53.07902145385742)
(1.8455628156661987, 0.11630837619304657, 0.0, -1.0, -1.0, 0.0, 4.878048896789551, -7.012195110321045, 0.0, -17.07337760925293, -6.697850227355957, 0.0, 1543, 1560, 1593, 1570, 1.5641002655029297, 2.061922073364258, 0.0, -18.326906204223633, 57.73799133300781, -0.0, 0.0, -0.0, 0.0, 0.25147590041160583, 0.0, 1.3590339422225952, 1.6105098724365234)
(1.9840275049209595, -1.0718077421188354, 0.0, -1.0, -1.0, 0.0, -6.7682929039001465, -13.810976028442383, 0.0, -17.904165267944336, 0.4308464527130127, 0.0, 1563, 1527, 1626, 1550, 15.755593299865723, 12.731710433959961, 0.0, -19.389108657836914, 59.168182373046875, -0.0, 0.0, -0.0, 0.0, 11.393457412719727, 0.0, 16.875015258789062, 28.26847267150879)
(0.47990772128105164, 3.053370237350464, 0.0, -1.0, -1.0, 0.0, -1.3719512224197388, -6.493902206420898, 0.0, -8.879446029663086, -24.320220947265625, 0.0, 1582, 1593, 1560, 1531, 16.043121337890625, 22.392854690551758, 0.0, -20.669294357299805, 61.62626647949219, -0.0, 0.0, -0.0, 0.0, -14.261054992675781, 0.0, 19.014053344726562, 4.7529988288879395)
(-0.7485402822494507, 4.065420150756836, 0.0, -1.0, -1.0, 0.0, 6.432926654815674, -28.44512176513672, 0.0, -1.508758306503296, -30.392520904541016, 0.0, 1592, 1554, 1601, 1523, 0.17774653434753418, 30.03433609008789, 0.0, -19.449329376220703, 60.40584945678711, -0.0, 0.0, -0.0, 0.0, -1.5579192638397217, 0.0, 30.737680435180664, 29.17976188659668)
(-1.7301112413406372, -0.1523502767086029, 0.0, -1.0, -1.0, 0.0, -12.408536911010742, 10.182927131652832, 0.0, 4.380667686462402, -5.085898399353027, 0.0, 1532, 1586, 1567, 1581, -12.367860794067383, -14.479145050048828, 0.0, -20.203292846679688, 60.949440002441406, 0.0, 0.0, 0.0, 0.0, -12.215060234069824, 0.0, -4.828588485717773, -17.043649673461914)
(1.1823840141296387, 0.3945177495479584, 0.0, -1.0, -1.0, 0.0, 14.054878234863281, 2.5304877758026123, 0.0, -13.094304084777832, -8.367106437683105, 0.0, 1453, 1513, 1474, 1494, -20.221437454223633, 9.961691856384277, 0.0, -18.3084774017334, 60.02870559692383, -0.0, 0.0, -0.0, 0.0, -8.7180757522583, 0.0, -10.964742660522461, -19.682817459106445)
(2.3446335792541504, 0.06232061982154846, 0.0, -1.0, -1.0, 0.0, 7.439024448394775, -1.097561001777649, 0.0, -20.06780242919922, -6.3739237785339355, 0.0, 1000, 1000, 1000, 1000, 30.30539321899414, 15.05465316772461, 0.0, -17.81198501586914, 59.83342742919922, -0.0, 0.0, -0.0, 0.0, -4.221090316772461, 0.0, 4.950224876403809, 0.7291346192359924)
(3.5112273693084717, -1.2739229202270508, 0.0, -1.0, 0.0, 0.0, -7.317073345184326, -7.042683124542236, 0.0, -27.067363739013672, 7.643537521362305, 0.0, 1000, 1000, 1000, 1000, 2.4742605686187744, 8.697799682617188, 0.0, -18.286373138427734, 58.96467590332031, -0.0, 0.0, 0.0, 0.0, 11.74897575378418, 0.0, 6.666683197021484, 18.415658950805664)
(4.119513034820557, -3.0305395126342773, 0.0, -1.0, -1.0, 0.0, -6.920731544494629, -6.707316875457764, 0.0, -30.717079162597656, 12.183237075805664, 0.0, 1000, 1000, 1000, 1000, 1.1481282711029053, -11.141653060913086, 0.0, -18.962133407592773, 58.27137756347656, -0.0, 0.0, 0.0, 0.0, 15.112443923950195, 0.0, 8.521073341369629, 23.633516311645508)
(2.057542324066162, -7.8609418869018555, 0.0, -1.0, -1.0, 0.0, 6.95121955871582, 4.756097793579102, 0.0, -18.345252990722656, 41.1656494140625, 0.0, 1000, 1000, 1000, 1000, 0.4129610061645508, -7.645666122436523, 0.0, -19.11488151550293, 56.786766052246094, -0.0, 0.0, 0.0, 0.0, 29.127643585205078, 0.0, -1.9476134777069092, 27.180028915405273)
(1.4219685792922974, -6.300100326538086, 0.0, -1.0, -1.0, 0.0, -6.5853657722473145, 3.3231706619262695, 0.0, -14.531811714172363, 31.800601959228516, 0.0, 1000, 1000, 1000, 1000, 2.8997647762298584, -0.28434276580810547, 0.0, -19.52495002746582, 57.850791931152344, -0.0, 0.0, 0.0, 0.0, 22.781946182250977, 0.0, -2.121351718902588, 20.660594940185547)
(0.48324477672576904, -8.23564338684082, 0.0, -1.0, 0.0, 0.0, 3.3841464519500732, -3.2012195587158203, 0.0, -8.899468421936035, 49.41386032104492, 0.0, 1000, 1000, 1000, 1000, 2.0, -13.393874168395996, 0.0, -20.441879272460938, 56.16008377075195, -0.0, 0.0, -0.0, 0.0, 42.092063903808594, 0.0, 1.8923559188842773, 43.98442077636719)
(-0.1633453220129013, -11.099969863891602, 0.0, -1.0, -1.0, 0.0, -4.02439022064209, -1.8902438879013062, 0.0, -5.019927978515625, 60.59981918334961, 0.0, 1000, 1000, 1000, 1000, -2.137333393096924, -12.662566184997559, 0.0, -20.356969833374023, 55.369529724121094, -0.0, 0.0, 0.0, 0.0, 49.99205017089844, 0.0, 2.7424933910369873, 52.73454284667969)
(-1.3807958364486694, -11.573837280273438, 0.0, -1.0, -1.0, 0.0, -0.5487805008888245, -3.47560977935791, 0.0, 2.2847750186920166, 63.443023681640625, 0.0, 1000, 1000, 1000, 1000, 1.6123836040496826, -10.096242904663086, 0.0, -21.198741912841797, 56.07546615600586, 0.0, 0.0, -0.0, 0.0, 53.53490447998047, 0.0, 7.0130391120910645, 60.547943115234375)
(-0.8216889500617981, -16.124610900878906, 0.0, -1.0, -1.0, 0.0, 3.9024391174316406, -10.70121955871582, 0.0, -1.0698662996292114, 90.74766540527344, 0.0, 1000, 1000, 1000, 1000, -1.8106749057769775, -19.746976852416992, 0.0, -20.622522354125977, 52.91586685180664, -0.0, 0.0, 0.0, 0.0, 81.15910339355469, 0.0, 1.3810614347457886, 82.54016876220703)
(-1.5584008693695068, -18.03700828552246, 0.0, 0.0, -1.0, 0.0, -2.3475608825683594, 11.280488014221191, 0.0, 9.350404739379883, 102.2220458984375, 0.0, 1000, 1000, 1000, 1000, -1.5069916248321533, -22.58771514892578, 0.0, -21.173748016357422, 53.05473327636719, 0.0, 0.0, 0.0, 0.0, 72.75325012207031, 0.0, -8.513628005981445, 64.23961639404297)
(1.905155062675476, -21.122961044311523, 0.0, -1.0, -1.0, 0.0, 13.140243530273438, -14.664633750915527, 0.0, -17.430931091308594, 120.73776245117188, 0.0, 1000, 1000, 1000, 1000, 4.618027210235596, -20.383384704589844, 0.0, -18.88686180114746, 51.72256851196289, -0.0, 0.0, -0.0, 0.0, 108.32191467285156, 0.0, 5.2504353523254395, 113.57234954833984)
(-3.9778316020965576, -20.540664672851562, 0.0, -1.0, -1.0, 0.0, -19.481706619262695, 8.75, 0.0, 17.866989135742188, 117.24398803710938, 0.0, 1000, 1000, 1000, 1000, -14.150707244873047, -21.003929138183594, 0.0, -23.670400619506836, 52.8234977722168, 0.0, 0.0, 0.0, 0.0, 86.7951889038086, 0.0, 1.550547480583191, 88.34574127197266)
(-4.827513217926025, -23.0086669921875, 0.0, -1.0, -1.0, 0.0, 5.365853786468506, -12.469511985778809, 0.0, 22.96508026123047, 132.052001953125, 0.0, 1000, 1000, 1000, 1000, -2.0846047401428223, -14.2384672164917, 0.0, -22.784574508666992, 50.48919677734375, 0.0, 0.0, 0.0, 0.0, 115.6172103881836, 0.0, 0.896923840045929, 116.5141372680664)
(-6.293952941894531, -24.559215545654297, 0.0, 0.0, -1.0, 0.0, -3.5975608825683594, 9.634146690368652, 0.0, 37.76371765136719, 141.35528564453125, 0.0, 1000, 1000, 1000, 1000, -6.984223365783691, -25.15125274658203, 0.0, -23.96430206298828, 49.19438934326172, 0.0, 0.0, 0.0, 0.0, 105.37691497802734, 0.0, -6.390927314758301, 98.98599243164062)
(-6.397836208343506, -22.037649154663086, 0.0, -1.0, -1.0, 0.0, 0.6097561120986938, 8.75, 0.0, 32.38701629638672, 126.22589111328125, 0.0, 1000, 1000, 1000, 1000, -4.567084312438965, -20.927305221557617, 0.0, -23.485042572021484, 51.9233512878418, 0.0, 0.0, -0.0, 0.0, 93.980712890625, 0.0, 0.12087389826774597, 94.1015853881836)
(-6.209360122680664, -23.9345760345459, 0.0, -1.0, -1.0, 0.0, -0.5792682766914368, 17.926828384399414, 0.0, 31.256160736083984, 137.60745239257812, 0.0, 1000, 1000, 1000, 1000, -2.57442045211792, -48.02619171142578, 0.0, -23.290687561035156, 53.89424133300781, 0.0, 0.0, 0.0, 0.0, 95.74449920654297, 0.0, -3.184108257293701, 92.56039428710938)
(-6.399914741516113, -21.268667221069336, 0.0, -1.0, -1.0, 0.0, -0.7012194991111755, -5.670731544494629, 0.0, 32.39949035644531, 121.61199951171875, 0.0, 1000, 1000, 1000, 1000, -10.787171363830566, -24.728437423706055, 0.0, -23.60257911682129, 53.54743576049805, 0.0, 0.0, 0.0, 0.0, 101.82618713378906, 0.0, -1.4955246448516846, 100.33065795898438)
(-9.186066627502441, -16.87238121032715, 0.0, 0.0, -1.0, 0.0, -5.213414669036865, 8.841463088989258, 0.0, 55.11640167236328, 95.23428344726562, 0.0, 1000, 1000, 1000, 1000, -7.425065040588379, -11.210641860961914, 0.0, -23.786575317382812, 55.10612487792969, 0.0, 0.0, 0.0, 0.0, 69.1142578125, 0.0, -2.6104700565338135, 66.5037841796875)
(-6.667998313903809, -13.988420486450195, 0.0, -1.0, -1.0, 0.0, 4.237804889678955, -8.262195587158203, 0.0, 34.00798797607422, 77.93052673339844, 0.0, 1000, 1000, 1000, 1000, -2.7168021202087402, -6.515491008758545, 0.0, -23.935813903808594, 58.689205169677734, 0.0, 0.0, -0.0, 0.0, 68.95417785644531, 0.0, 17.477882385253906, 86.43206024169922)
(-7.168201923370361, -10.219162940979004, 0.0, -1.0, -1.0, 0.0, 2.2560975551605225, 0.27439025044441223, 0.0, 37.009212493896484, 55.314979553222656, 0.0, 1000, 1000, 1000, 1000, 3.726006031036377, 5.8296661376953125, 0.0, -23.31218719482422, 60.63203430175781, 0.0, 0.0, 0.0, 0.0, 44.032470703125, 0.0, 9.76671028137207, 53.79917907714844)
(-6.179994583129883, -8.09852123260498, 0.0, -1.0, -1.0, 0.0, 1.0365853309631348, 1.402438998222351, 0.0, 31.079967498779297, 42.59112548828125, 0.0, 1000, 1000, 1000, 1000, -5.534640312194824, -1.182905673980713, 0.0, -23.574384689331055, 60.647430419921875, 0.0, 0.0, 0.0, 0.0, 32.950950622558594, 0.0, -2.023176670074463, 30.927772521972656)
(-6.473287582397461, -6.814094543457031, 0.0, 0.0, -1.0, 0.0, -0.6707317233085632, 0.12195122241973877, 0.0, 38.839725494384766, 34.88456726074219, 0.0, 1000, 1000, 1000, 1000, -7.944086074829102, -5.277843952178955, 0.0, -23.666154861450195, 60.73676681518555, 0.0, 0.0, 0.0, 0.0, 27.81009292602539, 0.0, -1.6180659532546997, 26.192026138305664)
(-6.555107593536377, -6.1289801597595215, 0.0, -1.0, -1.0, 0.0, -0.4878048896789551, 0.3658536672592163, 0.0, 33.33064651489258, 30.773880004882812, 0.0, 1000, 1000, 1000, 1000, -6.482296943664551, -5.966355800628662, 0.0, -23.707006454467773, 60.87347412109375, 0.0, 0.0, 0.0, 0.0, 24.326419830322266, 0.0, -0.34863603115081787, 23.977785110473633)
(-6.665228366851807, -5.790924549102783, 0.0, -1.0, -1.0, 0.0, -0.27439025044441223, 0.5182926654815674, 0.0, 33.991371154785156, 28.745548248291016, 0.0, 1000, 1000, 1000, 1000, -6.816061973571777, -5.984165191650391, 0.0, -23.756242752075195, 61.012760162353516, 0.0, 0.0, 0.0, 0.0, 22.581804275512695, 0.0, -0.10789916664361954, 22.473905563354492)
(-6.686138153076172, -5.574997425079346, 0.0, -1.0, -1.0, 0.0, -0.18292683362960815, 0.6707317233085632, 0.0, 34.11682891845703, 27.44998550415039, 0.0, 1000, 1000, 1000, 1000, -6.604645729064941, -5.398717880249023, 0.0, -23.8051700592041, 61.15082550048828, 0.0, 0.0, 0.0, 0.0, 21.423402786254883, 0.0, -0.27381572127342224, 21.149587631225586)
(-6.677014350891113, -5.471663951873779, 0.0, 0.0, -1.0, 0.0, -0.21341463923454285, 0.6097561120986938, 0.0, 40.06208801269531, 26.82998275756836, 0.0, 1000, 1000, 1000, 1000, -6.5302019119262695, -5.533083915710449, 0.0, -23.85501480102539, 61.28843307495117, 0.0, 0.0, 0.0, 0.0, 20.976181030273438, 0.0, -1.0205622911453247, 19.955617904663086)
(-6.677158832550049, -5.423494815826416, 0.0, -1.0, -1.0, 0.0, -0.18292683362960815, 0.5792682766914368, 0.0, 34.06295394897461, 26.540969848632812, 0.0, 1000, 1000, 1000, 1000, -6.620266914367676, -5.397304058074951, 0.0, -23.906530380249023, 61.42512512207031, 0.0, 0.0, -0.0, 0.0, 20.76936149597168, 0.0, -0.007026382721960545, 20.7623348236084)
(-6.700376987457275, -5.381891250610352, 0.0, -1.0, -1.0, 0.0, -0.27439025044441223, 0.5487805008888245, 0.0, 34.20226287841797, 26.29134750366211, 0.0, 1000, 1000, 1000, 1000, -6.742301940917969, -5.366032123565674, 0.0, -23.95743751525879, 61.56059646606445, 0.0, 0.0, 0.0, 0.0, 20.594053268432617, 0.0, -0.026440568268299103, 20.56761360168457)
(-6.691204071044922, -5.36243200302124, 0.0, -1.0, -1.0, 0.0, -0.18292683362960815, 0.5792682766914368, 0.0, 34.14722442626953, 26.174591064453125, 0.0, 1000, 1000, 1000, 1000, -6.499730110168457, -5.40831184387207, 0.0, -24.01047134399414, 61.70079803466797, 0.0, 0.0, -0.0, 0.0, 20.476259231567383, 0.0, -0.047347232699394226, 20.428911209106445)
(-6.700241565704346, -5.396040439605713, 0.0, 0.0, -1.0, 0.0, -0.18292683362960815, 0.6402438879013062, 0.0, 40.20145034790039, 26.376243591308594, 0.0, 1000, 1000, 1000, 1000, -6.624383926391602, -5.38017463684082, 0.0, -24.06244659423828, 61.840389251708984, 0.0, 0.0, 0.0, 0.0, 20.58880043029785, 0.0, -0.9644206762313843, 19.624380111694336)
(-6.688518524169922, -5.403423309326172, 0.0, -1.0, -1.0, 0.0, -0.21341463923454285, 0.5792682766914368, 0.0, 34.13111114501953, 26.42053985595703, 0.0, 1000, 1000, 1000, 1000, -6.566962242126465, -5.640146255493164, 0.0, -24.11289405822754, 61.97998046875, 0.0, 0.0, -0.0, 0.0, 20.673017501831055, 0.0, 0.055140212178230286, 20.728158950805664)
(-6.721093654632568, -5.376175880432129, 0.0, -1.0, -1.0, 0.0, -0.15243902802467346, 0.5182926654815674, 0.0, 34.326560974121094, 26.257055282592773, 0.0, 1000, 1000, 1000, 1000, -6.868142127990723, -5.333888053894043, 0.0, -24.164255142211914, 62.114994049072266, 0.0, 0.0, -0.0, 0.0, 20.59100914001465, 0.0, 0.04006451740860939, 20.631074905395508)
(-6.660301208496094, -5.361914157867432, 0.0, -1.0, -1.0, 0.0, -0.24390244483947754, 0.5487805008888245, 0.0, 33.96180725097656, 26.171485900878906, 0.0, 1000, 1000, 1000, 1000, -6.258844375610352, -5.36511754989624, 0.0, -24.21638298034668, 62.254127502441406, 0.0, 0.0, -0.0, 0.0, 20.498165130615234, 0.0, 0.048348601907491684, 20.546512603759766)
(-6.69657039642334, -5.359751224517822, 0.0, 0.0, -1.0, 0.0, -0.09146341681480408, 0.5182926654815674, 0.0, 40.179420471191406, 26.15850830078125, 0.0, 1000, 1000, 1000, 1000, -6.639875411987305, -5.473936557769775, 0.0, -24.26881217956543, 62.3947868347168, 0.0, 0.0, 0.0, 0.0, 20.51217269897461, 0.0, -1.6768090724945068, 18.835363388061523)
(-6.671350002288818, -5.362430095672607, 0.0, -1.0, -1.0, 0.0, -0.27439025044441223, 0.5792682766914368, 0.0, 34.028099060058594, 26.174579620361328, 0.0, 1000, 1000, 1000, 1000, -6.80695915222168, -5.595005035400391, 0.0, -24.320783615112305, 62.53315734863281, 0.0, 0.0, 0.0, 0.0, 20.47624969482422, 0.0, -0.019984344020485878, 20.45626449584961)