
(-6.644737243652344, -4.4512619972229, 0.0, 0.0, 0.0, 0.0, -0.3967939019203186, 1.2059236764907837, 0.0, 66.44737243652344, 44.51261901855469, 0.0, 1000, 1000, 1000, 1000, -6.644737243652344, -4.4512619972229, 0.0, -0.00198396947234869, 0.006029618438333273, 10.026625633239746, 0.0167110413312912, 20.98906898498535, 31.032405853271484, 6.496004104614258, 0.010826673358678818, 13.598301887512207, 20.105133056640625)
(-6.711333274841309, -4.386203765869141, 0.0, -1.0, 0.0, 0.0, -0.5189312696456909, 1.1906565427780151, 0.0, 57.11333465576172, 43.862037658691406, 0.0, 1000, 1000, 1000, 1000, -6.316793441772461, -4.458512306213379, 0.0, -0.10034579783678055, 0.2801096439361572, 8.644840240478516, 1.8242857456207275, -0.18948234617710114, 10.279643058776855, 6.400707244873047, 0.495657354593277, -0.00964839942753315, 6.886716365814209)
(-6.748415946960449, -4.351925849914551, 0.0, -1.0, 0.0, 0.0, -0.5799999833106995, 1.1143206357955933, 0.0, 57.484161376953125, 43.519256591796875, 0.0, 1000, 1000, 1000, 1000, -6.399808883666992, -4.72507905960083, 0.0, -0.20015646517276764, 0.5629663467407227, 8.709624290466309, 2.517569065093994, 0.04888881742954254, 11.276082038879395, 6.360740661621094, 1.0056631565093994, 0.00268190773203969, 7.369085788726807)
(-6.758509635925293, -4.373538494110107, 0.0, -1.0, 0.0, 0.0, -0.3967939019203186, 0.9921832084655762, 0.0, 57.58509826660156, 43.73538589477539, 0.0, 1000, 1000, 1000, 1000, -6.920014381408691, -4.862617492675781, 0.0, -0.3024870455265045, 0.8423891067504883, 8.697283744812012, 3.2387988567352295, -0.006944931112229824, 11.92913818359375, 6.41148042678833, 1.4945224523544312, 0.06407830864191055, 7.970081329345703)
(-6.800323963165283, -4.35257625579834, 0.0, -1.0, 0.0, 0.0, -0.5189312696456909, 1.0837862491607666, 0.0, 58.003238677978516, 43.52576446533203, 0.0, 1000, 1000, 1000, 1000, -6.639590263366699, -4.878347396850586, 0.0, -0.4088633358478546, 1.122346043586731, 8.778326034545898, 3.9239659309387207, 0.03418803587555885, 12.736479759216309, 6.366296768188477, 1.9925613403320312, 0.06837726384401321, 8.42723560333252)
(-6.788338661193848, -4.341314315795898, 0.0, -1.0, 0.0, 0.0, -0.45786258578300476, 0.9616488814353943, 0.0, 57.883384704589844, 43.413143157958984, 0.0, 1000, 1000, 1000, 1000, -6.748282432556152, -5.07590913772583, 0.0, -0.5108884572982788, 1.3945165872573853, 8.751187324523926, 4.609864234924316, 0.004616378806531429, 13.365668296813965, 6.367724418640137, 2.479820966720581, 0.08215334266424179, 8.929698944091797)
(-6.793571472167969, -4.33384895324707, 0.0, 0.0, 0.0, 0.0, -0.48839694261550903, 1.251725196838379, 0.0, 67.93571472167969, 43.3384895324707, 0.0, 1000, 1000, 1000, 1000, -6.609072685241699, -4.773101329803467, 0.0, -0.6132189035415649, 1.6709614992141724, 10.263616561889648, 5.301392555236816, 2.649716377258301, 18.214725494384766, 6.313014984130859, 2.975616455078125, -0.035117536783218384, 9.25351333618164)
(-6.765263557434082, -4.3203253746032715, 0.0, -1.0, 0.0, 0.0, -0.36625954508781433, 1.1906565427780151, 0.0, 57.65263366699219, 43.20325469970703, 0.0, 1000, 1000, 1000, 1000, -6.446402549743652, -4.390142440795898, 0.0, -0.713946521282196, 1.9528264999389648, 8.702834129333496, 6.010569095611572, -0.04464735463261604, 14.668755531311035, 6.301889896392822, 3.4699363708496094, -0.014767860062420368, 9.757058143615723)
(-6.763142108917236, -4.312506198883057, 0.0, -1.0, 0.0, 0.0, -0.6563358902931213, 1.4196641445159912, 0.0, 57.63142013549805, 43.12506103515625, 0.0, 1000, 1000, 1000, 1000, -6.448793411254883, -4.606338024139404, 0.0, -0.8119258284568787, 2.2284326553344727, 8.7431640625, 6.693277835845947, 0.06251516193151474, 15.498956680297852, 6.255809783935547, 3.952850818634033, -0.0802631825208664, 10.128396987915039)
(-6.784958362579346, -4.335014343261719, 0.0, -1.0, 0.0, 0.0, -0.641068696975708, 0.9921832084655762, 0.0, 57.84958267211914, 43.35014343261719, 0.0, 1000, 1000, 1000, 1000, -6.591917991638184, -4.924383640289307, 0.0, -0.9120427966117859, 2.503352165222168, 8.773597717285156, 7.376614570617676, 0.0732763260602951, 16.223487854003906, 6.353693962097168, 4.447277545928955, 0.07623612880706787, 10.87720775604248)
(-6.7934889793396, -4.330657005310059, 0.0, 0.0, 0.0, 0.0, -0.5036641359329224, 1.2059236764907837, 0.0, 67.93489074707031, 43.30657196044922, 0.0, 1000, 1000, 1000, 1000, -6.715533256530762, -4.423214435577393, 0.0, -1.0145258903503418, 2.778270959854126, 10.265783309936523, 8.066705703735352, 2.685666561126709, 21.01815414428711, 6.315096855163574, 4.943105220794678, -0.022045783698558807, 11.236156463623047)
(-6.7853312492370605, -4.334362983703613, 0.0, -1.0, 0.0, 0.0, -0.3204580247402191, 1.2669923305511475, 0.0, 57.85331344604492, 43.3436279296875, 0.0, 1000, 1000, 1000, 1000, -6.712270736694336, -4.620016098022461, 0.0, -1.1141088008880615, 3.056701183319092, 8.726065635681152, 8.777600288391113, -0.05122216045856476, 17.452444076538086, 6.311495780944824, 5.438482761383057, -0.03161512687802315, 11.718362808227539)
(-6.787088394165039, -4.347010612487793, 0.0, -1.0, 0.0, 0.0, -0.24412213265895844, 1.1295877695083618, 0.0, 57.87088394165039, 43.47010803222656, 0.0, 1000, 1000, 1000, 1000, -6.8526611328125, -4.9542341232299805, 0.0, -1.2120883464813232, 3.3300933837890625, 8.71725082397461, 9.461860656738281, -0.05155755206942558, 18.127553939819336, 6.351078033447266, 5.934943199157715, 0.0037383802700787783, 12.289759635925293)
(-6.7920403480529785, -4.325604438781738, 0.0, -1.0, 0.0, 0.0, -0.4273282587528229, 1.2669923305511475, 0.0, 57.92040252685547, 43.25604248046875, 0.0, 1000, 1000, 1000, 1000, -6.626823425292969, -4.847888469696045, 0.0, -1.3167853355407715, 3.6149370670318604, 8.75216007232666, 10.146788597106934, -0.004967338405549526, 18.89398193359375, 6.298357963562012, 6.420346736907959, -0.003847381565719843, 12.71485710144043)
(-6.782198429107666, -4.3271989822387695, 0.0, 0.0, 0.0, 0.0, -0.4425954222679138, 1.2059236764907837, 0.0, 67.82198333740234, 43.27198791503906, 0.0, 1000, 1000, 1000, 1000, -6.362058639526367, -4.7111005783081055, 0.0, -1.4179710149765015, 3.891000747680664, 10.239686965942383, 10.846275329589844, 1.3432955741882324, 22.429258346557617, 6.309909343719482, 6.9154510498046875, -0.01429592166095972, 13.211064338684082)
(-6.7906494140625, -4.3379597663879395, 0.0, -1.0, 0.0, 0.0, -0.2746564745903015, 1.175389289855957, 0.0, 57.906494140625, 43.37959671020508, 0.0, 1000, 1000, 1000, 1000, -6.709798812866211, -4.755164623260498, 0.0, -1.5156453847885132, 4.167902946472168, 8.7271728515625, 11.556227684020996, -0.05667341873049736, 20.226726531982422, 6.330631256103516, 7.411646366119385, -0.010105964727699757, 13.732172012329102)
(-6.778292655944824, -4.350128173828125, 0.0, -1.0, 0.0, 0.0, -0.45786258578300476, 1.05325186252594, 0.0, 57.782928466796875, 43.50128173828125, 0.0, 1000, 1000, 1000, 1000, -6.7598724365234375, -4.831606864929199, 0.0, -1.6153043508529663, 4.43862247467041, 8.73611831665039, 12.240340232849121, 0.02304835617542267, 20.999507904052734, 6.367204189300537, 7.8991379737854, 0.06032555550336838, 14.326667785644531)
(-6.759693622589111, -4.357199192047119, 0.0, -1.0, 0.0, 0.0, -0.6716030240058899, 1.2822595834732056, 0.0, 57.5969352722168, 43.571990966796875, 0.0, 1000, 1000, 1000, 1000, -6.374515533447266, -4.8482770919799805, 0.0, -1.7125967741012573, 4.712778091430664, 8.740281105041504, 12.923261642456055, 0.04910442233085632, 21.712646484375, 6.343459606170654, 8.395090103149414, -0.055619340389966965, 14.682930946350098)
(-6.7726240158081055, -4.352732181549072, 0.0, 0.0, 0.0, 0.0, -0.36625954508781433, 1.1601221561431885, 0.0, 67.72624206542969, 43.527320861816406, 0.0, 1000, 1000, 1000, 1000, -6.585707664489746, -4.34552526473999, 0.0, -1.813324213027954, 4.99159049987793, 10.213874816894531, 13.620821952819824, 1.3232382535934448, 25.157936096191406, 6.355079650878906, 8.883054733276367, 0.026294434443116188, 15.264429092407227)
(-6.76215934753418, -4.328403949737549, 0.0, -1.0, 0.0, 0.0, -0.48839694261550903, 1.1143206357955933, 0.0, 57.6215934753418, 43.28403854370117, 0.0, 1000, 1000, 1000, 1000, -6.500812530517578, -4.377662658691406, 0.0, -1.8773479461669922, 5.1585845947265625, 8.716498374938965, 14.067228317260742, -0.13608495891094208, 22.647642135620117, 6.32545804977417, 9.18889045715332, 0.01334725134074688, 15.527695655822754)
(-6.78528356552124, -4.32407808303833, 0.0, -1.0, 0.0, 0.0, -0.641068696975708, 1.1295877695083618, 0.0, 57.85283660888672, 43.240779876708984, 0.0, 1000, 1000, 1000, 1000, -7.050122261047363, -4.709763526916504, 0.0, -1.9822741746902466, 5.435183525085449, 8.774085998535156, 14.752054214477539, 0.061487436294555664, 23.587627410888672, 6.316678524017334, 9.682609558105469, 0.025610480457544327, 16.024898529052734)
(-6.792599678039551, -4.32670783996582, 0.0, -1.0, 0.0, 0.0, -0.5341984629631042, 1.175389289855957, 0.0, 57.925994873046875, 43.2670783996582, 0.0, 1000, 1000, 1000, 1000, -6.616259574890137, -5.289173603057861, 0.0, -2.0812456607818604, 5.707277774810791, 8.769028663635254, 15.437146186828613, 0.03310401365160942, 24.23927879333496, 6.313753604888916, 10.176206588745117, 0.0246486347168684, 16.51460838317871)
(-6.8067193031311035, -4.34240198135376, 0.0, 0.0, 0.0, 0.0, -0.33572518825531006, 1.0227175951004028, 0.0, 68.06719207763672, 43.42401885986328, 0.0, 1000, 1000, 1000, 1000, -6.890321731567383, -4.984811782836914, 0.0, -2.1764001846313477, 5.9821977615356445, 10.26043701171875, 16.140338897705078, 1.142899990081787, 27.543676376342773, 6.360195159912109, 10.66157341003418, 0.12995214760303497, 17.15172004699707)
(-6.789695739746094, -4.314107418060303, 0.0, -1.0, 0.0, 0.0, -0.5189312696456909, 1.1601221561431885, 0.0, 57.89695739746094, 43.141075134277344, 0.0, 1000, 1000, 1000, 1000, -6.871606826782227, -5.618247032165527, 0.0, -2.278501033782959, 6.257040023803711, 8.762383460998535, 16.84945297241211, -0.003506004111841321, 25.60832977294922, 6.29714298248291, 11.156896591186523, 0.0027022704016417265, 17.456741333007812)
(-6.773594379425049, -4.245341777801514, 0.0, -1.0, 0.0, 0.0, -0.36625954508781433, 1.175389289855957, 0.0, 57.73594284057617, 42.45341873168945, 0.0, 1000, 1000, 1000, 1000, -5.788267135620117, -5.305683612823486, 0.0, -2.386099100112915, 6.528676509857178, 8.715330123901367, 17.534059524536133, -0.017486900091171265, 26.231903076171875, 6.191704750061035, 11.646728515625, -0.033579543232917786, 17.804853439331055)
(-6.780431747436523, -4.282577037811279, 0.0, -1.0, 0.0, 0.0, -0.350992351770401, 0.8700457811355591, 0.0, 57.804317474365234, 42.82577133178711, 0.0, 1000, 1000, 1000, 1000, -6.620478630065918, -5.030836582183838, 0.0, -2.483086585998535, 6.804358959197998, 8.723297119140625, 18.217910766601562, -0.018482284620404243, 26.922725677490234, 6.29335880279541, 12.123970031738281, 0.19132818281650543, 18.608657836914062)
(-6.826447486877441, -4.372642517089844, 0.0, 0.0, 0.0, 0.0, 0.19862595200538635, 1.8318778276443481, 0.0, 68.26447296142578, 43.72642517089844, 0.0, 1000, 1000, 1000, 1000, -6.599909782409668, -5.091470241546631, 0.0, -2.6028976440429688, 7.077826976776123, 10.209877014160156, 18.92001724243164, 1.0138568878173828, 30.14375114440918, 6.284182071685791, 12.618438720703125, -0.1072116270661354, 18.795408248901367)
(-7.421314239501953, -5.060394763946533, 0.0, -1.0, 0.0, 0.0, 1.6184732913970947, 2.6257710456848145, 0.0, 64.21314239501953, 50.603946685791016, 0.0, 1000, 1000, 1000, 1000, -7.77098274230957, -6.687963008880615, 0.0, -3.2591216564178467, 6.707708358764648, 9.389200210571289, 19.660831451416016, -0.6738870739936829, 28.376144409179688, 7.196726322174072, 13.155265808105469, -0.40088951587677, 19.95110321044922)
(-7.922545433044434, -5.811211585998535, 0.0, -1.0, 0.0, 0.0, 1.893282413482666, 2.641038179397583, 0.0, 69.22545623779297, 58.11211395263672, 0.0, 1000, 1000, 1000, 1000, -10.13456916809082, -11.520312309265137, 0.0, -3.7251155376434326, 6.339113712310791, 10.09982681274414, 20.45185661315918, -0.3842734098434448, 30.167409896850586, 8.320661544799805, 13.788263320922852, -0.3607950210571289, 21.74812889099121)
(-8.29439640045166, -8.230575561523438, 0.0, -1.0, 0.0, 0.0, 0.27496182918548584, -22.137588500976562, 0.0, 72.94396209716797, 82.30575561523438, 0.0, 1000, 1000, 1000, 1000, -8.061814308166504, -9.371015548706055, 0.0, -4.201187610626221, 3.8261682987213135, 10.900349617004395, 21.32472038269043, -0.05083287134766579, 32.17423629760742, 15.666501998901367, 14.690669059753418, 3.3097469806671143, 33.66691970825195)
(-8.241059303283691, -10.583166122436523, 0.0, 0.0, 0.0, 0.0, 0.8856488466262817, 39.61813735961914, 0.0, 82.41059112548828, 105.8316650390625, 0.0, 1000, 1000, 1000, 1000, -9.703009605407715, -22.562410354614258, 0.0, -4.413515567779541, 3.594827175140381, 12.228740692138672, 22.21819305419922, -0.7679886817932129, 33.6789436340332, 9.932029724121094, 15.95024299621582, -1.0935499668121338, 24.78872299194336)
(-6.965177536010742, -14.933414459228516, 0.0, -1.0, 0.0, 0.0, 6.122290134429932, -49.14522171020508, 0.0, 59.65177536010742, 149.33413696289062, 0.0, 1000, 1000, 1000, 1000, -5.7642502784729, -14.703685760498047, 0.0, -3.8691296577453613, -1.6709407567977905, 8.029422760009766, 23.015583038330078, -1.267277479171753, 29.777729034423828, 29.77190399169922, 17.49217414855957, 3.570758104324341, 50.834835052490234)
(-7.616231441497803, -18.65073585510254, 0.0, -1.0, 0.0, 0.0, 8.794045448303223, -34.74827575683594, 0.0, 66.16231536865234, 186.50735473632812, 0.0, 1000, 1000, 1000, 1000, -2.1218056678771973, -23.454605102539062, 0.0, -4.000314712524414, -4.646785259246826, 8.605240821838379, 23.799144744873047, -3.189318895339966, 29.215065002441406, 33.1883430480957, 19.652027130126953, 6.1076154708862305, 58.9479866027832)
(-6.412102222442627, -22.332942962646484, 0.0, -1.0, 0.0, 0.0, 41.02305221557617, 12.259358406066895, 0.0, 54.12102127075195, 223.32943725585938, 0.0, 1000, 1000, 1000, 1000, -17.330045700073242, -26.040761947631836, 0.0, -1.6453943252563477, -6.013700008392334, 1.9646953344345093, 24.395254135131836, -5.203094959259033, 21.1568546295166, 31.660512924194336, 22.2851619720459, -2.401839256286621, 51.5438346862793)
(1.8443808555603027, -14.032448768615723, 0.0, 0.0, 0.0, 0.0, -5.648702144622803, 45.95401382446289, 0.0, -18.443809509277344, 140.32449340820312, 0.0, 1000, 1000, 1000, 1000, 7.392630100250244, -17.19753646850586, 0.0, 6.1892218589782715, 2.338240623474121, -1.9192659854888916, 24.137523651123047, 4.403740406036377, 26.621997833251953, 14.155572891235352, 24.134790420532227, -2.089439630508423, 36.200923919677734)
(-0.3202228248119354, 4.62655782699585, 0.0, -1.0, 0.0, 0.0, -28.2899227142334, 40.13722229003906, 0.0, -6.79777193069458, -46.26557922363281, 0.0, 1000, 1000, 1000, 1000, 0.5642991065979004, 10.903420448303223, 0.0, 0.9358990788459778, 20.254152297973633, 3.223822593688965, 24.123905181884766, 1.1075009107589722, 28.455228805541992, -12.960420608520508, 23.78907585144043, -3.12077260017395, 7.707883358001709)
(-3.3908560276031494, 9.467107772827148, 0.0, -1.0, 0.0, 0.0, -3.2364885807037354, -14.366595268249512, 0.0, 23.908559799194336, -94.67108154296875, 0.0, 1000, 1000, 1000, 1000, -3.012693405151367, 12.185737609863281, 0.0, -2.600553512573242, 21.97869110107422, 4.0717573165893555, 24.45863914489746, -1.399802565574646, 27.13059425354004, -12.045673370361328, 22.679101943969727, -0.2983781099319458, 10.335049629211426)
(2.390303134918213, 9.313844680786133, 0.0, -1.0, 0.0, 0.0, 25.740610122680664, 3.419664144515991, 0.0, -33.90303039550781, -93.13844299316406, 0.0, 1100, 1100, 1108, 1100, 0.7728517055511475, 7.057204246520996, 0.0, 4.2653608322143555, 21.827430725097656, -8.946545600891113, 24.096521377563477, -0.9941540360450745, 14.155820846557617, -14.483716011047363, 21.507877349853516, -0.6716100573539734, 6.35255241394043)
(-0.511131227016449, 6.87190055847168, 0.0, 0.0, 0.0, 0.0, -25.297557830810547, -28.107053756713867, 0.0, 5.111312389373779, -68.71900939941406, 0.0, 1100, 1100, 1114, 1100, -1.4546928405761719, 9.361295700073242, 0.0, 2.173105478286743, 18.653564453125, 4.561330795288086, 23.883337020874023, 3.907496452331543, 32.35216522216797, -6.091793060302734, 20.609846115112305, 3.7457938194274902, 18.26384735107422)
(-2.0188300609588623, -2.553271532058716, 0.0, -1.0, 0.0, 0.0, 3.3741984367370605, 3.465465545654297, 0.0, 10.188301086425781, 25.53271484375, 0.0, 1100, 1100, 1118, 1100, -4.50229549407959, 0.43187665939331055, 0.0, -0.09556114673614502, 12.005125999450684, 1.0221153497695923, 24.129169464111328, -1.0045303106307983, 24.14675521850586, 3.3100874423980713, 20.771793365478516, -1.514723777770996, 22.567155838012695)
(-1.2194901704788208, -2.0434577465057373, 0.0, -1.0, 0.0, 0.0, 3.4047329425811768, 14.121953964233398, 0.0, 2.194901704788208, 20.43457794189453, 0.0, 1100, 1100, 1100, 1100, -3.7886385917663574, -5.363068580627441, 0.0, -0.04621221497654915, 13.530579566955566, -0.1814746856689453, 24.207185745239258, -0.4655279517173767, 23.560182571411133, 0.946893572807312, 20.996891021728516, -2.015404224395752, 19.928380966186523)
(-0.9291831851005554, 1.0915851593017578, 0.0, -1.0, 0.0, 0.0, -6.473129749298096, 4.045618534088135, 0.0, -0.7081681489944458, -10.915851593017578, 0.0, 1100, 1100, 1100, 1100, -5.6896071434021, 6.512659072875977, 0.0, 0.2979457676410675, 16.670991897583008, 0.864744246006012, 24.152706146240234, 1.6164240837097168, 26.633872985839844, -2.244220495223999, 20.872167587280273, -0.1050022542476654, 18.522945404052734)
(-2.8672356605529785, 0.05060133337974548, 0.0, 0.0, 0.0, 0.0, -4.137251853942871, -7.969648838043213, 0.0, 28.67235565185547, -0.5060133337974548, 0.0, 1100, 1100, 1143, 1100, -0.5717709064483643, -1.3051798343658447, 0.0, -0.8632396459579468, 15.470342636108398, 4.921441078186035, 24.343303680419922, 1.3897095918655396, 30.65445327758789, 1.119545340538025, 20.815473556518555, 0.7362441420555115, 22.671262741088867)
(-4.4553704261779785, -0.6279222369194031, 0.0, -1.0, 0.0, 0.0, -1.2212213277816772, 1.7708091735839844, 0.0, 34.55370330810547, 6.27922248840332, 0.0, 1134, 1171, 1222, 1100, -6.422629356384277, -0.8468127250671387, 0.0, -2.2093870639801025, 15.107776641845703, 5.366238594055176, 24.74567413330078, -0.07671286165714264, 30.035200119018555, 0.6762620210647583, 20.890405654907227, -0.11057418584823608, 21.456092834472656)
(-3.429769515991211, -1.1914293766021729, 0.0, -1.0, 0.0, 0.0, 1.4199999570846558, 0.946381688117981, 0.0, 24.29769515991211, 11.91429328918457, 0.0, 1196, 1229, 1269, 1148, -4.35313606262207, -6.494341850280762, 0.0, -1.47965669631958, 14.558113098144531, 3.431654214859009, 25.048892974853516, 0.03709692880511284, 28.517642974853516, 1.6451867818832397, 21.018251419067383, -0.6239914894104004, 22.039445877075195)
(-3.5606517791748047, -1.5148186683654785, 0.0, -1.0, 0.0, 0.0, -3.999847412109375, 4.137221336364746, 0.0, 25.606517791748047, 15.148186683654785, 0.0, 1297, 1336, 1392, 1269, -2.849909782409668, 0.8025293350219727, 0.0, -1.8777128458023071, 14.140971183776855, 4.440954685211182, 25.359390258789062, 0.6317874789237976, 30.432132720947266, 1.6516448259353638, 21.216842651367188, -2.060817241668701, 20.80767059326172)
(-3.6010336875915527, -1.365652322769165, 0.0, 0.0, 0.0, 0.0, -4.671603202819824, 5.114320755004883, 0.0, 36.010337829589844, 13.656522750854492, 0.0, 1305, 1347, 1403, 1270, -7.434056282043457, -9.269180297851562, 0.0, -1.842180848121643, 14.142534255981445, 6.102291107177734, 25.676834106445312, 1.9121354818344116, 33.691261291503906, 1.2813303470611572, 21.42383575439453, 0.13199859857559204, 22.8371639251709)
(-4.706779956817627, 0.6164368987083435, 0.0, -1.0, 0.0, 0.0, 4.259694576263428, -22.687206268310547, 0.0, 37.06779861450195, -6.164369106292725, 0.0, 1329, 1351, 1390, 1256, -1.2633278369903564, -0.5409927368164062, 0.0, -2.480923652648926, 14.156611442565918, 4.921216011047363, 26.074228286743164, -1.8422430753707886, 29.153200149536133, 2.4784255027770996, 21.51487159729004, 4.242229461669922, 28.235525131225586)
(-2.2868738174438477, -3.327083110809326, 0.0, -1.0, 0.0, 0.0, -8.427328109741211, 15.022717475891113, 0.0, 12.868738174438477, 33.27083206176758, 0.0, 1312, 1348, 1396, 1269, -2.27665376663208, 15.023454666137695, 0.0, -1.8333308696746826, 14.949315071105957, 3.1944098472595215, 26.27031898498535, 1.4550775289535522, 30.9198055267334, 2.737217426300049, 21.632707595825195, -1.4492673873901367, 22.920656204223633)
(-2.4924845695495605, -1.5016499757766724, 0.0, -1.0, 0.0, 0.0, 4.427633762359619, -8.442931175231934, 0.0, 14.924845695495605, 15.016499519348145, 0.0, 1325, 1341, 1395, 1265, -4.649584770202637, -3.0996737480163574, 0.0, -2.088104486465454, 14.12469482421875, 1.5745817422866821, 26.514652252197266, -1.3678953647613525, 26.721338272094727, 3.5189146995544434, 21.825796127319336, 3.0353798866271973, 28.380090713500977)
(-5.425909996032715, -1.7050423622131348, 0.0, 0.0, 0.0, 0.0, -20.518930435180664, 4.503633499145508, 0.0, 54.25910186767578, 17.05042266845703, 0.0, 1277, 1340, 1427, 1282, -16.40297508239746, 0.38251543045043945, 0.0, -4.289061069488525, 15.26182746887207, 11.216704368591309, 26.955581665039062, 3.7271533012390137, 41.89944076538086, 1.8820183277130127, 22.107738494873047, -3.575293779373169, 20.41446304321289)
(-22.573511123657227, 0.25634273886680603, 0.0, -1.0, 0.0, 0.0, -130.1525115966797, 23.862411499023438, 0.0, 215.735107421875, -2.563427448272705, 0.0, 1115, 1302, 1575, 1334, -20.917631149291992, 1.9898109436035156, 0.0, -22.04536247253418, 17.888118743896484, 51.88314437866211, 29.06781578063965, 15.825627326965332, 96.7765884399414, -3.9638757705688477, 22.176883697509766, -4.713958263397217, 13.499049186706543)
(-41.38945770263672, 3.644775629043579, 0.0, -1.0, 0.0, 0.0, -7.09908390045166, -15.099419593811035, 0.0, 403.89459228515625, -36.447757720947266, 0.0, 1258, 1424, 1444, 1201, -40.90706253051758, 14.224664688110352, 0.0, -39.655487060546875, 17.42074966430664, 61.649051666259766, 33.96050262451172, -3.3404183387756348, 92.26913452148438, -3.2022509574890137, 21.874370574951172, 0.5518519282341003, 19.223970413208008)
(-36.91856384277344, 1.9364197254180908, 0.0, -1.0, 0.0, 0.0, 10.580305099487305, 10.885313034057617, 0.0, 359.1856384277344, -19.36419677734375, 0.0, 1273, 1429, 1434, 1190, -32.22800064086914, -10.968975067138672, 0.0, -36.38569259643555, 16.90505599975586, 52.290802001953125, 38.321441650390625, -0.557798445224762, 90.054443359375, -4.537426471710205, 21.51450538635254, 5.0267109870910645, 22.0037899017334)
(-38.320411682128906, 2.1592726707458496, 0.0, 0.0, 0.0, 0.0, -13.892976760864258, -5.511633396148682, 0.0, 383.2041015625, -21.592727661132812, 0.0, 1231, 1428, 1468, 1203, -50.573482513427734, 12.645833969116211, 0.0, -38.005428314208984, 17.02730369567871, 59.56455993652344, 42.56365203857422, 3.3330111503601074, 105.46122741699219, -2.4121642112731934, 21.526371002197266, -2.167989730834961, 16.946216583251953)
(-41.295623779296875, 1.3665542602539062, 0.0, -1.0, 0.0, 0.0, -1.3586260080337524, 22.946382522583008, 0.0, 402.95623779296875, -13.665542602539062, 0.0, 1223, 1423, 1476, 1208, -49.15065002441406, -25.256900787353516, 0.0, -39.67570495605469, 20.225662231445312, 60.6472282409668, 47.298458099365234, -1.1638065576553345, 106.7818832397461, -5.491788387298584, 21.00220489501953, 1.55302095413208, 17.06343650817871)
(-39.14238357543945, -0.6096034049987793, 0.0, -1.0, 0.0, 0.0, 5.068854808807373, -13.649038314819336, 0.0, 381.423828125, 6.096034049987793, 0.0, 1234, 1431, 1469, 1192, -44.888916015625, 29.997146606445312, 0.0, -39.716739654541016, 19.632417678833008, 56.4532470703125, 51.795677185058594, -0.023678405210375786, 108.22525024414062, 2.9617607593536377, 21.168359756469727, -4.064042568206787, 20.066078186035156)
(-41.57611846923828, 1.3163516521453857, 0.0, -1.0, 0.0, 0.0, -8.488396644592285, 27.465465545654297, 0.0, 405.76116943359375, -13.163516998291016, 0.0, 1206, 1439, 1484, 1201, -25.25277328491211, -25.025039672851562, 0.0, -40.55646896362305, 21.66099739074707, 62.13743591308594, 56.59568405151367, 0.33627936244010925, 119.06939697265625, -6.0943474769592285, 20.874858856201172, -2.312138557434082, 12.468372344970703)
(-39.89394760131836, -3.5368552207946777, 0.0, -1.0, 0.0, 0.0, -3.602900743484497, -14.855145454406738, 0.0, 388.9394836425781, 35.368553161621094, 0.0, 1234, 1434, 1491, 1168, -46.706783294677734, 2.16489839553833, 0.0, -41.426658630371094, 22.339275360107422, 58.8813591003418, 61.23099899291992, 0.7876831293106079, 120.90003967285156, 7.533554553985596, 21.065242767333984, 2.2879488468170166, 30.88674545288086)
(-41.86168670654297, 4.647972583770752, 0.0, -1.0, 0.0, 0.0, 6.90091609954834, -8.09178638458252, 0.0, 408.61688232421875, -46.4797248840332, 0.0, 1207, 1459, 1481, 1183, -44.247886657714844, 38.04975509643555, 0.0, -40.454864501953125, 19.933731079101562, 60.25739669799805, 65.78620910644531, 1.6009323596954346, 127.64453125, -5.758191108703613, 21.13499641418457, -3.8048512935638428, 11.571953773498535)
(-41.87400436401367, 9.3993501663208, 0.0, -1.0, 0.0, 0.0, 4.748244285583496, -19.053617477416992, 0.0, 408.74005126953125, -93.99349975585938, 0.0, 1206, 1465, 1478, 1181, -25.606006622314453, 17.187353134155273, 0.0, -39.36389923095703, 17.23505973815918, 60.59877395629883, 70.5521469116211, -1.7493464946746826, 129.40158081054688, -11.240982055664062, 20.480976104736328, 0.1960439682006836, 9.436038970947266)
(-39.19308853149414, 0.37477365136146545, 0.0, -1.0, 0.0, 0.0, -4.778473377227783, 20.610504150390625, 0.0, 381.9308776855469, -3.7477364540100098, 0.0, 1201, 1453, 1495, 1180, -33.537479400634766, -17.48956298828125, 0.0, -39.02189254760742, 15.95494556427002, 58.00640106201172, 75.2287368774414, -1.4554027318954468, 131.7797393798828, -3.653736114501953, 19.9810733795166, -0.6035340428352356, 15.72380256652832)
(-39.231658935546875, 1.0942647457122803, 0.0, -1.0, 0.0, 0.0, -1.496030569076538, 2.5799694061279297, 0.0, 382.31658935546875, -10.942647933959961, 0.0, 1205, 1470, 1488, 1168, -46.014137268066406, 25.637256622314453, 0.0, -40.18902587890625, 19.188186645507812, 57.57189178466797, 79.7875747680664, -1.2046089172363281, 136.1548614501953, -2.0283925533294678, 20.067564010620117, -4.111577033996582, 13.927594184875488)
(-41.16094207763672, 3.6393799781799316, 0.0, -1.0, 0.0, 0.0, 2.748244285583496, -3.7711756229400635, 0.0, 401.60943603515625, -36.393798828125, 0.0, 1187, 1473, 1504, 1167, -45.34382629394531, 37.68024444580078, 0.0, -39.76295852661133, 21.683412551879883, 59.82918167114258, 84.34142303466797, 1.5299354791641235, 145.70054626464844, -4.893393516540527, 19.699661254882812, -2.0869176387786865, 12.71934986114502)
(-41.14433288574219, 3.59761643409729, 0.0, -1.0, 0.0, 0.0, -5.358625888824463, 20.412031173706055, 0.0, 401.4433288574219, -35.976165771484375, 0.0, 1229, 1532, 1581, 1240, -48.894893646240234, 14.675928115844727, 0.0, -39.492698669433594, 20.117565155029297, 61.02029037475586, 89.10955810546875, 0.8094162940979004, 150.93927001953125, -8.458230018615723, 19.09073257446289, -1.203475832939148, 9.429027557373047)
(-40.5051383972168, 2.630716562271118, 0.0, -1.0, 0.0, 0.0, 1.9238168001174927, 12.015084266662598, 0.0, 395.0513916015625, -26.307165145874023, 0.0, 1290, 1586, 1614, 1267, -37.165672302246094, -8.871695518493652, 0.0, -39.553428649902344, 20.039810180664062, 58.96913528442383, 93.80345153808594, -1.9914488792419434, 150.78114318847656, -5.748337745666504, 18.498859405517578, 0.05771072208881378, 12.808233261108398)
(-40.4729118347168, 1.800574779510498, 0.0, -1.0, 0.0, 0.0, -2.610534429550171, -1.2215572595596313, 0.0, 394.7291259765625, -18.005748748779297, 0.0, 1285, 1590, 1626, 1257, -42.279537200927734, -19.54839324951172, 0.0, -39.58202362060547, 20.113122940063477, 59.600948333740234, 98.43877410888672, 0.30342090129852295, 158.3431396484375, -2.5176286697387695, 18.225603103637695, 0.5381572842597961, 16.246131896972656)
(-40.794490814208984, 0.6619377732276917, 0.0, -1.0, 0.0, 0.0, 2.7635114192962646, -17.649038314819336, 0.0, 397.9449157714844, -6.619377613067627, 0.0, 1294, 1593, 1632, 1239, -53.03347396850586, 29.30860137939453, 0.0, -39.734130859375, 20.4314022064209, 59.2772102355957, 103.062255859375, 0.5174560546875, 162.85691833496094, 1.654449224472046, 18.125782012939453, 3.6128089427948, 23.393041610717773)
(-40.82896423339844, -0.30204033851623535, 0.0, -1.0, 0.0, 0.0, -0.8090076446533203, -1.786442756652832, 0.0, 398.2896423339844, 3.0204033851623535, 0.0, 1278, 1591, 1645, 1245, -50.539466857910156, 14.204875946044922, 0.0, -39.859127044677734, 21.051212310791016, 59.86479949951172, 107.70841979980469, 0.8102020025253296, 168.3834228515625, 0.7210268974304199, 18.080368041992188, 2.9071106910705566, 21.708505630493164)
(-40.570106506347656, -0.9096565246582031, 0.0, -1.0, 0.0, 0.0, 4.137557029724121, 11.694473266601562, 0.0, 395.7010498046875, 9.096565246582031, 0.0, 1276, 1599, 1639, 1245, -41.30012512207031, -1.899186611175537, 0.0, -39.94900894165039, 21.151472091674805, 58.734527587890625, 112.37696838378906, -1.713507890701294, 169.39797973632812, -0.3896861970424652, 18.086292266845703, -0.09151387959718704, 17.605091094970703)
(-40.167537689208984, -1.2877655029296875, 0.0, -1.0, 0.0, 0.0, 1.8474808931350708, 1.1448549032211304, 0.0, 391.6753845214844, 12.877655029296875, 0.0, 1282, 1601, 1643, 1233, -39.95687484741211, 2.1965622901916504, 0.0, -40.10996627807617, 21.374788284301758, 58.474185943603516, 117.03691101074219, -3.078317165374756, 172.4327850341797, 1.7599201202392578, 18.115360260009766, 2.818162202835083, 22.693443298339844)
(-39.808719635009766, -0.6362776160240173, 0.0, -1.0, 0.0, 0.0, 2.244427442550659, 1.602870225906372, 0.0, 388.0871887207031, 6.362776279449463, 0.0, 1266, 1605, 1651, 1237, -55.58282470703125, 19.867263793945312, 0.0, -40.15153503417969, 21.669937133789062, 57.87641525268555, 121.66558837890625, -1.245794653892517, 178.29620361328125, 0.7139858603477478, 18.211620330810547, -0.21594387292861938, 18.70966339111328)
(-40.002925872802734, -0.8301997780799866, 0.0, -1.0, 0.0, 0.0, 1.1451908349990845, -12.183389663696289, 0.0, 390.0292663574219, 8.301998138427734, 0.0, 1272, 1613, 1652, 1216, -39.1635627746582, 21.62767791748047, 0.0, -40.497074127197266, 21.597990036010742, 58.332611083984375, 126.2694091796875, -0.4991343021392822, 184.10289001464844, 3.072808265686035, 18.330400466918945, 2.318631887435913, 23.721839904785156)
(-40.745941162109375, -0.9117170572280884, 0.0, -1.0, 0.0, 0.0, -0.9616793990135193, -4.458198547363281, 0.0, 397.45941162109375, 9.117170333862305, 0.0, 1256, 1620, 1664, 1218, -32.980716705322266, -11.928817749023438, 0.0, -40.634437561035156, 21.73855972290039, 59.763160705566406, 130.8548583984375, 1.8847665786743164, 192.50279235839844, 2.0363054275512695, 18.477840423583984, 0.12045556306838989, 20.634599685668945)
(-39.52862548828125, -1.5635502338409424, 0.0, -1.0, 0.0, 0.0, 0.7482442855834961, 17.450199127197266, 0.0, 385.2862548828125, 15.635501861572266, 0.0, 1250, 1617, 1659, 1232, -19.72408103942871, -19.560205459594727, 0.0, -40.779361724853516, 21.90653419494629, 57.680702209472656, 135.4766387939453, -4.870267868041992, 188.28707885742188, -0.27220457792282104, 18.62552261352539, -3.4342215061187744, 14.919096946716309)
(-40.77080535888672, -1.3777990341186523, 0.0, -1.0, 0.0, 0.0, 1.2673282623291016, -2.0459847450256348, 0.0, 397.70806884765625, 13.777990341186523, 0.0, 1246, 1621, 1677, 1210, -57.463802337646484, 23.11986541748047, 0.0, -40.917327880859375, 22.42687225341797, 59.46611022949219, 140.11105346679688, 0.8433192372322083, 200.4204864501953, 2.37359619140625, 18.76041030883789, 1.6638152599334717, 22.797821044921875)
(-40.38321304321289, -1.2657129764556885, 0.0, -1.0, 0.0, 0.0, -4.641068935394287, 1.6334046125411987, 0.0, 393.8321228027344, 12.657129287719727, 0.0, 1236, 1628, 1682, 1212, -19.780054092407227, -15.599437713623047, 0.0, -41.06485366821289, 22.460880279541016, 59.77098083496094, 144.7572784423828, 0.980042576789856, 205.50830078125, 1.6535587310791016, 18.926006317138672, -1.0348962545394897, 19.54467010498047)
(-39.73130416870117, -2.03607439994812, 0.0, -1.0, 0.0, 0.0, 2.8398473262786865, 8.060885429382324, 0.0, 387.31304931640625, 20.36074447631836, 0.0, 1239, 1631, 1677, 1207, -66.98081970214844, -6.776402473449707, 0.0, -40.906429290771484, 22.798166275024414, 57.670982360839844, 149.34576416015625, -1.7142744064331055, 205.30247497558594, 1.8449788093566895, 19.13042449951172, -1.4239296913146973, 19.55147361755371)
(-40.00934600830078, -2.5248851776123047, 0.0, 0.0, 0.0, 0.0, -5.450229167938232, 6.931114673614502, 0.0, 400.09344482421875, 25.248851776123047, 0.0, 1220, 1634, 1701, 1203, -44.03875732421875, -13.237557411193848, 0.0, -40.89563751220703, 23.010190963745117, 60.83155059814453, 153.9590301513672, 3.4794321060180664, 218.27001953125, 2.7476606369018555, 19.361785888671875, -1.0303376913070679, 21.07910919189453)
(-40.478153228759766, -1.8771566152572632, 0.0, -1.0, 0.0, 0.0, 5.908549785614014, -8.702473640441895, 0.0, 394.7815246582031, 18.77156639099121, 0.0, 1238, 1640, 1694, 1187, -65.6788101196289, 6.449847221374512, 0.0, -40.91583251953125, 23.141977310180664, 58.33094787597656, 158.482177734375, 0.3528858423233032, 217.166015625, 4.121106147766113, 19.588043212890625, 2.5672659873962402, 26.27641487121582)
(-40.18246841430664, -1.2317214012145996, 0.0, -1.0, 0.0, 0.0, 1.4963358640670776, 5.663938999176025, 0.0, 391.8246765136719, 12.317214012145996, 0.0, 1228, 1652, 1686, 1188, -45.0960807800293, 9.957655906677246, 0.0, -41.02602767944336, 23.651859283447266, 58.549251556396484, 163.17330932617188, -1.4022483825683594, 220.3203125, 0.9979912638664246, 19.811511993408203, -2.266160011291504, 18.543344497680664)
(-39.89868927001953, -1.5320955514907837, 0.0, -1.0, 0.0, 0.0, 0.44290077686309814, 6.57996940612793, 0.0, 388.98687744140625, 15.320955276489258, 0.0, 1219, 1646, 1701, 1192, -35.22967529296875, 5.012084007263184, 0.0, -41.159507751464844, 23.835100173950195, 58.28159713745117, 167.79339599609375, -2.263324022293091, 223.81167602539062, 1.311147928237915, 20.00884246826172, -0.8438741564750671, 20.476116180419922)
(-40.06523513793945, -1.419387698173523, 0.0, 0.0, -1.0, 0.0, -0.946412205696106, 14.121953964233398, 0.0, 400.65234375, 4.193877220153809, 0.0, 1198, 1657, 1706, 1197, -26.41199493408203, -16.144521713256836, 0.0, -40.89649963378906, 24.042156219482422, 60.23981475830078, 172.4326629638672, -0.6968696117401123, 231.97561645507812, -1.4892115592956543, 20.196969985961914, -6.285336971282959, 12.4224214553833)
(-39.57860565185547, -1.8069617748260498, 0.0, -1.0, 0.0, 0.0, 0.5345038175582886, 10.702106475830078, 0.0, 385.78607177734375, 18.069618225097656, 0.0, 1207, 1660, 1708, 1184, -16.676176071166992, -22.09897232055664, 0.0, -40.222267150878906, 24.394481658935547, 57.78773498535156, 176.95700073242188, -0.5157886743545532, 234.22894287109375, 1.1051267385482788, 20.397258758544922, -3.7509000301361084, 17.75148582458496)
(-39.233489990234375, -2.1480557918548584, 0.0, -1.0, 0.0, 0.0, 4.381832122802734, 5.511267185211182, 0.0, 382.33489990234375, 21.480558395385742, 0.0, 1212, 1664, 1709, 1174, -21.45861053466797, -25.856426239013672, 0.0, -40.27543640136719, 24.516273498535156, 56.69295883178711, 181.5162811279297, -1.2420574426651, 236.96719360351562, 2.3953938484191895, 20.643827438354492, -2.4783785343170166, 20.560842514038086)
(-39.34560012817383, -2.5454559326171875, 0.0, -1.0, 0.0, 0.0, -1.0990840196609497, 14.702106475830078, 0.0, 383.45599365234375, 25.454559326171875, 0.0, 1194, 1665, 1720, 1175, -31.436595916748047, -29.707239151000977, 0.0, -40.45822525024414, 24.971954345703125, 57.68326187133789, 185.943359375, 0.2919410467147827, 243.91856384277344, 1.6128679513931274, 20.83229637145996, -3.5783374309539795, 18.8668270111084)
(-38.63298034667969, -1.644478678703308, 0.0, 0.0, 0.0, 0.0, -1.5265648365020752, 9.770809173583984, 0.0, 386.3298034667969, 16.444786071777344, 0.0, 1195, 1672, 1726, 1165, -23.652738571166992, -21.937641143798828, 0.0, -40.44192886352539, 25.129474639892578, 58.17845153808594, 190.48019409179688, 0.7558500170707703, 249.41448974609375, 1.001096487045288, 20.998701095581055, -1.2003079652786255, 20.799489974975586)
(-37.987342834472656, -2.029698133468628, 0.0, -1.0, -1.0, 0.0, -0.12198473513126373, 6.793709754943848, 0.0, 369.8734130859375, 10.296981811523438, 0.0, 1195, 1671, 1725, 1168, -21.463102340698242, -19.428672790527344, 0.0, -40.58006286621094, 25.622106552124023, 55.49930953979492, 194.9802703857422, -2.1319284439086914, 248.34765625, 0.5254908204078674, 21.16962242126465, -1.5714777708053589, 20.12363624572754)
(-39.50141525268555, -1.8482242822647095, 0.0, -1.0, 0.0, 0.0, -1.6181679964065552, 4.335694789886475, 0.0, 385.01416015625, 18.482242584228516, 0.0, 1190, 1678, 1735, 1155, -39.12198257446289, 9.855436325073242, 0.0, -40.52796936035156, 25.98992156982422, 57.994850158691406, 199.46768188476562, -0.4858241677284241, 256.9767150878906, 2.1219820976257324, 21.406505584716797, -0.22079142928123474, 23.307695388793945)
(-38.42536163330078, -2.771864414215088, 0.0, -1.0, 0.0, 0.0, 4.381832122802734, -15.023083686828613, 0.0, 374.25360107421875, 27.718643188476562, 0.0, 1206, 1676, 1741, 1135, -57.105438232421875, 21.903718948364258, 0.0, -40.59565353393555, 26.159034729003906, 55.48076629638672, 203.8703155517578, -0.4092119336128235, 258.9418640136719, 6.411258697509766, 21.621997833251953, 5.726163864135742, 33.75941848754883)
(-38.4871711730957, -1.6358039379119873, 0.0, 0.0, 0.0, 0.0, 2.213893175125122, -0.7177404761314392, 0.0, 384.8717041015625, 16.35803985595703, 0.0, 1185, 1689, 1740, 1144, -27.72173500061035, -7.8161420822143555, 0.0, -40.55845260620117, 26.31341552734375, 57.3986701965332, 208.36563110351562, -0.6006035804748535, 265.1636962890625, 2.5613670349121094, 21.932064056396484, -1.6308274269104004, 22.86260223388672)
(-37.378074645996094, -3.709843873977661, 0.0, -1.0, 0.0, 0.0, -5.602900981903076, 8.518900871276855, 0.0, 363.78076171875, 37.09843826293945, 0.0, 1177, 1684, 1754, 1143, -37.55914306640625, -14.80201530456543, 0.0, -40.63911056518555, 26.671316146850586, 55.40755081176758, 212.634765625, 1.4935028553009033, 269.53582763671875, 4.286930561065674, 22.21275520324707, -0.4110751450061798, 26.08860969543457)
(-38.46536636352539, -1.2921011447906494, 0.0, -1.0, -1.0, 0.0, 5.618473052978516, -3.572702407836914, 0.0, 374.6536560058594, 2.921011447906494, 0.0, 1181, 1699, 1741, 1137, -55.692169189453125, 3.3235578536987305, 0.0, -40.62257766723633, 26.95104217529297, 55.35527801513672, 217.05322265625, -1.9890435934066772, 270.4194641113281, 0.9740570783615112, 22.512428283691406, -1.9758743047714233, 21.510610580444336)
(-37.2439079284668, -2.81527042388916, 0.0, -1.0, 0.0, 0.0, -5.160152435302734, 4.457831859588623, 0.0, 362.4390869140625, 28.1527042388916, 0.0, 1171, 1694, 1761, 1132, -29.199445724487305, -7.565951347351074, 0.0, -40.87024688720703, 27.058473587036133, 55.13988494873047, 221.33493041992188, 1.7078732252120972, 278.1827087402344, 3.5542306900024414, 22.685466766357422, 0.21634633839130402, 26.456043243408203)
(-35.69501495361328, -2.154658555984497, 0.0, 0.0, 0.0, 0.0, 72.90091705322266, 18.427297592163086, 0.0, 356.95013427734375, 21.546585083007812, 0.0, 1214, 1711, 1707, 1126, -55.08252716064453, 8.93814468383789, 0.0, -36.742191314697266, 28.48919677734375, 42.607383728027344, 225.40188598632812, -8.677009582519531, 259.3322448730469, 0.467893123626709, 22.985149383544922, -2.507434844970703, 20.945606231689453)
(-6.514092922210693, 1.3431768417358398, 0.0, -1.0, 0.0, 0.0, 84.22915649414062, 27.02271842956543, 0.0, 55.14093017578125, -13.431768417358398, 0.0, 1254, 1684, 1649, 1171, 18.3709774017334, -20.221797943115234, 0.0, -8.323986053466797, 30.459003448486328, -4.363234043121338, 226.486083984375, -5.1695475578308105, 216.95330810546875, -6.068172931671143, 22.89392852783203, -4.984945774078369, 11.84080982208252)
(-1.9555355310440063, 1.5300300121307373, 0.0, -1.0, 0.0, 0.0, -17.541831970214844, 9.847145080566406, 0.0, 9.555355072021484, -15.300300598144531, 0.0, 1201, 1654, 1713, 1189, -1.0057659149169922, -1.2552642822265625, 0.0, -5.307308197021484, 32.763301849365234, 4.064578056335449, 226.426025390625, 3.5817880630493164, 234.0723876953125, -3.7721168994903564, 22.528562545776367, -1.107366681098938, 17.649080276489258)
(-4.139714241027832, 1.142129898071289, 0.0, -1.0, 0.0, 0.0, -4.946412086486816, 15.892946243286133, 0.0, 31.39714241027832, -11.42129898071289, 0.0, 1206, 1664, 1703, 1184, 7.6678385734558105, -30.38442611694336, 0.0, -7.414370536804199, 32.699440002441406, 5.451533317565918, 226.78955078125, 2.006220817565918, 234.24729919433594, -4.097136974334717, 22.312240600585938, -3.094435214996338, 15.120668411254883)
(-3.9327402114868164, 1.924586534500122, 0.0, 0.0, 0.0, 0.0, 6.503969669342041, 2.1524884700775146, 0.0, 39.32740020751953, -19.245864868164062, 0.0, 1215, 1670, 1699, 1174, -0.973834753036499, -14.143302917480469, 0.0, -7.343800067901611, 33.248939514160156, 4.923514366149902, 227.0729522705078, 3.285224199295044, 235.2816925048828, -3.2097530364990234, 22.052356719970703, -1.3355571031570435, 17.50704574584961)
(-4.011477470397949, 1.4305462837219238, 0.0, -1.0, 0.0, 0.0, -7.95404577255249, 7.312793731689453, 0.0, 30.114774703979492, -14.305462837219238, 0.0, 1202, 1660, 1712, 1185, -4.755068778991699, -9.274744987487793, 0.0, -8.03559684753418, 33.97698974609375, 5.710323333740234, 227.4187469482422, 3.257161855697632, 236.38623046875, -3.2427382469177246, 21.77313995361328, -1.3381634950637817, 17.192237854003906)
(-3.008392095565796, 2.486762523651123, 0.0, -1.0, 0.0, 0.0, -0.7021374106407166, -2.748274803161621, 0.0, 20.083921432495117, -24.867626190185547, 0.0, 1211, 1654, 1709, 1184, -2.004483222961426, -11.506518363952637, 0.0, -7.798845291137695, 35.095176696777344, 3.1179087162017822, 227.740966796875, 0.9049821496009827, 231.76385498046875, -3.3179025650024414, 21.431148529052734, 2.3709158897399902, 20.484161376953125)
(-3.592048406600952, 2.1982269287109375, 0.0, -1.0, 0.0, 0.0, -4.90061092376709, 3.0227174758911133, 0.0, 25.92048454284668, -21.982269287109375, 0.0, 1196, 1652, 1714, 1196, 3.242232322692871, -16.487319946289062, 0.0, -8.533770561218262, 34.8375129699707, 4.623164176940918, 228.0596923828125, 0.5161623954772949, 233.1990203857422, -3.7507479190826416, 21.182859420776367, -1.838890790939331, 15.593220710754395)
(-3.9619576930999756, 2.9632155895233154, 0.0, -1.0, 0.0, 0.0, -1.8929771184921265, 8.152488708496094, 0.0, 29.619577407836914, -29.632156372070312, 0.0, 1202, 1670, 1697, 1190, -2.9376049041748047, 3.972872734069824, 0.0, -9.106786727905273, 35.06615447998047, 4.7268829345703125, 228.4051513671875, 0.6416023969650269, 233.7736358642578, -5.667696952819824, 20.981822967529297, -5.617070198059082, 9.697054862976074)
(-4.769740104675293, 1.8889579772949219, 0.0, -1.0, 0.0, 0.0, -0.45786258578300476, -2.610870122909546, 0.0, 37.69740295410156, -18.88957977294922, 0.0, 1214, 1671, 1699, 1174, -10.787445068359375, -5.572729587554932, 0.0, -9.256218910217285, 35.18778991699219, 5.723289966583252, 228.7676544189453, 1.1739388704299927, 235.66488647460938, -2.4418063163757324, 20.794286727905273, -1.180564045906067, 17.171916961669922)
(-4.53804349899292, 1.290842056274414, 0.0, -1.0, 0.0, 0.0, -4.946412086486816, 6.717373847961426, 0.0, 35.380435943603516, -12.90842056274414, 0.0, 1204, 1672, 1704, 1178, -9.396488189697266, -16.821216583251953, 0.0, -9.28557014465332, 35.21796798706055, 6.049026966094971, 229.09609985351562, 3.2484095096588135, 238.39352416992188, -2.943869113922119, 20.583267211914062, -3.1365106105804443, 14.502887725830078)
(-5.316051959991455, 1.3111636638641357, 0.0, -1.0, 0.0, 0.0, -0.5036641359329224, -6.229190826416016, 0.0, 43.160518646240234, -13.111637115478516, 0.0, 1211, 1664, 1711, 1172, -8.05264949798584, -7.84795618057251, 0.0, -10.000879287719727, 35.70494842529297, 6.549627780914307, 229.52639770507812, 1.8916959762573242, 237.96771240234375, -1.0323669910430908, 20.392284393310547, 1.9282253980636597, 21.288143157958984)
(-4.3537750244140625, 1.1585171222686768, 0.0, -1.0, 0.0, 0.0, -4.824275016784668, -0.030717557296156883, 0.0, 33.537750244140625, -11.58517074584961, 0.0, 1201, 1661, 1717, 1179, -7.230839729309082, -9.014822006225586, 0.0, -9.193361282348633, 35.81651306152344, 5.754303932189941, 229.93795776367188, 3.7390613555908203, 239.43133544921875, -1.7331678867340088, 20.13314437866211, 1.0748790502548218, 19.474855422973633)
(-3.819105625152588, 2.0666399002075195, 0.0, -1.0, 0.0, 0.0, 1.9238168001174927, -1.2062901258468628, 0.0, 28.191055297851562, -20.666399002075195, 0.0, 1204, 1656, 1711, 1187, 0.030667901039123535, -16.474821090698242, 0.0, -8.987983703613281, 35.88265609741211, 3.9400858879089355, 230.34188842773438, -0.17338670790195465, 234.1085968017578, -2.9190163612365723, 19.93265724182129, 0.7753785848617554, 17.789018630981445)
(3.593844413757324, 1.9164648056030273, 0.0, -1.0, 0.0, 0.0, 72.8703842163086, 6.137221336364746, 0.0, -45.938446044921875, -19.164648056030273, 0.0, 1265, 1664, 1640, 1189, 0.8973116874694824, -21.202878952026367, 0.0, -1.4337478876113892, 36.027957916259766, -17.821325302124023, 230.04666137695312, -9.735909461975098, 202.4894256591797, -3.7952802181243896, 19.741748809814453, -2.891599416732788, 13.054869651794434)
(25.433517456054688, 1.7354787588119507, 0.0, -1.0, 0.0, 0.0, 51.37419891357422, 0.030351145192980766, 0.0, -264.3351745605469, -17.354787826538086, 0.0, 1309, 1652, 1602, 1195, 17.41429901123047, 20.984609603881836, 0.0, 18.924531936645508, 35.85295486450195, -47.356407165527344, 227.1150360107422, -2.2757811546325684, 177.48284912109375, -2.6077709197998047, 19.628616333007812, -1.0666272640228271, 15.954217910766602)
(30.063861846923828, 2.3142707347869873, 0.0, -1.0, 0.0, 0.0, -2.060915946960449, 11.266992568969727, 0.0, -310.63861083984375, -23.14270782470703, 0.0, 1253, 1601, 1654, 1253, 48.22265625, -12.457420349121094, 0.0, 23.225637435913086, 36.772457122802734, -46.28665542602539, 223.4243621826172, 0.2445267289876938, 177.38223266601562, -5.161454677581787, 19.34197998046875, -0.9106627702713013, 13.269862174987793)
(29.014970779418945, 1.969778060913086, 0.0, -1.0, 0.0, 0.0, 3.7253434658050537, 2.7021069526672363, 0.0, -300.14971923828125, -19.69778060913086, 0.0, 1268, 1595, 1644, 1250, 26.218141555786133, -10.468437194824219, 0.0, 21.830411911010742, 36.2134895324707, -45.581260681152344, 219.99673461914062, -4.157922267913818, 170.25755310058594, -3.359982967376709, 19.111820220947266, 1.0207850933074951, 16.77262306213379)
(30.7257137298584, 2.349776268005371, 0.0, -1.0, 0.0, 0.0, 4.580305576324463, 14.396763801574707, 0.0, -317.25714111328125, -23.49776268005371, 0.0, 1273, 1602, 1628, 1255, 39.65114974975586, -9.904500961303711, 0.0, 23.016401290893555, 36.64138412475586, -48.27561569213867, 216.33444213867188, -2.6188833713531494, 165.43995666503906, -5.684179306030273, 18.85477066040039, -1.9235116243362427, 11.24708080291748)
(30.612497329711914, 2.868227005004883, 0.0, -1.0, 0.0, 0.0, 1.3131297826766968, 2.6868395805358887, 0.0, -316.1249694824219, -28.682270050048828, 0.0, 1275, 1592, 1633, 1258, 37.211788177490234, -1.151885986328125, 0.0, 22.489107131958008, 37.346065521240234, -47.61571502685547, 212.6785430908203, -2.278167486190796, 162.78465270996094, -4.705366611480713, 18.47202491760254, 0.6793251633644104, 14.445982933044434)
(29.932815551757812, 2.580681324005127, 0.0, -1.0, 0.0, 0.0, -10.747939109802246, 12.10668659210205, 0.0, -309.3281555175781, -25.806812286376953, 0.0, 1259, 1593, 1641, 1268, 41.40900802612305, -1.86696195602417, 0.0, 22.30501937866211, 37.25640869140625, -44.78703308105469, 209.00393676757812, 2.5851335525512695, 166.80203247070312, -5.6870245933532715, 18.146926879882812, -2.589522123336792, 9.870380401611328)
(29.01343536376953, 3.4119880199432373, 0.0, -1.0, 0.0, 0.0, 4.717710018157959, 9.312793731689453, 0.0, -300.13433837890625, -34.11988067626953, 0.0, 1274, 1597, 1619, 1269, 24.950862884521484, -13.892149925231934, 0.0, 21.149337768554688, 37.84186935424805, -45.727806091308594, 205.48141479492188, -1.5860602855682373, 158.1675567626953, -6.514901161193848, 17.8381290435791, -4.685115337371826, 6.6381120681762695)
(28.664283752441406, 2.499135971069336, 0.0, -1.0, 0.0, 0.0, -14.702136993408203, -17.42003059387207, 0.0, -296.642822265625, -24.99135971069336, 0.0, 1267, 1577, 1649, 1266, 11.205484390258789, 10.65398120880127, 0.0, 20.7022762298584, 37.50640106201172, -42.291099548339844, 201.90377807617188, 3.5278618335723877, 163.1405487060547, -1.1356993913650513, 17.58804702758789, 1.8305319547653198, 18.282878875732422)
(28.615339279174805, 1.1729220151901245, 0.0, -1.0, 0.0, 0.0, 9.511603355407715, 2.610503911972046, 0.0, -296.15338134765625, -11.729220390319824, 0.0, 1302, 1585, 1611, 1260, 25.7142391204834, -5.673463344573975, 0.0, 19.850557327270508, 38.22964096069336, -45.84974670410156, 198.5217742919922, -4.223093032836914, 148.44894409179688, -2.150958776473999, 17.331998825073242, 1.608758568763733, 16.789798736572266)
(28.21370506286621, 0.8162803649902344, 0.0, -1.0, 0.0, 0.0, -15.38916015625, 1.5112671852111816, 0.0, -292.1370544433594, -8.162803649902344, 0.0, 1269, 1572, 1642, 1275, 31.25080108642578, 1.6259098052978516, 0.0, 19.927993774414062, 37.91143035888672, -41.512184143066406, 195.0272216796875, 3.806138277053833, 157.32118225097656, -1.451110601425171, 17.214990615844727, 0.29581448435783386, 16.059694290161133)
(28.20458221435547, 2.961407423019409, 0.0, 0.0, 0.0, 0.0, 4.061221599578857, -0.5345343351364136, 0.0, -282.04583740234375, -29.61407470703125, 0.0, 1306, 1597, 1598, 1258, 25.40520477294922, 5.236053466796875, 0.0, 18.577112197875977, 38.55451965332031, -42.91605758666992, 191.72885131835938, -1.155738115310669, 147.65704345703125, -4.361930847167969, 16.943199157714844, -0.4244169592857361, 12.156850814819336)
(27.07514762878418, 0.19783148169517517, 0.0, -1.0, 0.0, 0.0, -2.610534429550171, -0.9772824645042419, 0.0, -280.75146484375, -1.9783148765563965, 0.0, 1292, 1567, 1626, 1273, 22.823564529418945, 12.700910568237305, 0.0, 18.384939193725586, 38.71454620361328, -41.72113800048828, 188.33407592773438, 0.25285395979881287, 146.8657989501953, -0.15015485882759094, 16.774169921875, 2.6827023029327393, 19.306716918945312)
(26.290868759155273, 1.6762021780014038, 0.0, -1.0, 0.0, 0.0, 1.9543511867523193, -6.778809070587158, 0.0, -272.90869140625, -16.762022018432617, 0.0, 1295, 1573, 1615, 1275, 23.341045379638672, -10.970252990722656, 0.0, 18.156734466552734, 38.90596008300781, -41.229454040527344, 185.10498046875, 0.5326251983642578, 144.4081573486328, -1.4974820613861084, 16.651500701904297, 0.12741726636886597, 15.281435012817383)
(25.941673278808594, 0.03531341627240181, 0.0, -1.0, 0.0, 0.0, -4.824275016784668, 20.244091033935547, 0.0, -269.416748046875, -0.3531341552734375, 0.0, 1274, 1557, 1627, 1300, 32.28955841064453, -11.21834659576416, 0.0, 17.864015579223633, 39.523555755615234, -39.68886947631836, 181.9037628173828, 0.12282872945070267, 142.3377227783203, -3.0895838737487793, 16.512075424194336, -2.67547607421875, 10.747015953063965)
(25.577621459960938, 0.1379462480545044, 0.0, -1.0, 0.0, 0.0, 8.885648727416992, -18.305526733398438, 0.0, -265.7762145996094, -1.379462480545044, 0.0, 1316, 1558, 1613, 1271, 12.46618938446045, 14.600709915161133, 0.0, 16.77947425842285, 40.18022537231445, -41.19927978515625, 178.8739776611328, -1.5285842418670654, 136.1461181640625, 2.538909435272217, 16.388469696044922, 5.853268623352051, 24.780649185180664)
(25.980379104614258, -1.4818538427352905, 0.0, -1.0, 0.0, 0.0, -7.67923641204834, 0.5036335587501526, 0.0, -269.8038024902344, 14.818538665771484, 0.0, 1302, 1564, 1615, 1277, 14.513833999633789, -11.637775421142578, 0.0, 17.40050506591797, 40.069034576416016, -39.318687438964844, 175.673095703125, 3.837799072265625, 140.1922149658203, 2.147235870361328, 16.484569549560547, 0.6534759998321533, 19.285280227661133)
(26.852630615234375, -0.9420259594917297, 0.0, -1.0, 0.0, 0.0, -3.0838167667388916, 5.648671627044678, 0.0, -278.52630615234375, 9.420259475708008, 0.0, 1314, 1565, 1596, 1282, 33.291900634765625, -1.0151796340942383, 0.0, 17.054508209228516, 40.346622467041016, -41.31637191772461, 172.4279327392578, 0.07400579750537872, 131.18556213378906, 0.5657382011413574, 16.642980575561523, -1.280072808265686, 15.928646087646484)
(22.647972106933594, -0.1439710408449173, 0.0, -1.0, 0.0, 0.0, -77.31282806396484, 10.610504150390625, 0.0, -236.47972106933594, 1.4397103786468506, 0.0, 1215, 1522, 1692, 1330, 40.22874450683594, -1.0164015293121338, 0.0, 12.865920066833496, 40.67704772949219, -23.87503433227539, 169.47561645507812, 11.629321098327637, 157.2299041748047, -1.3756190538406372, 16.621614456176758, -1.5957305431365967, 13.650264739990234)
(-10.749829292297363, 5.958693981170654, 0.0, -1.0, 0.0, 0.0, -97.09908294677734, 0.7173740267753601, 0.0, 97.498291015625, -59.58694076538086, 0.0, 1174, 1583, 1725, 1276, -20.547548294067383, 20.982929229736328, 0.0, -20.93366050720215, 45.9669189453125, 29.189607620239258, 170.32098388671875, 4.66781759262085, 204.17840576171875, -9.045646667480469, 15.988901138305664, 3.1628973484039307, 10.10615062713623)
(-11.855806350708008, 3.5651473999023438, 0.0, -1.0, 0.0, 0.0, 62.09175491333008, -1.2062901258468628, 0.0, 108.55805969238281, -35.65147399902344, 0.0, 1304, 1640, 1599, 1216, -17.266616821289062, -0.6164693832397461, 0.0, -20.279884338378906, 45.761531829833984, 6.969945907592773, 171.94581604003906, -9.04786205291748, 169.86788940429688, -5.166777610778809, 15.32372760772705, 1.5302913188934326, 11.687241554260254)
(-6.995753288269043, 3.4892332553863525, 0.0, -1.0, 0.0, 0.0, -5.923511505126953, 6.28989315032959, 0.0, 59.95753479003906, -34.892333984375, 0.0, 1248, 1625, 1646, 1239, -6.842412948608398, -12.542529106140137, 0.0, -14.559850692749023, 46.299137115478516, 9.882156372070312, 172.45359802246094, 3.650106191635132, 185.98587036132812, -6.177334308624268, 14.899467468261719, -1.2097631692886353, 7.5123701095581055)
(-5.714203834533691, 3.6682398319244385, 0.0, -1.0, 0.0, 0.0, 11.618473052978516, 3.572335958480835, 0.0, 47.14203643798828, -36.68239974975586, 0.0, 1269, 1619, 1627, 1243, 9.819156646728516, 3.401254653930664, 0.0, -14.35828971862793, 47.14207077026367, 5.3285346031188965, 173.09751892089844, -4.920834541320801, 173.50521850585938, -6.038209915161133, 14.431818962097168, 0.1258232742547989, 8.519432067871094)
(-5.339776992797852, 3.4949018955230713, 0.0, -1.0, 0.0, 0.0, -3.2364885807037354, -11.939114570617676, 0.0, 43.397769927978516, -34.94902038574219, 0.0, 1255, 1613, 1653, 1241, -20.37373161315918, 35.00371551513672, 0.0, -13.330772399902344, 47.21438980102539, 6.995138645172119, 173.58900451660156, 2.030738353729248, 182.61488342285156, -3.451486110687256, 14.049181938171387, 3.2342190742492676, 13.831914901733398)
(-5.606304168701172, 1.9589159488677979, 0.0, -1.0, 0.0, 0.0, 1.9390839338302612, 5.755541801452637, 0.0, 46.06304168701172, -19.58915901184082, 0.0, 1249, 1615, 1646, 1248, -6.544304847717285, -18.910438537597656, 0.0, -13.774092674255371, 46.86189651489258, 6.618593692779541, 174.15487670898438, 0.15440793335437775, 180.92788696289062, -3.8017048835754395, 13.739297866821289, -2.1013495922088623, 7.836243152618408)
(-4.7950663566589355, 1.8506224155426025, 0.0, -1.0, 0.0, 0.0, 3.603206157684326, 4.4120306968688965, 0.0, 37.95066452026367, -18.506223678588867, 0.0, 1262, 1621, 1635, 1240, 4.600046157836914, 0.25792360305786133, 0.0, -13.137493133544922, 47.013145446777344, 5.152118682861328, 174.6186065673828, -1.2891590595245361, 178.4815673828125, -3.4377381801605225, 13.528635025024414, -1.0997109413146973, 8.991185188293457)
(-5.509665489196777, 1.2509021759033203, 0.0, -1.0, 0.0, 0.0, -3.0074808597564697, 7.114320755004883, 0.0, 45.096656799316406, -12.509021759033203, 0.0, 1246, 1611, 1652, 1249, 6.584397792816162, 12.345457077026367, 0.0, -13.363412857055664, 47.230743408203125, 7.215620517730713, 175.1327667236328, -0.21939058601856232, 182.12899780273438, -2.9435014724731445, 13.354329109191895, -0.6392133235931396, 9.771614074707031)
(-5.107208728790283, 1.9704550504684448, 0.0, -1.0, 0.0, 0.0, 3.8016793727874756, -6.320794105529785, 0.0, 41.072086334228516, -19.70454978942871, 0.0, 1259, 1614, 1646, 1238, -22.748703002929688, 24.102436065673828, 0.0, -13.055286407470703, 47.317108154296875, 5.590561389923096, 175.63009643554688, -0.46493902802467346, 180.75572204589844, -2.007563352584839, 13.125950813293457, 2.24584698677063, 13.36423397064209)
(-4.529946804046631, 2.4887757301330566, 0.0, 0.0, 0.0, 0.0, 6.3054962158203125, -5.099420070648193, 0.0, 45.299468994140625, -24.88775634765625, 0.0, 1259, 1622, 1637, 1235, -10.016643524169922, -15.439059257507324, 0.0, -12.801127433776855, 47.32248306274414, 5.849095821380615, 176.1089324951172, -0.6000585556030273, 181.35797119140625, -2.968250274658203, 12.86755657196045, -0.1218579113483429, 9.777448654174805)
(-4.377599239349365, 2.3442137241363525, 0.0, -1.0, 0.0, 0.0, -2.8090076446533203, 2.5189008712768555, 0.0, 33.77599334716797, -23.442136764526367, 0.0, 1250, 1620, 1643, 1241, 8.557245254516602, -5.1962890625, 0.0, -12.394067764282227, 47.43075942993164, 5.487750053405762, 176.48968505859375, 1.2864603996276855, 183.26390075683594, -3.894155502319336, 12.595508575439453, -0.909929096698761, 7.791423797607422)
(-3.1433486938476562, 1.012291431427002, 0.0, -1.0, 0.0, 0.0, 1.8322137594223022, 15.954015731811523, 0.0, 21.433486938476562, -10.12291431427002, 0.0, 1216, 1578, 1613, 1223, 11.098584175109863, -18.998004913330078, 0.0, -11.840371131896973, 47.7343864440918, 2.9401907920837402, 176.78411865234375, -1.4956828355789185, 178.22862243652344, -3.9115395545959473, 12.333086967468262, -1.3579130172729492, 7.063634395599365)
(-3.2933027744293213, 3.2575159072875977, 0.0, -1.0, 0.0, 0.0, 0.5497710108757019, -5.633770942687988, 0.0, 22.933027267456055, -32.575157165527344, 0.0, 1000, 1000, 1000, 1000, -3.7330403327941895, 4.370004653930664, 0.0, -11.302244186401367, 46.549922943115234, 3.3574886322021484, 177.04405212402344, -0.19158092141151428, 180.2099609375, -4.041208267211914, 12.108830451965332, -3.962613821029663, 4.105008125305176)
(-2.947453498840332, 2.8042080402374268, 0.0, -1.0, 0.0, 0.0, 1.236793875694275, 3.786076307296753, 0.0, 19.47453498840332, -28.04207992553711, 0.0, 1000, 1000, 1000, 1000, -0.20861053466796875, -5.0424628257751465, 0.0, -11.237855911254883, 47.08384323120117, 2.735661268234253, 177.32015991210938, -0.48619309067726135, 179.5696258544922, -4.774223327636719, 11.642094612121582, 0.6278023719787598, 7.495673656463623)
(-2.4770705699920654, 1.7989567518234253, 0.0, -1.0, 0.0, 0.0, -3.8624427318573, 5.114320755004883, 0.0, 14.770706176757812, -17.989566802978516, 0.0, 1000, 1000, 1000, 1000, 1.667749285697937, 5.01838493347168, 0.0, -11.387742042541504, 47.572200775146484, 2.7949721813201904, 177.55477905273438, -0.011890709400177002, 180.33786010742188, -3.465583086013794, 11.378565788269043, 0.03238532319664955, 7.94536828994751)
(-2.1624221801757812, -0.22369346022605896, 0.0, -1.0, 0.0, 0.0, 4.6261067390441895, -17.374229431152344, 0.0, 11.624221801757812, 2.2369346618652344, 0.0, 1000, 1000, 1000, 1000, -4.263149738311768, -3.7553563117980957, 0.0, -11.160300254821777, 46.64047622680664, 1.0497173070907593, 177.72073364257812, -0.18261916935443878, 178.58782958984375, 2.9416747093200684, 11.285869598388672, 3.0736422538757324, 17.301185607910156)
(-2.659912109375, -3.424591064453125, 0.0, -1.0, 0.0, 0.0, -9.96931266784668, -3.2368245124816895, 0.0, 16.59912109375, 34.24591064453125, 0.0, 1000, 1000, 1000, 1000, -2.6760716438293457, -6.384101390838623, 0.0, -11.940800666809082, 44.64851760864258, 3.985265016555786, 177.88734436035156, 1.3521612882614136, 183.22476196289062, 5.622410297393799, 11.660306930541992, 1.6884039640426636, 18.971120834350586)
(-5.006462574005127, -3.3879523277282715, 0.0, -1.0, 0.0, 0.0, 0.9772518873214722, 16.030351638793945, 0.0, 40.06462478637695, 33.87952423095703, 0.0, 1000, 1000, 1000, 1000, -5.2621612548828125, -3.3406357765197754, 0.0, -13.684200286865234, 45.16901397705078, 5.863105773925781, 178.34779357910156, -0.38927188515663147, 183.82162475585938, 2.6773757934570312, 12.126782417297363, -1.8819427490234375, 12.922215461730957)
(-5.000259876251221, -0.7361254692077637, 0.0, -1.0, 0.0, 0.0, 8.0612211227417, -6.763542175292969, 0.0, 40.00259780883789, 7.361254692077637, 0.0, 1000, 1000, 1000, 1000, -6.338809967041016, 2.428406238555908, 0.0, -12.54508113861084, 47.43797302246094, 4.791206359863281, 178.82716369628906, -0.9294468760490417, 182.6889190673828, 2.1187195777893066, 12.19851016998291, 2.7605156898498535, 17.07774543762207)
(-5.674026966094971, -13.916948318481445, 0.0, -1.0, 0.0, 0.0, -33.954044342041016, -9.267358779907227, 0.0, 46.74026870727539, 139.1694793701172, 0.0, 1000, 1000, 1000, 1000, -2.4609413146972656, -10.90642261505127, 0.0, -14.484130859375, 36.3325080871582, 12.104146957397461, 179.30026245117188, 4.191115856170654, 195.59552001953125, 22.265525817871094, 13.684804916381836, -1.6098440885543823, 34.34048843383789)
(-13.11679458618164, -14.377564430236816, 0.0, -1.0, 0.0, 0.0, -1.7555725574493408, 39.6486701965332, 0.0, 121.1679458618164, 143.77565002441406, 0.0, 1000, 1000, 1000, 1000, -10.326019287109375, -17.277748107910156, 0.0, -21.10249137878418, 36.23422622680664, 18.438528060913086, 180.75070190429688, -0.7268269062042236, 198.46240234375, 15.619047164916992, 15.411157608032227, -3.974175214767456, 27.0560302734375)
(-6.93605899810791, -17.065526962280273, 0.0, -1.0, 0.0, 0.0, 9.649007797241211, 86.0761489868164, 0.0, 59.36058807373047, 170.6552734375, 0.0, 1000, 1000, 1000, 1000, -1.443230390548706, -31.802059173583984, 0.0, -15.545966148376465, 34.25945281982422, 7.4567365646362305, 181.81320190429688, 4.303971767425537, 193.57391357421875, 12.686868667602539, 17.357425689697266, -20.677440643310547, 9.366853713989258)
(-8.630112648010254, -11.515961647033691, 0.0, -1.0, 0.0, 0.0, -0.25938931107521057, -1.7101068496704102, 0.0, 76.3011245727539, 115.15961456298828, 0.0, 1000, 1000, 1000, 1000, -18.717851638793945, -16.46634292602539, 0.0, -16.86142349243164, 37.282623291015625, 11.484077453613281, 182.7030487060547, -1.6358630657196045, 192.55126953125, 17.530458450317383, 18.551448822021484, -1.1897799968719482, 34.892127990722656)
(-6.345160007476807, -9.067605018615723, 0.0, -1.0, 0.0, 0.0, -11.526564598083496, -9.572702407836914, 0.0, 53.45159912109375, 90.6760482788086, 0.0, 1000, 1000, 1000, 1000, -4.235058784484863, -10.254585266113281, 0.0, -15.129252433776855, 40.954795837402344, 9.746725082397461, 183.3533172607422, 2.7248504161834717, 195.82489013671875, 15.037312507629395, 19.570842742919922, 2.6427199840545654, 37.25087356567383)
(-7.4763360023498535, -9.956457138061523, 0.0, -1.0, 0.0, 0.0, 0.3360305428504944, 2.213557243347168, 0.0, 64.76335906982422, 99.5645751953125, 0.0, 1000, 1000, 1000, 1000, -9.636465072631836, -13.92465591430664, 0.0, -15.892118453979492, 40.49756622314453, 9.66409969329834, 184.11993408203125, -0.2092582732439041, 193.57476806640625, 14.602653503417969, 20.738422393798828, -0.15667659044265747, 35.18439865112305)
(-7.514588832855225, -9.784191131591797, 0.0, -1.0, 0.0, 0.0, -1.1143511533737183, 1.0227175951004028, 0.0, 65.14588928222656, 97.84191131591797, 0.0, 1000, 1000, 1000, 1000, -8.118922233581543, -9.817403793334961, 0.0, -15.925822257995605, 40.83218765258789, 9.939035415649414, 184.88656616210938, 0.15645380318164825, 194.9820556640625, 14.522878646850586, 21.87681007385254, -0.05020281672477722, 36.3494873046875)
(-7.646269798278809, -9.844606399536133, 0.0, 0.0, 0.0, 0.0, -0.1067175567150116, 1.5112671852111816, 0.0, 76.46269989013672, 98.44606018066406, 0.0, 1000, 1000, 1000, 1000, -7.512783050537109, -9.641495704650879, 0.0, -16.004104614257812, 41.111305236816406, 11.48541259765625, 185.67274475097656, 2.6375691890716553, 199.7957305908203, 14.540218353271484, 23.008525848388672, -0.03943925350904465, 37.50930404663086)
(-7.694575786590576, -9.851862907409668, 0.0, -1.0, 0.0, 0.0, 0.03068702295422554, 1.4196641445159912, 0.0, 66.94575500488281, 98.51863098144531, 0.0, 1000, 1000, 1000, 1000, -7.602017402648926, -10.05821418762207, 0.0, -16.097890853881836, 41.37996292114258, 10.037260055541992, 186.4951629638672, -0.06645237654447556, 196.46597290039062, 14.564845085144043, 24.151268005371094, -0.02403775043785572, 38.692073822021484)
(-7.6921772956848145, -9.847244262695312, 0.0, -1.0, 0.0, 0.0, -0.09145037829875946, 1.3280611038208008, 0.0, 66.9217758178711, 98.47244262695312, 0.0, 1000, 1000, 1000, 1000, -7.588520050048828, -10.31143569946289, 0.0, -16.188232421875, 41.64794921875, 10.051984786987305, 187.2848358154297, -0.06343627721071243, 197.2733917236328, 14.571657180786133, 25.29367446899414, -0.05063642933964729, 39.814693450927734)
(-7.702552795410156, -9.845974922180176, 0.0, -1.0, 0.0, 0.0, -0.3051908314228058, 1.3280611038208008, 0.0, 67.02552795410156, 98.45974731445312, 0.0, 1000, 1000, 1000, 1000, -8.003320693969727, -10.25037670135498, 0.0, -16.281091690063477, 41.92108154296875, 10.099607467651367, 188.07516479492188, -0.011762542650103569, 198.1630096435547, 14.56975269317627, 26.437252044677734, -0.05432569980621338, 40.95267868041992)
(-7.696944236755371, -9.850395202636719, 0.0, -1.0, 0.0, 0.0, -0.45786258578300476, 1.1906565427780151, 0.0, 66.96944427490234, 98.50395202636719, 0.0, 1000, 1000, 1000, 1000, -7.33448600769043, -10.529335975646973, 0.0, -16.367380142211914, 42.196434020996094, 10.114095687866211, 188.86666870117188, 0.024068893864750862, 199.0048370361328, 14.596994400024414, 27.58011245727539, 0.01887037605047226, 42.19597625732422)
(-7.6886982917785645, -9.82441520690918, 0.0, -1.0, 0.0, 0.0, -0.48839694261550903, 1.1295877695083618, 0.0, 66.8869857788086, 98.24415588378906, 0.0, 1000, 1000, 1000, 1000, -7.545769691467285, -10.320094108581543, 0.0, -16.456872940063477, 42.47659683227539, 10.106307029724121, 189.69859313964844, -0.19350700080394745, 199.61138916015625, 14.567185401916504, 28.711252212524414, 0.037707213312387466, 43.31614303588867)