
(-6.713568687438965, -9.99539566040039, 0.0, 0.0, 0.0, 0.0, -1.8314350843429565, -0.06189313158392906, 0.0, 53.70854949951172, 79.96316528320312, 0.0, 1000, 1000, 1000, 1000, -6.713568687438965, -9.99539566040039, 0.0, -6.713568687438965, -9.99539566040039, 0.0, 0.0, 20.927467346191406, 20.927467346191406, 0.0, 0.0, 30.153440475463867, 30.153440475463867)
(-7.152003765106201, -10.144906997680664, 0.0, -1.0, 0.0, 0.0, -1.938305377960205, -1.2374656200408936, 0.0, 49.21603012084961, 81.15925598144531, 0.0, 1000, 1000, 1000, 1000, -7.310667991638184, -9.616512298583984, 0.0, -7.152003765106201, -10.144906997680664, 0.0, 0.0, 0.06607051193714142, 0.06607051193714142, 0.0, 0.0, -0.15449224412441254, -0.15449224412441254)
(-7.492834568023682, -10.548218727111816, 0.0, -1.0, 0.0, 0.0, -1.0986106395721436, 1.20528244972229, 0.0, 51.94267654418945, 84.38574981689453, 0.0, 1000, 1000, 1000, 1000, -8.689003944396973, -12.097574234008789, 0.0, -7.492834568023682, -10.548218727111816, 0.0, 0.0, 0.06995430588722229, 0.06995430588722229, 0.0, 0.0, -0.3721371591091156, -0.3721371591091156)
(-8.607406616210938, -11.839303016662598, 0.0, -1.0, -1.0, 0.0, -6.27418327331543, 3.128946542739868, 0.0, 60.8592529296875, 86.71442413330078, 0.0, 1000, 1000, 1000, 1000, -14.567733764648438, -13.8546724319458, 0.0, -8.607406616210938, -11.839303016662598, 0.0, 0.0, 0.04040181636810303, 0.04040181636810303, 0.0, 0.0, -1.439855933189392, -1.439855933189392)
(-8.378264427185059, -11.926000595092773, 0.0, -1.0, -1.0, 0.0, -2.1673128604888916, 12.029709815979004, 0.0, 59.02611541748047, 87.40800476074219, 0.0, 1000, 1000, 1000, 1000, -7.337924003601074, -11.905281066894531, 0.0, -8.378264427185059, -11.926000595092773, 0.0, 0.0, -0.3259872496128082, -0.3259872496128082, 0.0, 0.0, 0.5084379315376282, 0.5084379315376282)
(-8.16838264465332, -17.260215759277344, 0.0, -1.0, 0.0, 0.0, 1.4052060842514038, -33.80235290527344, 0.0, 57.34706115722656, 138.08172607421875, 0.0, 1000, 1000, 1000, 1000, -9.002432823181152, -26.857791900634766, 0.0, -8.16838264465332, -17.260215759277344, 0.0, 0.0, 0.018414249643683434, 0.018414249643683434, 0.0, 0.0, 0.6786263585090637, 0.6786263585090637)
(-5.054862976074219, -18.884387969970703, 0.0, -1.0, -1.0, 0.0, 8.672381401062012, 8.640397071838379, 0.0, 32.43890380859375, 143.07510375976562, 0.0, 1000, 1000, 1000, 1000, -1.0703659057617188, -24.461271286010742, 0.0, -5.054862976074219, -18.884387969970703, 0.0, 0.0, 1.0892916917800903, 1.0892916917800903, 0.0, 0.0, 0.904242992401123, 0.904242992401123)
(-6.118825435638428, -8.241278648376465, 0.0, -1.0, 0.0, 0.0, -26.67112922668457, 76.8694076538086, 0.0, 40.95060348510742, 65.93022918701172, 0.0, 1000, 1000, 1000, 1000, -2.9881234169006348, -15.136445999145508, 0.0, -6.118825435638428, -8.241278648376465, 0.0, 0.0, 0.7911443114280701, 0.7911443114280701, -0.0, 0.0, -0.5088181495666504, -0.5088181495666504)
(-8.161613464355469, 5.341048240661621, 0.0, 0.0, -1.0, 0.0, 22.04642677307129, 57.08314514160156, 0.0, 65.29290771484375, -50.72838592529297, 0.0, 1000, 1000, 1000, 1000, -11.273358345031738, 7.079595565795898, 0.0, -8.161613464355469, 5.341048240661621, 0.0, 0.0, 2.048557996749878, 2.048557996749878, -0.0, 0.0, -3.5382637977600098, -3.5382637977600098)
(-3.7672479152679443, 1.6339884996414185, 0.0, -1.0, -1.0, 0.0, 7.420473098754883, -74.12296295166016, 0.0, 22.137983322143555, -21.07190704345703, 0.0, 1000, 1000, 1000, 1000, -2.8245487213134766, -1.4309828281402588, 0.0, -3.7672479152679443, 1.6339884996414185, 0.0, 0.0, -0.370817631483078, -0.370817631483078, 0.0, 0.0, -0.02325102686882019, -0.02325102686882019)
(-1.9566774368286133, -4.378015041351318, 0.0, -1.0, -1.0, 0.0, -6.121511459350586, 5.67856502532959, 0.0, 7.653419494628906, 27.024120330810547, 0.0, 1000, 1000, 1000, 1000, 3.690612316131592, -9.043042182922363, 0.0, -1.9566774368286133, -4.378015041351318, 0.0, 0.0, 0.10280845314264297, 0.10280845314264297, 0.0, 0.0, -1.5773519277572632, -1.5773519277572632)
(-4.998064041137695, 0.048067834228277206, 0.0, -1.0, -1.0, 0.0, -7.373419761657715, 10.335053443908691, 0.0, 31.984512329101562, -8.384542465209961, 0.0, 1000, 1000, 1000, 1000, -4.105037212371826, -0.9651088714599609, 0.0, -4.998064041137695, 0.048067834228277206, 0.0, 0.0, -0.26297545433044434, -0.26297545433044434, -0.0, 0.0, -0.06555809080600739, -0.06555809080600739)
(-2.889146327972412, 1.1704063415527344, 0.0, -1.0, -1.0, 0.0, 8.336503982543945, 4.53352689743042, 0.0, 15.113170623779297, -17.363250732421875, 0.0, 1000, 1000, 1000, 1000, -1.0339548587799072, 1.0916986465454102, 0.0, -2.889146327972412, 1.1704063415527344, 0.0, 0.0, 0.04196011647582054, 0.04196011647582054, -0.0, 0.0, -0.017906134948134422, -0.017906134948134422)
(-2.590106964111328, 1.5316002368927002, 0.0, -1.0, 0.0, 0.0, -10.289450645446777, 0.9762747883796692, 0.0, 12.720855712890625, -12.252801895141602, 0.0, 1000, 1000, 1000, 1000, -0.4748239517211914, -0.1980576515197754, 0.0, -2.590106964111328, 1.5316002368927002, 0.0, 0.0, 0.26845332980155945, 0.26845332980155945, -0.0, 0.0, 0.23138658702373505, 0.23138658702373505)
(-2.3726253509521484, 0.6131699085235596, 0.0, -1.0, -1.0, 0.0, 9.61894702911377, -5.222198486328125, 0.0, 10.981002807617188, -12.905359268188477, 0.0, 1000, 1000, 1000, 1000, -1.6329264640808105, -1.0638716220855713, 0.0, -2.3726253509521484, 0.6131699085235596, 0.0, 0.0, -0.23526796698570251, -0.23526796698570251, -0.0, 0.0, 0.16483202576637268, 0.16483202576637268)
(-0.8768331408500671, 0.5378264784812927, 0.0, -1.0, -1.0, 0.0, 2.0769617557525635, 2.670931339263916, 0.0, -0.9853348731994629, -12.3026123046875, 0.0, 1000, 1000, 1000, 1000, 1.212884545326233, -2.0925724506378174, 0.0, -0.8768331408500671, 0.5378264784812927, -0.0, 0.0, -0.09662153571844101, -0.09662153571844101, -0.0, 0.0, 0.057212673127651215, 0.057212673127651215)
(-1.4697214365005493, 1.332492709159851, 0.0, -1.0, -1.0, 0.0, -3.7856335639953613, 9.48009204864502, 0.0, 3.7577714920043945, -18.659942626953125, 0.0, 1000, 1000, 1000, 1000, -0.6565549373626709, -1.142669916152954, 0.0, -1.4697214365005493, 1.332492709159851, 0.0, 0.0, 0.03853556513786316, 0.03853556513786316, -0.0, 0.0, -0.07266520708799362, -0.07266520708799362)
(-2.083801746368408, 2.095637798309326, 0.0, -1.0, -1.0, 0.0, -1.7245649099349976, -1.2374656200408936, 0.0, 8.670413970947266, -24.76510238647461, 0.0, 1000, 1000, 1000, 1000, 0.6682878732681274, 1.00313138961792, 0.0, -2.083801746368408, 2.095637798309326, 0.0, 0.0, 0.015395036898553371, 0.015395036898553371, -0.0, 0.0, 0.04770441725850105, 0.04770441725850105)
(-2.5878515243530273, 1.8142768144607544, 0.0, -1.0, -1.0, 0.0, -1.5260915756225586, 1.510625958442688, 0.0, 12.702812194824219, -22.51421356201172, 0.0, 1000, 1000, 1000, 1000, -1.5755534172058105, 0.08279848098754883, 0.0, -2.5878515243530273, 1.8142768144607544, 0.0, 0.0, -0.1873093843460083, -0.1873093843460083, -0.0, 0.0, 0.014424806460738182, 0.014424806460738182)
(-2.916994571685791, 1.5146688222885132, 0.0, -1.0, 0.0, 0.0, 2.275435209274292, -0.7641832232475281, 0.0, 15.335956573486328, -12.117350578308105, 0.0, 1000, 1000, 1000, 1000, -2.0218400955200195, -1.4777836799621582, 0.0, -2.916994571685791, 1.5146688222885132, 0.0, 0.0, -0.10992563515901566, -0.10992563515901566, -0.0, 0.0, 0.2615952491760254, 0.2615952491760254)
(-2.560492515563965, 1.4857183694839478, 0.0, -1.0, 0.0, 0.0, -3.9230382442474365, 3.525893211364746, 0.0, 12.483940124511719, -11.885746955871582, 0.0, 1000, 1000, 1000, 1000, -1.4278395175933838, -1.3604755401611328, 0.0, -2.560492515563965, 1.4857183694839478, 0.0, 0.0, 0.26878824830055237, 0.26878824830055237, -0.0, 0.0, -0.2254847139120102, -0.2254847139120102)
(-3.0380566120147705, 1.7352975606918335, 0.0, -1.0, 0.0, 0.0, 1.527343511581421, -1.0847939252853394, 0.0, 16.304452896118164, -13.882380485534668, 0.0, 1000, 1000, 1000, 1000, -2.143855094909668, -1.1428966522216797, 0.0, -3.0380566120147705, 1.7352975606918335, 0.0, 0.0, 0.08822697401046753, 0.08822697401046753, -0.0, 0.0, 2.7360289096832275, 2.7360289096832275)
(-2.166893243789673, 1.6775312423706055, 0.0, -1.0, -1.0, 0.0, -0.9459389448165894, -0.35196948051452637, 0.0, 9.335145950317383, -21.420249938964844, 0.0, 1000, 1000, 1000, 1000, -0.18147969245910645, -0.8326926231384277, 0.0, -2.166893243789673, 1.6775312423706055, 0.0, 0.0, 0.22727280855178833, 0.22727280855178833, -0.0, 0.0, 0.03482192009687424, 0.03482192009687424)
(-2.568236827850342, 1.7528514862060547, 0.0, -1.0, -1.0, 0.0, 4.01589298248291, 5.953373908996582, 0.0, 12.545894622802734, -22.022811889648438, 0.0, 1000, 1000, 1000, 1000, -1.0901522636413574, -0.9923477172851562, 0.0, -2.568236827850342, 1.7528514862060547, 0.0, 0.0, -0.569129467010498, -0.569129467010498, -0.0, 0.0, -0.24581822752952576, -0.24581822752952576)
(-0.9692509174346924, 1.6381983757019043, 0.0, -1.0, -1.0, 0.0, -0.24364885687828064, 4.53352689743042, 0.0, -0.24599266052246094, -21.105587005615234, 0.0, 1000, 1000, 1000, 1000, -0.23568391799926758, -1.0703656673431396, 0.0, -0.9692509174346924, 1.6381983757019043, -0.0, 0.0, 0.013753488659858704, 0.013753488659858704, -0.0, 0.0, -0.0031112045980989933, -0.0031112045980989933)
(-1.315567970275879, 1.4055426120758057, 0.0, -1.0, -1.0, 0.0, -5.449755668640137, -2.229832172393799, 0.0, 2.5245437622070312, -19.244340896606445, 0.0, 1000, 1000, 1000, 1000, 0.133339524269104, -1.967665433883667, 0.0, -1.315567970275879, 1.4055426120758057, 0.0, 0.0, 0.04500070959329605, 0.04500070959329605, -0.0, 0.0, 0.15052221715450287, 0.15052221715450287)
(-1.627509593963623, 1.1523144245147705, 0.0, -1.0, -1.0, 0.0, -2.579526662826538, -5.451206207275391, 0.0, 5.020076751708984, -17.218515396118164, 0.0, 1000, 1000, 1000, 1000, -0.1995542049407959, -3.0566630363464355, 0.0, -1.627509593963623, 1.1523144245147705, 0.0, 0.0, 0.1364806592464447, 0.1364806592464447, -0.0, 0.0, 0.06173035129904747, 0.06173035129904747)
(-2.153822660446167, 1.5822885036468506, 0.0, 0.0, -1.0, 0.0, 1.0693281888961792, 1.938106894493103, 0.0, 17.230581283569336, -20.658308029174805, 0.0, 1000, 1000, 1000, 1000, -1.316884994506836, -0.7382326126098633, 0.0, -2.153822660446167, 1.5822885036468506, 0.0, 0.0, 0.07637112587690353, 0.07637112587690353, -0.0, 0.0, 0.18372996151447296, 0.18372996151447296)
(-2.266582727432251, 1.551588773727417, 0.0, -1.0, -1.0, 0.0, -3.6024274826049805, 0.3350534439086914, 0.0, 10.132661819458008, -20.412710189819336, 0.0, 1000, 1000, 1000, 1000, -0.6532802581787109, -0.5955548286437988, 0.0, -2.266582727432251, 1.551588773727417, 0.0, 0.0, 0.08415236324071884, 0.08415236324071884, -0.0, 0.0, 0.1856078952550888, 0.1856078952550888)
(-2.8915586471557617, 1.2513307332992554, 0.0, -1.0, -1.0, 0.0, 0.9777252078056335, 1.938106894493103, 0.0, 15.132469177246094, -18.01064682006836, 0.0, 1000, 1000, 1000, 1000, -2.181741237640381, -1.4078588485717773, 0.0, -2.8915586471557617, 1.2513307332992554, 0.0, 0.0, -2.412665843963623, -2.412665843963623, -0.0, 0.0, -4.290436267852783, -4.290436267852783)
(-2.5428502559661865, 1.1498218774795532, 0.0, -1.0, -1.0, 0.0, -1.4192214012145996, 1.4342900514602661, 0.0, 12.342802047729492, -17.19857406616211, 0.0, 1000, 1000, 1000, 1000, -1.6357991695404053, -1.7888507843017578, 0.0, -2.5428502559661865, 1.1498218774795532, 0.0, 0.0, -2.8958349227905273, -2.8958349227905273, -0.0, 0.0, -0.18003158271312714, -0.18003158271312714)
(-2.615283727645874, 1.2454153299331665, 0.0, -1.0, -1.0, 0.0, 1.2830686569213867, 1.312152624130249, 0.0, 12.922269821166992, -9.963322639465332, 0.0, 1000, 1000, 1000, 1000, -1.4876117706298828, -2.2440545558929443, 0.0, -2.615283727645874, 1.2454153299331665, 0.0, 0.0, -0.031183913350105286, -0.031183913350105286, -0.0, 0.0, 0.07836117595434189, 0.07836117595434189)
(-2.537017345428467, 1.2279354333877563, 0.0, -1.0, 0.0, 0.0, 0.473908394575119, 0.5029923915863037, 0.0, 12.296138763427734, -9.82348346710205, 0.0, 1000, 1000, 1000, 1000, -2.254910469055176, -2.904613971710205, 0.0, -2.537017345428467, 1.2279354333877563, 0.0, 0.0, -0.011231671087443829, -0.011231671087443829, -0.0, 0.0, -0.017308546230196953, -0.017308546230196953)
(-2.147120237350464, 1.1118266582489014, 0.0, -1.0, -1.0, 0.0, 1.8174198865890503, 0.47245800495147705, 0.0, 9.176961898803711, -16.89461326599121, 0.0, 1000, 1000, 1000, 1000, 2.1097652912139893, 3.1342105865478516, 0.0, -2.147120237350464, 1.1118266582489014, 0.0, 0.0, -0.07397735118865967, -0.07397735118865967, -0.0, 0.0, -0.4450984597206116, -0.4450984597206116)
(-2.0911378860473633, 0.9204936623573303, 0.0, -1.0, -1.0, 0.0, -1.0680763721466064, -0.046625953167676926, 0.0, 8.729103088378906, -15.363948822021484, 0.0, 1000, 1000, 1000, 1000, -0.8707983493804932, 0.44882774353027344, 0.0, -2.0911378860473633, 0.9204936623573303, 0.0, 0.0, 0.013444514013826847, 0.013444514013826847, -0.0, 0.0, 0.23116163909435272, 0.23116163909435272)
(-1.9604713916778564, 0.807934045791626, 0.0, -1.0, 0.0, 0.0, -1.0986106395721436, 2.2281832695007324, 0.0, 7.683771133422852, -6.463472366333008, 0.0, 1000, 1000, 1000, 1000, -1.062093734741211, -2.149266004562378, 0.0, -1.9604713916778564, 0.807934045791626, 0.0, 0.0, 0.1286201775074005, 0.1286201775074005, -0.0, 0.0, -0.059065092355012894, -0.059065092355012894)
(-2.3896372318267822, 0.7447571158409119, 0.0, -1.0, -1.0, 0.0, -1.1749465465545654, 11.571694374084473, 0.0, 11.117097854614258, -13.958057403564453, 0.0, 1000, 1000, 1000, 1000, -1.499194860458374, -2.754612684249878, 0.0, -2.3896372318267822, 0.7447571158409119, 0.0, 0.0, 0.0007316253613680601, 0.0007316253613680601, -0.0, 0.0, -0.23730319738388062, -0.23730319738388062)
(-2.4428510665893555, 0.8160589337348938, 0.0, -1.0, -1.0, 0.0, 1.8479541540145874, -2.290900707244873, 0.0, 11.542808532714844, -14.528470993041992, 0.0, 1000, 1000, 1000, 1000, -1.552417278289795, -1.9448280334472656, 0.0, -2.4428510665893555, 0.8160589337348938, 0.0, 0.0, -0.25548243522644043, -0.25548243522644043, -0.0, 0.0, 0.05919193848967552, 0.05919193848967552)
(-2.1429429054260254, 0.9746217727661133, 0.0, -1.0, -1.0, 0.0, -3.0375418663024902, 4.319786071777344, 0.0, 9.143543243408203, -15.796974182128906, 0.0, 1000, 1000, 1000, 1000, -1.718858003616333, -1.4657883644104004, 0.0, -2.1429429054260254, 0.9746217727661133, 0.0, 0.0, 0.028195245191454887, 0.028195245191454887, -0.0, 0.0, -0.02119126357138157, -0.02119126357138157)
(-2.5780956745147705, 0.6736250519752502, 0.0, -1.0, -1.0, 0.0, 2.840320587158203, -1.3138015270233154, 0.0, 12.624765396118164, -13.388999938964844, 0.0, 1000, 1000, 1000, 1000, -1.4719908237457275, -2.815847635269165, 0.0, -2.5780956745147705, 0.6736250519752502, 0.0, 0.0, -0.22612686455249786, -0.22612686455249786, -0.0, 0.0, -0.0007794181583449244, -0.0007794181583449244)
(-2.3547465801239014, 1.0281707048416138, 0.0, -1.0, -1.0, 0.0, 1.0540610551834106, 5.220549583435059, 0.0, 10.837972640991211, -16.225364685058594, 0.0, 1000, 1000, 1000, 1000, -0.8077824115753174, -1.5084805488586426, 0.0, -2.3547465801239014, 1.0281707048416138, 0.0, 0.0, -0.21908333897590637, -0.21908333897590637, -0.0, 0.0, -0.015237643383443356, -0.015237643383443356)
(-2.373682737350464, 0.8487732410430908, 0.0, -1.0, -1.0, 0.0, -0.3505190908908844, 2.1823816299438477, 0.0, 10.989461898803711, -14.790185928344727, 0.0, 1100, 1100, 1100, 1100, 3.3423829078674316, -5.438004970550537, 0.0, -2.373682737350464, 0.8487732410430908, 0.0, 0.0, 0.7878268361091614, 0.7878268361091614, -0.0, 0.0, -1.096339464187622, -1.096339464187622)
(-2.3367598056793213, 1.2772480249404907, 0.0, -1.0, 0.0, 0.0, -2.6711297035217285, 1.0220763683319092, 0.0, 10.69407844543457, -10.217984199523926, 0.0, 1100, 1100, 1100, 1100, -0.1397383213043213, 0.591402530670166, 0.0, -2.3367598056793213, 1.2772480249404907, 0.0, 0.0, -0.0002996932889800519, -0.0002996932889800519, -0.0, 0.0, -0.2356717735528946, -0.2356717735528946)
(-3.8142340183258057, 1.0707454681396484, 0.0, -1.0, -1.0, 0.0, -13.663496017456055, 7.449557304382324, 0.0, 22.513872146606445, -16.565963745117188, 0.0, 1100, 1100, 1100, 1100, -5.919931888580322, -2.3204450607299805, 0.0, -3.8142340183258057, 1.0707454681396484, 0.0, 0.0, 0.7418106198310852, 0.7418106198310852, -0.0, 0.0, -0.5492781400680542, -0.5492781400680542)
(-3.0356292724609375, 1.4973052740097046, 0.0, -1.0, -1.0, 0.0, 16.04642677307129, 0.39612212777137756, 0.0, 16.2850341796875, -19.978443145751953, 0.0, 1100, 1100, 1100, 1100, 4.917290210723877, -0.7366995811462402, 0.0, -3.0356292724609375, 1.4973052740097046, 0.0, 0.0, -2.7961626052856445, -2.7961626052856445, -0.0, 0.0, 1.2606019973754883, 1.2606019973754883)
(-2.1318349838256836, 1.102646827697754, 0.0, -1.0, -1.0, 0.0, -7.98410701751709, -0.9779236912727356, 0.0, 9.054679870605469, -16.82117462158203, 0.0, 1100, 1100, 1100, 1100, -3.370655059814453, -3.402362823486328, 0.0, -2.1318349838256836, 1.102646827697754, 0.0, 0.0, 1.4401110410690308, 1.4401110410690308, -0.0, -0.0, -2.0494048595428467, -2.0494048595428467)
(-2.997028112411499, 0.14773797988891602, 0.0, -1.0, -1.0, 0.0, -1.1291450262069702, -0.3672366440296173, 0.0, 15.976224899291992, -9.181903839111328, 0.0, 1122, 1126, 1120, 1118, 0.015755772590637207, -0.8549246788024902, 0.0, -2.997028112411499, 0.14773797988891602, 0.0, 0.0, 1.2742042541503906, 1.2742042541503906, -0.0, -0.0, -0.6712222099304199, -0.6712222099304199)
(-3.063098907470703, 0.5814971923828125, 0.0, -1.0, -1.0, 0.0, 0.7029160261154175, 4.060244083404541, 0.0, 16.504791259765625, -12.6519775390625, 0.0, 1150, 1145, 1171, 1172, -5.466781139373779, -8.760995864868164, 0.0, -3.063098907470703, 0.5814971923828125, 0.0, 0.0, -1.5241851806640625, -1.5241851806640625, -0.0, -0.0, 1.2989031076431274, 1.2989031076431274)
(-3.0665156841278076, 0.06625507771968842, 0.0, -1.0, -1.0, 0.0, -0.24364885687828064, -2.4283053874969482, 0.0, 16.53212547302246, -0.5300406217575073, 0.0, 1184, 1192, 1211, 1206, -2.3127903938293457, -32.99154281616211, 0.0, -3.0665156841278076, 0.06625507771968842, 0.0, 0.0, 3.1681675910949707, 3.1681675910949707, 0.0, -0.0, -0.731653094291687, -0.731653094291687)
(-2.957563638687134, 1.2694288492202759, 0.0, -1.0, 0.0, 0.0, 2.031160354614258, 9.754900932312012, 0.0, 15.66050910949707, -10.155430793762207, 0.0, 1250, 1246, 1272, 1277, -15.809350967407227, 5.4188232421875, 0.0, -2.957563638687134, 1.2694288492202759, 0.0, 0.0, -2.3301894664764404, -2.3301894664764404, -0.0, -0.0, -0.16482773423194885, -0.16482773423194885)
(-2.933361291885376, 1.5570939779281616, 0.0, -1.0, 0.0, 0.0, -7.953572750091553, 13.77016830444336, 0.0, 15.466890335083008, -12.456751823425293, 0.0, 1297, 1310, 1382, 1381, -30.06903839111328, -1.6993720531463623, 0.0, -2.933361291885376, 1.5570939779281616, 0.0, 0.0, 3.277967691421509, 3.277967691421509, -0.0, -0.0, -2.907785415649414, -2.907785415649414)
(-3.261737585067749, 1.6414258480072021, 0.0, -1.0, 0.0, 0.0, -9.678763389587402, 38.09077835083008, 0.0, 18.093900680541992, -13.131406784057617, 0.0, 1348, 1400, 1389, 1437, 21.581199645996094, -16.774608612060547, 0.0, -3.261737585067749, 1.6414258480072021, 0.0, 0.0, 0.9153553247451782, 0.9153553247451782, -0.0, -0.0, -25.065418243408203, -25.065418243408203)
(-1.826649785041809, 0.17580947279930115, 0.0, -1.0, -1.0, 0.0, 1.0845954418182373, 12.686198234558105, 0.0, 6.613198280334473, -9.406476020812988, 0.0, 1383, 1419, 1377, 1395, -18.584501266479492, -18.327518463134766, 0.0, -1.826649785041809, 0.17580947279930115, 0.0, 0.0, 4.469808578491211, 4.469808578491211, -0.0, -0.0, -13.435504913330078, -13.435504913330078)
(-18.79615020751953, -2.305767297744751, 0.0, -1.0, -1.0, 0.0, -254.27418518066406, -75.51227569580078, 0.0, 142.36920166015625, 10.446138381958008, 0.0, 1203, 1282, 1538, 1547, -34.84273147583008, -52.683570861816406, 0.0, -18.79615020751953, -2.305767297744751, 0.0, 0.0, 17.61734390258789, 17.61734390258789, 0.0, -0.0, -22.05887222290039, -22.05887222290039)
(-25.34197998046875, 2.0603668689727783, 0.0, -1.0, -1.0, 0.0, 92.24490356445312, 49.81596755981445, 0.0, 194.73583984375, -24.482934951782227, 0.0, 1374, 1409, 1380, 1404, -16.646652221679688, -39.26749801635742, 0.0, -25.34197998046875, 2.0603668689727783, 0.0, 0.0, 2.7171359062194824, 2.7171359062194824, -0.0, -0.0, -14.616105079650879, -14.616105079650879)
(-15.52326488494873, 6.878329753875732, 0.0, -1.0, -1.0, 0.0, 77.42047119140625, -21.100061416625977, 0.0, 116.18611907958984, -63.02663803100586, 0.0, 1518, 1428, 1320, 1300, -8.571479797363281, 37.39066696166992, 0.0, -15.52326488494873, 6.878329753875732, 0.0, 0.0, -17.63908576965332, -17.63908576965332, -0.0, -0.0, 27.447525024414062, 27.447525024414062)
(18.419189453125, 2.7746407985687256, 0.0, -1.0, 0.0, 0.0, 4.931923866271973, 5.2968854904174805, 0.0, -155.353515625, -22.197126388549805, 0.0, 1498, 1449, 1323, 1300, 12.805363655090332, -17.97710418701172, 0.0, 18.419189453125, 2.7746407985687256, -0.0, 0.0, -6.74000883102417, -6.74000883102417, -0.0, -0.0, 18.072765350341797, 18.072765350341797)
(0.29142647981643677, 8.470040321350098, 0.0, -1.0, -1.0, 0.0, -2.625328302383423, 15.58696174621582, 0.0, -10.331411361694336, -75.76032257080078, 0.0, 1347, 1346, 1432, 1445, -11.848723411560059, 27.559650421142578, 0.0, 0.29142647981643677, 8.470040321350098, -0.0, 0.0, -3.1243584156036377, -3.1243584156036377, -0.0, -0.0, -2.970959424972534, -2.970959424972534)
(1.8642280101776123, 7.439260005950928, 0.0, -1.0, -1.0, 0.0, -24.045175552368164, -14.886321067810059, 0.0, -22.9138240814209, -67.51408386230469, 0.0, 1393, 1362, 1422, 1393, 12.078506469726562, -10.768707275390625, 0.0, 1.8642280101776123, 7.439260005950928, 0.0, 0.0, -0.4790359139442444, -0.4790359139442444, -0.0, -0.0, 14.564223289489746, 14.564223289489746)
(6.783417224884033, 4.0117316246032715, 0.0, -1.0, -1.0, 0.0, 172.4281005859375, -26.29090118408203, 0.0, -62.267337799072266, -40.09385299682617, 0.0, 1467, 1473, 1304, 1326, -10.12802505493164, -47.58653259277344, 0.0, 6.783417224884033, 4.0117316246032715, -0.0, 0.0, -3.999418020248413, -3.999418020248413, -0.0, -0.0, -7.204943656921387, -7.204943656921387)
(12.024216651916504, 1.9201971292495728, 0.0, -1.0, -1.0, 0.0, -121.11387634277344, 68.54879760742188, 0.0, -104.19373321533203, -23.361576080322266, 0.0, 1241, 1275, 1514, 1540, -11.894329071044922, 14.646036148071289, 0.0, 12.024216651916504, 1.9201971292495728, 0.0, 0.0, 1.9710289239883423, 1.9710289239883423, -0.0, -0.0, -14.854083061218262, -14.854083061218262)
(4.118752956390381, 5.533327579498291, 0.0, -1.0, -1.0, 0.0, 20.138031005859375, 9.49535846710205, 0.0, -40.95002365112305, -52.26662063598633, 0.0, 1396, 1385, 1389, 1400, 30.880334854125977, 16.15792465209961, 0.0, 4.118752956390381, 5.533327579498291, -0.0, 0.0, -5.496709823608398, -5.496709823608398, -0.0, -0.0, 0.1128586009144783, 0.1128586009144783)
(-24.462018966674805, 2.2180073261260986, 0.0, -1.0, -1.0, 0.0, -243.69403076171875, -9.817618370056152, 0.0, 187.69615173339844, -25.74405860900879, 0.0, 1193, 1292, 1529, 1556, -9.56855297088623, 5.742948532104492, 0.0, -24.462018966674805, 2.2180073261260986, 0.0, 0.0, 18.227319717407227, 18.227319717407227, -0.0, -0.0, -31.381656646728516, -31.381656646728516)
(-21.147823333740234, 3.675800323486328, 0.0, -1.0, 0.0, 0.0, 47.756351470947266, 35.32741928100586, 0.0, 161.18258666992188, -29.406402587890625, 0.0, 1424, 1415, 1361, 1371, -14.033452987670898, 5.664573669433594, 0.0, -21.147823333740234, 3.675800323486328, 0.0, 0.0, -4.870204448699951, -4.870204448699951, -0.0, -0.0, -0.29238712787628174, -0.29238712787628174)
(-3.610084056854248, 2.8917598724365234, 0.0, -1.0, -1.0, 0.0, 228.36703491210938, -4.367236614227295, 0.0, 20.880672454833984, -31.134078979492188, 0.0, 1460, 1516, 1251, 1343, 31.839487075805664, 14.164051055908203, 0.0, -3.610084056854248, 2.8917598724365234, -0.0, 0.0, -9.041601181030273, -9.041601181030273, -0.0, -0.0, -37.15060806274414, -37.15060806274414)
(15.256444931030273, -2.56439471244812, 0.0, -1.0, 0.0, 0.0, -118.85433959960938, -49.649681091308594, 0.0, -130.0515594482422, 20.51515769958496, 0.0, 1289, 1245, 1550, 1487, 12.47114086151123, 39.548789978027344, 0.0, 15.256444931030273, -2.56439471244812, -0.0, 0.0, 4.604598522186279, 4.604598522186279, 0.0, -0.0, 26.587778091430664, 26.587778091430664)
(-3.0505011081695557, 5.22186803817749, 0.0, -1.0, -1.0, 0.0, -22.197847366333008, 37.159481048583984, 0.0, 16.404008865356445, -49.77494430541992, 0.0, 1364, 1424, 1361, 1421, 2.426576614379883, -24.415908813476562, 0.0, -3.0505011081695557, 5.22186803817749, 0.0, 0.0, -0.23911499977111816, -0.23911499977111816, -0.0, -0.0, -30.113405227661133, -30.113405227661133)
(-5.96866512298584, 3.8715500831604004, 0.0, -1.0, -1.0, 0.0, -4.6711297035217285, -50.62677764892578, 0.0, 39.74932098388672, -38.9724006652832, 0.0, 1413, 1390, 1405, 1398, 17.212936401367188, 27.198585510253906, 0.0, -5.96866512298584, 3.8715500831604004, 0.0, 0.0, -4.141761302947998, -4.141761302947998, 0.0, -0.0, 7.547224998474121, 7.547224998474121)
(-4.9539923667907715, 3.509119749069214, 0.0, -1.0, -1.0, 0.0, 17.557878494262695, -16.29090118408203, 0.0, 31.631938934326172, -36.072959899902344, 0.0, 1462, 1427, 1434, 1403, 0.6120043992996216, 77.09699249267578, 0.0, -4.9539923667907715, 3.509119749069214, 0.0, 0.0, -1.1375315189361572, -1.1375315189361572, -0.0, -0.0, 16.363842010498047, 16.363842010498047)
(-5.13896369934082, 5.585307598114014, 0.0, -1.0, -1.0, 0.0, 0.5349770784378052, 20.090778350830078, 0.0, 33.11170959472656, -52.68246078491211, 0.0, 1463, 1451, 1465, 1487, 4.664310455322266, -35.65275192260742, 0.0, -5.13896369934082, 5.585307598114014, 0.0, 0.0, -8.23330020904541, -8.23330020904541, -0.0, -0.0, -2.488828659057617, -2.488828659057617)
(-6.562663555145264, 7.137994289398193, 0.0, 0.0, -1.0, 0.0, -2.762732744216919, 6.701465606689453, 0.0, 52.50130844116211, -57.10395431518555, 0.0, 1436, 1446, 1495, 1485, -24.94814109802246, 8.55080795288086, 0.0, -6.562663555145264, 7.137994289398193, 0.0, 0.0, 5.072153091430664, 5.072153091430664, -0.0, -0.0, -0.09657454490661621, -0.09657454490661621)
(-5.790569305419922, 7.180510997772217, 0.0, -1.0, 0.0, 0.0, -6.686397075653076, 29.617496490478516, 0.0, 38.324554443359375, -57.444087982177734, 0.0, 1437, 1461, 1520, 1532, -15.571884155273438, -18.444963455200195, 0.0, -5.790569305419922, 7.180510997772217, 0.0, 0.0, 2.8784425258636475, 2.8784425258636475, -0.0, -0.0, -8.929802894592285, -8.929802894592285)
(-13.555119514465332, 7.3433356285095215, 0.0, -1.0, -1.0, 0.0, -139.09861755371094, -1.3748701810836792, 0.0, 100.44095611572266, -66.74668884277344, 0.0, 1453, 1400, 1564, 1534, 1.049363136291504, -12.128515243530273, 0.0, -13.555119514465332, 7.3433356285095215, 0.0, 0.0, -5.7946624755859375, -5.7946624755859375, -0.0, -0.0, 20.888994216918945, 20.888994216918945)
(-22.996875762939453, 11.11104965209961, 0.0, -1.0, -1.0, 0.0, 109.0387954711914, 23.861770629882812, 0.0, 175.97500610351562, -96.88839721679688, 0.0, 1487, 1467, 1509, 1475, -34.32415008544922, -48.67034912109375, 0.0, -22.996875762939453, 11.11104965209961, 0.0, 0.0, 3.1975533962249756, 3.1975533962249756, -0.0, -0.0, 13.547890663146973, 13.547890663146973)
(-15.479768753051758, 14.213589668273926, 0.0, -1.0, -1.0, 0.0, 47.374671936035156, -54.901588439941406, 0.0, 115.83815002441406, -121.7087173461914, 0.0, 1644, 1541, 1410, 1343, 8.426226615905762, 14.91337776184082, 0.0, -15.479768753051758, 14.213589668273926, 0.0, 0.0, -8.782936096191406, -8.782936096191406, -0.0, -0.0, 42.5007209777832, 42.5007209777832)
(26.393327713012695, 4.72636079788208, 0.0, -1.0, -1.0, 0.0, 156.84031677246094, -50.779449462890625, 0.0, -219.14662170410156, -45.81088638305664, 0.0, 1529, 1519, 1440, 1450, 61.2742919921875, 24.916061401367188, 0.0, 26.393327713012695, 4.72636079788208, -0.0, 0.0, -4.849276542663574, -4.849276542663574, 0.0, -0.0, -0.18489278852939606, -0.18489278852939606)
(12.830320358276367, 8.44565486907959, 0.0, -1.0, -1.0, 0.0, -56.258914947509766, 14.899938583374023, 0.0, -110.64256286621094, -75.56523895263672, 0.0, 1362, 1309, 1651, 1615, 6.523670673370361, 9.681716918945312, 0.0, 12.830320358276367, 8.44565486907959, -0.0, 0.0, -4.3115081787109375, -4.3115081787109375, -0.0, -0.0, 22.206552505493164, 22.206552505493164)
(3.8842480182647705, 14.780187606811523, 0.0, -1.0, 0.0, 0.0, -30.65586280822754, 27.235816955566406, 0.0, -39.07398223876953, -118.24150085449219, 0.0, 1571, 1569, 1385, 1412, 18.396665573120117, -24.105533599853516, 0.0, 3.8842480182647705, 14.780187606811523, -0.0, 0.0, -7.349537372589111, -7.349537372589111, -0.0, -0.0, -6.351341724395752, -6.351341724395752)
(-30.50950050354004, 10.211055755615234, 0.0, -1.0, -1.0, 0.0, -74.47265625, -27.57334327697754, 0.0, 236.0760040283203, -89.68844604492188, 0.0, 1340, 1336, 1625, 1637, -39.31991958618164, 3.3053369522094727, 0.0, -30.50950050354004, 10.211055755615234, 0.0, 0.0, -3.959677219390869, -3.959677219390869, -0.0, -0.0, -1.72348952293396, -1.72348952293396)
(-17.96022605895996, 13.854083061218262, 0.0, -1.0, -1.0, 0.0, 21.451007843017578, 34.60986328125, 0.0, 135.6818084716797, -118.8326644897461, 0.0, 1631, 1628, 1329, 1349, -17.50934600830078, 1.924450397491455, 0.0, -17.96022605895996, 13.854083061218262, 0.0, 0.0, -5.909417152404785, -5.909417152404785, -0.0, -0.0, -4.087920188903809, -4.087920188903809)
(-5.791401386260986, 14.733986854553223, 0.0, -1.0, -1.0, 0.0, 211.14566040039062, -55.37487030029297, 0.0, 38.33121109008789, -125.87189483642578, 0.0, 1600, 1573, 1401, 1364, -9.049050331115723, 42.792057037353516, 0.0, -5.791401386260986, 14.733986854553223, -0.0, 0.0, 2.3998863697052, 2.3998863697052, -0.0, -0.0, 15.907421112060547, 15.907421112060547)
(25.075454711914062, 9.273341178894043, 0.0, -1.0, -1.0, 0.0, -51.1596794128418, 54.93047332763672, 0.0, -208.6036376953125, -82.18672943115234, 0.0, 1363, 1368, 1595, 1612, 29.49404525756836, 1.541996955871582, 0.0, 25.075454711914062, 9.273341178894043, -0.0, 0.0, -2.9812886714935303, -2.9812886714935303, -0.0, -0.0, -5.54441499710083, -5.54441499710083)
(2.780984878540039, 13.269548416137695, 0.0, -1.0, -1.0, 0.0, -113.87723541259766, -46.35197067260742, 0.0, -30.247879028320312, -114.15638732910156, 0.0, 1394, 1388, 1599, 1560, -25.536802291870117, 56.63172149658203, 0.0, 2.780984878540039, 13.269548416137695, 0.0, 0.0, 8.188000679016113, 8.188000679016113, -0.0, -0.0, 11.190996170043945, 11.190996170043945)
(-10.906937599182129, 18.51276969909668, 0.0, -1.0, -1.0, 0.0, 56.412837982177734, -45.43593978881836, 0.0, 79.25550079345703, -156.10215759277344, 0.0, 1582, 1489, 1462, 1405, -22.782859802246094, -4.863339424133301, 0.0, -10.906937599182129, 18.51276969909668, 0.0, 0.0, -9.08914852142334, -9.08914852142334, -0.0, -0.0, 37.46293640136719, 37.46293640136719)
(18.934341430664062, 7.766838073730469, 0.0, -1.0, 0.0, 0.0, 51.22200012207031, -78.275634765625, 0.0, -159.4747314453125, -62.13470458984375, 0.0, 1520, 1465, 1491, 1461, 21.65121078491211, 22.49015235900879, 0.0, 18.934341430664062, 7.766838073730469, -0.0, 0.0, -6.1353840827941895, -6.1353840827941895, 0.0, -0.0, 21.159893035888672, 21.159893035888672)
(4.007396221160889, 10.2533540725708, 0.0, -1.0, -1.0, 0.0, -56.59479522705078, -59.344337463378906, 0.0, -40.05916976928711, -90.0268325805664, 0.0, 1461, 1412, 1565, 1499, -36.55849075317383, 44.280555725097656, 0.0, 4.007396221160889, 10.2533540725708, 0.0, 0.0, 4.2998762130737305, 4.2998762130737305, -0.0, -0.0, 28.723651885986328, 28.723651885986328)
(7.858397960662842, 11.967784881591797, 0.0, -1.0, 0.0, 0.0, 160.88612365722656, -11.405405044555664, 0.0, -70.8671875, -95.74227905273438, 0.0, 1491, 1523, 1441, 1484, 7.258429050445557, -23.532241821289062, 0.0, 7.858397960662842, 11.967784881591797, -0.0, 0.0, -2.7311389446258545, -2.7311389446258545, -0.0, -0.0, -18.84855842590332, -18.84855842590332)
(22.68543815612793, 1.2851884365081787, 0.0, -1.0, -1.0, 0.0, -98.80853271484375, 41.63276290893555, 0.0, -189.48350524902344, -18.28150749206543, 0.0, 1332, 1413, 1567, 1626, -6.084371566772461, 64.50839233398438, 0.0, 22.68543815612793, 1.2851884365081787, -0.0, 0.0, 5.326681137084961, 5.326681137084961, -0.0, -0.0, -35.08644485473633, -35.08644485473633)
(7.996034622192383, 5.079689979553223, 0.0, -1.0, -1.0, 0.0, -2.197847366333008, 15.00680923461914, 0.0, -71.96827697753906, -40.63751983642578, 0.0, 1440, 1396, 1576, 1525, 14.875432968139648, 11.364547729492188, 0.0, 7.996034622192383, 5.079689979553223, -0.0, 0.0, 1.7106033563613892, 1.7106033563613892, -0.0, -0.0, 23.738914489746094, 23.738914489746094)
(-9.373936653137207, 6.137614727020264, 0.0, -1.0, -1.0, 0.0, -221.60243225097656, -46.000823974609375, 0.0, 66.99149322509766, -57.10091781616211, 0.0, 1356, 1341, 1638, 1607, 8.816237449645996, -16.980871200561523, 0.0, -9.373936653137207, 6.137614727020264, 0.0, 0.0, 4.2691731452941895, 4.2691731452941895, -0.0, -0.0, 11.539819717407227, 11.539819717407227)
(-20.0594425201416, 10.622346878051758, 0.0, -1.0, -1.0, 0.0, 142.45864868164062, 54.04497528076172, 0.0, 152.4755401611328, -92.97877502441406, 0.0, 1586, 1567, 1370, 1415, 19.761228561401367, -10.730790138244629, 0.0, -20.0594425201416, 10.622346878051758, 0.0, 0.0, -16.072153091430664, -16.072153091430664, -0.0, -0.0, -6.475220680236816, -6.475220680236816)
(3.8495194911956787, 6.322933673858643, 0.0, 0.0, -1.0, 0.0, 45.680015563964844, -32.9473876953125, 0.0, -30.79615592956543, -58.58346939086914, 0.0, 1553, 1578, 1395, 1412, 4.655501365661621, -21.36312484741211, 0.0, 3.8495194911956787, 6.322933673858643, -0.0, 0.0, 2.2122857570648193, 2.2122857570648193, -0.0, -0.0, -10.43007755279541, -10.43007755279541)
(-33.80229187011719, 5.953104019165039, 0.0, -1.0, -1.0, 0.0, -114.53372192382812, -96.70311737060547, 0.0, 262.4183349609375, -55.62483215332031, 0.0, 1417, 1350, 1595, 1576, -6.380474090576172, 6.718448638916016, 0.0, -33.80229187011719, 5.953104019165039, 0.0, 0.0, -11.753668785095215, -11.753668785095215, 0.0, -0.0, 21.69769287109375, 21.69769287109375)
(-14.324974060058594, 6.343583583831787, 0.0, -1.0, -1.0, 0.0, 94.79451751708984, -9.848153114318848, 0.0, 106.59979248046875, -58.7486686706543, 0.0, 1626, 1618, 1331, 1362, 16.297496795654297, -22.55429458618164, 0.0, -14.324974060058594, 6.343583583831787, 0.0, 0.0, -9.718823432922363, -9.718823432922363, -0.0, -0.0, -5.598601341247559, -5.598601341247559)
(5.181778430938721, 8.924154281616211, 0.0, -1.0, -1.0, 0.0, 223.8937530517578, -74.64204406738281, 0.0, -49.454227447509766, -79.39323425292969, 0.0, 1670, 1599, 1338, 1331, -21.756818771362305, -2.1284966468811035, 0.0, 5.181778430938721, 8.924154281616211, -0.0, 0.0, -15.99091625213623, -15.99091625213623, -0.0, -0.0, 19.29960823059082, 19.29960823059082)
(11.32868766784668, 4.048254489898682, 0.0, -1.0, -1.0, 0.0, -149.7245635986328, 105.37322235107422, 0.0, -98.62950134277344, -40.38603591918945, 0.0, 1308, 1361, 1593, 1676, 20.505542755126953, 35.46433639526367, 0.0, 11.32868766784668, 4.048254489898682, 0.0, 0.0, -7.536922931671143, -7.536922931671143, -0.0, -0.0, -34.0964469909668, -34.0964469909668)
(-9.754681587219238, 14.190062522888184, 0.0, -1.0, -1.0, 0.0, -0.7321984767913818, 65.52589416503906, 0.0, 70.0374526977539, -121.52050018310547, 0.0, 1422, 1471, 1503, 1545, -77.97502136230469, -10.580796241760254, 0.0, -9.754681587219238, 14.190062522888184, 0.0, 0.0, 1.845340371131897, 1.845340371131897, -0.0, -0.0, -22.68757438659668, -22.68757438659668)
(21.598777770996094, 6.638202667236328, 0.0, -1.0, 0.0, 0.0, 139.54261779785156, -23.1763973236084, 0.0, -180.79022216796875, -53.105621337890625, 0.0, 1458, 1445, 1514, 1521, 3.1151185035705566, -9.067293167114258, 0.0, 21.598777770996094, 6.638202667236328, -0.0, 0.0, -4.78051233291626, -4.78051233291626, -0.0, -0.0, 1.5605504512786865, 1.5605504512786865)
(1.2753326892852783, 3.7427456378936768, 0.0, 0.0, 0.0, 0.0, -125.29708099365234, 84.44192504882812, 0.0, -10.202661514282227, -29.941965103149414, 0.0, 1352, 1410, 1560, 1617, 23.508384704589844, 58.72239685058594, 0.0, 1.2753326892852783, 3.7427456378936768, 0.0, 0.0, 0.209848552942276, 0.209848552942276, -0.0, -0.0, -28.748254776000977, -28.748254776000977)
(-1.5499796867370605, 10.513298988342285, 0.0, -1.0, -1.0, 0.0, 129.35940551757812, 88.4266586303711, 0.0, 4.399837493896484, -92.10639190673828, 0.0, 1479, 1515, 1450, 1494, -8.53274154663086, 30.31676483154297, 0.0, -1.5499796867370605, 10.513298988342285, -0.0, 0.0, -1.741998553276062, -1.741998553276062, -0.0, -0.0, -19.931650161743164, -19.931650161743164)
(22.251331329345703, 2.905435085296631, 0.0, -1.0, 0.0, 0.0, -82.67112731933594, 38.838871002197266, 0.0, -186.01065063476562, -31.243480682373047, 0.0, 1337, 1390, 1589, 1622, -2.299652099609375, -29.154592514038086, 0.0, 22.251331329345703, 2.905435085296631, -0.0, 0.0, 5.085816860198975, 5.085816860198975, -0.0, -0.0, -21.50463104248047, -21.50463104248047)
(-5.113810062408447, 9.734307289123535, 0.0, -1.0, 0.0, 0.0, -66.48792266845703, 56.060245513916016, 0.0, 32.91048049926758, -77.87445831298828, 0.0, 1328, 1372, 1612, 1627, -42.824188232421875, -30.706987380981445, 0.0, -5.113810062408447, 9.734307289123535, 0.0, 0.0, 7.378705024719238, 7.378705024719238, -0.0, -0.0, -14.592686653137207, -14.592686653137207)
(-0.7000017166137695, 13.911416053771973, 0.0, -1.0, 0.0, 0.0, 13.786885261535645, 9.251084327697754, 0.0, -2.3999862670898438, -111.29132843017578, 0.0, 1504, 1518, 1461, 1455, -26.21544647216797, 26.607534408569336, 0.0, -0.7000017166137695, 13.911416053771973, -0.0, 0.0, 5.036572456359863, 5.036572456359863, -0.0, -0.0, -2.1888794898986816, -2.1888794898986816)
(2.861752510070801, 15.43742847442627, 0.0, -1.0, -1.0, 0.0, 26.88612174987793, -43.52754211425781, 0.0, -30.894020080566406, -131.49942016601562, 0.0, 1562, 1514, 1452, 1415, 21.39752960205078, 25.83751678466797, 0.0, 2.861752510070801, 15.43742847442627, -0.0, 0.0, -2.808870792388916, -2.808870792388916, -0.0, -0.0, 21.21788787841797, 21.21788787841797)
(10.137272834777832, 12.673229217529297, 0.0, -1.0, -1.0, 0.0, 33.11513137817383, 28.99154281616211, 0.0, -89.09818267822266, -109.38583374023438, 0.0, 1496, 1531, 1439, 1472, 20.822599411010742, 6.085700988769531, 0.0, 10.137272834777832, 12.673229217529297, -0.0, 0.0, 0.5336610674858093, 0.5336610674858093, -0.0, -0.0, -17.27161979675293, -17.27161979675293)
(3.8609707355499268, 9.989689826965332, 0.0, 0.0, 0.0, 0.0, -197.86196899414062, -42.16876220703125, 0.0, -30.887765884399414, -79.91751861572266, 0.0, 1379, 1439, 1554, 1566, 5.8602705001831055, -45.979942321777344, 0.0, 3.8609707355499268, 9.989689826965332, 0.0, 0.0, 11.815195083618164, 11.815195083618164, -0.0, -0.0, -18.016212463378906, -18.016212463378906)
(-46.98967742919922, 12.760193824768066, 0.0, -1.0, 0.0, 0.0, -62.39632034301758, 15.00680923461914, 0.0, 367.91741943359375, -102.08155059814453, 0.0, 1412, 1396, 1581, 1550, -48.29655456542969, 20.207012176513672, 0.0, -46.98967742919922, 12.760193824768066, 0.0, 0.0, 3.840949773788452, 3.840949773788452, -0.0, -0.0, 11.692046165466309, 11.692046165466309)
(-39.370826721191406, 14.678915023803711, 0.0, -1.0, -1.0, 0.0, 25.954824447631836, -14.443572044372559, 0.0, 306.96661376953125, -125.43132019042969, 0.0, 1573, 1541, 1430, 1394, -52.580406188964844, 19.229652404785156, 0.0, -39.370826721191406, 14.678915023803711, 0.0, 0.0, 1.0524941682815552, 1.0524941682815552, -0.0, -0.0, 16.99740219116211, 16.99740219116211)
(-36.804378509521484, 15.083179473876953, 0.0, -1.0, -1.0, 0.0, -24.59479331970215, 32.51826095581055, 0.0, 286.4350280761719, -128.66543579101562, 0.0, 1423, 1464, 1521, 1530, -80.64241790771484, -10.65060043334961, 0.0, -36.804378509521484, 15.083179473876953, 0.0, 0.0, 8.143689155578613, 8.143689155578613, -0.0, -0.0, -12.589567184448242, -12.589567184448242)
(-38.31669235229492, 14.515305519104004, 0.0, -1.0, -1.0, 0.0, -18.21311378479004, 7.739633560180664, 0.0, 298.5335388183594, -124.12244415283203, 0.0, 1444, 1487, 1502, 1500, -31.274765014648438, -15.358041763305664, 0.0, -38.31669235229492, 14.515305519104004, 0.0, 0.0, 11.104676246643066, 11.104676246643066, -0.0, -0.0, -10.092005729675293, -10.092005729675293)
(-37.11943817138672, 13.67073917388916, 0.0, -1.0, -1.0, 0.0, -9.587160110473633, 9.907572746276855, 0.0, 288.95550537109375, -117.36591339111328, 0.0, 1452, 1493, 1494, 1504, -50.68735885620117, -5.725696086883545, 0.0, -37.11943817138672, 13.67073917388916, 0.0, 0.0, 7.603292465209961, 7.603292465209961, -0.0, -0.0, -12.546880722045898, -12.546880722045898)
(-36.746646881103516, 14.493881225585938, 0.0, -1.0, -1.0, 0.0, -9.571892738342285, -1.7718168497085571, 0.0, 285.9731750488281, -123.9510498046875, 0.0, 1477, 1492, 1489, 1480, -59.75679397583008, 8.16457748413086, 0.0, -36.746646881103516, 14.493881225585938, 0.0, 0.0, 6.273407459259033, 6.273407459259033, -0.0, -0.0, -1.6873321533203125, -1.6873321533203125)
(-36.32497787475586, 14.101391792297363, 0.0, 0.0, -1.0, 0.0, -13.78563404083252, -4.168763160705566, 0.0, 290.5998229980469, -120.8111343383789, 0.0, 1448, 1482, 1507, 1498, -29.846548080444336, -12.173198699951172, 0.0, -36.32497787475586, 14.101391792297363, 0.0, 0.0, 10.810818672180176, 10.810818672180176, -0.0, -0.0, -6.018965244293213, -6.018965244293213)
(-36.5952033996582, 13.35870361328125, 0.0, -1.0, -1.0, 0.0, 6.550244331359863, -15.726015090942383, 0.0, 284.7616271972656, -114.86962890625, 0.0, 1506, 1503, 1461, 1469, -22.074886322021484, 60.82799530029297, 0.0, -36.5952033996582, 13.35870361328125, 0.0, 0.0, -2.9355742931365967, -2.9355742931365967, -0.0, -0.0, -1.3850314617156982, -1.3850314617156982)
(-36.15656280517578, 13.769233703613281, 0.0, -1.0, 0.0, 0.0, 1.5578778982162476, 13.724366188049316, 0.0, 281.25250244140625, -110.15386962890625, 0.0, 1475, 1504, 1478, 1477, -47.0997314453125, 5.541173934936523, 0.0, -36.15656280517578, 13.769233703613281, 0.0, 0.0, 7.49459171295166, 7.49459171295166, -0.0, -0.0, -6.825826168060303, -6.825826168060303)
(-34.918392181396484, 13.52598762512207, 0.0, -1.0, -1.0, 0.0, 8.733449935913086, -2.107694625854492, 0.0, 271.3471374511719, -116.20790100097656, 0.0, 1477, 1447, 1503, 1511, -9.290356636047363, 39.52861404418945, 0.0, -34.918392181396484, 13.52598762512207, 0.0, 0.0, -9.311379432678223, -9.311379432678223, -0.0, -0.0, 5.298215389251709, 5.298215389251709)
(-34.53921890258789, 12.623395919799805, 0.0, -1.0, -1.0, 0.0, -3.0375418663024902, 10.396121978759766, 0.0, 268.3137512207031, -108.98716735839844, 0.0, 1478, 1520, 1477, 1463, -50.11513137817383, 0.5075764656066895, 0.0, -34.53921890258789, 12.623395919799805, 0.0, 0.0, 14.06314468383789, 14.06314468383789, -0.0, -0.0, -6.864963054656982, -6.864963054656982)
(-29.556377410888672, 11.653008460998535, 0.0, -1.0, 0.0, 0.0, 26.596046447753906, -18.367237091064453, 0.0, 228.45101928710938, -93.22406768798828, 0.0, 1486, 1429, 1522, 1504, 9.805712699890137, -6.353449821472168, 0.0, -29.556377410888672, 11.653008460998535, 0.0, 0.0, -9.838128089904785, -9.838128089904785, -0.0, -0.0, 18.689651489257812, 18.689651489257812)
(25.486061096191406, 6.4021830558776855, 0.0, -1.0, -1.0, 0.0, 339.725830078125, -67.86341857910156, 0.0, -211.88848876953125, -59.217464447021484, 0.0, 1595, 1554, 1372, 1417, 78.91635131835938, -14.465551376342773, 0.0, 25.486061096191406, 6.4021830558776855, -0.0, 0.0, -21.780588150024414, -21.780588150024414, 0.0, -0.0, -1.1638062000274658, -1.1638062000274658)
(44.02852249145508, 6.936465740203857, 0.0, 0.0, -1.0, 0.0, -64.35051727294922, 33.80070114135742, 0.0, -352.2281799316406, -63.49172592163086, 0.0, 1349, 1396, 1604, 1589, 35.38405990600586, -15.751873970031738, 0.0, 44.02852249145508, 6.936465740203857, -0.0, 0.0, 15.372653007507324, 15.372653007507324, -0.0, -0.0, -7.9105000495910645, -7.9105000495910645)
(43.13071823120117, 6.9645586013793945, 0.0, -1.0, 0.0, 0.0, -14.197847366333008, 11.541160583496094, 0.0, -353.0457458496094, -55.716468811035156, 0.0, 1381, 1435, 1556, 1566, 1.7637765407562256, -76.10417938232422, 0.0, 43.13071823120117, 6.9645586013793945, -0.0, 0.0, 11.338393211364746, 11.338393211364746, -0.0, -0.0, -15.988343238830566, -15.988343238830566)
(39.123966217041016, 5.372135162353516, 0.0, -1.0, -1.0, 0.0, 10.321236610412598, -29.466472625732422, 0.0, -320.9917297363281, -50.977081298828125, 0.0, 1509, 1467, 1478, 1484, 44.364295959472656, -15.43118953704834, 0.0, 39.123966217041016, 5.372135162353516, -0.0, 0.0, -11.687699317932129, -11.687699317932129, -0.0, -0.0, 8.933674812316895, 8.933674812316895)
(36.24637985229492, 4.868211269378662, 0.0, -1.0, -1.0, 0.0, 2.7487175464630127, -33.48173904418945, 0.0, -297.9710388183594, -46.9456901550293, 0.0, 1504, 1459, 1489, 1485, 64.07896423339844, 21.923969268798828, 0.0, 36.24637985229492, 4.868211269378662, -0.0, 0.0, -10.329458236694336, -10.329458236694336, -0.0, -0.0, 12.42333698272705, 12.42333698272705)
(33.46699905395508, 5.68993616104126, 0.0, -1.0, -1.0, 0.0, 2.5502443313598633, 29.373220443725586, 0.0, -275.7359924316406, -53.51948928833008, 0.0, 1478, 1502, 1467, 1491, 11.530620574951172, 8.522320747375488, 0.0, 33.46699905395508, 5.68993616104126, -0.0, 0.0, -0.16414855420589447, -0.16414855420589447, -0.0, -0.0, -11.822470664978027, -11.822470664978027)
(32.10375213623047, 4.922910213470459, 0.0, -1.0, -1.0, 0.0, -24.808534622192383, 7.373221397399902, 0.0, -264.83001708984375, -47.38328170776367, 0.0, 1426, 1436, 1533, 1542, 4.333434104919434, -26.623029708862305, 0.0, 32.10375213623047, 4.922910213470459, -0.0, 0.0, 0.15082693099975586, 0.15082693099975586, -0.0, -0.0, -4.88753080368042, -4.88753080368042)
(28.866796493530273, 5.840037822723389, 0.0, -1.0, -1.0, 0.0, -19.861968994140625, 14.976274490356445, 0.0, -238.9343719482422, -54.72030258178711, 0.0, 1447, 1462, 1522, 1507, -3.0280303955078125, -8.952692985534668, 0.0, 28.866796493530273, 5.840037822723389, -0.0, 0.0, 7.725860118865967, 7.725860118865967, -0.0, -0.0, 0.08374163508415222, 0.08374163508415222)
(28.298877716064453, 5.167346954345703, 0.0, -1.0, -1.0, 0.0, -14.686396598815918, -20.321435928344727, 0.0, -234.39102172851562, -49.338775634765625, 0.0, 1496, 1469, 1496, 1478, 28.545068740844727, 21.302776336669922, 0.0, 28.298877716064453, 5.167346954345703, -0.0, 0.0, -2.1716020107269287, -2.1716020107269287, -0.0, -0.0, 11.224494934082031, 11.224494934082031)
(23.982227325439453, 5.048131465911865, 0.0, -1.0, 0.0, 0.0, -16.182580947875977, -14.70311450958252, 0.0, -199.85781860351562, -40.38505172729492, 0.0, 1503, 1493, 1473, 1470, 7.371361255645752, 19.146617889404297, 0.0, 23.982227325439453, 5.048131465911865, -0.0, 0.0, -1.8433681726455688, -1.8433681726455688, -0.0, -0.0, 3.1322622299194336, 3.1322622299194336)
(19.76889991760254, 7.051801681518555, 0.0, -1.0, -1.0, 0.0, -17.526092529296875, -3.3596031665802, 0.0, -166.1511993408203, -64.41441345214844, 0.0, 1449, 1446, 1531, 1513, 29.234479904174805, 5.798545837402344, 0.0, 19.76889991760254, 7.051801681518555, -0.0, 0.0, 3.574592351913452, 3.574592351913452, -0.0, -0.0, 5.159140110015869, 5.159140110015869)
(17.952980041503906, 8.384448051452637, 0.0, -1.0, -1.0, 0.0, -0.5947939157485962, -1.5580763816833496, 0.0, -151.62384033203125, -75.0755844116211, 0.0, 1550, 1516, 1446, 1427, 8.101646423339844, 9.471158027648926, 0.0, 17.952980041503906, 8.384448051452637, -0.0, 0.0, -3.678318977355957, -3.678318977355957, -0.0, -0.0, 13.100345611572266, 13.100345611572266)
(16.570350646972656, 7.848071098327637, 0.0, -1.0, 0.0, 0.0, -19.388687133789062, -16.840518951416016, 0.0, -140.56280517578125, -62.784568786621094, 0.0, 1458, 1437, 1528, 1515, 1.7030326128005981, 79.10679626464844, 0.0, 16.570350646972656, 7.848071098327637, -0.0, 0.0, -2.0040526390075684, -2.0040526390075684, -0.0, -0.0, 8.483805656433105, 8.483805656433105)
(15.11208724975586, 7.752018928527832, 0.0, -1.0, 0.0, 0.0, 3.7868854999542236, -12.596243858337402, 0.0, -128.89669799804688, -62.016151428222656, 0.0, 1465, 1463, 1510, 1500, -4.212557792663574, 42.34446716308594, 0.0, 15.11208724975586, 7.752018928527832, -0.0, 0.0, 2.0293188095092773, 2.0293188095092773, -0.0, -0.0, 2.7293648719787598, 2.7293648719787598)
(15.430849075317383, 7.6065778732299805, 0.0, -1.0, -1.0, 0.0, 2.519709825515747, 9.67856502532959, 0.0, -131.44679260253906, -68.85262298583984, 0.0, 1482, 1491, 1490, 1475, -23.226661682128906, 32.93634796142578, 0.0, 15.430849075317383, 7.6065778732299805, -0.0, 0.0, 5.8826584815979, 5.8826584815979, -0.0, -0.0, 1.7943220138549805, 1.7943220138549805)
(15.566118240356445, 7.8860859870910645, 0.0, -1.0, -1.0, 0.0, -11.709298133850098, -6.336702346801758, 0.0, -132.52894592285156, -71.08868408203125, 0.0, 1431, 1424, 1552, 1532, -32.304290771484375, -12.498115539550781, 0.0, 15.566118240356445, 7.8860859870910645, -0.0, 0.0, 3.220879316329956, 3.220879316329956, -0.0, -0.0, 6.673320293426514, 6.673320293426514)
(14.508715629577637, 7.7962422370910645, 0.0, -1.0, -1.0, 0.0, -6.7779998779296875, -28.703113555908203, 0.0, -124.0697250366211, -70.36993408203125, 0.0, 1514, 1504, 1473, 1447, 21.945419311523438, 61.048912048339844, 0.0, 14.508715629577637, 7.7962422370910645, -0.0, 0.0, 3.8110551834106445, 3.8110551834106445, -0.0, -0.0, 8.948875427246094, 8.948875427246094)
(11.691606521606445, 7.941935062408447, 0.0, -1.0, -1.0, 0.0, -9.419220924377441, 22.136579513549805, 0.0, -101.53285217285156, -71.53547668457031, 0.0, 1435, 1438, 1533, 1533, 24.008092880249023, -24.13045310974121, 0.0, 11.691606521606445, 7.941935062408447, -0.0, 0.0, 0.7644062042236328, 0.7644062042236328, -0.0, -0.0, -0.8501543998718262, -0.8501543998718262)
(11.524822235107422, 8.049592971801758, 0.0, -1.0, 0.0, 0.0, -6.228381633758545, 31.96864128112793, 0.0, -100.19857788085938, -64.39674377441406, 0.0, 1470, 1503, 1477, 1488, 2.647118330001831, -28.421649932861328, 0.0, 11.524822235107422, 8.049592971801758, -0.0, 0.0, 5.404961109161377, 5.404961109161377, -0.0, -0.0, -11.143255233764648, -11.143255233764648)
(11.75245189666748, 8.305148124694824, 0.0, -1.0, 0.0, 0.0, 8.473908424377441, 12.396121978759766, 0.0, -102.01961517333984, -66.4411849975586, 0.0, 1466, 1489, 1483, 1499, -11.579448699951172, -4.179033279418945, 0.0, 11.75245189666748, 8.305148124694824, -0.0, 0.0, 1.6706069707870483, 1.6706069707870483, -0.0, -0.0, -9.76974868774414, -9.76974868774414)
(11.223898887634277, 6.89084005355835, 0.0, 0.0, -1.0, 0.0, 8.489175796508789, -17.695480346679688, 0.0, -89.79119110107422, -63.1267204284668, 0.0, 1507, 1469, 1496, 1466, 23.7160587310791, -6.164830207824707, 0.0, 11.223898887634277, 6.89084005355835, -0.0, 0.0, -1.9846739768981934, -1.9846739768981934, -0.0, -0.0, 17.062925338745117, 17.062925338745117)
(12.257041931152344, 6.325328826904297, 0.0, -1.0, -1.0, 0.0, 8.85558795928955, 4.777801513671875, 0.0, -106.05633544921875, -58.602630615234375, 0.0, 1530, 1514, 1445, 1450, 21.165828704833984, 12.275304794311523, 0.0, 12.257041931152344, 6.325328826904297, -0.0, 0.0, -5.281628131866455, -5.281628131866455, -0.0, -0.0, 2.6845765113830566, 2.6845765113830566)
(9.150768280029297, 5.814497947692871, 0.0, -1.0, -1.0, 0.0, -75.37342071533203, 20.60986328125, 0.0, -81.20614624023438, -54.51598358154297, 0.0, 1445, 1485, 1505, 1503, -78.18478393554688, -6.991720199584961, 0.0, 9.150768280029297, 5.814497947692871, -0.0, 0.0, 10.222591400146484, 10.222591400146484, -0.0, -0.0, -9.605302810668945, -9.605302810668945)
(-40.293907165527344, -2.1701157093048096, 0.0, -1.0, -1.0, 0.0, -159.84669494628906, 18.655664443969727, 0.0, 314.35125732421875, 9.360925674438477, 0.0, 1312, 1357, 1623, 1646, 2.039213180541992, -33.30613708496094, 0.0, -40.293907165527344, -2.1701157093048096, 0.0, 0.0, 5.487253189086914, 5.487253189086914, -0.0, -0.0, -16.567169189453125, -16.567169189453125)
(-39.17293167114258, 5.99382209777832, 0.0, -1.0, -1.0, 0.0, 12.916656494140625, 43.77016830444336, 0.0, 305.3834533691406, -55.95057678222656, 0.0, 1555, 1583, 1396, 1404, -20.789752960205078, 22.977264404296875, 0.0, -39.17293167114258, 5.99382209777832, 0.0, 0.0, 4.978283882141113, 4.978283882141113, -0.0, -0.0, -9.337821960449219, -9.337821960449219)
(-34.81963348388672, 8.811171531677246, 0.0, -1.0, -1.0, 0.0, 16.29070281982422, -23.558076858520508, 0.0, 270.55706787109375, -78.48937225341797, 0.0, 1554, 1505, 1446, 1437, -11.822540283203125, -12.444036483764648, 0.0, -34.81963348388672, 8.811171531677246, 0.0, 0.0, -9.958648681640625, -9.958648681640625, -0.0, -0.0, 14.298087120056152, 14.298087120056152)
(-24.896686553955078, 8.85744571685791, 0.0, -1.0, -1.0, 0.0, 172.68765258789062, -53.52754211425781, 0.0, 191.17349243164062, -78.85956573486328, 0.0, 1688, 1581, 1365, 1304, -36.29020309448242, -35.709617614746094, 0.0, -24.896686553955078, 8.85744571685791, 0.0, 0.0, -11.472742080688477, -11.472742080688477, -0.0, -0.0, 42.15049743652344, 42.15049743652344)
(30.788604736328125, -8.161794662475586, 0.0, 0.0, -1.0, 0.0, 41.19146728515625, -28.87105369567871, 0.0, -246.308837890625, 57.29435729980469, 0.0, 1643, 1626, 1357, 1312, 25.883785247802734, 3.796642303466797, 0.0, 30.788604736328125, -8.161794662475586, -0.0, 0.0, 6.694915294647217, 6.694915294647217, 0.0, -0.0, 15.689997673034668, 15.689997673034668)
(11.704283714294434, 1.0966922044754028, 0.0, -1.0, -1.0, 0.0, 12.076961517333984, -18.840518951416016, 0.0, -101.63426971435547, -16.773536682128906, 0.0, 1477, 1422, 1525, 1513, -6.112817764282227, 66.72354888916016, 0.0, 11.704283714294434, 1.0966922044754028, -0.0, 0.0, -10.683688163757324, -10.683688163757324, 0.0, -0.0, 16.703384399414062, 16.703384399414062)
(4.699108123779297, 3.657932996749878, 0.0, -1.0, -1.0, 0.0, -48.80853271484375, 46.899940490722656, 0.0, -45.592864990234375, -37.263465881347656, 0.0, 1413, 1402, 1563, 1559, 18.558584213256836, 42.707462310791016, 0.0, 4.699108123779297, 3.657932996749878, 0.0, 0.0, -1.7243824005126953, -1.7243824005126953, -0.0, -0.0, 3.8752167224884033, 3.8752167224884033)
(23.980777740478516, 11.957067489624023, 0.0, -1.0, -1.0, 0.0, 231.40521240234375, 76.06024169921875, 0.0, -199.84622192382812, -103.65653991699219, 0.0, 1524, 1625, 1358, 1431, -2.888552665710449, -27.18120765686035, 0.0, 23.980777740478516, 11.957067489624023, -0.0, 0.0, 6.861421585083008, 6.861421585083008, -0.0, -0.0, -43.572200775146484, -43.572200775146484)
(34.91580581665039, 7.365330696105957, 0.0, -1.0, -1.0, 0.0, -107.25128173828125, 26.243450164794922, 0.0, -287.3264465332031, -66.92264556884766, 0.0, 1328, 1341, 1644, 1625, -27.10799217224121, 25.417022705078125, 0.0, 34.91580581665039, 7.365330696105957, -0.0, 0.0, 7.768682479858398, 7.768682479858398, -0.0, -0.0, 1.5381094217300415, 1.5381094217300415)
(11.67440414428711, 10.728825569152832, 0.0, -1.0, -1.0, 0.0, -128.93067932128906, -27.26799964904785, 0.0, -101.39523315429688, -93.83060455322266, 0.0, 1405, 1396, 1585, 1556, 26.430280685424805, -20.137672424316406, 0.0, 11.67440414428711, 10.728825569152832, 0.0, 0.0, 5.062905311584473, 5.062905311584473, -0.0, -0.0, 9.751401901245117, 9.751401901245117)
(-38.32762908935547, 20.62091827392578, 0.0, -1.0, -1.0, 0.0, -37.95357131958008, 10.701465606689453, 0.0, 298.62103271484375, -172.96734619140625, 0.0, 1318, 1351, 1618, 1651, -17.706438064575195, -6.936125755310059, 0.0, -38.32762908935547, 20.62091827392578, 0.0, 0.0, 0.35419294238090515, 0.35419294238090515, -0.0, -0.0, -16.537946701049805, -16.537946701049805)
(-27.629377365112305, 21.398515701293945, 0.0, 0.0, -1.0, 0.0, 15.23726749420166, -23.619144439697266, 0.0, 221.03501892089844, -179.18812561035156, 0.0, 1660, 1609, 1357, 1312, -4.727663993835449, 61.70153045654297, 0.0, -27.629377365112305, 21.398515701293945, 0.0, 0.0, -1.10690176486969, -1.10690176486969, -0.0, -0.0, 23.895505905151367, 23.895505905151367)
(-24.689634323120117, 21.972801208496094, 0.0, -1.0, 0.0, 0.0, 42.06169509887695, -35.25273132324219, 0.0, 189.51707458496094, -175.78240966796875, 0.0, 1668, 1592, 1357, 1321, -9.298020362854004, -19.182218551635742, 0.0, -24.689634323120117, 21.972801208496094, 0.0, 0.0, -10.048812866210938, -10.048812866210938, -0.0, -0.0, 28.048078536987305, 28.048078536987305)
(2.645798444747925, 16.793201446533203, 0.0, -1.0, -1.0, 0.0, 253.51206970214844, -32.382503509521484, 0.0, -29.1663875579834, -142.34561157226562, 0.0, 1635, 1634, 1323, 1346, -18.05197525024414, 0.16526269912719727, 0.0, 2.645798444747925, 16.793201446533203, -0.0, 0.0, -6.061595439910889, -6.061595439910889, -0.0, -0.0, -5.599682331085205, -5.599682331085205)
(30.788482666015625, 12.78387451171875, 0.0, -1.0, 0.0, 0.0, -3.9841067790985107, -4.580976963043213, 0.0, -254.307861328125, -102.27099609375, 0.0, 1491, 1441, 1514, 1492, 29.422626495361328, 0.06121635437011719, 0.0, 30.788482666015625, 12.78387451171875, -0.0, 0.0, -6.822244167327881, -6.822244167327881, -0.0, -0.0, 17.856229782104492, 17.856229782104492)
(24.215646743774414, 13.530648231506348, 0.0, -1.0, -1.0, 0.0, -39.26654815673828, 36.51826095581055, 0.0, -201.7251739501953, -116.24518585205078, 0.0, 1404, 1455, 1535, 1544, 17.206146240234375, -32.09783935546875, 0.0, 24.215646743774414, 13.530648231506348, -0.0, 0.0, 10.577434539794922, 10.577434539794922, -0.0, -0.0, -15.111700057983398, -15.111700057983398)
(20.150470733642578, 14.022985458374023, 0.0, -1.0, 0.0, 0.0, -8.350519180297852, 18.243450164794922, 0.0, -169.20376586914062, -112.18388366699219, 0.0, 1481, 1485, 1496, 1476, 14.296455383300781, -9.743852615356445, 0.0, 20.150470733642578, 14.022985458374023, -0.0, 0.0, 5.981153964996338, 5.981153964996338, -0.0, -0.0, 3.7423629760742188, 3.7423629760742188)
(19.360782623291016, 13.509048461914062, 0.0, -1.0, -1.0, 0.0, 7.81742000579834, 8.090778350830078, 0.0, -162.88626098632812, -116.0723876953125, 0.0, 1482, 1481, 1490, 1485, -32.02263259887695, 9.979887962341309, 0.0, 19.360782623291016, 13.509048461914062, -0.0, 0.0, 0.94813472032547, 0.94813472032547, -0.0, -0.0, 1.5964783430099487, 1.5964783430099487)
(17.394521713256836, 13.848562240600586, 0.0, 0.0, -1.0, 0.0, -8.411587715148926, 9.693832397460938, 0.0, -139.1561737060547, -118.78849792480469, 0.0, 1494, 1480, 1487, 1476, 38.34700012207031, -1.7733345031738281, 0.0, 17.394521713256836, 13.848562240600586, -0.0, 0.0, -0.8583848476409912, -0.8583848476409912, -0.0, -0.0, 6.1438188552856445, 6.1438188552856445)
(14.483647346496582, 13.202171325683594, 0.0, -1.0, -1.0, 0.0, -19.388687133789062, -2.229832172393799, 0.0, -123.86917877197266, -113.61737060546875, 0.0, 1464, 1500, 1474, 1501, 10.070070266723633, -15.619284629821777, 0.0, 14.483647346496582, 13.202171325683594, -0.0, -0.0, 2.174801826477051, 2.174801826477051, -0.0, -0.0, -15.773138999938965, -15.773138999938965)
(4.326340675354004, 10.674501419067383, 0.0, -1.0, 0.0, 0.0, -171.29708862304688, -2.0160915851593018, 0.0, -42.61072540283203, -85.39601135253906, 0.0, 1430, 1468, 1536, 1504, 19.015409469604492, 0.3022885322570801, 0.0, 4.326340675354004, 10.674501419067383, 0.0, -0.0, 17.48131561279297, 17.48131561279297, -0.0, -0.0, -1.792812705039978, -1.792812705039978)
(-38.32001495361328, 16.832612991333008, 0.0, -1.0, -1.0, 0.0, -45.1596794128418, 57.32741928100586, 0.0, 298.56011962890625, -142.66090393066406, 0.0, 1323, 1346, 1634, 1635, -39.451236724853516, -41.527828216552734, 0.0, -38.32001495361328, 16.832612991333008, 0.0, 0.0, 5.463232040405273, 5.463232040405273, -0.0, -0.0, -5.681949138641357, -5.681949138641357)
(-25.774005889892578, 16.820884704589844, 0.0, -1.0, -1.0, 0.0, 3.7105495929718018, 25.495359420776367, 0.0, 198.19204711914062, -142.56707763671875, 0.0, 1552, 1575, 1420, 1392, -45.943851470947266, -16.820804595947266, 0.0, -25.774005889892578, 16.820884704589844, 0.0, 0.0, 12.514174461364746, 12.514174461364746, -0.0, -0.0, 1.4719842672348022, 1.4719842672348022)
(-24.55655288696289, 16.1135196685791, 0.0, -1.0, -1.0, 0.0, 40.71818161010742, -31.481740951538086, 0.0, 188.45242309570312, -136.9081573486328, 0.0, 1615, 1576, 1385, 1366, -29.968053817749023, -2.8319895267486572, 0.0, -24.55655288696289, 16.1135196685791, 0.0, 0.0, -4.792787075042725, -4.792787075042725, -0.0, -0.0, 14.497252464294434, 14.497252464294434)
(-18.477876663208008, 12.376680374145508, 0.0, -1.0, -1.0, 0.0, -2.442122220993042, 26.915206909179688, 0.0, 139.82301330566406, -107.01344299316406, 0.0, 1418, 1437, 1537, 1546, -23.011816024780273, -25.261409759521484, 0.0, -18.477876663208008, 12.376680374145508, 0.0, 0.0, 2.449522018432617, 2.449522018432617, -0.0, -0.0, -7.2361602783203125, -7.2361602783203125)
(-20.64101219177246, 11.285057067871094, 0.0, -1.0, -1.0, 0.0, -20.548992156982422, 13.373221397399902, 0.0, 157.1280975341797, -98.28045654296875, 0.0, 1496, 1506, 1461, 1476, -9.829294204711914, -17.89537811279297, 0.0, -20.64101219177246, 11.285057067871094, 0.0, 0.0, -1.4581451416015625, -1.4581451416015625, -0.0, -0.0, -6.322864532470703, -6.322864532470703)
(-22.156719207763672, 10.573955535888672, 0.0, -1.0, -1.0, 0.0, 12.19909954071045, 8.869404792785645, 0.0, 169.25375366210938, -92.59164428710938, 0.0, 1421, 1447, 1519, 1551, -36.601966857910156, -4.770832538604736, 0.0, -22.156719207763672, 10.573955535888672, 0.0, 0.0, -1.434278964996338, -1.434278964996338, -0.0, -0.0, -14.60933780670166, -14.60933780670166)
(-20.404348373413086, 9.938251495361328, 0.0, -1.0, -1.0, 0.0, 8.718183517456055, -16.42830467224121, 0.0, 155.2347869873047, -87.50601196289062, 0.0, 1488, 1439, 1518, 1494, -10.6577787399292, 10.497798919677734, 0.0, -20.404348373413086, 9.938251495361328, 0.0, 0.0, -6.358005523681641, -6.358005523681641, -0.0, -0.0, 18.1779727935791, 18.1779727935791)
(-20.526288986206055, 9.881340980529785, 0.0, -1.0, 0.0, 0.0, 0.29070228338241577, 46.13658142089844, 0.0, 156.21031188964844, -79.05072784423828, 0.0, 1428, 1456, 1523, 1531, -24.692426681518555, -67.14138793945312, 0.0, -20.526288986206055, 9.881340980529785, 0.0, 0.0, 5.224989891052246, 5.224989891052246, -0.0, -0.0, -8.867721557617188, -8.867721557617188)
(2.2873167991638184, 10.88378620147705, 0.0, -1.0, -1.0, 0.0, 206.09222412109375, -93.08479309082031, 0.0, -26.298534393310547, -95.0702896118164, 0.0, 1626, 1565, 1384, 1362, -23.141735076904297, 19.742084503173828, 0.0, 2.2873167991638184, 10.88378620147705, -0.0, 0.0, -9.685007095336914, -9.685007095336914, -0.0, -0.0, 20.66460609436035, 20.66460609436035)
(37.550514221191406, -1.9217480421066284, 0.0, -1.0, 0.0, 0.0, 38.30596923828125, -8.061893463134766, 0.0, -308.40411376953125, 15.373984336853027, 0.0, 1371, 1411, 1560, 1596, -19.83806800842285, 7.974907875061035, 0.0, 37.550514221191406, -1.9217480421066284, -0.0, 0.0, 1.3348641395568848, 1.3348641395568848, 0.0, -0.0, -18.951915740966797, -18.951915740966797)
(18.77318000793457, 2.8201851844787598, 0.0, -1.0, -1.0, 0.0, -130.3963165283203, 96.24345397949219, 0.0, -158.18544006347656, -30.561481475830078, 0.0, 1335, 1334, 1655, 1614, 5.942023277282715, 73.03707122802734, 0.0, 18.77318000793457, 2.8201851844787598, -0.0, 0.0, 10.272356033325195, 10.272356033325195, -0.0, -0.0, 10.527735710144043, 10.527735710144043)
(8.749570846557617, 10.156473159790039, 0.0, -1.0, -1.0, 0.0, -1.694030523300171, 39.70909881591797, 0.0, -77.99656677246094, -89.25178527832031, 0.0, 1465, 1489, 1475, 1510, 10.365948677062988, -26.567428588867188, 0.0, 8.749570846557617, 10.156473159790039, -0.0, 0.0, -2.6528592109680176, -2.6528592109680176, -0.0, -0.0, -14.675918579101562, -14.675918579101562)
(3.215270757675171, 10.285367012023926, 0.0, -1.0, -1.0, 0.0, -71.587158203125, 43.983909606933594, 0.0, -33.72216796875, -90.2829360961914, 0.0, 1395, 1406, 1573, 1564, -72.76753997802734, -4.635845184326172, 0.0, 3.215270757675171, 10.285367012023926, 0.0, 0.0, 4.904340744018555, 4.904340744018555, -0.0, -0.0, -0.5742842555046082, -0.5742842555046082)
(-33.29254150390625, 10.32619857788086, 0.0, -1.0, -1.0, 0.0, -172.42684936523438, -54.56570816040039, 0.0, 258.34033203125, -90.60958862304688, 0.0, 1349, 1320, 1623, 1646, -17.750606536865234, -1.6249887943267822, 0.0, -33.29254150390625, 10.32619857788086, 0.0, 0.0, -12.817789077758789, -12.817789077758789, -0.0, -0.0, 1.5542426109313965, 1.5542426109313965)
(-34.76993942260742, 11.042011260986328, 0.0, -1.0, -1.0, 0.0, 37.313602447509766, 25.9533748626709, 0.0, 270.1595153808594, -96.33609008789062, 0.0, 1574, 1604, 1382, 1378, -18.41590118408203, 30.445526123046875, 0.0, -34.76993942260742, 11.042011260986328, 0.0, 0.0, 8.548114776611328, 8.548114776611328, -0.0, -0.0, -6.3954291343688965, -6.3954291343688965)
(-27.005855560302734, 13.576006889343262, 0.0, -1.0, 0.0, 0.0, 23.756351470947266, 27.52589225769043, 0.0, 208.04684448242188, -108.6080551147461, 0.0, 1443, 1475, 1497, 1522, -28.029308319091797, -64.69148254394531, 0.0, -27.005855560302734, 13.576006889343262, 0.0, 0.0, 1.6014344692230225, 1.6014344692230225, -0.0, -0.0, -14.361440658569336, -14.361440658569336)
(-20.83236312866211, 12.242112159729004, 0.0, -1.0, 0.0, 0.0, -6.350519180297852, 6.5793280601501465, 0.0, 158.65890502929688, -97.93689727783203, 0.0, 1519, 1528, 1440, 1451, -13.338608741760254, -16.086931228637695, 0.0, -20.83236312866211, 12.242112159729004, 0.0, 0.0, -0.6874058842658997, -0.6874058842658997, -0.0, -0.0, -4.8323469161987305, -4.8323469161987305)
(-24.42671775817871, 12.425447463989258, 0.0, -1.0, -1.0, 0.0, 11.878488540649414, 24.304519653320312, 0.0, 187.4137420654297, -107.40357971191406, 0.0, 1470, 1463, 1481, 1524, 6.716993808746338, 6.678581237792969, 0.0, -24.42671775817871, 12.425447463989258, 0.0, 0.0, -12.398396492004395, -12.398396492004395, -0.0, -0.0, -8.893296241760254, -8.893296241760254)
(-22.8472900390625, 11.578295707702637, 0.0, -1.0, -1.0, 0.0, 8.779252052307129, -14.245099067687988, 0.0, 182.7783203125, -100.6263656616211, 0.0, 1481, 1493, 1484, 1479, -36.195491790771484, 17.208778381347656, 0.0, -22.8472900390625, 11.578295707702637, 0.0, 0.0, 4.398900032043457, 4.398900032043457, -0.0, -0.0, -1.94517183303833, -1.94517183303833)
(-12.631211280822754, 12.310256004333496, 0.0, -1.0, -1.0, 0.0, 100.84032440185547, 10.289252281188965, 0.0, 93.04969024658203, -106.48204803466797, 0.0, 1490, 1485, 1480, 1482, -26.81330680847168, 19.71933364868164, 0.0, -12.631211280822754, 12.310256004333496, -0.0, 0.0, -1.7449897527694702, -1.7449897527694702, -0.0, -0.0, 0.7606689929962158, 0.7606689929962158)
(26.46843147277832, 9.21839427947998, 0.0, -1.0, -1.0, 0.0, 237.6800079345703, -83.05426025390625, 0.0, -219.74745178222656, -81.74715423583984, 0.0, 1531, 1531, 1427, 1450, 65.9299087524414, 1.29551362991333, 0.0, 26.46843147277832, 9.21839427947998, -0.0, 0.0, -5.804201126098633, -5.804201126098633, 0.0, -0.0, -5.70609712600708, -5.70609712600708)
(32.87638854980469, 7.669554233551025, 0.0, -1.0, -1.0, 0.0, -116.35051727294922, 20.136579513549805, 0.0, -271.0111083984375, -69.35643005371094, 0.0, 1325, 1344, 1627, 1642, 0.16424810886383057, -19.724342346191406, 0.0, 32.87638854980469, 7.669554233551025, -0.0, 0.0, 1.4030591249465942, 1.4030591249465942, -0.0, -0.0, -8.454410552978516, -8.454410552978516)
(-11.63730239868164, 11.218230247497559, 0.0, -1.0, -1.0, 0.0, -215.77037048339844, 194.9152069091797, 0.0, 85.09841918945312, -97.74584197998047, 0.0, 1299, 1370, 1574, 1695, 13.711569786071777, -74.82494354248047, 0.0, -11.63730239868164, 11.218230247497559, 0.0, 0.0, -12.298332214355469, -12.298332214355469, -0.0, -0.0, -48.06977081298828, -48.06977081298828)
(-12.911270141601562, 12.666729927062988, 0.0, -1.0, 0.0, 0.0, 175.46627807617188, -3.787083864212036, 0.0, 95.2901611328125, -101.3338394165039, 0.0, 1526, 1572, 1414, 1425, -6.279870986938477, 12.760623931884766, 0.0, -12.911270141601562, 12.666729927062988, -0.0, 0.0, 8.861349105834961, 8.861349105834961, -0.0, -0.0, -14.298580169677734, -14.298580169677734)
(23.219919204711914, 0.8459399342536926, 0.0, -1.0, 0.0, 0.0, 13.557877540588379, -28.275632858276367, 0.0, -193.7593536376953, -6.767519474029541, 0.0, 1584, 1616, 1368, 1370, -1.4103460311889648, -11.09389877319336, 0.0, 23.219919204711914, 0.8459399342536926, -0.0, 0.0, 7.22692346572876, 7.22692346572876, 0.0, -0.0, -8.469026565551758, -8.469026565551758)
(-9.393577575683594, 5.959442615509033, 0.0, -1.0, -1.0, 0.0, -204.6864013671875, 103.22055053710938, 0.0, 67.14862060546875, -55.675540924072266, 0.0, 1337, 1332, 1639, 1630, -4.539956569671631, -30.692420959472656, 0.0, -9.393577575683594, 5.959442615509033, 0.0, 0.0, 1.2095363140106201, 1.2095363140106201, -0.0, -0.0, 3.7703745365142822, 3.7703745365142822)
(-26.05105972290039, 4.5310468673706055, 0.0, -1.0, -1.0, 0.0, 126.33650207519531, 15.403756141662598, 0.0, 200.40847778320312, -44.248374938964844, 0.0, 1509, 1496, 1458, 1475, -19.86334991455078, 34.30306625366211, 0.0, -26.05105972290039, 4.5310468673706055, 0.0, 0.0, -7.486922264099121, -7.486922264099121, -0.0, -0.0, -1.3308825492858887, -1.3308825492858887)
(15.368035316467285, -1.8969439268112183, 0.0, -1.0, 0.0, 0.0, -65.48029327392578, 70.28925323486328, 0.0, -130.94427490234375, 15.175551414489746, 0.0, 1352, 1441, 1559, 1587, 8.124755859375, -42.39377212524414, 0.0, 15.368035316467285, -1.8969439268112183, -0.0, 0.0, 15.05913257598877, 15.05913257598877, -0.0, -0.0, -29.02870750427246, -29.02870750427246)
(-20.702335357666016, 8.002202033996582, 0.0, -1.0, 0.0, 0.0, 119.68001556396484, 32.350318908691406, 0.0, 157.61868286132812, -64.01761627197266, 0.0, 1510, 1517, 1430, 1481, 9.518508911132812, -42.56606674194336, 0.0, -20.702335357666016, 8.002202033996582, 0.0, 0.0, -10.84518051147461, -10.84518051147461, -0.0, -0.0, -14.545156478881836, -14.545156478881836)
(5.605254650115967, 5.8257737159729, 0.0, -1.0, 0.0, 0.0, -131.46502685546875, 9.419022560119629, 0.0, -52.842037200927734, -46.6061897277832, 0.0, 1408, 1328, 1622, 1580, 36.8408203125, -26.3209228515625, 0.0, 5.605254650115967, 5.8257737159729, 0.0, 0.0, -9.655557632446289, -9.655557632446289, -0.0, -0.0, 30.48577880859375, 30.48577880859375)
(-3.262772798538208, 6.598620414733887, 0.0, -1.0, 0.0, 0.0, 202.68765258789062, -64.67257690429688, 0.0, 18.102182388305664, -52.788963317871094, 0.0, 1559, 1626, 1357, 1396, -25.993432998657227, -18.281513214111328, 0.0, -3.262772798538208, 6.598620414733887, -0.0, 0.0, 6.975675582885742, 6.975675582885742, 0.0, -0.0, -26.1420841217041, -26.1420841217041)
(-17.659988403320312, 11.498839378356934, 0.0, -1.0, -1.0, 0.0, -148.73219299316406, 25.174747467041016, 0.0, 133.2799072265625, -99.99071502685547, 0.0, 1388, 1457, 1524, 1568, 0.14799976348876953, -25.99506950378418, 0.0, -17.659988403320312, 11.498839378356934, 0.0, 0.0, 6.231021881103516, 6.231021881103516, -0.0, -0.0, -28.33003044128418, -28.33003044128418)
(8.679291725158691, 6.897688388824463, 0.0, -1.0, -1.0, 0.0, 41.58841323852539, 5.464824199676514, 0.0, -69.43433380126953, -63.1815071105957, 0.0, 1402, 1398, 1576, 1562, 11.363532066345215, 30.970802307128906, 0.0, 8.679291725158691, 6.897688388824463, -0.0, 0.0, 2.2338521480560303, 2.2338521480560303, -0.0, -0.0, 4.500717639923096, 4.500717639923096)
(-7.7650933265686035, 7.30710506439209, 0.0, -1.0, 0.0, 0.0, 94.42810821533203, -72.65731048583984, 0.0, 54.12074661254883, -58.45684051513672, 0.0, 1649, 1580, 1367, 1342, 13.588871955871582, -11.294904708862305, 0.0, -7.7650933265686035, 7.30710506439209, -0.0, 0.0, -11.178914070129395, -11.178914070129395, 0.0, -0.0, 23.290061950683594, 23.290061950683594)
(6.38051176071167, 2.638759136199951, 0.0, -1.0, -1.0, 0.0, -28.640594482421875, 29.251083374023438, 0.0, -59.04409408569336, -29.11007308959961, 0.0, 1386, 1438, 1534, 1580, -46.370460510253906, 27.936874389648438, 0.0, 6.38051176071167, 2.638759136199951, -0.0, 0.0, 1.6958227157592773, 1.6958227157592773, -0.0, -0.0, -24.407487869262695, -24.407487869262695)
(-29.047924041748047, 2.096602201461792, 0.0, -1.0, -1.0, 0.0, -206.57952880859375, 20.54879379272461, 0.0, 224.38339233398438, -24.772817611694336, 0.0, 1296, 1373, 1598, 1671, -26.63534927368164, 13.932733535766602, 0.0, -29.047924041748047, 2.096602201461792, 0.0, 0.0, 0.9267063140869141, 0.9267063140869141, -0.0, -0.0, -37.37287521362305, -37.37287521362305)
(-20.141685485839844, 1.0462958812713623, 0.0, -1.0, 0.0, 0.0, 78.641845703125, -56.67258071899414, 0.0, 153.13348388671875, -8.370367050170898, 0.0, 1608, 1533, 1417, 1380, 13.705648422241211, 70.14737701416016, 0.0, -20.141685485839844, 1.0462958812713623, 0.0, 0.0, -9.325284957885742, -9.325284957885742, 0.0, -0.0, 27.948152542114258, 27.948152542114258)
(-19.596677780151367, 0.42803630232810974, 0.0, -1.0, -1.0, 0.0, -51.465023040771484, -10.871053695678711, 0.0, 148.77342224121094, -11.424290657043457, 0.0, 1422, 1429, 1561, 1530, -65.75504302978516, -11.615495681762695, 0.0, -19.596677780151367, 0.42803630232810974, 0.0, 0.0, 9.69589614868164, 9.69589614868164, -0.0, -0.0, 6.00268030166626, 6.00268030166626)
(-24.650012969970703, 1.9048871994018555, 0.0, -1.0, 0.0, 0.0, 17.313602447509766, -14.764183044433594, 0.0, 189.20010375976562, -15.239097595214844, 0.0, 1511, 1484, 1484, 1458, -8.1177339553833, 18.927595138549805, 0.0, -24.650012969970703, 1.9048871994018555, 0.0, 0.0, -0.45102617144584656, -0.45102617144584656, -0.0, -0.0, 13.087013244628906, 13.087013244628906)
(14.279192924499512, 1.1784125566482544, 0.0, 0.0, -1.0, 0.0, 205.64947509765625, -104.55044555664062, 0.0, -114.2335433959961, -17.42729949951172, 0.0, 1682, 1587, 1374, 1295, 13.915034294128418, 34.04335403442383, 0.0, 14.279192924499512, 1.1784125566482544, -0.0, 0.0, -3.550909996032715, -3.550909996032715, 0.0, -0.0, 43.45006561279297, 43.45006561279297)
(14.399133682250977, 3.197744131088257, 0.0, -1.0, -1.0, 0.0, -43.129146575927734, 0.7014656662940979, 0.0, -123.19306945800781, -33.58195495605469, 0.0, 1519, 1497, 1476, 1446, -4.960460662841797, -10.661712646484375, 0.0, 14.399133682250977, 3.197744131088257, -0.0, 0.0, 1.9090880155563354, 1.9090880155563354, -0.0, -0.0, 12.796411514282227, 12.796411514282227)
(18.01640510559082, 1.9245848655700684, 0.0, -1.0, -1.0, 0.0, 43.634212493896484, -15.100061416625977, 0.0, -152.13124084472656, -23.396678924560547, 0.0, 1480, 1454, 1514, 1490, 37.88505935668945, -0.8564810752868652, 0.0, 18.01640510559082, 1.9245848655700684, -0.0, 0.0, -0.5433576107025146, -0.5433576107025146, -0.0, -0.0, 12.158147811889648, 12.158147811889648)
(20.798330307006836, 3.320924758911133, 0.0, -1.0, 0.0, 0.0, -2.503190755844116, 8.533526420593262, 0.0, -174.3866424560547, -26.567398071289062, 0.0, 1461, 1454, 1515, 1508, 29.276750564575195, -10.635442733764648, 0.0, 20.798330307006836, 3.320924758911133, -0.0, 0.0, -0.2243976891040802, -0.2243976891040802, -0.0, -0.0, 3.4341659545898438, 3.4341659545898438)
(17.902406692504883, 3.7846789360046387, 0.0, -1.0, -1.0, 0.0, -6.426855087280273, -17.084793090820312, 0.0, -151.21925354003906, -38.27743148803711, 0.0, 1479, 1458, 1507, 1494, 7.94442892074585, 38.147117614746094, 0.0, 17.902406692504883, 3.7846789360046387, -0.0, 0.0, -2.0076892375946045, -2.0076892375946045, -0.0, -0.0, 8.34799575805664, 8.34799575805664)
(15.077251434326172, 4.615860939025879, 0.0, -1.0, -1.0, 0.0, -13.831435203552246, -2.7336487770080566, 0.0, -128.61801147460938, -44.92688751220703, 0.0, 1482, 1469, 1495, 1493, 31.202363967895508, -6.065208911895752, 0.0, 15.077251434326172, 4.615860939025879, -0.0, 0.0, -2.6958281993865967, -2.6958281993865967, -0.0, -0.0, 3.906857967376709, 3.906857967376709)
(9.865730285644531, 5.013797283172607, 0.0, -1.0, -1.0, 0.0, -16.304718017578125, 29.77016830444336, 0.0, -86.92584228515625, -48.11037826538086, 0.0, 1491, 1498, 1447, 1450, -24.81644630432129, 27.488460540771484, 0.0, 9.865730285644531, 5.013797283172607, -0.0, 0.0, 0.882774293422699, 0.882774293422699, -0.0, -0.0, -2.5594468116760254, -2.5594468116760254)
(2.6071300506591797, 5.678004741668701, 0.0, -1.0, 0.0, 0.0, -59.541358947753906, 18.884672164916992, 0.0, -28.857040405273438, -45.42403793334961, 0.0, 1000, 1000, 1000, 1000, -4.5723371505737305, 11.678544998168945, 0.0, 2.6071300506591797, 5.678004741668701, 0.0, 0.0, 0.728624165058136, 0.728624165058136, -0.0, -0.0, -22.130922317504883, -22.130922317504883)
(-5.289678573608398, 0.5806788206100464, 0.0, -1.0, -1.0, 0.0, -5.3886871337890625, -16.21456527709961, 0.0, 34.31742858886719, -12.645430564880371, 0.0, 1000, 1000, 1000, 1000, -0.09395337104797363, -2.9060466289520264, 0.0, -5.289678573608398, 0.5806788206100464, 0.0, 0.0, -0.5987081527709961, -0.5987081527709961, 0.0, -0.0, -0.2343064397573471, -0.2343064397573471)
(-6.316370010375977, -1.2308369874954224, 0.0, -1.0, -1.0, 0.0, -1.8772366046905518, 1.1594809293746948, 0.0, 42.53096008300781, 1.846695899963379, 0.0, 1000, 1000, 1000, 1000, -3.8412485122680664, -9.101875305175781, 0.0, -6.316370010375977, -1.2308369874954224, 0.0, 0.0, -0.09975115209817886, -0.09975115209817886, 0.0, -0.0, 1.1616435050964355, 1.1616435050964355)
(-6.689836502075195, -6.479897975921631, 0.0, -1.0, -1.0, 0.0, -3.9993741512298584, -27.466472625732422, 0.0, 45.51869201660156, 43.83918380737305, 0.0, 1000, 1000, 1000, 1000, -10.094508171081543, -13.568106651306152, 0.0, -6.689836502075195, -6.479897975921631, 0.0, 0.0, 0.5831701159477234, 0.5831701159477234, 0.0, -0.0, -1.4008312225341797, -1.4008312225341797)
(-7.968340873718262, -7.304703235626221, 0.0, -1.0, -1.0, 0.0, -10.152046203613281, 13.48009204864502, 0.0, 55.746726989746094, 50.437625885009766, 0.0, 1000, 1000, 1000, 1000, -8.130484580993652, -10.46324348449707, 0.0, -7.968340873718262, -7.304703235626221, 0.0, 0.0, -0.08677450567483902, -0.08677450567483902, 0.0, -0.0, -0.9645481705665588, -0.9645481705665588)
(-8.51701545715332, -7.703227519989014, 0.0, -1.0, -1.0, 0.0, 4.168564796447754, -8.886321067810059, 0.0, 60.13612365722656, 53.62582015991211, 0.0, 1000, 1000, 1000, 1000, -9.964131355285645, -15.86388111114502, 0.0, -8.51701545715332, -7.703227519989014, 0.0, 0.0, -0.8090440034866333, -0.8090440034866333, 0.0, -0.0, -4.672589302062988, -4.672589302062988)
(-10.368561744689941, -11.700098037719727, 0.0, -1.0, -1.0, 0.0, -19.923038482666016, -7.756549835205078, 0.0, 74.94849395751953, 85.60078430175781, 0.0, 1000, 1000, 1000, 1000, -8.278539657592773, -17.64522933959961, 0.0, -10.368561744689941, -11.700098037719727, 0.0, 0.0, 0.5068367123603821, 0.5068367123603821, 0.0, -0.0, 0.4632324278354645, 0.4632324278354645)
(-13.32924747467041, -13.90148639678955, 0.0, -1.0, 0.0, 0.0, 30.153297424316406, 29.58696174621582, 0.0, 98.63397979736328, 111.2118911743164, 0.0, 1000, 1000, 1000, 1000, -19.250181198120117, -24.398332595825195, 0.0, -13.32924747467041, -13.90148639678955, 0.0, 0.0, -3.56058931350708, -3.56058931350708, 0.0, -0.0, -2.5366241931915283, -2.5366241931915283)
(-10.930303573608398, -10.986613273620605, 0.0, -1.0, -1.0, 0.0, 6.412839889526367, 0.3350534439086914, 0.0, 79.44242858886719, 79.89290618896484, 0.0, 1000, 1000, 1000, 1000, -8.176775932312012, -13.992151260375977, 0.0, -10.930303573608398, -10.986613273620605, 0.0, 0.0, -0.04136773571372032, -0.04136773571372032, 0.0, -0.0, 1.9308815002441406, 1.9308815002441406)
(-11.17525577545166, -9.58903980255127, 0.0, -1.0, -1.0, 0.0, -3.7398321628570557, 6.686198711395264, 0.0, 81.40204620361328, 68.71231842041016, 0.0, 1000, 1000, 1000, 1000, -9.562366485595703, -5.352997779846191, 0.0, -11.17525577545166, -9.58903980255127, 0.0, 0.0, -0.5468705296516418, -0.5468705296516418, 0.0, -0.0, 1.5643961429595947, 1.5643961429595947)
(-11.092860221862793, -7.448838710784912, 0.0, -1.0, 0.0, 0.0, 29.496809005737305, 45.724365234375, 0.0, 80.74288177490234, 59.5907096862793, 0.0, 1000, 1000, 1000, 1000, -15.202585220336914, -3.7279534339904785, 0.0, -11.092860221862793, -7.448838710784912, 0.0, 0.0, -8.701302528381348, -8.701302528381348, 0.0, -0.0, 2.4817965030670166, 2.4817965030670166)
(-10.516114234924316, -6.396267414093018, 0.0, -1.0, -1.0, 0.0, -2.4879236221313477, -0.8863205909729004, 0.0, 76.12891387939453, 43.17013931274414, 0.0, 1000, 1000, 1000, 1000, -8.571792602539062, -2.9406609535217285, 0.0, -10.516114234924316, -6.396267414093018, 0.0, 0.0, 0.27464553713798523, 0.27464553713798523, 0.0, -0.0, 0.6080367565155029, 0.6080367565155029)
(-10.323874473571777, -5.997081279754639, 0.0, -1.0, 0.0, 0.0, 0.9777252078056335, 3.128946542739868, 0.0, 74.59099578857422, 47.97665023803711, 0.0, 1000, 1000, 1000, 1000, -7.941745758056641, -8.045119285583496, 0.0, -10.323874473571777, -5.997081279754639, 0.0, 0.0, 0.10055895894765854, 0.10055895894765854, 0.0, -0.0, 0.08405355364084244, 0.08405355364084244)
(-10.302177429199219, -5.883833885192871, 0.0, -1.0, -1.0, 0.0, -0.16731297969818115, 1.4495573043823242, 0.0, 74.41741943359375, 39.07067108154297, 0.0, 1000, 1000, 1000, 1000, -9.174796104431152, -7.922606945037842, 0.0, -10.302177429199219, -5.883833885192871, 0.0, 0.0, 0.1352515071630478, 0.1352515071630478, 0.0, -0.0, 0.06267686188220978, 0.06267686188220978)
(-10.277875900268555, -5.809240818023682, 0.0, -1.0, -1.0, 0.0, -0.2741832137107849, 1.388488531112671, 0.0, 74.22300720214844, 38.47392654418945, 0.0, 1000, 1000, 1000, 1000, -9.365484237670898, -8.293164253234863, 0.0, -10.277875900268555, -5.809240818023682, 0.0, 0.0, 0.04737885296344757, 0.04737885296344757, 0.0, -0.0, -3.0050930976867676, -3.0050930976867676)
(-10.269394874572754, -5.744280815124512, 0.0, -1.0, -1.0, 0.0, -0.3199847340583801, 1.312152624130249, 0.0, 74.15515899658203, 37.954246520996094, 0.0, 1000, 1000, 1000, 1000, -9.65787124633789, -8.724016189575195, 0.0, -10.269394874572754, -5.744280815124512, 0.0, 0.0, -0.029049407690763474, -0.029049407690763474, 0.0, -0.0, -0.017566196620464325, -0.017566196620464325)
(-10.265166282653809, -5.68972110748291, 0.0, -1.0, 0.0, 0.0, -0.4268549680709839, 1.2358168363571167, 0.0, 74.12133026123047, 45.51776885986328, 0.0, 1000, 1000, 1000, 1000, -9.516024589538574, -8.18498420715332, 0.0, -10.265166282653809, -5.68972110748291, 0.0, 0.0, 0.06939948350191116, 0.06939948350191116, 0.0, -0.0, 0.02124875783920288, 0.02124875783920288)
(-10.255789756774902, -5.635589599609375, 0.0, -1.0, -1.0, 0.0, -0.36578625440597534, 1.1594809293746948, 0.0, 74.04631805419922, 37.084716796875, 0.0, 1000, 1000, 1000, 1000, -9.15742015838623, -8.459205627441406, 0.0, -10.255789756774902, -5.635589599609375, 0.0, 0.0, -0.020045673474669456, -0.020045673474669456, 0.0, -0.0, 0.006777237169444561, 0.006777237169444561)
(-10.253326416015625, -5.594160556793213, 0.0, -1.0, 0.0, 0.0, -0.3047175705432892, 1.403755784034729, 0.0, 74.026611328125, 44.7532844543457, 0.0, 1000, 1000, 1000, 1000, -9.516024589538574, -8.18498420715332, 0.0, -10.253326416015625, -5.594160556793213, 0.0, 0.0, 0.0029638733249157667, 0.0029638733249157667, 0.0, -0.0, -0.09635031968355179, -0.09635031968355179)
(-10.250123977661133, -5.556624412536621, 0.0, -1.0, -1.0, 0.0, -0.4726564884185791, 1.3426870107650757, 0.0, 74.00099182128906, 36.45299530029297, 0.0, 1000, 1000, 1000, 1000, -9.429795265197754, -8.371777534484863, 0.0, -10.250123977661133, -5.556624412536621, 0.0, 0.0, -0.002518286230042577, -0.002518286230042577, 0.0, -0.0, -0.07121345400810242, -0.07121345400810242)
(-10.246573448181152, -5.519443511962891, 0.0, -1.0, -1.0, 0.0, -0.48792365193367004, 1.4342900514602661, 0.0, 73.97258758544922, 36.155548095703125, 0.0, 1000, 1000, 1000, 1000, -9.120949745178223, -8.222455978393555, 0.0, -10.246573448181152, -5.519443511962891, 0.0, 0.0, 0.04956366866827011, 0.04956366866827011, 0.0, -0.0, -0.0731869712471962, -0.0731869712471962)
(-10.242379188537598, -5.481747627258301, 0.0, -1.0, -1.0, 0.0, -0.3505190908908844, 1.2205495834350586, 0.0, 73.93903350830078, 35.853981018066406, 0.0, 1000, 1000, 1000, 1000, -9.598505020141602, -8.482316017150879, 0.0, -10.242379188537598, -5.481747627258301, 0.0, 0.0, -0.03324942663311958, -0.03324942663311958, 0.0, -0.0, -0.16547957062721252, -0.16547957062721252)