
(-7.367609024047852, -4.4998626708984375, 0.0, 0.0, 0.0, 0.0, -0.5034961700439453, 0.6255648732185364, 0.0, 58.94087219238281, 35.9989013671875, 0.0, 1000, 1000, 1000, 1000, -7.367609024047852, -4.4998626708984375, 0.0, -7.367609024047852, -4.4998626708984375, 0.0, 0.0, 7.466212272644043, 7.466212272644043, 0.0, 0.0, 4.4428911209106445, 4.4428911209106445)
(-7.889461517333984, -7.136875629425049, 0.0, -1.0, -1.0, 0.0, 3.0690228939056396, -36.80955123901367, 0.0, 55.115692138671875, 49.09500503540039, 0.0, 1000, 1000, 1000, 1000, -3.265320301055908, -6.031851768493652, 0.0, -7.889461517333984, -7.136875629425049, 0.0, 0.0, -0.18161270022392273, -0.18161270022392273, 0.0, 0.0, 0.9284052848815918, 0.9284052848815918)
(-7.851273059844971, -14.759815216064453, 0.0, -1.0, -1.0, 0.0, -3.8470077514648438, 5.3431220054626465, 0.0, 54.810184478759766, 110.07852172851562, 0.0, 1000, 1000, 1000, 1000, -11.554443359375, -20.672626495361328, 0.0, -7.851273059844971, -14.759815216064453, 0.0, 0.0, 0.7680853605270386, 0.7680853605270386, 0.0, 0.0, -1.4152796268463135, -1.4152796268463135)
(-7.731533527374268, -14.226244926452637, 0.0, -1.0, 0.0, 0.0, 1.6491755247116089, -12.076725006103516, 0.0, 53.85226821899414, 105.8099594116211, 0.0, 1000, 1000, 1000, 1000, -11.322243690490723, -6.818374156951904, 0.0, -7.731533527374268, -14.226244926452637, 0.0, 0.0, 0.3642205595970154, 0.3642205595970154, 0.0, 0.0, 0.5917665958404541, 0.5917665958404541)
(-7.9287919998168945, -21.135549545288086, 0.0, -1.0, -1.0, 0.0, -8.014946937561035, -28.000389099121094, 0.0, 55.430335998535156, 161.0843963623047, 0.0, 1000, 1000, 1000, 1000, -6.991013526916504, -23.86031723022461, 0.0, -7.9287919998168945, -21.135549545288086, 0.0, 0.0, 0.38481003046035767, 0.38481003046035767, 0.0, 0.0, -0.0014105469454079866, -0.0014105469454079866)
(-8.794917106628418, -17.90312957763672, 0.0, -1.0, -1.0, 0.0, 1.1911603212356567, 54.03014373779297, 0.0, 62.359336853027344, 135.22503662109375, 0.0, 1000, 1000, 1000, 1000, -9.61681842803955, -19.262121200561523, 0.0, -8.794917106628418, -17.90312957763672, 0.0, 0.0, 0.21059024333953857, 0.21059024333953857, 0.0, 0.0, -0.7927196621894836, -0.7927196621894836)
(-6.001992702484131, -9.465877532958984, 0.0, 0.0, -1.0, 0.0, 25.374366760253906, 34.045413970947266, 0.0, 48.01594161987305, 67.72702026367188, 0.0, 1000, 1000, 1000, 1000, -6.458676338195801, -12.123054504394531, 0.0, -6.001992702484131, -9.465877532958984, 0.0, 0.0, -0.04370754957199097, -0.04370754957199097, 0.0, 0.0, -0.8528931140899658, -0.8528931140899658)
(-4.0338454246521, 0.9382210373878479, 0.0, -1.0, -1.0, 0.0, -11.556931495666504, 37.40419006347656, 0.0, 24.270763397216797, -7.505768299102783, 0.0, 1000, 1000, 1000, 1000, -2.7689218521118164, 4.571254730224609, 0.0, -4.0338454246521, 0.9382210373878479, 0.0, 0.0, 0.7015499472618103, 0.7015499472618103, -0.0, 0.0, 0.34949126839637756, 0.34949126839637756)
(-8.036845207214355, 4.937817096710205, 0.0, -1.0, -1.0, 0.0, 10.626275062561035, -12.580541610717773, 0.0, 56.294761657714844, -47.50253677368164, 0.0, 1000, 1000, 1000, 1000, -7.620891571044922, 13.345727920532227, 0.0, -8.036845207214355, 4.937817096710205, 0.0, 0.0, -0.6894426345825195, -0.6894426345825195, -0.0, 0.0, 1.1610841751098633, 1.1610841751098633)
(-0.7848526835441589, 2.7182278633117676, 0.0, -1.0, -1.0, 0.0, 33.313297271728516, 5.266786098480225, 0.0, -1.7211785316467285, -29.74582290649414, 0.0, 1000, 1000, 1000, 1000, 1.3692905902862549, 0.4441847801208496, 0.0, -0.7848526835441589, 2.7182278633117676, -0.0, 0.0, -0.41282546520233154, -0.41282546520233154, -0.0, 0.0, -0.08523986488580704, -0.08523986488580704)
(0.5544330477714539, 2.579671621322632, 0.0, -1.0, -1.0, 0.0, -14.82410717010498, 4.121747970581055, 0.0, -12.435464859008789, -28.637372970581055, 0.0, 1000, 1000, 1000, 1000, 4.314422607421875, 3.3456954956054688, 0.0, 0.5544330477714539, 2.579671621322632, 0.0, 0.0, 0.36124467849731445, 0.36124467849731445, -0.0, 0.0, -0.3400692343711853, -0.3400692343711853)
(-1.0991077423095703, 2.048553705215454, 0.0, -1.0, -1.0, 0.0, -6.442427635192871, -10.42786979675293, 0.0, 0.7928619384765625, -24.388429641723633, 0.0, 1000, 1000, 1000, 1000, 2.83359956741333, 0.5193490982055664, 0.0, -1.0991077423095703, 2.048553705215454, 0.0, 0.0, 0.1756567507982254, 0.1756567507982254, -0.0, 0.0, -0.046568531543016434, -0.046568531543016434)
(-2.153376340866089, 1.3391813039779663, 0.0, -1.0, -1.0, 0.0, -1.3126565217971802, -4.565274715423584, 0.0, 9.227010726928711, -18.713451385498047, 0.0, 1000, 1000, 1000, 1000, 1.404524803161621, -0.9658355712890625, 0.0, -2.153376340866089, 1.3391813039779663, 0.0, 0.0, -0.08155957609415054, -0.08155957609415054, -0.0, 0.0, 0.1581364870071411, 0.1581364870071411)
(-1.1415785551071167, 1.2601171731948853, 0.0, 0.0, -1.0, 0.0, 3.557572603225708, 8.64083194732666, 0.0, 9.132628440856934, -18.080936431884766, 0.0, 1000, 1000, 1000, 1000, 0.07695698738098145, -2.2435977458953857, 0.0, -1.1415785551071167, 1.2601171731948853, 0.0, 0.0, 0.46705156564712524, 0.46705156564712524, -0.0, 0.0, -0.5167258977890015, -0.5167258977890015)
(-0.4774826467037201, 2.7295491695404053, 0.0, -1.0, -1.0, 0.0, 3.2216947078704834, 1.4499924182891846, 0.0, -4.18013858795166, -29.836393356323242, 0.0, 1000, 1000, 1000, 1000, 1.0631709098815918, 0.6925272941589355, 0.0, -0.4774826467037201, 2.7295491695404053, -0.0, 0.0, -0.05109483376145363, -0.05109483376145363, -0.0, 0.0, 0.16524936258792877, 0.16524936258792877)
(-1.4517631530761719, 3.017350435256958, 0.0, -1.0, -1.0, 0.0, -4.83937406539917, 0.8698396682739258, 0.0, 3.614105224609375, -32.13880157470703, 0.0, 1000, 1000, 1000, 1000, -0.13857030868530273, 1.2574419975280762, 0.0, -1.4517631530761719, 3.017350435256958, 0.0, 0.0, -0.23144324123859406, -0.23144324123859406, -0.0, 0.0, 0.06407064199447632, 0.06407064199447632)
(-1.8017581701278687, 3.0810868740081787, 0.0, -1.0, -1.0, 0.0, 1.786580204963684, 3.4957938194274902, 0.0, 6.414065361022949, -32.64869689941406, 0.0, 1000, 1000, 1000, 1000, -0.9393141269683838, -0.062209129333496094, 0.0, -1.8017581701278687, 3.0810868740081787, 0.0, 0.0, -0.11415930837392807, -0.11415930837392807, -0.0, 0.0, 0.10753839462995529, 0.10753839462995529)
(-1.1548502445220947, 2.782731056213379, 0.0, -1.0, -1.0, 0.0, 0.5957404375076294, -3.1454274654388428, 0.0, 1.2388019561767578, -30.26184844970703, 0.0, 1000, 1000, 1000, 1000, 0.8326115608215332, 0.35044288635253906, 0.0, -1.1548502445220947, 2.782731056213379, 0.0, 0.0, 0.04490143060684204, 0.04490143060684204, -0.0, 0.0, 0.049201928079128265, 0.049201928079128265)
(-1.649394154548645, 2.9546544551849365, 0.0, -1.0, -1.0, 0.0, -8.808839797973633, 7.190450191497803, 0.0, 5.19515323638916, -31.637235641479492, 0.0, 1000, 1000, 1000, 1000, 0.21256613731384277, -0.8010005950927734, 0.0, -1.649394154548645, 2.9546544551849365, 0.0, 0.0, 0.21920181810855865, 0.21920181810855865, -0.0, 0.0, -0.2145296186208725, -0.2145296186208725)
(-1.8864693641662598, 3.2523300647735596, 0.0, -1.0, -1.0, 0.0, 0.504137396812439, 2.7019007205963135, 0.0, 7.091754913330078, -34.018638610839844, 0.0, 1000, 1000, 1000, 1000, -0.17673015594482422, 0.1755204200744629, 0.0, -1.8864693641662598, 3.2523300647735596, 0.0, 0.0, 0.1094970554113388, 0.1094970554113388, -0.0, 0.0, -0.1594756543636322, -0.1594756543636322)
(-1.9656654596328735, 3.4803109169006348, 0.0, -1.0, 0.0, 0.0, 0.7484121918678284, -1.5423740148544312, 0.0, 7.725323677062988, -27.842487335205078, 0.0, 1000, 1000, 1000, 1000, -0.46944737434387207, 0.4943723678588867, 0.0, -1.9656654596328735, 3.4803109169006348, 0.0, 0.0, -0.0006182521465234458, -0.0006182521465234458, -0.0, 0.0, 0.4727974534034729, 0.4727974534034729)
(-2.360661745071411, 3.388650417327881, 0.0, -1.0, -1.0, 0.0, -0.24395419657230377, 2.0148777961730957, 0.0, 10.885293960571289, -35.10920333862305, 0.0, 1000, 1000, 1000, 1000, -1.4444732666015625, 0.9400458335876465, 0.0, -2.360661745071411, 3.388650417327881, 0.0, 0.0, -0.1188693642616272, -0.1188693642616272, -0.0, 0.0, -0.0345722921192646, -0.0345722921192646)
(-1.5772216320037842, 3.520901679992676, 0.0, 0.0, -1.0, 0.0, 5.053755760192871, -1.8019160032272339, 0.0, 12.617773056030273, -36.167213439941406, 0.0, 1000, 1000, 1000, 1000, -0.21393299102783203, 0.7031397819519043, 0.0, -1.5772216320037842, 3.520901679992676, 0.0, 0.0, -0.023616299033164978, -0.023616299033164978, -0.0, 0.0, 0.06492827832698822, 0.06492827832698822)
(-1.3554548025131226, 3.729992628097534, 0.0, -1.0, -1.0, 0.0, -0.5645648837089539, 2.3354885578155518, 0.0, 2.8436384201049805, -37.839942932128906, 0.0, 1000, 1000, 1000, 1000, 0.13710200786590576, 1.0416312217712402, 0.0, -1.3554548025131226, 3.729992628097534, 0.0, 0.0, 0.019448861479759216, 0.019448861479759216, -0.0, 0.0, -0.5455515384674072, -0.5455515384674072)
(-1.0973085165023804, 3.901646614074707, 0.0, -1.0, -1.0, 0.0, 1.4354350566864014, 1.0530457496643066, 0.0, 0.778468132019043, -39.213172912597656, 0.0, 1000, 1000, 1000, 1000, 0.5140140056610107, 0.9997100830078125, 0.0, -1.0973085165023804, 3.901646614074707, -0.0, 0.0, -0.08239297568798065, -0.08239297568798065, -0.0, 0.0, 0.0025523039512336254, 0.0025523039512336254)
(-1.2880445718765259, 3.8463199138641357, 0.0, -1.0, -1.0, 0.0, -3.190519094467163, 1.1751831769943237, 0.0, 2.304356575012207, -38.77056121826172, 0.0, 1000, 1000, 1000, 1000, 0.32331860065460205, 1.169015884399414, 0.0, -1.2880445718765259, 3.8463199138641357, 0.0, 0.0, 0.029201410710811615, 0.029201410710811615, -0.0, 0.0, 0.012213879264891148, 0.012213879264891148)
(-1.5010499954223633, 3.774888515472412, 0.0, -1.0, -1.0, 0.0, -0.6714351177215576, -0.32100000977516174, 0.0, 4.008399963378906, -38.1991081237793, 0.0, 1000, 1000, 1000, 1000, -1.058671236038208, 0.6240105628967285, 0.0, -1.5010499954223633, 3.774888515472412, 0.0, 0.0, 0.42447346448898315, 0.42447346448898315, -0.0, 0.0, -3.2376575469970703, -3.2376575469970703)
(-1.1666786670684814, 3.4580090045928955, 0.0, -1.0, -1.0, 0.0, 0.7331450581550598, 0.7171679139137268, 0.0, 1.3334293365478516, -35.66407012939453, 0.0, 1000, 1000, 1000, 1000, -0.14510679244995117, -0.33069467544555664, 0.0, -1.1666786670684814, 3.4580090045928955, 0.0, 0.0, -0.2561807930469513, -0.2561807930469513, -0.0, -0.0, -0.014432711526751518, -0.014432711526751518)
(-1.0950570106506348, 3.1712234020233154, 0.0, -1.0, -1.0, 0.0, -0.763038158416748, -0.8248168230056763, 0.0, 0.7604560852050781, -33.369789123535156, 0.0, 1000, 1000, 1000, 1000, 0.09774303436279297, -0.5123491287231445, 0.0, -1.0950570106506348, 3.1712234020233154, 0.0, 0.0, 0.044038400053977966, 0.044038400053977966, -0.0, -0.0, -0.011628866195678711, -0.011628866195678711)
(-1.2170064449310303, 3.010514736175537, 0.0, -1.0, -1.0, 0.0, -3.0073130130767822, 0.19808396697044373, 0.0, 1.7360515594482422, -32.0841178894043, 0.0, 1000, 1000, 1000, 1000, -0.16926860809326172, -0.8104305267333984, 0.0, -1.2170064449310303, 3.010514736175537, 0.0, 0.0, 0.044944170862436295, 0.044944170862436295, -0.0, -0.0, 0.03789694979786873, 0.03789694979786873)
(-1.1203258037567139, 3.038318395614624, 0.0, -1.0, -1.0, 0.0, 2.061389207839966, 1.6331984996795654, 0.0, 0.9626064300537109, -32.306549072265625, 0.0, 1000, 1000, 1000, 1000, -0.00121307373046875, -0.7063784599304199, 0.0, -1.1203258037567139, 3.038318395614624, -0.0, 0.0, -0.010908096097409725, -0.010908096097409725, -0.0, -0.0, -0.030126484110951424, -0.030126484110951424)
(-0.9423410892486572, 2.9016473293304443, 0.0, -1.0, -1.0, 0.0, 0.4430687129497528, 0.3965572416782379, 0.0, -0.4612712860107422, -31.213178634643555, 0.0, 1000, 1000, 1000, 1000, 0.32429933547973633, -0.6032629013061523, 0.0, -0.9423410892486572, 2.9016473293304443, -0.0, 0.0, -0.003201572224497795, -0.003201572224497795, -0.0, -0.0, 0.049322906881570816, 0.049322906881570816)
(-0.6892772316932678, 2.7916948795318604, 0.0, -1.0, -1.0, 0.0, 1.5728397369384766, 0.5950305461883545, 0.0, -2.4857821464538574, -30.333559036254883, 0.0, 1000, 1000, 1000, 1000, 0.1340411901473999, -2.028013229370117, 0.0, -0.6892772316932678, 2.7916948795318604, -0.0, 0.0, -0.030669720843434334, -0.030669720843434334, -0.0, -0.0, 0.06644662469625473, 0.06644662469625473)
(-0.44720104336738586, 2.707587957382202, 0.0, -1.0, -1.0, 0.0, -0.9615114331245422, 0.7324351072311401, 0.0, -4.422391891479492, -29.660703659057617, 0.0, 1000, 1000, 1000, 1000, 4.269444942474365, -2.631828546524048, 0.0, -0.44720104336738586, 2.707587957382202, -0.0, 0.0, 0.0025214306078851223, 0.0025214306078851223, -0.0, -0.0, 0.04004846140742302, 0.04004846140742302)
(-0.722083330154419, 2.5586462020874023, 0.0, 0.0, -1.0, 0.0, -2.518763303756714, 1.8164045810699463, 0.0, 5.776666641235352, -28.46916961669922, 0.0, 1000, 1000, 1000, 1000, -0.12134742736816406, -3.4018821716308594, 0.0, -0.722083330154419, 2.5586462020874023, 0.0, 0.0, 0.22281357645988464, 0.22281357645988464, -0.0, -0.0, -0.06847788393497467, -0.06847788393497467)
(-0.8562161922454834, 2.5102903842926025, 0.0, -1.0, -1.0, 0.0, -0.6561679244041443, 1.526328206062317, 0.0, -1.1502704620361328, -28.08232307434082, 0.0, 1000, 1000, 1000, 1000, 0.2772383689880371, -0.401731014251709, 0.0, -0.8562161922454834, 2.5102903842926025, -0.0, 0.0, -0.04582403600215912, -0.04582403600215912, -0.0, -0.0, -0.012505666352808475, -0.012505666352808475)
(-0.45903730392456055, 2.259875774383545, 0.0, -1.0, -1.0, 0.0, -0.2897557318210602, -0.5347404479980469, 0.0, -4.327701568603516, -26.07900619506836, 0.0, 1000, 1000, 1000, 1000, 0.9443526268005371, -1.1418981552124023, 0.0, -0.45903730392456055, 2.259875774383545, -0.0, 0.0, -0.05179199203848839, -0.05179199203848839, -0.0, -0.0, -0.02345297671854496, -0.02345297671854496)
(-1.2970165014266968, 2.1664600372314453, 0.0, -1.0, -1.0, 0.0, -8.2439546585083, 4.106481075286865, 0.0, 2.376132011413574, -25.331680297851562, 0.0, 1000, 1000, 1000, 1000, 0.17554879188537598, -0.5381135940551758, 0.0, -1.2970165014266968, 2.1664600372314453, 0.0, 0.0, 0.12432097643613815, 0.12432097643613815, -0.0, -0.0, -0.03803326189517975, -0.03803326189517975)
(-1.0060200691223145, 2.6799497604370117, 0.0, -1.0, -1.0, 0.0, 1.3743664026260376, 0.4423587918281555, 0.0, 0.048160552978515625, -29.439598083496094, 0.0, 1000, 1000, 1000, 1000, -0.43669676780700684, -0.43159008026123047, 0.0, -1.0060200691223145, 2.6799497604370117, -0.0, 0.0, 0.09864142537117004, 0.09864142537117004, -0.0, -0.0, -0.035709258168935776, -0.035709258168935776)
(-1.5200893878936768, 2.5563559532165527, 0.0, -1.0, -1.0, 0.0, -1.7401374578475952, 1.9385420083999634, 0.0, 4.160715103149414, -28.450847625732422, 0.0, 1000, 1000, 1000, 1000, -0.5870294570922852, -0.5577807426452637, 0.0, -1.5200893878936768, 2.5563559532165527, 0.0, 0.0, -0.006844314746558666, -0.006844314746558666, -0.0, -0.0, -0.02414100244641304, -0.02414100244641304)
(-0.7583203315734863, 2.4354734420776367, 0.0, -1.0, -1.0, 0.0, 3.664442777633667, -0.9011526703834534, 0.0, -1.9334373474121094, -27.483787536621094, 0.0, 1000, 1000, 1000, 1000, 0.6097327470779419, -0.7186946868896484, 0.0, -0.7583203315734863, 2.4354734420776367, -0.0, 0.0, 0.005224269814789295, 0.005224269814789295, -0.0, -0.0, 0.0689900666475296, 0.0689900666475296)
(-0.8569494485855103, 2.0674490928649902, 0.0, -1.0, 0.0, 0.0, -2.763038158416748, 1.7248015403747559, 0.0, -1.144404411315918, -16.539592742919922, 0.0, 1000, 1000, 1000, 1000, -0.06779313087463379, -2.252548933029175, 0.0, -0.8569494485855103, 2.0674490928649902, 0.0, 0.0, 0.024822378531098366, 0.024822378531098366, -0.0, -0.0, 0.466533362865448, 0.466533362865448)
(-0.9681541919708252, 2.276563882827759, 0.0, -1.0, -1.0, 0.0, -0.6103664040565491, 0.6102977395057678, 0.0, -0.25476646423339844, -26.21251106262207, 0.0, 1000, 1000, 1000, 1000, 0.11294066905975342, -0.5220985412597656, 0.0, -0.9681541919708252, 2.276563882827759, 0.0, 0.0, 0.031063491478562355, 0.031063491478562355, -0.0, -0.0, 0.047500550746917725, 0.047500550746917725)
(-1.2684199810028076, 1.4480345249176025, 0.0, -1.0, -1.0, 0.0, 0.8858168125152588, 2.3812899589538574, 0.0, 2.147359848022461, -19.58427619934082, 0.0, 1100, 1100, 1100, 1100, 0.23326373100280762, -8.127715110778809, 0.0, -1.2684199810028076, 1.4480345249176025, 0.0, 0.0, -1.3467071056365967, -1.3467071056365967, -0.0, -0.0, -0.47487685084342957, -0.47487685084342957)
(-0.631985604763031, 2.235304117202759, 0.0, -1.0, -1.0, 0.0, -2.869908332824707, 0.7477023005485535, 0.0, -2.944115161895752, -25.88243293762207, 0.0, 1100, 1100, 1100, 1100, 4.872753143310547, -4.286243438720703, 0.0, -0.631985604763031, 2.235304117202759, -0.0, 0.0, 0.3700094223022461, 0.3700094223022461, -0.0, -0.0, -0.27338019013404846, -0.27338019013404846)
(-1.3662136793136597, 2.8901748657226562, 0.0, -1.0, -1.0, 0.0, -3.4653282165527344, -1.9393205642700195, 0.0, 2.9297094345092773, -31.12139892578125, 0.0, 1100, 1100, 1100, 1100, -1.669992208480835, 15.390867233276367, 0.0, -1.3662136793136597, 2.8901748657226562, 0.0, 0.0, 0.014519193209707737, 0.014519193209707737, -0.0, -0.0, 0.14591734111309052, 0.14591734111309052)
(-1.3452932834625244, 2.4739043712615967, 0.0, -1.0, -1.0, 0.0, -4.366091728210449, 1.8316717147827148, 0.0, 2.7623462677001953, -27.791234970092773, 0.0, 1100, 1100, 1100, 1100, 3.861941337585449, -7.310657501220703, 0.0, -1.3452932834625244, 2.4739043712615967, 0.0, 0.0, 0.4468216001987457, 0.4468216001987457, -0.0, -0.0, -0.6379756331443787, -0.6379756331443787)
(-1.4104204177856445, 2.185013771057129, 0.0, -1.0, -1.0, 0.0, 1.053755760192871, -2.5194733142852783, 0.0, 3.2833633422851562, -25.48011016845703, 0.0, 1125, 1124, 1138, 1138, 1.4667795896530151, 6.870491981506348, 0.0, -1.4104204177856445, 2.185013771057129, 0.0, 0.0, -0.19766263663768768, -0.19766263663768768, -0.0, -0.0, 0.3410792648792267, 0.3410792648792267)
(-1.2985097169876099, 1.6339409351348877, 0.0, -1.0, -1.0, 0.0, -2.091282367706299, -2.8400840759277344, 0.0, 2.388077735900879, -21.0715274810791, 0.0, 1184, 1183, 1194, 1193, -3.548478126525879, 4.828432083129883, 0.0, -1.2985097169876099, 1.6339409351348877, 0.0, 0.0, 0.17071762681007385, 0.17071762681007385, -0.0, -0.0, 0.40583837032318115, 0.40583837032318115)
(-1.7866190671920776, 2.0281920433044434, 0.0, -1.0, -1.0, 0.0, 1.8018473386764526, -1.8629847764968872, 0.0, 6.292952537536621, -24.225536346435547, 0.0, 1248, 1245, 1253, 1252, -7.325728416442871, 1.2852487564086914, 0.0, -1.7866190671920776, 2.0281920433044434, 0.0, 0.0, -0.7724350690841675, -0.7724350690841675, -0.0, -0.0, 1.1196467876434326, 1.1196467876434326)
(-0.8653846383094788, 1.4247668981552124, 0.0, -1.0, 0.0, 0.0, -14.259221076965332, 12.472892761230469, 0.0, -1.07692289352417, -11.3981351852417, 0.0, 1283, 1290, 1353, 1351, -3.0110697746276855, 29.058544158935547, 0.0, -0.8653846383094788, 1.4247668981552124, 0.0, 0.0, 2.2379088401794434, 2.2379088401794434, -0.0, -0.0, -1.2768170833587646, -1.2768170833587646)
(-0.9031215906143188, 2.8698136806488037, 0.0, -1.0, -1.0, 0.0, 9.298030853271484, -9.801916122436523, 0.0, -0.7750272750854492, -30.95850944519043, 0.0, 1400, 1392, 1390, 1388, 7.187922477722168, 3.6577625274658203, 0.0, -0.9031215906143188, 2.8698136806488037, -0.0, 0.0, -1.5589425563812256, -1.5589425563812256, -0.0, -0.0, 2.8718881607055664, 2.8718881607055664)
(-0.7364200353622437, 3.4433465003967285, 0.0, -1.0, -1.0, 0.0, 10.3056640625, -19.404970169067383, 0.0, 5.891360282897949, -35.54677200317383, 0.0, 1443, 1434, 1405, 1400, 2.0735366344451904, 19.06422233581543, 0.0, -0.7364200353622437, 3.4433465003967285, -0.0, 0.0, -1.1523489952087402, -1.1523489952087402, -0.0, -0.0, 3.419912338256836, 3.419912338256836)
(-2.2260947227478027, 3.263188362121582, 0.0, -1.0, -1.0, 0.0, -22.01494598388672, 0.9156412482261658, 0.0, 9.808757781982422, -34.105506896972656, 0.0, 1415, 1418, 1475, 1469, -14.17373275756836, -12.953259468078613, 0.0, -2.2260947227478027, 3.263188362121582, 0.0, 0.0, 2.388312339782715, 2.388312339782715, -0.0, -0.0, 0.7823423147201538, 0.7823423147201538)
(-1.8235689401626587, 3.8672449588775635, 0.0, -1.0, -1.0, 0.0, -4.701969623565674, -11.908785820007324, 0.0, 6.5885515213012695, -38.937957763671875, 0.0, 1458, 1456, 1432, 1424, -27.903057098388672, 51.55080795288086, 0.0, -1.8235689401626587, 3.8672449588775635, 0.0, 0.0, 1.4780369997024536, 1.4780369997024536, -0.0, -0.0, 2.1909313201904297, 2.1909313201904297)
(-5.4989800453186035, 3.2790703773498535, 0.0, -1.0, -1.0, 0.0, -76.579833984375, -13.053824424743652, 0.0, 35.99184036254883, -34.23256301879883, 0.0, 1383, 1389, 1500, 1497, 16.846328735351562, 5.2932329177856445, 0.0, -5.4989800453186035, 3.2790703773498535, 0.0, 0.0, 2.347048282623291, 2.347048282623291, -0.0, -0.0, -0.6695716977119446, -0.6695716977119446)
(-33.013465881347656, 3.990813970565796, 0.0, -1.0, -1.0, 0.0, -19.144718170166016, -12.305732727050781, 0.0, 256.10772705078125, -39.926513671875, 0.0, 1330, 1318, 1562, 1560, -42.33547592163086, 37.14293670654297, 0.0, -33.013465881347656, 3.990813970565796, 0.0, 0.0, -2.565382242202759, -2.565382242202759, -0.0, -0.0, 3.092895269393921, 3.092895269393921)
(-13.283496856689453, 6.0397491455078125, 0.0, -1.0, -1.0, 0.0, 91.6339111328125, -36.32099914550781, 0.0, 98.26797485351562, -56.3179931640625, 0.0, 1582, 1560, 1317, 1310, 0.25809192657470703, 49.90115737915039, 0.0, -13.283496856689453, 6.0397491455078125, 0.0, 0.0, -3.6431446075439453, -3.6431446075439453, -0.0, -0.0, 7.033944606781006, 7.033944606781006)
(9.73180866241455, 2.262537956237793, 0.0, -1.0, -1.0, 0.0, -57.29738998413086, -16.275197982788086, 0.0, -85.8544692993164, -26.100303649902344, 0.0, 1442, 1445, 1444, 1435, 30.711410522460938, 25.61774444580078, 0.0, 9.73180866241455, 2.262537956237793, -0.0, 0.0, 2.8653385639190674, 2.8653385639190674, -0.0, -0.0, 1.416114091873169, 1.416114091873169)
(-4.187485694885254, 5.4723381996154785, 0.0, -1.0, 0.0, 0.0, -14.885175704956055, 9.846939086914062, 0.0, 25.49988555908203, -43.77870559692383, 0.0, 1394, 1396, 1489, 1488, 5.487008094787598, -11.7568359375, 0.0, -4.187485694885254, 5.4723381996154785, 0.0, 0.0, 0.6327539086341858, 0.6327539086341858, -0.0, -0.0, -0.1973213255405426, -0.1973213255405426)
(-29.83919906616211, 11.081905364990234, 0.0, -1.0, -1.0, 0.0, -128.09127807617188, 37.63319778442383, 0.0, 230.71359252929688, -96.65524291992188, 0.0, 1296, 1287, 1597, 1586, -9.788886070251465, 24.175241470336914, 0.0, -29.83919906616211, 11.081905364990234, 0.0, 0.0, 0.6783695816993713, 0.6783695816993713, -0.0, -0.0, 5.281373023986816, 5.281373023986816)
(-9.650550842285156, 10.94494342803955, 0.0, 0.0, -1.0, 0.0, 188.70260620117188, -23.862985610961914, 0.0, 77.20440673828125, -95.5595474243164, 0.0, 1589, 1569, 1302, 1306, 13.424692153930664, -18.58443260192871, 0.0, -9.650550842285156, 10.94494342803955, -0.0, 0.0, -6.0680975914001465, -6.0680975914001465, -0.0, -0.0, 4.061249256134033, 4.061249256134033)
(4.427964210510254, 4.479494571685791, 0.0, -1.0, 0.0, 0.0, -85.90807342529297, 37.35839080810547, 0.0, -43.42371368408203, -35.83595657348633, 0.0, 1391, 1404, 1485, 1486, -19.848661422729492, 34.55331802368164, 0.0, 4.427964210510254, 4.479494571685791, 0.0, 0.0, 3.2299916744232178, 3.2299916744232178, -0.0, -0.0, -3.383225440979004, -3.383225440979004)
(-4.181450843811035, 8.457114219665527, 0.0, -1.0, -1.0, 0.0, 18.000320434570312, -83.80191802978516, 0.0, 25.45160675048828, -75.65691375732422, 0.0, 1521, 1509, 1370, 1361, -37.80604553222656, 21.952421188354492, 0.0, -4.181450843811035, 8.457114219665527, 0.0, 0.0, -0.9936555027961731, -0.9936555027961731, 0.0, -0.0, 5.240148544311523, 5.240148544311523)
(4.429049015045166, -9.285876274108887, 0.0, -1.0, -1.0, 0.0, 26.534671783447266, 44.54922866821289, 0.0, -43.43239212036133, 66.2870101928711, 0.0, 1379, 1385, 1496, 1506, 21.810619354248047, -51.593780517578125, 0.0, 4.429049015045166, -9.285876274108887, -0.0, 0.0, -0.877909243106842, -0.877909243106842, 0.0, -0.0, -4.018791198730469, -4.018791198730469)
(0.962990403175354, 3.1756370067596436, 0.0, -1.0, -1.0, 0.0, -42.3813591003418, 18.869840621948242, 0.0, -15.703923225402832, -33.40509796142578, 0.0, 1394, 1395, 1492, 1486, -15.385564804077148, -38.04929733276367, 0.0, 0.962990403175354, 3.1756370067596436, 0.0, 0.0, 1.6840885877609253, 1.6840885877609253, -0.0, -0.0, 1.3610813617706299, 1.3610813617706299)
(-2.305159568786621, 8.271084785461426, 0.0, -1.0, 0.0, 0.0, -1.9691450595855713, 26.41182518005371, 0.0, 10.441276550292969, -66.1686782836914, 0.0, 1453, 1456, 1430, 1431, -5.588229179382324, -21.652860641479492, 0.0, -2.305159568786621, 8.271084785461426, 0.0, 0.0, 0.5135107040405273, 0.5135107040405273, -0.0, -0.0, -0.8454867601394653, -0.8454867601394653)
(-2.064657688140869, 7.17859411239624, 0.0, 0.0, -1.0, 0.0, 7.023221492767334, -15.969855308532715, 0.0, 16.517261505126953, -65.42875671386719, 0.0, 1473, 1475, 1431, 1427, 0.5647494792938232, -24.799842834472656, 0.0, -2.064657688140869, 7.17859411239624, 0.0, 0.0, 1.439966082572937, 1.439966082572937, -0.0, -0.0, 0.27899599075317383, 0.27899599075317383)
(-2.2898623943328857, 5.053640365600586, 0.0, -1.0, -1.0, 0.0, -5.3889923095703125, 0.7782366275787354, 0.0, 10.318899154663086, -40.42912292480469, 0.0, 1430, 1432, 1506, 1506, -32.55680847167969, 24.1852970123291, 0.0, -2.2898623943328857, 5.053640365600586, 0.0, 0.0, 0.5448172688484192, 0.5448172688484192, -0.0, -0.0, -0.7208162546157837, -0.7208162546157837)
(-1.6915826797485352, 5.386085510253906, 0.0, -1.0, -1.0, 0.0, -3.083648920059204, -25.130159378051758, 0.0, 5.532661437988281, -51.08868408203125, 0.0, 1557, 1549, 1530, 1522, 43.71693420410156, 18.11431312561035, 0.0, -1.6915826797485352, 5.386085510253906, 0.0, 0.0, 0.0947144627571106, 0.0947144627571106, -0.0, -0.0, 3.7124431133270264, 3.7124431133270264)
(-0.869037389755249, 7.399694442749023, 0.0, -1.0, -1.0, 0.0, -7.434793949127197, -16.10725975036621, 0.0, -1.0477008819580078, -67.19755554199219, 0.0, 1569, 1555, 1559, 1547, 43.1397590637207, 41.83486557006836, 0.0, -0.869037389755249, 7.399694442749023, 0.0, 0.0, -0.34576886892318726, -0.34576886892318726, -0.0, -0.0, 6.39749002456665, 6.39749002456665)
(-1.2004871368408203, 9.097939491271973, 0.0, -1.0, -1.0, 0.0, 25.389633178710938, -24.198862075805664, 0.0, 1.6038970947265625, -80.78351593017578, 0.0, 1600, 1583, 1525, 1518, 26.44099998474121, 39.16324996948242, 0.0, -1.2004871368408203, 9.097939491271973, -0.0, 0.0, -2.4387221336364746, -2.4387221336364746, -0.0, -0.0, 5.999659538269043, 5.999659538269043)
(2.7260801792144775, 3.8432412147521973, 0.0, -1.0, -1.0, 0.0, 24.091922760009766, -23.26756477355957, 0.0, -29.80864143371582, -38.74592971801758, 0.0, 1588, 1584, 1554, 1556, 15.315420150756836, -19.92954444885254, 0.0, 2.7260801792144775, 3.8432412147521973, -0.0, 0.0, -1.4478191137313843, -1.4478191137313843, -0.0, -0.0, 0.8500394225120544, 0.8500394225120544)
(3.9839296340942383, 0.679486095905304, 0.0, -1.0, -1.0, 0.0, -10.671435356140137, 14.427091598510742, 0.0, -39.871437072753906, -13.435888290405273, 0.0, 1479, 1491, 1661, 1671, -3.9449663162231445, -11.925076484680176, 0.0, 3.9839296340942383, 0.679486095905304, -0.0, 0.0, 0.5272555947303772, 0.5272555947303772, -0.0, -0.0, -5.507262229919434, -5.507262229919434)
(0.2281418740749359, 1.9270573854446411, 0.0, -1.0, -1.0, 0.0, -24.07601547241211, 58.824039459228516, 0.0, -9.825135231018066, -23.416458129882812, 0.0, 1574, 1592, 1585, 1595, -15.766912460327148, -19.852018356323242, 0.0, 0.2281418740749359, 1.9270573854446411, 0.0, 0.0, 1.890415906906128, 1.890415906906128, -0.0, -0.0, -6.951613903045654, -6.951613903045654)
(3.1210739612579346, 4.9882659912109375, 0.0, -1.0, -1.0, 0.0, 20.458335876464844, 7.098847389221191, 0.0, -32.968589782714844, -47.9061279296875, 0.0, 1612, 1610, 1556, 1564, 32.238433837890625, 44.50033950805664, 0.0, 3.1210739612579346, 4.9882659912109375, -0.0, 0.0, -2.3107829093933105, -2.3107829093933105, -0.0, -0.0, -1.6244421005249023, -1.6244421005249023)
(3.1282498836517334, 3.9108428955078125, 0.0, 0.0, -1.0, 0.0, 2.6720762252807617, -13.053824424743652, 0.0, -33.0260009765625, -31.2867431640625, 0.0, 1592, 1591, 1580, 1583, 42.590782165527344, 21.847013473510742, 0.0, 3.1282498836517334, 3.9108428955078125, -0.0, 0.0, -0.8060571551322937, -0.8060571551322937, -0.0, -0.0, -0.37914401292800903, -0.37914401292800903)
(1.224602222442627, -1.3200631141662598, 0.0, -1.0, -1.0, 0.0, -2.625633478164673, -42.24466323852539, 0.0, -17.796817779541016, 2.560504913330078, 0.0, 1644, 1636, 1590, 1584, 7.861988544464111, 16.887332916259766, 0.0, 1.224602222442627, -1.3200631141662598, -0.0, 0.0, -0.4861694872379303, -0.4861694872379303, 0.0, -0.0, 3.716963768005371, 3.716963768005371)
(2.617027521133423, -1.853569507598877, 0.0, -1.0, -1.0, 0.0, -16.549297332763672, -24.16832733154297, 0.0, -28.936220169067383, 6.828556060791016, 0.0, 1616, 1625, 1602, 1598, -37.4500617980957, 27.148975372314453, 0.0, 2.617027521133423, -1.853569507598877, -0.0, 0.0, 3.1808571815490723, 3.1808571815490723, 0.0, -0.0, -1.3609554767608643, -1.3609554767608643)
(1.7072951793670654, 1.0177841186523438, 0.0, -1.0, -1.0, 0.0, -28.09128189086914, 7.663733005523682, 0.0, -21.658361434936523, -16.14227294921875, 0.0, 1549, 1558, 1668, 1667, -10.260485649108887, -42.06357192993164, 0.0, 1.7072951793670654, 1.0177841186523438, 0.0, 0.0, 2.3532309532165527, 2.3532309532165527, -0.0, -0.0, -1.8614119291305542, -1.8614119291305542)
(-0.9767554402351379, 4.802670478820801, 0.0, -1.0, -1.0, 0.0, 13.236961364746094, -7.710312843322754, 0.0, -0.18595647811889648, -46.421363830566406, 0.0, 1642, 1632, 1585, 1582, -16.5126953125, -70.48912048339844, 0.0, -0.9767554402351379, 4.802670478820801, -0.0, 0.0, -1.755803108215332, -1.755803108215332, -0.0, -0.0, 3.284213066101074, 3.284213066101074)
(2.7188639640808105, 6.401419639587402, 0.0, -1.0, 0.0, 0.0, 32.3056640625, -53.96985626220703, 0.0, -29.750911712646484, -51.21135711669922, 0.0, 1650, 1633, 1585, 1575, 38.04704284667969, 2.8639602661132812, 0.0, 2.7188639640808105, 6.401419639587402, -0.0, 0.0, -1.926121473312378, -1.926121473312378, 0.0, -0.0, 6.889256000518799, 6.889256000518799)
(0.7669835686683655, 5.200234889984131, 0.0, -1.0, -1.0, 0.0, -2.869908332824707, -20.87061882019043, 0.0, -14.135868072509766, -49.60187911987305, 0.0, 1574, 1564, 1656, 1648, 0.32823121547698975, -26.016849517822266, 0.0, 0.7669835686683655, 5.200234889984131, -0.0, 0.0, -0.42222946882247925, -0.42222946882247925, -0.0, -0.0, 4.497912883758545, 4.497912883758545)
(0.790969967842102, 3.8887412548065186, 0.0, -1.0, 0.0, 0.0, 6.198793888092041, 32.80876922607422, 0.0, -14.327759742736816, -31.10993003845215, 0.0, 1595, 1596, 1620, 1630, 23.36682891845703, 60.603675842285156, 0.0, 0.790969967842102, 3.8887412548065186, -0.0, 0.0, -2.4056005477905273, -2.4056005477905273, -0.0, -0.0, -2.7882511615753174, -2.7882511615753174)
(-6.385215759277344, 5.605612277984619, 0.0, -1.0, -1.0, 0.0, -22.808839797973633, 36.85457229614258, 0.0, 43.08172607421875, -52.84489822387695, 0.0, 1558, 1564, 1657, 1662, -39.987979888916016, 38.94851303100586, 0.0, -6.385215759277344, 5.605612277984619, 0.0, 0.0, 0.06658126413822174, 0.06658126413822174, -0.0, -0.0, -2.8931283950805664, -2.8931283950805664)
(-5.924559116363525, 4.700106143951416, 0.0, -1.0, -1.0, 0.0, 25.78658103942871, -3.6492443084716797, 0.0, 39.3964729309082, -45.60084915161133, 0.0, 1635, 1629, 1587, 1591, 49.13654708862305, 21.316728591918945, 0.0, -5.924559116363525, 4.700106143951416, 0.0, 0.0, -2.1493594646453857, -2.1493594646453857, -0.0, -0.0, 0.5187401175498962, 0.5187401175498962)
(-4.7493743896484375, 4.794525146484375, 0.0, -1.0, -1.0, 0.0, 8.717877388000488, 15.648466110229492, 0.0, 29.9949951171875, -46.356201171875, 0.0, 1646, 1646, 1575, 1575, -21.544931411743164, -63.68406677246094, 0.0, -4.7493743896484375, 4.794525146484375, 0.0, 0.0, 0.02285934053361416, 0.02285934053361416, -0.0, -0.0, 0.18676617741584778, 0.18676617741584778)
(-1.1495006084442139, 6.247204780578613, 0.0, -1.0, -1.0, 0.0, 28.351465225219727, 16.259153366088867, 0.0, 1.196004867553711, -57.977638244628906, 0.0, 1558, 1568, 1652, 1664, -3.057046890258789, -18.102279663085938, 0.0, -1.1495006084442139, 6.247204780578613, -0.0, 0.0, -0.4082416892051697, -0.4082416892051697, -0.0, -0.0, -5.557104587554932, -5.557104587554932)
(2.8144266605377197, 1.9726279973983765, 0.0, -1.0, -1.0, 0.0, 9.359099388122559, 2.503427505493164, 0.0, -30.515413284301758, -23.781024932861328, 0.0, 1528, 1532, 1689, 1694, 7.820276737213135, -4.3283491134643555, 0.0, 2.8144266605377197, 1.9726279973983765, -0.0, 0.0, -0.33291923999786377, -0.33291923999786377, -0.0, -0.0, -2.0753862857818604, -2.0753862857818604)
(2.099368095397949, 1.1588013172149658, 0.0, -1.0, -1.0, 0.0, -28.305023193359375, -6.748480796813965, 0.0, -24.794944763183594, -17.270410537719727, 0.0, 1569, 1573, 1655, 1645, -33.355342864990234, 26.694549560546875, 0.0, 2.099368095397949, 1.1588013172149658, 0.0, 0.0, 3.540682554244995, 3.540682554244995, -0.0, -0.0, 1.3697710037231445, 1.3697710037231445)
(0.23084482550621033, 1.5547993183135986, 0.0, -1.0, -1.0, 0.0, -29.098915100097656, 9.495794296264648, 0.0, -9.846758842468262, -20.43839454650879, 0.0, 1536, 1547, 1683, 1680, -30.239749908447266, -5.0250959396362305, 0.0, 0.23084482550621033, 1.5547993183135986, 0.0, 0.0, 3.3778176307678223, 3.3778176307678223, -0.0, -0.0, -1.8783209323883057, -1.8783209323883057)
(-0.9811913371086121, 3.89314341545105, 0.0, -1.0, -1.0, 0.0, -18.824106216430664, -80.47367095947266, 0.0, -0.15046930313110352, -39.14514923095703, 0.0, 1683, 1658, 1568, 1533, -4.58251953125, 52.58269500732422, 0.0, -0.9811913371086121, 3.89314341545105, 0.0, 0.0, 2.644660472869873, 2.644660472869873, 0.0, -0.0, 15.0883150100708, 15.0883150100708)
(-4.531401634216309, 5.685574054718018, 0.0, 0.0, -1.0, 0.0, -25.938610076904297, 137.19044494628906, 0.0, 36.25121307373047, -53.48459243774414, 0.0, 1569, 1595, 1628, 1650, -11.420745849609375, -81.26265716552734, 0.0, -4.531401634216309, 5.685574054718018, 0.0, 0.0, 0.7890275120735168, 0.7890275120735168, -0.0, -0.0, -12.24294662475586, -12.24294662475586)
(-4.0152692794799805, 5.579836845397949, 0.0, -1.0, -1.0, 0.0, -1.5874656438827515, 63.90800857543945, 0.0, 24.122154235839844, -52.638694763183594, 0.0, 1538, 1562, 1662, 1680, -2.674435615539551, -60.12477493286133, 0.0, -4.0152692794799805, 5.579836845397949, 0.0, 0.0, 1.479012131690979, 1.479012131690979, -0.0, -0.0, -10.102076530456543, -10.102076530456543)
(-5.729359149932861, 4.210364818572998, 0.0, -1.0, -1.0, 0.0, -17.740137100219727, -57.5118408203125, 0.0, 37.83487319946289, -41.682918548583984, 0.0, 1649, 1635, 1586, 1571, 5.311041831970215, 18.6635684967041, 0.0, -5.729359149932861, 4.210364818572998, 0.0, 0.0, 0.22359324991703033, 0.22359324991703033, 0.0, -0.0, 7.184632778167725, 7.184632778167725)
(-6.597503185272217, 3.075471878051758, 0.0, -1.0, -1.0, 0.0, -2.946244239807129, 52.80876922607422, 0.0, 44.780025482177734, -32.60377502441406, 0.0, 1578, 1585, 1632, 1646, 26.048213958740234, -35.3383674621582, 0.0, -6.597503185272217, 3.075471878051758, 0.0, 0.0, -1.7272884845733643, -1.7272884845733643, -0.0, -0.0, -5.274597644805908, -5.274597644805908)
(-7.471157550811768, 5.094608306884766, 0.0, -1.0, 0.0, 0.0, -9.556931495666504, 101.74006652832031, 0.0, 51.76926040649414, -40.756866455078125, 0.0, 1553, 1583, 1640, 1665, -7.971334457397461, -57.39100646972656, 0.0, -7.471157550811768, 5.094608306884766, 0.0, 0.0, 1.0656044483184814, 1.0656044483184814, -0.0, -0.0, -13.513814926147461, -13.513814926147461)
(-5.568406581878662, 3.41094970703125, 0.0, -1.0, 0.0, 0.0, -9.480595588684082, 25.31258773803711, 0.0, 36.5472526550293, -27.28759765625, 0.0, 1564, 1569, 1660, 1653, -40.446224212646484, -26.688400268554688, 0.0, -5.568406581878662, 3.41094970703125, 0.0, 0.0, 3.1457667350769043, 3.1457667350769043, -0.0, -0.0, 0.6826697587966919, 0.6826697587966919)
(-5.409408092498779, -0.5151200890541077, 0.0, -1.0, -1.0, 0.0, -5.663801670074463, -94.65687561035156, 0.0, 35.275264739990234, -3.8790392875671387, 0.0, 1616, 1590, 1630, 1607, 7.544255256652832, 10.848185539245605, 0.0, -5.409408092498779, -0.5151200890541077, 0.0, 0.0, -0.7319809198379517, -0.7319809198379517, 0.0, -0.0, 12.260870933532715, 12.260870933532715)
(-6.236069202423096, -8.094810485839844, 0.0, 0.0, -1.0, 0.0, 13.069023132324219, -77.13015747070312, 0.0, 49.888553619384766, 56.75848388671875, 0.0, 1667, 1655, 1563, 1556, 16.55919075012207, -3.8900790214538574, 0.0, -6.236069202423096, -8.094810485839844, 0.0, 0.0, -1.23219895362854, -1.23219895362854, 0.0, -0.0, 4.818425178527832, 4.818425178527832)
(-4.484665870666504, -7.2834577560424805, 0.0, -1.0, -1.0, 0.0, -19.57219886779785, 53.72480010986328, 0.0, 27.87732696533203, 50.267662048339844, 0.0, 1598, 1611, 1616, 1617, -11.458980560302734, -12.284049987792969, 0.0, -4.484665870666504, -7.2834577560424805, 0.0, 0.0, 2.9795761108398438, 2.9795761108398438, -0.0, -0.0, -3.8832972049713135, -3.8832972049713135)
(-3.25616192817688, -6.818872451782227, 0.0, -1.0, -1.0, 0.0, 2.9316182136535645, 12.335488319396973, 0.0, 18.04929542541504, 46.55097961425781, 0.0, 1573, 1566, 1655, 1648, 26.629060745239258, -36.24597930908203, 0.0, -3.25616192817688, -6.818872451782227, 0.0, 0.0, -0.195542573928833, -0.195542573928833, 0.0, -0.0, 3.2886550426483154, 3.2886550426483154)
(1.5130499601364136, -5.776672840118408, 0.0, -1.0, -1.0, 0.0, 20.611007690429688, -20.061458587646484, 0.0, -20.104400634765625, 38.213382720947266, 0.0, 1574, 1582, 1643, 1643, -8.013911247253418, -37.67864227294922, 0.0, 1.5130499601364136, -5.776672840118408, -0.0, 0.0, 1.6512424945831299, 1.6512424945831299, 0.0, -0.0, -1.9990208148956299, -1.9990208148956299)
(2.95670223236084, -7.612315654754639, 0.0, -1.0, -1.0, 0.0, 18.931617736816406, -93.80191802978516, 0.0, -31.65361785888672, 52.89852523803711, 0.0, 1591, 1561, 1656, 1634, 8.317489624023438, -12.490571975708008, 0.0, 2.95670223236084, -7.612315654754639, -0.0, 0.0, -1.9706614017486572, -1.9706614017486572, 0.0, -0.0, 12.836004257202148, 12.836004257202148)
(1.986687421798706, -6.304154872894287, 0.0, -1.0, -1.0, 0.0, -15.175251960754395, -50.76374816894531, 0.0, -23.89349937438965, 42.4332389831543, 0.0, 1598, 1592, 1632, 1624, 30.43486213684082, 56.495609283447266, 0.0, 1.986687421798706, -6.304154872894287, -0.0, 0.0, 0.418305367231369, 0.418305367231369, 0.0, -0.0, 3.5566115379333496, 3.5566115379333496)
(-2.074892520904541, -5.395627021789551, 0.0, -1.0, -1.0, 0.0, -27.938610076904297, 34.6866340637207, 0.0, 8.599140167236328, 35.165016174316406, 0.0, 1611, 1627, 1600, 1604, -39.25624084472656, -9.116872787475586, 0.0, -2.074892520904541, -5.395627021789551, 0.0, 0.0, 2.8653435707092285, 2.8653435707092285, 0.0, -0.0, -4.847728252410889, -4.847728252410889)
(-2.3982126712799072, -8.655927658081055, 0.0, 0.0, -1.0, 0.0, -20.625633239746094, 16.121747970581055, 0.0, 19.185701370239258, 61.24742126464844, 0.0, 1585, 1602, 1627, 1628, -13.48486042022705, -27.53185272216797, 0.0, -2.3982126712799072, -8.655927658081055, 0.0, 0.0, 3.7433011531829834, 3.7433011531829834, 0.0, -0.0, -4.654207706451416, -4.654207706451416)
(-3.57993483543396, -6.607334136962891, 0.0, -1.0, -1.0, 0.0, -15.969144821166992, -56.94695281982422, 0.0, 20.63947868347168, 44.858673095703125, 0.0, 1604, 1596, 1628, 1614, -35.26865005493164, 5.395853042602539, 0.0, -3.57993483543396, -6.607334136962891, 0.0, 0.0, 1.5640358924865723, 1.5640358924865723, 0.0, -0.0, 5.897478103637695, 5.897478103637695)
(-4.7135009765625, -9.708527565002441, 0.0, -1.0, -1.0, 0.0, 1.9087175130844116, 54.640830993652344, 0.0, 29.7080078125, 69.66822052001953, 0.0, 1579, 1593, 1625, 1646, 64.07011413574219, -23.625967025756836, 0.0, -4.7135009765625, -9.708527565002441, 0.0, 0.0, -1.6989529132843018, -1.6989529132843018, 0.0, -0.0, -8.749336242675781, -8.749336242675781)
(-5.826290607452393, -7.009681701660156, 0.0, -1.0, -1.0, 0.0, 12.580472946166992, -45.32863235473633, 0.0, 38.61032485961914, 48.07745361328125, 0.0, 1736, 1726, 1493, 1486, 24.133676528930664, -56.32407760620117, 0.0, -5.826290607452393, -7.009681701660156, 0.0, 0.0, -0.9491708278656006, -0.9491708278656006, 0.0, -0.0, 4.130350589752197, 4.130350589752197)
(-3.5697314739227295, -5.317084312438965, 0.0, -1.0, -1.0, 0.0, 14.381999969482422, 77.05304718017578, 0.0, 20.557851791381836, 34.53667449951172, 0.0, 1611, 1628, 1595, 1609, -3.4460039138793945, -11.783536911010742, 0.0, -3.5697314739227295, -5.317084312438965, 0.0, 0.0, 0.6308150887489319, 0.6308150887489319, -0.0, -0.0, -7.732448101043701, -7.732448101043701)
(-1.7019782066345215, 1.2235491275787354, 0.0, -1.0, -1.0, 0.0, 26.916351318359375, 3.068312883377075, 0.0, 5.615825653076172, -17.788393020629883, 0.0, 1602, 1584, 1632, 1628, 30.02591323852539, 38.63474655151367, 0.0, -1.7019782066345215, 1.2235491275787354, -0.0, 0.0, -3.566936492919922, -3.566936492919922, -0.0, -0.0, 5.3191914558410645, 5.3191914558410645)
(-2.2273852825164795, -0.7313521504402161, 0.0, -1.0, -1.0, 0.0, 21.893449783325195, -43.60344314575195, 0.0, 9.819082260131836, -2.1491827964782715, 0.0, 1642, 1620, 1594, 1587, 29.33101463317871, 57.67594528198242, 0.0, -2.2273852825164795, -0.7313521504402161, -0.0, 0.0, -3.702181100845337, -3.702181100845337, 0.0, -0.0, 7.119534969329834, 7.119534969329834)
(-2.505493402481079, -1.2936819791793823, 0.0, 0.0, -1.0, 0.0, -1.8317404985427856, -18.443138122558594, 0.0, 20.043947219848633, 2.3494558334350586, 0.0, 1578, 1575, 1645, 1644, 24.401559829711914, -65.37753295898438, 0.0, -2.505493402481079, -1.2936819791793823, 0.0, 0.0, -0.7652139663696289, -0.7652139663696289, 0.0, -0.0, 0.8714398145675659, 0.8714398145675659)
(-4.436241626739502, 0.6163454651832581, 0.0, -1.0, -1.0, 0.0, 9.511771202087402, -43.49657440185547, 0.0, 27.489933013916016, -12.930763244628906, 0.0, 1664, 1654, 1564, 1559, -42.82239532470703, 31.843921661376953, 0.0, -4.436241626739502, 0.6163454651832581, 0.0, 0.0, -1.2455023527145386, -1.2455023527145386, 0.0, -0.0, 3.530992269515991, 3.530992269515991)
(0.8260446786880493, 0.5973145961761475, 0.0, -1.0, -1.0, 0.0, -1.0073130130767822, 45.862205505371094, 0.0, -14.608357429504395, -12.77851676940918, 0.0, 1538, 1545, 1681, 1678, -33.50768280029297, -35.26055145263672, 0.0, 0.8260446786880493, 0.5973145961761475, -0.0, 0.0, 2.4310977458953857, 2.4310977458953857, -0.0, -0.0, -0.7253785133361816, -0.7253785133361816)
(4.4828996658325195, 0.9066716432571411, 0.0, -1.0, -1.0, 0.0, 13.404900550842285, -56.3820686340332, 0.0, -43.863197326660156, -15.253373146057129, 0.0, 1620, 1612, 1609, 1601, -0.23975729942321777, -11.551008224487305, 0.0, 4.4828996658325195, 0.9066716432571411, -0.0, 0.0, 0.1328376829624176, 0.1328376829624176, 0.0, -0.0, 3.827639579772949, 3.827639579772949)
(2.6768929958343506, 1.018949270248413, 0.0, -1.0, -1.0, 0.0, -33.05311584472656, -43.740848541259766, 0.0, -29.415143966674805, -16.151594161987305, 0.0, 1595, 1589, 1636, 1623, 21.3169002532959, -16.113460540771484, 0.0, 2.6768929958343506, 1.018949270248413, 0.0, 0.0, 1.540385365486145, 1.540385365486145, 0.0, -0.0, 4.673349380493164, 4.673349380493164)
(-2.470273971557617, 4.072878837585449, 0.0, -1.0, -1.0, 0.0, -23.862274169921875, 49.923274993896484, 0.0, 11.762191772460938, -40.583030700683594, 0.0, 1504, 1516, 1712, 1714, -27.63092613220215, -24.30905532836914, 0.0, -2.470273971557617, 4.072878837585449, 0.0, 0.0, 2.592811346054077, 2.592811346054077, -0.0, -0.0, -3.586099863052368, -3.586099863052368)
(-0.7913931608200073, 1.7380951642990112, 0.0, -1.0, -1.0, 0.0, -6.946244239807129, 31.96907615661621, 0.0, -1.6688547134399414, -21.904762268066406, 0.0, 1617, 1636, 1588, 1601, -9.501126289367676, -26.09153938293457, 0.0, -0.7913931608200073, 1.7380951642990112, 0.0, 0.0, 1.4326950311660767, 1.4326950311660767, -0.0, -0.0, -7.878666877746582, -7.878666877746582)
(-18.3992977142334, -0.49373266100883484, 0.0, 0.0, -1.0, 0.0, -154.5950927734375, -71.38970184326172, 0.0, 147.1943817138672, -4.050138473510742, 0.0, 1534, 1542, 1688, 1678, -45.15725326538086, 5.191606521606445, 0.0, -18.3992977142334, -0.49373266100883484, 0.0, 0.0, 4.482265472412109, 4.482265472412109, 0.0, -0.0, 0.5291112661361694, 0.5291112661361694)
(-23.153287887573242, -1.772421956062317, 0.0, -1.0, -1.0, 0.0, 54.68734359741211, 93.34312438964844, 0.0, 177.22630310058594, 6.179375648498535, 0.0, 1547, 1566, 1656, 1673, -16.130468368530273, 35.20090103149414, 0.0, -23.153287887573242, -1.772421956062317, 0.0, 0.0, 0.5592119097709656, 0.5592119097709656, -0.0, -0.0, -8.853743553161621, -8.853743553161621)
(-8.69847297668457, 0.37465476989746094, 0.0, -1.0, -1.0, 0.0, 31.679710388183594, 8.8240385055542, 0.0, 61.58778381347656, -10.997238159179688, 0.0, 1689, 1695, 1531, 1528, -13.602630615234375, -74.9327163696289, 0.0, -8.69847297668457, 0.37465476989746094, 0.0, 0.0, 2.2065212726593018, 2.2065212726593018, -0.0, -0.0, -0.8045712113380432, -0.8045712113380432)
(2.4100821018218994, 3.741651773452759, 0.0, -1.0, -1.0, 0.0, 19.633909225463867, 35.480525970458984, 0.0, -27.280656814575195, -37.93321228027344, 0.0, 1595, 1604, 1618, 1625, -26.087717056274414, 5.617519378662109, 0.0, 2.4100821018218994, 3.741651773452759, -0.0, 0.0, 0.6336661577224731, 0.6336661577224731, -0.0, -0.0, -4.134451389312744, -4.134451389312744)
(0.5724196434020996, 4.548040390014648, 0.0, -1.0, -1.0, 0.0, -4.060748100280762, 33.35839080810547, 0.0, -12.579357147216797, -44.38432312011719, 0.0, 1539, 1554, 1663, 1678, 4.2664794921875, 31.438079833984375, 0.0, 0.5724196434020996, 4.548040390014648, -0.0, 0.0, 0.2622120976448059, 0.2622120976448059, -0.0, -0.0, -7.5622053146362305, -7.5622053146362305)
(0.1209322065114975, 2.921201467514038, 0.0, -1.0, 0.0, 0.0, -44.88517379760742, -19.58817481994629, 0.0, -8.96745777130127, -31.369611740112305, 0.0, 1537, 1540, 1590, 1575, -49.515750885009766, 15.607400894165039, 0.0, 0.1209322065114975, 2.921201467514038, 0.0, 0.0, 4.655454158782959, 4.655454158782959, -0.0, -0.0, 3.321099042892456, 3.321099042892456)
(-1.6265519857406616, 1.148989200592041, 0.0, -1.0, -1.0, 0.0, -17.51112937927246, -7.6950459480285645, 0.0, 5.012415885925293, -17.191913604736328, 0.0, 1507, 1506, 1607, 1611, 15.539661407470703, -17.499101638793945, 0.0, -1.6265519857406616, 1.148989200592041, 0.0, 0.0, -1.1545552015304565, -1.1545552015304565, -0.0, -0.0, -0.7143637537956238, -0.7143637537956238)
(-8.250425338745117, 2.703674793243408, 0.0, 0.0, -1.0, 0.0, -36.51876449584961, 23.633197784423828, 0.0, 66.00340270996094, -29.629398345947266, 0.0, 1576, 1580, 1540, 1542, 6.472286701202393, -12.366195678710938, 0.0, -8.250425338745117, 2.703674793243408, 0.0, 0.0, 0.7239047288894653, 0.7239047288894653, -0.0, -0.0, -1.2943845987319946, -1.2943845987319946)
(-34.114227294921875, 5.065273761749268, 0.0, -1.0, -1.0, 0.0, -162.76303100585938, 8.411824226379395, 0.0, 264.913818359375, -48.52219009399414, 0.0, 1419, 1412, 1704, 1698, 1.7529634237289429, -21.760963439941406, 0.0, -34.114227294921875, 5.065273761749268, 0.0, 0.0, -0.24955563247203827, -0.24955563247203827, -0.0, -0.0, 3.2995364665985107, 3.2995364665985107)
(-39.40285873413086, 5.722095489501953, 0.0, -1.0, -1.0, 0.0, 39.95451736450195, 71.03778076171875, 0.0, 307.2228698730469, -53.776763916015625, 0.0, 1638, 1652, 1466, 1478, -16.15616226196289, 1.7284483909606934, 0.0, -39.40285873413086, 5.722095489501953, 0.0, 0.0, 0.2887021601200104, 0.2887021601200104, -0.0, -0.0, -6.485325813293457, -6.485325813293457)
(-36.441707611083984, 8.282879829406738, 0.0, -1.0, -1.0, 0.0, -11.663801193237305, 30.839305877685547, 0.0, 283.5336608886719, -74.2630386352539, 0.0, 1532, 1543, 1582, 1580, -70.51183319091797, -4.056386947631836, 0.0, -36.441707611083984, 8.282879829406738, 0.0, 0.0, 3.102107048034668, 3.102107048034668, -0.0, -0.0, -2.062037467956543, -2.062037467956543)
(-30.776477813720703, 8.775023460388184, 0.0, -1.0, -1.0, 0.0, 39.96978759765625, 40.62556457519531, 0.0, 238.21182250976562, -78.20018768310547, 0.0, 1554, 1554, 1555, 1571, 4.984171390533447, -13.614112854003906, 0.0, -30.776477813720703, 8.775023460388184, 0.0, 0.0, -3.88812255859375, -3.88812255859375, -0.0, -0.0, -4.032769680023193, -4.032769680023193)
(-30.088289260864258, 11.135473251342773, 0.0, -1.0, 0.0, 0.0, 12.290396690368652, 25.95380973815918, 0.0, 232.70631408691406, -89.08378601074219, 0.0, 1546, 1551, 1564, 1573, 2.749621868133545, -5.098308086395264, 0.0, -30.088289260864258, 11.135473251342773, 0.0, 0.0, -1.267215371131897, -1.267215371131897, -0.0, -0.0, -3.694406270980835, -3.694406270980835)
(-27.719602584838867, 9.803587913513184, 0.0, -1.0, -1.0, 0.0, -4.198152542114258, -11.633976936340332, 0.0, 213.75682067871094, -86.42870330810547, 0.0, 1569, 1568, 1551, 1546, -32.13335418701172, 34.497764587402344, 0.0, -27.719602584838867, 9.803587913513184, 0.0, 0.0, 1.0102505683898926, 1.0102505683898926, -0.0, -0.0, 1.3088849782943726, 1.3088849782943726)
(-28.079326629638672, 9.348031044006348, 0.0, -1.0, -1.0, 0.0, -16.320289611816406, -17.878252029418945, 0.0, 216.63461303710938, -82.78424835205078, 0.0, 1533, 1532, 1587, 1582, -22.533113479614258, 31.014678955078125, 0.0, -28.079326629638672, 9.348031044006348, 0.0, 0.0, 1.1284738779067993, 1.1284738779067993, -0.0, -0.0, 1.3935178518295288, 1.3935178518295288)
(-27.786130905151367, 8.570917129516602, 0.0, -1.0, -1.0, 0.0, -2.946244239807129, -20.153060913085938, 0.0, 214.28904724121094, -76.56733703613281, 0.0, 1569, 1564, 1553, 1551, -27.857376098632812, 24.857376098632812, 0.0, -27.786130905151367, 8.570917129516602, 0.0, 0.0, -0.8876402378082275, -0.8876402378082275, -0.0, -0.0, 1.7514479160308838, 1.7514479160308838)
(-27.967973709106445, 8.838614463806152, 0.0, -1.0, -1.0, 0.0, 11.801847457885742, 9.449992179870605, 0.0, 215.74378967285156, -78.70891571044922, 0.0, 1512, 1514, 1601, 1607, -45.75553894042969, -45.67918014526367, 0.0, -27.967973709106445, 8.838614463806152, 0.0, 0.0, -0.9891766309738159, -0.9891766309738159, -0.0, -0.0, -1.702208161354065, -1.702208161354065)
(-29.565269470214844, 9.228918075561523, 0.0, -1.0, -1.0, 0.0, -0.5492976903915405, -2.5500075817108154, 0.0, 228.52215576171875, -81.83134460449219, 0.0, 1586, 1583, 1532, 1532, -16.573766708374023, 61.15650177001953, 0.0, -29.565269470214844, 9.228918075561523, 0.0, 0.0, -0.812812328338623, -0.812812328338623, -0.0, -0.0, 0.6318962574005127, 0.6318962574005127)
(-28.625778198242188, 8.551004409790039, 0.0, -1.0, -1.0, 0.0, -8.289755821228027, 10.701900482177734, 0.0, 221.0062255859375, -76.40803527832031, 0.0, 1521, 1528, 1593, 1592, -53.586605072021484, -18.493412017822266, 0.0, -28.625778198242188, 8.551004409790039, 0.0, 0.0, 1.9279837608337402, 1.9279837608337402, -0.0, -0.0, -1.7491097450256348, -1.7491097450256348)
(-29.598220825195312, 8.467333793640137, 0.0, 0.0, -1.0, 0.0, -2.7783052921295166, 20.427091598510742, 0.0, 236.7857666015625, -75.7386703491211, 0.0, 1531, 1534, 1584, 1589, -12.238130569458008, -5.990132808685303, 0.0, -29.598220825195312, 8.467333793640137, 0.0, 0.0, -0.8487390875816345, -0.8487390875816345, -0.0, -0.0, -1.986749529838562, -1.986749529838562)
(-29.770524978637695, 7.50918436050415, 0.0, -1.0, -1.0, 0.0, 11.420167922973633, -44.015655517578125, 0.0, 230.16419982910156, -68.07347106933594, 0.0, 1610, 1593, 1521, 1510, -2.498917579650879, -33.64458465576172, 0.0, -29.770524978637695, 7.50918436050415, 0.0, 0.0, -1.6018751859664917, -1.6018751859664917, -0.0, -0.0, 6.9418110847473145, 6.9418110847473145)
(-28.2003116607666, 7.135205268859863, 0.0, -1.0, -1.0, 0.0, 10.290396690368652, -29.038557052612305, 0.0, 217.6024932861328, -65.0816421508789, 0.0, 1540, 1534, 1584, 1579, -10.3562650680542, 5.842779159545898, 0.0, -28.2003116607666, 7.135205268859863, 0.0, 0.0, -0.1501791626214981, -0.1501791626214981, -0.0, -0.0, 2.6809000968933105, 2.6809000968933105)
(-26.10584831237793, 7.063475131988525, 0.0, -1.0, -1.0, 0.0, 8.000320434570312, 11.57213020324707, 0.0, 200.84678649902344, -64.50779724121094, 0.0, 1562, 1561, 1554, 1561, -7.121140480041504, -31.419057846069336, 0.0, -26.10584831237793, 7.063475131988525, 0.0, 0.0, -1.6464301347732544, -1.6464301347732544, -0.0, -0.0, -1.5985486507415771, -1.5985486507415771)
(-27.196348190307617, 8.366957664489746, 0.0, -1.0, -1.0, 0.0, -14.656167984008789, 18.47289276123047, 0.0, 209.57078552246094, -74.93566131591797, 0.0, 1530, 1537, 1587, 1583, -40.40993118286133, 15.155134201049805, 0.0, -27.196348190307617, 8.366957664489746, 0.0, 0.0, 2.8151028156280518, 2.8151028156280518, -0.0, -0.0, -0.6438322067260742, -0.6438322067260742)
(-27.00537109375, 9.091714859008789, 0.0, -1.0, -1.0, 0.0, -3.6485342979431152, -20.565275192260742, 0.0, 208.04296875, -80.73371887207031, 0.0, 1591, 1579, 1539, 1532, -18.180572509765625, 22.630460739135742, 0.0, -27.00537109375, 9.091714859008789, 0.0, 0.0, -1.1461268663406372, -1.1461268663406372, -0.0, -0.0, 4.7323408126831055, 4.7323408126831055)
(-27.66484832763672, 8.819692611694336, 0.0, -1.0, -1.0, 0.0, 14.366732597351074, -27.64924430847168, 0.0, 212.5111846923828, -76.84461975097656, 0.0, 1527, 1535, 1583, 1588, -13.034829139709473, -29.25288963317871, 0.0, -27.56389808654785, 8.60557746887207, 0.0, 0.0, -2.2147579193115234, -2.2147579193115234, -0.0, -0.0, 2.5281169414520264, 2.5281169414520264)
(-27.14776611328125, 10.091936111450195, 0.0, -1.0, -1.0, 0.0, 4.687343597412109, -10.809549331665039, 0.0, 209.18212890625, -88.73548889160156, 0.0, 1580, 1575, 1539, 1540, 2.8938004970550537, 12.983917236328125, 0.0, -27.14776611328125, 10.091936111450195, 0.0, 0.0, -1.3827346563339233, -1.3827346563339233, -0.0, -0.0, 1.10181725025177, 1.10181725025177)
(-24.947608947753906, 11.180924415588379, 0.0, -1.0, -1.0, 0.0, 17.954519271850586, -21.023290634155273, 0.0, 191.58087158203125, -97.44739532470703, 0.0, 1601, 1587, 1524, 1522, 10.714383125305176, 42.672576904296875, 0.0, -24.947608947753906, 11.180924415588379, 0.0, 0.0, -2.5891106128692627, -2.5891106128692627, -0.0, -0.0, 3.997371196746826, 3.997371196746826)
(-26.458391189575195, 12.76286792755127, 0.0, -1.0, -1.0, 0.0, -16.65616798400879, 3.572129726409912, 0.0, 203.66712951660156, -110.10294342041016, 0.0, 1475, 1480, 1640, 1639, -58.40355682373047, 17.529464721679688, 0.0, -26.458391189575195, 12.76286792755127, 0.0, 0.0, 1.500363826751709, 1.500363826751709, -0.0, -0.0, -1.283703088760376, -1.283703088760376)
(-26.990633010864258, 10.601523399353027, 0.0, -1.0, -1.0, 0.0, 0.015587786212563515, -10.412603378295898, 0.0, 207.92506408691406, -92.81218719482422, 0.0, 1585, 1583, 1532, 1534, -25.266569137573242, 19.630207061767578, 0.0, -26.990633010864258, 10.601523399353027, 0.0, 0.0, -1.1786020994186401, -1.1786020994186401, -0.0, -0.0, 0.02156737633049488, 0.02156737633049488)
(6.865423202514648, 10.613410949707031, 0.0, -1.0, -1.0, 0.0, 296.3514709472656, -71.93932342529297, 0.0, -62.92338562011719, -92.90728759765625, 0.0, 1702, 1673, 1437, 1423, 0.37673985958099365, -13.329641342163086, 0.0, 6.865423202514648, 10.613410949707031, -0.0, 0.0, -3.6796531677246094, -3.6796531677246094, -0.0, -0.0, 10.89132308959961, 10.89132308959961)
(24.455944061279297, 15.119126319885254, 0.0, -1.0, 0.0, 0.0, -44.701969146728516, 88.36602020263672, 0.0, -203.64755249023438, -120.95301055908203, 0.0, 1417, 1433, 1686, 1697, -24.539091110229492, 26.90310287475586, 0.0, 24.455944061279297, 15.119126319885254, -0.0, 0.0, 1.479339838027954, 1.479339838027954, -0.0, -0.0, -6.527162075042725, -6.527162075042725)
(15.649203300476074, 19.05350685119629, 0.0, -1.0, -1.0, 0.0, 6.259862422943115, 34.83930587768555, 0.0, -133.19363403320312, -160.4280548095703, 0.0, 1490, 1489, 1622, 1633, 26.102018356323242, 14.743476867675781, 0.0, 15.649203300476074, 19.05350685119629, -0.0, 0.0, -2.9809024333953857, -2.9809024333953857, -0.0, -0.0, -2.5885164737701416, -2.5885164737701416)
(13.799403190612793, 16.76134490966797, 0.0, -1.0, -1.0, 0.0, 36.0613899230957, 20.075946807861328, 0.0, -118.39522552490234, -142.09075927734375, 0.0, 1568, 1567, 1543, 1556, 21.16825294494629, -4.988832950592041, 0.0, 13.799403190612793, 16.76134490966797, -0.0, 0.0, -3.745408296585083, -3.745408296585083, -0.0, -0.0, -2.7616055011749268, -2.7616055011749268)
(1.3623055219650269, 16.301116943359375, 0.0, -1.0, -1.0, 0.0, -215.00730895996094, 65.67900085449219, 0.0, -18.89844512939453, -138.408935546875, 0.0, 1408, 1438, 1702, 1686, -24.960769653320312, -66.71340942382812, 0.0, 1.3623055219650269, 16.301116943359375, 0.0, 0.0, 11.189499855041504, 11.189499855041504, -0.0, -0.0, -3.5061135292053223, -3.5061135292053223)
(-28.593454360961914, 19.215272903442383, 0.0, -1.0, -1.0, 0.0, 48.3056640625, 67.3278579711914, 0.0, 220.7476348876953, -161.72218322753906, 0.0, 1582, 1598, 1512, 1542, 0.8479126691818237, -25.795059204101562, 0.0, -28.593454360961914, 19.215272903442383, 0.0, 0.0, -3.747330665588379, -3.747330665588379, -0.0, -0.0, -11.527244567871094, -11.527244567871094)
(-17.409265518188477, 21.25075340270996, 0.0, -1.0, -1.0, 0.0, 60.76367950439453, 22.198083877563477, 0.0, 131.2741241455078, -178.0060272216797, 0.0, 1663, 1664, 1451, 1456, -26.980804443359375, 54.96762466430664, 0.0, -17.409265518188477, 21.25075340270996, 0.0, 0.0, -1.0229607820510864, -1.0229607820510864, -0.0, -0.0, -1.5588459968566895, -1.5588459968566895)
(26.504549026489258, 13.918039321899414, 0.0, -1.0, -1.0, 0.0, 130.5194091796875, -96.93168640136719, 0.0, -220.03639221191406, -119.34431457519531, 0.0, 1715, 1702, 1419, 1398, -12.527809143066406, -23.789081573486328, 0.0, 26.504549026489258, 13.918039321899414, -0.0, 0.0, 2.1545913219451904, 2.1545913219451904, -0.0, -0.0, 8.26152515411377, 8.26152515411377)
(18.495849609375, 14.937440872192383, 0.0, 0.0, -1.0, 0.0, -23.969144821166992, 20.7171688079834, 0.0, -147.966796875, -127.49952697753906, 0.0, 1479, 1478, 1637, 1640, 27.0063533782959, 5.067793846130371, 0.0, 18.495849609375, 14.937440872192383, -0.0, 0.0, -1.2283236980438232, -1.2283236980438232, -0.0, -0.0, -0.5948750972747803, -0.5948750972747803)
(2.4992733001708984, 16.423521041870117, 0.0, -1.0, 0.0, 0.0, -178.9004364013672, -87.00802612304688, 0.0, -27.994186401367188, -131.38816833496094, 0.0, 1587, 1581, 1551, 1515, -19.466129302978516, -35.289058685302734, 0.0, 2.4992733001708984, 16.423521041870117, 0.0, 0.0, 7.82535457611084, 7.82535457611084, -0.0, -0.0, 10.396401405334473, 10.396401405334473)
(-29.484079360961914, 17.18574333190918, 0.0, -1.0, -1.0, 0.0, 59.08428955078125, 10.808771133422852, 0.0, 227.8726348876953, -145.48594665527344, 0.0, 1662, 1643, 1458, 1471, 41.70927047729492, 20.10637092590332, 0.0, -29.484079360961914, 17.18574333190918, 0.0, 0.0, -8.060117721557617, -8.060117721557617, -0.0, -0.0, 1.6100434064865112, 1.6100434064865112)
(-13.767620086669922, 17.781641006469727, 0.0, -1.0, -1.0, 0.0, 83.45069885253906, -11.572908401489258, 0.0, 102.14096069335938, -150.2531280517578, 0.0, 1713, 1704, 1409, 1408, 11.086355209350586, 6.996875762939453, 0.0, -13.767620086669922, 17.781641006469727, 0.0, 0.0, -2.219633102416992, -2.219633102416992, -0.0, -0.0, 2.7747182846069336, 2.7747182846069336)
(26.257251739501953, 10.62279987335205, 0.0, -1.0, -1.0, 0.0, 32.855281829833984, 5.541595458984375, 0.0, -218.05801391601562, -92.9823989868164, 0.0, 1578, 1595, 1531, 1529, 12.085783004760742, 66.34254455566406, 0.0, 26.257251739501953, 10.62279987335205, -0.0, 0.0, 4.867927551269531, 4.867927551269531, -0.0, -0.0, -3.5976505279541016, -3.5976505279541016)
(11.636011123657227, 10.498234748840332, 0.0, -1.0, -1.0, 0.0, -25.282121658325195, -32.67214584350586, 0.0, -101.08808898925781, -91.98587799072266, 0.0, 1468, 1459, 1657, 1654, 17.50684356689453, -14.44668960571289, 0.0, 11.636011123657227, 10.498234748840332, -0.0, 0.0, -1.724216341972351, -1.724216341972351, -0.0, -0.0, 2.818075656890869, 2.818075656890869)
(-2.0535378456115723, 12.899181365966797, 0.0, -1.0, -1.0, 0.0, -92.579833984375, 44.79350280761719, 0.0, 8.428302764892578, -111.19345092773438, 0.0, 1462, 1465, 1653, 1653, 29.93462562561035, -40.201473236083984, 0.0, -2.0535378456115723, 12.899181365966797, 0.0, 0.0, 0.7339060306549072, 0.7339060306549072, -0.0, -0.0, -0.7839938402175903, -0.7839938402175903)
(-26.75877571105957, 19.175758361816406, 0.0, 0.0, -1.0, 0.0, 52.152992248535156, 45.541595458984375, 0.0, 214.07020568847656, -161.40606689453125, 0.0, 1661, 1668, 1443, 1462, -5.697268486022949, -27.521995544433594, 0.0, -26.75877571105957, 19.175758361816406, 0.0, 0.0, -3.2423202991485596, -3.2423202991485596, -0.0, -0.0, -6.4554901123046875, -6.4554901123046875)
(10.96859359741211, 16.07196617126465, 0.0, -1.0, -1.0, 0.0, 193.6339111328125, -17.771381378173828, 0.0, -95.74874877929688, -136.5757293701172, 0.0, 1709, 1708, 1405, 1412, 24.143539428710938, -17.14254379272461, 0.0, 10.96859359741211, 16.07196617126465, -0.0, 0.0, -2.001221179962158, -2.001221179962158, -0.0, -0.0, -1.5184106826782227, -1.5184106826782227)
(18.32521629333496, 13.123929023742676, 0.0, -1.0, -1.0, 0.0, -64.79357147216797, 50.656097412109375, 0.0, -154.6017303466797, -112.9914321899414, 0.0, 1423, 1432, 1690, 1689, 10.388299942016602, -18.031579971313477, 0.0, 18.32521629333496, 13.123929023742676, -0.0, 0.0, 2.3884880542755127, 2.3884880542755127, -0.0, -0.0, -2.1724414825439453, -2.1724414825439453)
(5.539356231689453, 17.281099319458008, 0.0, -1.0, -1.0, 0.0, -34.09128189086914, 47.083580017089844, 0.0, -52.314849853515625, -146.24879455566406, 0.0, 1455, 1463, 1655, 1661, 17.3924560546875, 4.774409294128418, 0.0, 5.539356231689453, 17.281099319458008, -0.0, 0.0, 0.5073848366737366, 0.5073848366737366, -0.0, -0.0, -3.5983970165252686, -3.5983970165252686)
(-0.18027305603027344, 17.330137252807617, 0.0, -1.0, -1.0, 0.0, -16.564565658569336, 47.78586959838867, 0.0, -6.5578155517578125, -146.64109802246094, 0.0, 1537, 1550, 1569, 1578, -69.38860321044922, -15.313338279724121, 0.0, -0.18027305603027344, 17.330137252807617, 0.0, 0.0, 1.2016034126281738, 1.2016034126281738, -0.0, -0.0, -5.483565807342529, -5.483565807342529)
(0.7650173306465149, 17.78042221069336, 0.0, -1.0, -1.0, 0.0, 2.275129795074463, 31.70953369140625, 0.0, -14.120138168334961, -150.24337768554688, 0.0, 1548, 1556, 1565, 1570, -9.927618980407715, -40.02130126953125, 0.0, 0.7650173306465149, 17.78042221069336, -0.0, 0.0, 0.719129741191864, 0.719129741191864, -0.0, -0.0, -3.0623741149902344, -3.0623741149902344)
(-0.13065525889396667, 16.411375045776367, 0.0, -1.0, -1.0, 0.0, 17.46596908569336, -5.878252029418945, 0.0, -6.9547576904296875, -139.29100036621094, 0.0, 1604, 1594, 1518, 1518, 28.851228713989258, 22.961509704589844, 0.0, -0.13065525889396667, 16.411375045776367, -0.0, 0.0, -2.2853939533233643, -2.2853939533233643, -0.0, -0.0, 2.4216136932373047, 2.4216136932373047)
(12.615633964538574, 9.795051574707031, 0.0, -1.0, -1.0, 0.0, 176.85528564453125, -42.076725006103516, 0.0, -108.9250717163086, -86.36041259765625, 0.0, 1669, 1660, 1441, 1465, 31.08692741394043, -8.867105484008789, 0.0, 12.615633964538574, 9.795051574707031, -0.0, 0.0, -8.095732688903809, -8.095732688903809, -0.0, -0.0, -3.7891035079956055, -3.7891035079956055)
(28.386404037475586, 3.6717588901519775, 0.0, -1.0, -1.0, 0.0, -0.16761831939220428, -27.26756477355957, 0.0, -235.0912322998047, -37.37406921386719, 0.0, 1496, 1485, 1630, 1622, 26.41765785217285, 0.4877333641052246, 0.0, 28.386404037475586, 3.6717588901519775, -0.0, 0.0, -0.8057710528373718, -0.8057710528373718, -0.0, -0.0, 4.8752312660217285, 4.8752312660217285)
(21.954294204711914, 6.400815010070801, 0.0, -1.0, -1.0, 0.0, -11.11418342590332, 40.22861862182617, 0.0, -183.6343536376953, -59.206520080566406, 0.0, 1437, 1442, 1672, 1683, 60.30229187011719, 23.838092803955078, 0.0, 21.954294204711914, 6.400815010070801, -0.0, 0.0, -1.3429268598556519, -1.3429268598556519, -0.0, -0.0, -3.9682085514068604, -3.9682085514068604)
(19.221717834472656, 5.433532238006592, 0.0, -1.0, -1.0, 0.0, -10.47296142578125, -43.45077133178711, 0.0, -161.77374267578125, -51.468257904052734, 0.0, 1530, 1525, 1595, 1584, -11.432682991027832, 2.194502830505371, 0.0, 19.221717834472656, 5.433532238006592, -0.0, 0.0, 1.4957737922668457, 1.4957737922668457, -0.0, -0.0, 3.978977680206299, 3.978977680206299)
(17.46421241760254, 6.461639881134033, 0.0, -1.0, -1.0, 0.0, -10.106549263000488, 32.57976150512695, 0.0, -147.7136993408203, -59.693119049072266, 0.0, 1517, 1527, 1590, 1600, 8.867010116577148, -32.05702209472656, 0.0, 17.46421241760254, 6.461639881134033, -0.0, 0.0, 0.07862840592861176, 0.07862840592861176, -0.0, -0.0, -4.728056907653809, -4.728056907653809)
(-5.835517883300781, 10.024380683898926, 0.0, -1.0, -1.0, 0.0, -206.5034942626953, -11.679779052734375, 0.0, 38.68414306640625, -88.1950454711914, 0.0, 1416, 1416, 1713, 1692, -49.34414291381836, 20.985570907592773, 0.0, -5.835517883300781, 10.024380683898926, 0.0, 0.0, 5.377984046936035, 5.377984046936035, -0.0, -0.0, 5.185188293457031, 5.185188293457031)
(-34.363983154296875, 14.590139389038086, 0.0, -1.0, -1.0, 0.0, -6.54929780960083, -22.259931564331055, 0.0, 266.911865234375, -124.72111511230469, 0.0, 1651, 1631, 1480, 1472, -12.835518836975098, 42.62415313720703, 0.0, -34.363983154296875, 14.590139389038086, 0.0, 0.0, -2.9574222564697266, -2.9574222564697266, -0.0, -0.0, 6.718423366546631, 6.718423366546631)
(-32.60421371459961, 16.56049156188965, 0.0, -1.0, -1.0, 0.0, -10.167618751525879, 2.366022825241089, 0.0, 252.83370971679688, -140.4839324951172, 0.0, 1536, 1534, 1583, 1581, -54.18520736694336, 8.437207221984863, 0.0, -32.60421371459961, 16.56049156188965, 0.0, 0.0, -0.17438651621341705, -0.17438651621341705, -0.0, -0.0, 1.0395500659942627, 1.0395500659942627)
(-32.7429313659668, 15.37769603729248, 0.0, -1.0, -1.0, 0.0, -12.167618751525879, -14.290465354919434, 0.0, 253.94345092773438, -131.02157592773438, 0.0, 1519, 1515, 1604, 1596, -48.879825592041016, 14.19235610961914, 0.0, -32.7429313659668, 15.37769603729248, 0.0, 0.0, 1.0823456048965454, 1.0823456048965454, -0.0, -0.0, 3.116415500640869, 3.116415500640869)
(-32.29157257080078, 15.625048637390137, 0.0, -1.0, -1.0, 0.0, 25.298030853271484, 25.465259552001953, 0.0, 250.33258056640625, -133.00039672851562, 0.0, 1569, 1570, 1543, 1552, 9.057645797729492, -13.53239631652832, 0.0, -32.29157257080078, 15.625048637390137, 0.0, 0.0, -1.8609445095062256, -1.8609445095062256, -0.0, -0.0, -2.6305108070373535, -2.6305108070373535)
(-29.852703094482422, 17.867229461669922, 0.0, -1.0, -1.0, 0.0, -17.022581100463867, 50.6866340637207, 0.0, 230.82162475585938, -150.93783569335938, 0.0, 1484, 1498, 1624, 1628, -30.988994598388672, -42.21451187133789, 0.0, -29.852703094482422, 17.867229461669922, 0.0, 0.0, 2.7276296615600586, 2.7276296615600586, -0.0, -0.0, -4.74794864654541, -4.74794864654541)
(-27.4597225189209, 18.125322341918945, 0.0, -1.0, -1.0, 0.0, 16.901084899902344, -16.68741226196289, 0.0, 211.6777801513672, -153.00257873535156, 0.0, 1578, 1567, 1545, 1544, -5.973903179168701, 4.459173202514648, 0.0, -27.4597225189209, 18.125322341918945, 0.0, 0.0, -2.2453203201293945, -2.2453203201293945, -0.0, -0.0, 3.1310787200927734, 3.1310787200927734)
(-26.688114166259766, 16.801517486572266, 0.0, -1.0, 0.0, 0.0, 6.778946399688721, -10.244664192199707, 0.0, 205.50491333007812, -134.41213989257812, 0.0, 1550, 1545, 1573, 1567, -36.603179931640625, 1.2753024101257324, 0.0, -26.688114166259766, 16.801517486572266, 0.0, 0.0, 0.24408401548862457, 0.24408401548862457, -0.0, -0.0, 2.863046884536743, 2.863046884536743)
(-22.45387077331543, 15.93156623840332, 0.0, -1.0, -1.0, 0.0, 68.03085327148438, 40.54922866821289, 0.0, 171.63096618652344, -135.45252990722656, 0.0, 1497, 1507, 1606, 1623, -76.22148895263672, -13.736381530761719, 0.0, -22.45387077331543, 15.93156623840332, 0.0, 0.0, -1.7631415128707886, -1.7631415128707886, -0.0, -0.0, -6.800786972045898, -6.800786972045898)
(17.75432014465332, 13.461634635925293, 0.0, 0.0, -1.0, 0.0, 132.99269104003906, 47.6179313659668, 0.0, -142.03456115722656, -115.69307708740234, 0.0, 1701, 1716, 1403, 1414, -13.0481595993042, -26.727537155151367, 0.0, 17.75432014465332, 13.461634635925293, -0.0, 0.0, 0.9955471158027649, 0.9955471158027649, -0.0, -0.0, -6.244740009307861, -6.244740009307861)
(26.451902389526367, 14.22977352142334, 0.0, -1.0, -1.0, 0.0, -36.763038635253906, 33.95380783081055, 0.0, -219.61521911621094, -121.83818817138672, 0.0, 1417, 1428, 1693, 1696, 39.26018524169922, 5.478925704956055, 0.0, 26.451902389526367, 14.22977352142334, -0.0, 0.0, 1.7685056924819946, 1.7685056924819946, -0.0, -0.0, -3.509094715118408, -3.509094715118408)
(8.134920120239258, 13.261579513549805, 0.0, -1.0, -1.0, 0.0, -149.93861389160156, -27.145427703857422, 0.0, -73.07936096191406, -114.09263610839844, 0.0, 1428, 1442, 1683, 1681, 12.138192176818848, -5.050904273986816, 0.0, 8.134920120239258, 13.261579513549805, 0.0, 0.0, 3.64875864982605, 3.64875864982605, -0.0, -0.0, -2.8905656337738037, -2.8905656337738037)
(-27.965993881225586, 15.26053237915039, 0.0, -1.0, -1.0, 0.0, -33.77067184448242, 61.67900085449219, 0.0, 215.7279510498047, -130.08425903320312, 0.0, 1501, 1505, 1607, 1621, 17.762123107910156, 65.22686004638672, 0.0, -27.965993881225586, 15.26053237915039, 0.0, 0.0, -2.441047191619873, -2.441047191619873, -0.0, -0.0, -4.832573890686035, -4.832573890686035)
(-17.729978561401367, 15.668351173400879, 0.0, -1.0, -1.0, 0.0, 126.22933197021484, 48.50342559814453, 0.0, 133.83982849121094, -133.3468017578125, 0.0, 1673, 1684, 1430, 1446, -28.96623992919922, 9.776142120361328, 0.0, -17.729978561401367, 15.668351173400879, 0.0, 0.0, -1.3357433080673218, -1.3357433080673218, -0.0, -0.0, -6.631898880004883, -6.631898880004883)
(25.00191879272461, 7.79591703414917, 0.0, -1.0, 0.0, 0.0, 38.18352508544922, -8.046191215515137, 0.0, -208.01535034179688, -62.36733627319336, 0.0, 1620, 1624, 1497, 1493, 42.3505859375, 6.83657169342041, 0.0, 25.00191879272461, 7.79591703414917, -0.0, 0.0, 1.7085363864898682, 1.7085363864898682, -0.0, -0.0, 0.00926485937088728, 0.00926485937088728)
(2.081977605819702, 11.016419410705566, 0.0, -1.0, -1.0, 0.0, -209.5569305419922, 0.3202213644981384, 0.0, -24.655820846557617, -96.13135528564453, 0.0, 1444, 1471, 1660, 1659, 3.9382987022399902, -57.99302291870117, 0.0, 2.081977605819702, 11.016419410705566, 0.0, 0.0, 7.02895975112915, 7.02895975112915, -0.0, -0.0, -6.573921203613281, -6.573921203613281)
(-41.80000305175781, 12.299124717712402, 0.0, -1.0, -1.0, 0.0, -35.70960235595703, 23.526329040527344, 0.0, 326.4000244140625, -106.39299774169922, 0.0, 1521, 1515, 1594, 1604, -17.841833114624023, 33.082122802734375, 0.0, -41.80000305175781, 12.299124717712402, 0.0, 0.0, -4.006850242614746, -4.006850242614746, -0.0, -0.0, -0.9246422052383423, -0.9246422052383423)
(-34.83976745605469, 11.796297073364258, 0.0, -1.0, -1.0, 0.0, 10.244595527648926, 60.39655685424805, 0.0, 270.7181396484375, -102.37037658691406, 0.0, 1560, 1579, 1542, 1553, -68.10111999511719, -24.844343185424805, 0.0, -34.83976745605469, 11.796297073364258, 0.0, 0.0, 2.090775489807129, 2.090775489807129, -0.0, -0.0, -7.620484352111816, -7.620484352111816)
(-35.47019958496094, 13.718195915222168, 0.0, -1.0, 0.0, 0.0, 10.519404411315918, -14.22939682006836, 0.0, 275.7615966796875, -109.74556732177734, 0.0, 1528, 1514, 1597, 1595, -26.865966796875, 14.716842651367188, 0.0, -35.47019958496094, 13.718195915222168, 0.0, 0.0, -2.699951648712158, -2.699951648712158, -0.0, -0.0, 3.9553353786468506, 3.9553353786468506)
(-33.78983688354492, 16.110252380371094, 0.0, -1.0, -1.0, 0.0, -13.1447172164917, 41.1751823425293, 0.0, 262.3186950683594, -136.88201904296875, 0.0, 1530, 1544, 1579, 1582, -60.26085662841797, -23.17445945739746, 0.0, -33.78983688354492, 16.110252380371094, 0.0, 0.0, 2.879650592803955, 2.879650592803955, -0.0, -0.0, -4.3136749267578125, -4.3136749267578125)
(-32.155574798583984, 15.938067436218262, 0.0, -1.0, -1.0, 0.0, 30.12245750427246, 5.220984935760498, 0.0, 249.24459838867188, -135.50454711914062, 0.0, 1558, 1555, 1556, 1564, 26.514137268066406, 49.16900634765625, 0.0, -32.155574798583984, 15.938067436218262, 0.0, 0.0, -2.6853227615356445, -2.6853227615356445, -0.0, -0.0, -1.1341677904129028, -1.1341677904129028)
(-32.24803924560547, 15.227723121643066, 0.0, -1.0, 0.0, 0.0, 2.3667328357696533, 11.984343528747559, 0.0, 249.98431396484375, -121.82178497314453, 0.0, 1523, 1521, 1595, 1596, -17.758113861083984, -21.644742965698242, 0.0, -32.24803924560547, 15.227723121643066, 0.0, 0.0, -0.591224193572998, -0.591224193572998, -0.0, -0.0, 0.20860761404037476, 0.20860761404037476)
(-31.241151809692383, 14.491983413696289, 0.0, -1.0, -1.0, 0.0, -13.541664123535156, -9.252297401428223, 0.0, 241.92921447753906, -123.93586730957031, 0.0, 1544, 1542, 1581, 1567, -51.88064956665039, 11.162483215332031, 0.0, -31.241151809692383, 14.491983413696289, 0.0, 0.0, 2.7778077125549316, 2.7778077125549316, -0.0, -0.0, 4.2354536056518555, 4.2354536056518555)
(-20.016132354736328, 12.010002136230469, 0.0, -1.0, -1.0, 0.0, 219.0537567138672, 39.862205505371094, 0.0, 152.12905883789062, -104.08001708984375, 0.0, 1561, 1558, 1543, 1572, -63.52435302734375, 16.743759155273438, 0.0, -20.016132354736328, 12.010002136230469, -0.0, 0.0, -8.285144805908203, -8.285144805908203, -0.0, -0.0, -6.636163234710693, -6.636163234710693)
(36.54914474487305, 2.3631985187530518, 0.0, -1.0, -1.0, 0.0, 131.7713165283203, -57.14542770385742, 0.0, -300.3931579589844, -26.905588150024414, 0.0, 1711, 1706, 1414, 1403, -30.8038330078125, 52.17448806762695, 0.0, 36.54914474487305, 2.3631985187530518, -0.0, 0.0, 1.0903794765472412, 1.0903794765472412, 0.0, -0.0, 3.957942485809326, 3.957942485809326)
(41.31404495239258, 9.640299797058105, 0.0, -1.0, -1.0, 0.0, 2.0003206729888916, 29.70953369140625, 0.0, -338.5123596191406, -85.12239837646484, 0.0, 1489, 1484, 1629, 1632, 27.70624351501465, -41.37738800048828, 0.0, 41.31404495239258, 9.640299797058105, -0.0, 0.0, -2.094531774520874, -2.094531774520874, -0.0, -0.0, 0.46454042196273804, 0.46454042196273804)
(37.70134353637695, 11.395466804504395, 0.0, -1.0, -1.0, 0.0, 10.580472946166992, -19.2828311920166, 0.0, -309.6107482910156, -99.16373443603516, 0.0, 1541, 1532, 1582, 1579, 51.76375961303711, 29.493125915527344, 0.0, 37.70134353637695, 11.395466804504395, -0.0, 0.0, -1.4291446208953857, -1.4291446208953857, -0.0, -0.0, 3.029831886291504, 3.029831886291504)
(39.16316604614258, 10.75939655303955, 0.0, -1.0, -1.0, 0.0, 17.939252853393555, -0.9469541907310486, 0.0, -321.3053283691406, -94.0751724243164, 0.0, 1526, 1521, 1592, 1594, 34.805931091308594, 9.43717098236084, 0.0, 39.16316604614258, 10.75939655303955, -0.0, 0.0, -1.8354741334915161, -1.8354741334915161, -0.0, -0.0, 0.7944665551185608, 0.7944665551185608)
(36.554134368896484, 13.568168640136719, 0.0, -1.0, 0.0, 0.0, -14.36609172821045, 47.220985412597656, 0.0, -300.4330749511719, -108.54534912109375, 0.0, 1482, 1489, 1631, 1632, 10.238862037658691, -36.43293380737305, 0.0, 36.554134368896484, 13.568168640136719, -0.0, 0.0, 1.5655039548873901, 1.5655039548873901, -0.0, -0.0, -2.001338005065918, -2.001338005065918)
(33.6654052734375, 15.292254447937012, 0.0, -1.0, -1.0, 0.0, -4.3202900886535645, 10.137015342712402, 0.0, -277.3232421875, -130.33804321289062, 0.0, 1517, 1517, 1599, 1601, 27.40915870666504, -24.2158203125, 0.0, 33.6654052734375, 15.292254447937012, -0.0, 0.0, -0.2701772153377533, -0.2701772153377533, -0.0, -0.0, -0.44522303342819214, -0.44522303342819214)
(31.208812713623047, 16.681724548339844, 0.0, -1.0, -1.0, 0.0, -15.221053123474121, -8.321000099182129, 0.0, -257.6705017089844, -141.45379638671875, 0.0, 1532, 1531, 1585, 1586, -6.933110237121582, 73.49186706542969, 0.0, 31.208812713623047, 16.681724548339844, -0.0, 0.0, -0.35069340467453003, -0.35069340467453003, -0.0, -0.0, 0.04668603464961052, 0.04668603464961052)
(28.351335525512695, 17.441293716430664, 0.0, -1.0, -1.0, 0.0, -25.87754249572754, 19.32785415649414, 0.0, -234.81068420410156, -147.5303497314453, 0.0, 1509, 1512, 1609, 1605, 12.471192359924316, -41.02010726928711, 0.0, 28.351335525512695, 17.441293716430664, -0.0, 0.0, 1.701529622077942, 1.701529622077942, -0.0, -0.0, 0.34164750576019287, 0.34164750576019287)
(27.57292938232422, 15.853860855102539, 0.0, -1.0, -1.0, 0.0, -6.732503890991211, 43.1751823425293, 0.0, -228.58343505859375, -134.8308868408203, 0.0, 1563, 1575, 1546, 1550, 6.183034896850586, 7.597747802734375, 0.0, 27.57292938232422, 15.853860855102539, -0.0, 0.0, 2.1286685466766357, 2.1286685466766357, -0.0, -0.0, -4.27919864654541, -4.27919864654541)
(26.375652313232422, 14.513279914855957, 0.0, -1.0, -1.0, 0.0, 16.94688606262207, -2.9469542503356934, 0.0, -219.00521850585938, -124.10623931884766, 0.0, 1577, 1574, 1539, 1544, 45.713462829589844, 34.99739074707031, 0.0, 26.375652313232422, 14.513279914855957, -0.0, 0.0, -1.6642441749572754, -1.6642441749572754, -0.0, -0.0, -0.44685205817222595, -0.44685205817222595)
(24.3707332611084, 15.273426055908203, 0.0, -1.0, -1.0, 0.0, -23.999679565429688, 1.1293816566467285, 0.0, -202.9658660888672, -130.18740844726562, 0.0, 1515, 1515, 1606, 1598, -14.825643539428711, 24.769075393676758, 0.0, 24.3707332611084, 15.273426055908203, -0.0, 0.0, 2.2524325847625732, 2.2524325847625732, -0.0, -0.0, 1.9089299440383911, 1.9089299440383911)
(23.837568283081055, 14.805802345275879, 0.0, -1.0, 0.0, 0.0, 7.496503829956055, 16.961442947387695, 0.0, -198.70054626464844, -118.44641876220703, 0.0, 1577, 1580, 1536, 1541, 33.34566116333008, -8.654760360717773, 0.0, 23.837568283081055, 14.805802345275879, -0.0, 0.0, -0.6283143162727356, -0.6283143162727356, -0.0, -0.0, -1.920882225036621, -1.920882225036621)
(22.475711822509766, 11.191746711730957, 0.0, -1.0, -1.0, 0.0, -14.396625518798828, -25.786649703979492, 0.0, -187.80569458007812, -97.53397369384766, 0.0, 1540, 1542, 1578, 1575, -36.03343200683594, 46.992183685302734, 0.0, 22.475711822509766, 11.191746711730957, -0.0, 0.0, 1.2559943199157715, 1.2559943199157715, -0.0, -0.0, 0.32812175154685974, 0.32812175154685974)
(22.511377334594727, 10.195940017700195, 0.0, -1.0, -1.0, 0.0, 2.8552825450897217, -30.382068634033203, 0.0, -188.0910186767578, -89.56752014160156, 0.0, 1580, 1563, 1552, 1540, 8.435166358947754, 21.161855697631836, 0.0, 22.511377334594727, 10.195940017700195, -0.0, 0.0, -1.2398074865341187, -1.2398074865341187, -0.0, -0.0, 7.2368268966674805, 7.2368268966674805)
(22.341426849365234, 9.788304328918457, 0.0, -1.0, -1.0, 0.0, -13.663801193237305, 1.953809142112732, 0.0, -186.73141479492188, -86.30643463134766, 0.0, 1495, 1501, 1621, 1617, -46.28813934326172, 35.887969970703125, 0.0, 22.341426849365234, 9.788304328918457, -0.0, 0.0, 2.382488489151001, 2.382488489151001, -0.0, -0.0, -0.45227861404418945, -0.45227861404418945)
(20.557785034179688, 9.451961517333984, 0.0, -1.0, -1.0, 0.0, -17.75540542602539, -23.939321517944336, 0.0, -172.4622802734375, -83.61569213867188, 0.0, 1585, 1577, 1537, 1531, 13.729743957519531, 8.309910774230957, 0.0, 20.557785034179688, 9.451961517333984, -0.0, 0.0, -0.27229687571525574, -0.27229687571525574, -0.0, -0.0, 3.5436456203460693, 3.5436456203460693)
(18.73798370361328, 8.841598510742188, 0.0, -1.0, -1.0, 0.0, 1.9850534200668335, 6.762969493865967, 0.0, -157.90386962890625, -78.7327880859375, 0.0, 1566, 1571, 1547, 1551, 32.049617767333984, 12.354808807373047, 0.0, 18.73798370361328, 8.841598510742188, -0.0, 0.0, 0.2806451618671417, 0.2806451618671417, -0.0, -0.0, -2.182209014892578, -2.182209014892578)
(15.859051704406738, 9.86080265045166, 0.0, -1.0, -1.0, 0.0, 18.56520652770996, -5.618710041046143, 0.0, -134.87240600585938, -86.88642120361328, 0.0, 1607, 1605, 1508, 1514, 29.551767349243164, 57.43003845214844, 0.0, 15.859051704406738, 9.86080265045166, -0.0, 0.0, -1.9576033353805542, -1.9576033353805542, -0.0, -0.0, -1.059843897819519, -1.059843897819519)
(15.119241714477539, 9.769176483154297, 0.0, -1.0, 0.0, 0.0, 5.5423054695129395, 4.961442947387695, 0.0, -128.9539337158203, -78.15341186523438, 0.0, 1505, 1511, 1605, 1610, -61.530208587646484, -9.21435546875, 0.0, 15.119241714477539, 9.769176483154297, -0.0, 0.0, 0.0670124739408493, 0.0670124739408493, -0.0, -0.0, -2.5243983268737793, -2.5243983268737793)
(16.242273330688477, 9.83923053741455, 0.0, -1.0, -1.0, 0.0, -14.152351379394531, 7.862205982208252, 0.0, -137.9381866455078, -86.7138442993164, 0.0, 1537, 1539, 1582, 1575, 5.886867523193359, 9.229975700378418, 0.0, 16.242273330688477, 9.83923053741455, -0.0, 0.0, 2.3419418334960938, 2.3419418334960938, -0.0, -0.0, 1.4190982580184937, 1.4190982580184937)
(15.938687324523926, 8.716554641723633, 0.0, -1.0, -1.0, 0.0, -1.724870204925537, -15.145427703857422, 0.0, -135.50949096679688, -77.73243713378906, 0.0, 1594, 1589, 1522, 1520, 62.919281005859375, 16.054210662841797, 0.0, 15.938687324523926, 8.716554641723633, -0.0, 0.0, -0.8123657703399658, -0.8123657703399658, -0.0, -0.0, 1.639249563217163, 1.639249563217163)
(11.923270225524902, 8.283818244934082, 0.0, -1.0, -1.0, 0.0, -14.946244239807129, -19.64924430847168, 0.0, -103.38616180419922, -74.27054595947266, 0.0, 1100, 1100, 1100, 1100, -36.94285583496094, 41.40669250488281, 0.0, 11.923270225524902, 8.283818244934082, -0.0, 0.0, 0.27880626916885376, 0.27880626916885376, -0.0, -0.0, 0.6993888020515442, 0.6993888020515442)
(3.0150034427642822, 5.879343509674072, 0.0, -1.0, -1.0, 0.0, -35.9386100769043, 9.816404342651367, 0.0, -32.120025634765625, -55.03474807739258, 0.0, 1000, 1000, 1000, 1000, 2.795708656311035, 2.718693733215332, 0.0, 3.0150034427642822, 5.879343509674072, 0.0, 0.0, -0.17033827304840088, -0.17033827304840088, -0.0, -0.0, -1.6426432132720947, -1.6426432132720947)
(-1.9022198915481567, 5.349483013153076, 0.0, -1.0, -1.0, 0.0, -1.4347939491271973, -25.374435424804688, 0.0, 7.217759132385254, -50.79586410522461, 0.0, 1000, 1000, 1000, 1000, 0.5861228704452515, 5.904266357421875, 0.0, -1.9022198915481567, 5.349483013153076, 0.0, 0.0, -0.37544193863868713, -0.37544193863868713, -0.0, -0.0, 0.8476179242134094, 0.8476179242134094)
(-0.09172243624925613, -1.9974842071533203, 0.0, -1.0, 0.0, 0.0, 0.04612213745713234, -21.618709564208984, 0.0, -7.266220569610596, 15.979873657226562, 0.0, 1000, 1000, 1000, 1000, 0.473618745803833, -14.447007179260254, 0.0, -0.09172243624925613, -1.9974842071533203, -0.0, 0.0, 0.09542596340179443, 0.09542596340179443, 0.0, -0.0, 0.00822084303945303, 0.00822084303945303)
(-0.7865399718284607, -6.636091709136963, 0.0, -1.0, -1.0, 0.0, -2.3508243560791016, 14.014878273010254, 0.0, -1.7076802253723145, 45.0887336730957, 0.0, 1000, 1000, 1000, 1000, -0.8277068138122559, -13.917187690734863, 0.0, -0.7865399718284607, -6.636091709136963, 0.0, 0.0, -0.005250202491879463, -0.005250202491879463, 0.0, -0.0, -1.7924869060516357, -1.7924869060516357)
(-1.9495495557785034, -7.461782455444336, 0.0, -1.0, -1.0, 0.0, -2.259221315383911, -5.237030506134033, 0.0, 7.596396446228027, 51.69425964355469, 0.0, 1000, 1000, 1000, 1000, -1.7637341022491455, -16.771846771240234, 0.0, -1.9495495557785034, -7.461782455444336, 0.0, 0.0, -0.10784359276294708, -0.10784359276294708, 0.0, -0.0, -0.3384646475315094, -0.3384646475315094)
(-3.5202205181121826, -6.5944108963012695, 0.0, -1.0, -1.0, 0.0, -15.8012056350708, 5.419457912445068, 0.0, 20.16176414489746, 44.755287170410156, 0.0, 1000, 1000, 1000, 1000, 0.6300972700119019, -14.942574501037598, 0.0, -3.5202205181121826, -6.5944108963012695, 0.0, 0.0, 0.2647295594215393, 0.2647295594215393, 0.0, -0.0, 0.0971432700753212, 0.0971432700753212)
(-6.727882385253906, -9.949183464050293, 0.0, -1.0, -1.0, 0.0, -10.335556983947754, -34.56527328491211, 0.0, 45.82305908203125, 71.59346771240234, 0.0, 1000, 1000, 1000, 1000, -5.202489852905273, -5.4436445236206055, 0.0, -6.727882385253906, -9.949183464050293, 0.0, 0.0, 0.07939500361680984, 0.07939500361680984, 0.0, -0.0, 1.4823908805847168, 1.4823908805847168)
(-10.338250160217285, -14.178500175476074, 0.0, -1.0, -1.0, 0.0, -48.04548263549805, 4.198083877563477, 0.0, 74.70600128173828, 105.4280014038086, 0.0, 1000, 1000, 1000, 1000, -7.164872169494629, -13.117630958557129, 0.0, -10.338250160217285, -14.178500175476074, 0.0, 0.0, 0.0981547087430954, 0.0981547087430954, 0.0, -0.0, 1.4398781061172485, 1.4398781061172485)
(-10.39575481414795, -11.36286449432373, 0.0, -1.0, -1.0, 0.0, 3.206427574157715, 22.106481552124023, 0.0, 75.1660385131836, 82.90291595458984, 0.0, 1000, 1000, 1000, 1000, -9.509344100952148, -15.281349182128906, 0.0, -10.39575481414795, -11.36286449432373, 0.0, 0.0, -0.3954169452190399, -0.3954169452190399, 0.0, -0.0, -0.6434182524681091, -0.6434182524681091)
(-10.520227432250977, -9.789482116699219, 0.0, -1.0, -1.0, 0.0, 2.2140610218048096, -3.313366413116455, 0.0, 76.16181945800781, 70.31585693359375, 0.0, 1000, 1000, 1000, 1000, -5.167016983032227, -15.160492897033691, 0.0, -10.520227432250977, -9.789482116699219, 0.0, 0.0, -0.3171478509902954, -0.3171478509902954, 0.0, -0.0, -0.10799787193536758, -0.10799787193536758)
(-9.862831115722656, -12.237883567810059, 0.0, 0.0, -1.0, 0.0, 2.733144998550415, 4.549229145050049, 0.0, 70.90264892578125, 97.90306854248047, 0.0, 1000, 1000, 1000, 1000, -8.378728866577148, -15.81234359741211, 0.0, -9.862831115722656, -12.237883567810059, 0.0, 0.0, -0.09942151606082916, -0.09942151606082916, 0.0, -0.0, -0.23933014273643494, -0.23933014273643494)
(-10.567877769470215, -4.256356239318848, 0.0, -1.0, -1.0, 0.0, 11.664443016052246, -21.84771728515625, 0.0, 76.54302215576172, 26.05084991455078, 0.0, 1000, 1000, 1000, 1000, -15.814281463623047, -8.99339485168457, 0.0, -10.567877769470215, -4.256356239318848, 0.0, 0.0, -1.1554572582244873, -1.1554572582244873, 0.0, -0.0, 1.5827792882919312, 1.5827792882919312)
(-10.030282020568848, -3.5969603061676025, 0.0, -1.0, -1.0, 0.0, 1.969786286354065, 4.991977214813232, 0.0, 72.24225616455078, 20.77568244934082, 0.0, 1000, 1000, 1000, 1000, -10.109553337097168, -7.436095237731934, 0.0, -10.030282020568848, -3.5969603061676025, 0.0, 0.0, -0.7325155735015869, -0.7325155735015869, 0.0, -0.0, -0.20829258859157562, -0.20829258859157562)
(-8.217930793762207, -1.004396677017212, 0.0, -1.0, -1.0, 0.0, -15.327923774719238, -12.916419982910156, 0.0, 57.743446350097656, 0.03517341613769531, 0.0, 1000, 1000, 1000, 1000, -13.359002113342285, -10.095964431762695, 0.0, -8.217930793762207, -1.004396677017212, 0.0, 0.0, -0.7375579476356506, -0.7375579476356506, 0.0, -0.0, -0.5603093504905701, -0.5603093504905701)
(-7.633207321166992, -0.48019611835479736, 0.0, -1.0, -1.0, 0.0, 11.939251899719238, 14.213351249694824, 0.0, 53.06565856933594, -4.158431053161621, 0.0, 1000, 1000, 1000, 1000, -6.319421768188477, -3.950542688369751, 0.0, -7.633207321166992, -0.48019611835479736, 0.0, 0.0, -0.545333981513977, -0.545333981513977, -0.0, -0.0, -0.6510257124900818, -0.6510257124900818)
(-7.394998550415039, -0.26083701848983765, 0.0, -1.0, -1.0, 0.0, -5.679068565368652, -3.8019161224365234, 0.0, 51.15998840332031, -5.913303852081299, 0.0, 1000, 1000, 1000, 1000, -5.150620937347412, -2.031963586807251, 0.0, -7.394998550415039, -0.26083701848983765, 0.0, 0.0, 0.4039405882358551, 0.4039405882358551, -0.0, -0.0, 0.37559810280799866, 0.37559810280799866)
(-7.464616775512695, -0.3511016070842743, 0.0, -1.0, -1.0, 0.0, 2.275129795074463, 3.755335807800293, 0.0, 51.71693420410156, -5.191186904907227, 0.0, 1000, 1000, 1000, 1000, -6.40378475189209, -3.2336277961730957, 0.0, -7.464616775512695, -0.3511016070842743, 0.0, 0.0, -0.1871700882911682, -0.1871700882911682, -0.0, -0.0, -0.16782927513122559, -0.16782927513122559)
(-7.401278972625732, -0.29721203446388245, 0.0, -1.0, 0.0, 0.0, -1.7096030712127686, -0.01565648801624775, 0.0, 51.21023178100586, 2.3776962757110596, 0.0, 1000, 1000, 1000, 1000, -5.8399834632873535, -3.22068452835083, 0.0, -7.401278972625732, -0.29721203446388245, 0.0, 0.0, 0.021101664751768112, 0.021101664751768112, 0.0, -0.0, 0.25217950344085693, 0.25217950344085693)
(-7.339427471160889, -0.24543677270412445, 0.0, -1.0, -1.0, 0.0, -0.32029008865356445, 1.11411452293396, 0.0, 50.71541976928711, -6.036505699157715, 0.0, 1000, 1000, 1000, 1000, -5.480830192565918, -2.772233009338379, 0.0, -7.339427471160889, -0.24543677270412445, 0.0, 0.0, 0.03994617238640785, 0.03994617238640785, -0.0, -0.0, 0.07577879726886749, 0.07577879726886749)
(-7.324171543121338, -0.23949070274829865, 0.0, -1.0, -1.0, 0.0, -0.07601526379585266, 1.6637327671051025, 0.0, 50.5933723449707, -6.0840744972229, 0.0, 1000, 1000, 1000, 1000, -5.527081489562988, -3.02130389213562, 0.0, -7.324171543121338, -0.23949070274829865, 0.0, 0.0, -0.3837631344795227, -0.3837631344795227, -0.0, -0.0, -0.1250336766242981, -0.1250336766242981)
(-7.289239883422852, -0.2248171716928482, 0.0, -1.0, -1.0, 0.0, -0.27448853850364685, 1.0683130025863647, 0.0, 50.31391906738281, -6.201462745666504, 0.0, 1000, 1000, 1000, 1000, -5.842143535614014, -3.117340087890625, 0.0, -7.289239883422852, -0.2248171716928482, 0.0, 0.0, -0.040469374507665634, -0.040469374507665634, -0.0, -0.0, 0.0009650794672779739, 0.0009650794672779739)