
(-7.8889851570129395, -4.107806205749512, 0.0, -1.0, -1.0, 0.0, -0.48835113644599915, 1.2364962100982666, 0.0, 63.111881256103516, 24.862449645996094, 0.0, 1000, 1000, 1000, 1000, -6.637495040893555, -7.182252883911133, 0.0, -7.8889851570129395, -4.107806205749512, 12.720046043395996, 4.855621814727783, 0.0, 17.575668334960938, 4.72519063949585, 2.8227081298828125, 0.0, 7.547898769378662)
(-7.892428874969482, -4.092307090759277, 0.0, -1.0, -1.0, 0.0, -0.32041221857070923, 1.4960381984710693, 0.0, 55.13943099975586, 24.73845672607422, 0.0, 1000, 1000, 1000, 1000, -7.281139373779297, -7.235232353210449, 0.0, -7.892428874969482, -4.092307090759277, 11.091968536376953, 4.9722161293029785, 0.0, 16.064184188842773, 4.648483753204346, 2.872087240219116, 0.0, 7.520570755004883)
(-7.898709774017334, -4.081916332244873, 0.0, -1.0, -1.0, 0.0, -0.3509465754032135, 1.3739007711410522, 0.0, 55.18967819213867, 24.655330657958984, 0.0, 1000, 1000, 1000, 1000, -7.006372451782227, -6.763486862182617, 0.0, -7.898709774017334, -4.081916332244873, 11.108125686645508, 5.0889716148376465, 0.0, 16.197097778320312, 4.656285762786865, 2.921403408050537, 0.0, 7.577689170837402)
(-7.909087657928467, -4.070455074310303, 0.0, -1.0, -1.0, 0.0, -0.3509465754032135, 1.3586336374282837, 0.0, 63.272701263427734, 24.563640594482422, 0.0, 1000, 1000, 1000, 1000, -7.423959732055664, -6.952964782714844, 0.0, -7.909087657928467, -4.070455074310303, 12.724729537963867, 5.210691928863525, 0.0, 17.935420989990234, 4.6410017013549805, 2.9729485511779785, 0.0, 7.613949775695801)
(-7.910629749298096, -4.051750659942627, 0.0, -1.0, -1.0, 0.0, -0.427282452583313, 1.3586336374282837, 0.0, 55.285037994384766, 24.414005279541016, 0.0, 1000, 1000, 1000, 1000, -6.932309150695801, -6.682488918304443, 0.0, -7.910629749298096, -4.051750659942627, 11.142464637756348, 5.3275885581970215, 0.0, 16.47005271911621, 4.611074447631836, 3.02175235748291, 0.0, 7.632826805114746)
(-7.908993244171143, -4.046656608581543, 0.0, -1.0, -1.0, 0.0, -0.5188854932785034, 1.2822977304458618, 0.0, 55.27194595336914, 24.373252868652344, 0.0, 1000, 1000, 1000, 1000, -6.8017120361328125, -7.058821678161621, 0.0, -7.908993244171143, -4.046656608581543, 11.158166885375977, 5.444522380828857, 0.0, 16.602689743041992, 4.618191242218018, 3.0704753398895264, 0.0, 7.688666343688965)
(-7.916507244110107, -4.0396246910095215, 0.0, -1.0, -1.0, 0.0, -0.4730839729309082, 1.1448931694030762, 0.0, 63.33205795288086, 24.316997528076172, 0.0, 1000, 1000, 1000, 1000, -6.860695838928223, -7.011081695556641, 0.0, -7.916507244110107, -4.0396246910095215, 12.761028289794922, 5.56638765335083, 0.0, 18.327415466308594, 4.634420871734619, 3.1238467693328857, 0.0, 7.758267402648926)
(-7.923498630523682, -4.027895927429199, 0.0, -1.0, -1.0, 0.0, -0.44254961609840393, 1.1906946897506714, 0.0, 55.38798904418945, 24.223167419433594, 0.0, 1000, 1000, 1000, 1000, -6.9627532958984375, -7.311491012573242, 0.0, -7.923498630523682, -4.027895927429199, 11.166108131408691, 5.68351411819458, 0.0, 16.84962272644043, 4.606494426727295, 3.1721906661987305, 0.0, 7.778685092926025)
(-7.929412841796875, -4.024358749389648, 0.0, -1.0, -1.0, 0.0, -0.21354198455810547, 1.5418397188186646, 0.0, 55.435302734375, 24.194869995117188, 0.0, 1000, 1000, 1000, 1000, -7.30210018157959, -6.883476257324219, 0.0, -7.929412841796875, -4.024358749389648, 11.129769325256348, 5.8008246421813965, 0.0, 16.930593490600586, 4.530606269836426, 3.22044038772583, 0.0, 7.751046657562256)
(-7.940805435180664, -4.017959117889404, 0.0, -1.0, -1.0, 0.0, -0.5036182999610901, 1.4655038118362427, 0.0, 55.52644348144531, 24.143672943115234, 0.0, 1000, 1000, 1000, 1000, -6.848903656005859, -7.008425235748291, 0.0, -7.940805435180664, -4.017959117889404, 11.206012725830078, 5.920653343200684, 0.0, 17.126667022705078, 4.5356340408325195, 3.2710459232330322, 0.0, 7.806679725646973)
(-7.942376136779785, -4.012827396392822, 0.0, -1.0, -1.0, 0.0, -0.427282452583313, 1.0685572624206543, 0.0, 55.53900909423828, 24.102619171142578, 0.0, 1000, 1000, 1000, 1000, -6.947751045227051, -6.898017406463623, 0.0, -7.942376136779785, -4.012827396392822, 11.193258285522461, 6.038127422332764, 0.0, 17.231386184692383, 4.606812477111816, 3.319180727005005, 0.0, 7.925992965698242)
(-7.952490329742432, -4.003733158111572, 0.0, -1.0, -1.0, 0.0, -0.5646870136260986, 1.1754274368286133, 0.0, 55.61992263793945, 24.029865264892578, 0.0, 1000, 1000, 1000, 1000, -7.265466690063477, -7.158623695373535, 0.0, -7.952490329742432, -4.003733158111572, 11.236921310424805, 6.155762195587158, 0.0, 17.392684936523438, 4.570887565612793, 3.367203712463379, 0.0, 7.938091278076172)
(-7.952878952026367, -4.00294303894043, 0.0, -1.0, -1.0, 0.0, -0.5341526865959167, 1.2364962100982666, 0.0, 55.62303161621094, 24.023544311523438, 0.0, 1000, 1000, 1000, 1000, -7.17601203918457, -7.085384845733643, 0.0, -7.952878952026367, -4.00294303894043, 11.231436729431152, 6.275838851928711, 0.0, 17.50727653503418, 4.557409763336182, 3.417555570602417, 0.0, 7.9749650955200195)
(-7.958440780639648, -3.994887351989746, 0.0, -1.0, -1.0, 0.0, -0.3051450252532959, 1.3891679048538208, 0.0, 55.66752624511719, 23.95909881591797, 0.0, 1000, 1000, 1000, 1000, -6.864493370056152, -6.443826675415039, 0.0, -7.958440780639648, -3.994887351989746, 11.194534301757812, 6.393610954284668, 0.0, 17.588144302368164, 4.513986110687256, 3.465376377105713, 0.0, 7.979362487792969)
(-7.96240758895874, -3.9910597801208496, 0.0, -1.0, -1.0, 0.0, -0.44254961609840393, 1.2364962100982666, 0.0, 55.69926071166992, 23.928478240966797, 0.0, 1000, 1000, 1000, 1000, -7.111077308654785, -6.951021194458008, 0.0, -7.96240758895874, -3.9910597801208496, 11.228362083435059, 6.511427402496338, 0.0, 17.739789962768555, 4.53839635848999, 3.5131266117095947, 0.0, 8.051523208618164)
(-7.962337493896484, -3.9874961376190186, 0.0, -1.0, -1.0, 0.0, -0.5188854932785034, 1.099091649055481, 0.0, 55.698699951171875, 23.89996910095215, 0.0, 1000, 1000, 1000, 1000, -6.878613471984863, -7.112504005432129, 0.0, -7.962337493896484, -3.9874961376190186, 11.24351692199707, 6.631714344024658, 0.0, 17.87523078918457, 4.56017541885376, 3.5655767917633057, 0.0, 8.125752449035645)
(-7.967630386352539, -3.9823601245880127, 0.0, -1.0, -1.0, 0.0, -0.6104885339736938, 1.5418397188186646, 0.0, 55.74104309082031, 23.8588809967041, 0.0, 1000, 1000, 1000, 1000, -7.03963565826416, -7.045004844665527, 0.0, -7.967630386352539, -3.9823601245880127, 11.270306587219238, 6.749659061431885, 0.0, 18.01996612548828, 4.463408470153809, 3.6130964756011963, 0.0, 8.076504707336426)
(-7.973907947540283, -3.96706485748291, 0.0, -1.0, -1.0, 0.0, -0.5646870136260986, 1.4197022914886475, 0.0, 55.791263580322266, 23.73651885986328, 0.0, 1000, 1000, 1000, 1000, -6.753640174865723, -6.707598686218262, 0.0, -7.973907947540283, -3.96706485748291, 11.27118968963623, 6.86765718460083, 0.0, 18.13884735107422, 4.463363170623779, 3.660451889038086, 0.0, 8.123815536499023)
(-7.971820831298828, -3.9604666233062744, 0.0, -1.0, -1.0, 0.0, -0.3509465754032135, 1.3586336374282837, 0.0, 55.774566650390625, 23.683732986450195, 0.0, 1000, 1000, 1000, 1000, -7.197237968444824, -6.871782302856445, 0.0, -7.971820831298828, -3.9604666233062744, 11.225103378295898, 6.990416049957275, 0.0, 18.215518951416016, 4.465020179748535, 3.710068702697754, 0.0, 8.175088882446289)
(-7.974194526672363, -3.9531028270721436, 0.0, -1.0, -1.0, 0.0, -0.5341526865959167, 1.3128321170806885, 0.0, 55.793556213378906, 23.62482261657715, 0.0, 1000, 1000, 1000, 1000, -6.81137752532959, -6.999972343444824, 0.0, -7.974194526672363, -3.9531028270721436, 11.265542030334473, 7.108462810516357, 0.0, 18.374004364013672, 4.462398052215576, 3.757200241088867, 0.0, 8.219598770141602)
(-7.972586631774902, -3.9469058513641357, 0.0, -1.0, -1.0, 0.0, -0.4730839729309082, 1.2822977304458618, 0.0, 55.78069305419922, 23.575246810913086, 0.0, 1000, 1000, 1000, 1000, -7.029632568359375, -6.661529064178467, 0.0, -7.972586631774902, -3.9469058513641357, 11.250755310058594, 7.2264485359191895, 0.0, 18.477203369140625, 4.458590030670166, 3.80415940284729, 0.0, 8.262749671936035)
(-7.972465991973877, -3.9432010650634766, 0.0, -1.0, -1.0, 0.0, -0.44254961609840393, 1.20596182346344, 0.0, 55.779727935791016, 23.545608520507812, 0.0, 1000, 1000, 1000, 1000, -6.676189422607422, -6.771285057067871, 0.0, -7.972465991973877, -3.9432010650634766, 11.244455337524414, 7.349212169647217, 0.0, 18.59366798400879, 4.467929363250732, 3.8558504581451416, 0.0, 8.323780059814453)
(-7.939421653747559, -3.92374849319458, 0.0, -1.0, -1.0, 0.0, -0.04560305178165436, 2.320465564727783, 0.0, 55.51537322998047, 23.38998794555664, 0.0, 1000, 1000, 1000, 1000, -7.63094425201416, -6.9387102127075195, 0.0, -7.939421653747559, -3.92374849319458, 11.11219596862793, 7.466278553009033, 0.0, 18.578474044799805, 4.21390438079834, 3.902168035507202, 0.0, 8.116072654724121)
(-7.959883213043213, -3.924346923828125, 0.0, -1.0, -1.0, 0.0, -0.5646870136260986, 1.3433663845062256, 0.0, 55.6790657043457, 23.394775390625, 0.0, 1000, 1000, 1000, 1000, -6.39700984954834, -6.953706741333008, 0.0, -7.959883213043213, -3.924346923828125, 11.248750686645508, 7.584561347961426, 0.0, 18.833311080932617, 4.410281658172607, 3.9489738941192627, 0.0, 8.35925579071045)
(-7.977299213409424, -3.912318229675293, 0.0, -1.0, -1.0, 0.0, 0.07653435319662094, 1.3128321170806885, 0.0, 55.81839370727539, 23.298545837402344, 0.0, 1000, 1000, 1000, 1000, -6.728668212890625, -6.630528450012207, 0.0, -7.977299213409424, -3.912318229675293, 11.148371696472168, 7.705066204071045, 0.0, 18.853437423706055, 4.3971428871154785, 4.000186920166016, 0.0, 8.397330284118652)
(-7.995978355407715, -3.919036626815796, 0.0, -1.0, -1.0, 0.0, -0.5952214002609253, 0.7326793670654297, 0.0, 55.96782684326172, 23.352293014526367, 0.0, 1000, 1000, 1000, 1000, -7.299990653991699, -7.093728065490723, 0.0, -7.995978355407715, -3.919036626815796, 11.312609672546387, 7.823465824127197, 0.0, 19.136075973510742, 4.523922920227051, 4.046788692474365, 0.0, 8.570711135864258)
(-8.033243179321289, -3.943953514099121, 0.0, -1.0, -1.0, 0.0, -0.3051450252532959, 1.6181756258010864, 0.0, 56.26594543457031, 23.55162811279297, 0.0, 1000, 1000, 1000, 1000, -7.139315605163574, -6.409669876098633, 0.0, -8.033243179321289, -3.943953514099121, 11.314218521118164, 7.942935943603516, 0.0, 19.25715446472168, 4.386690616607666, 4.093930244445801, 0.0, 8.480620384216309)
(-8.00522518157959, -3.927166700363159, 0.0, -1.0, -1.0, 0.0, -0.5494198203086853, 1.4197022914886475, 0.0, 56.04180145263672, 23.417333602905273, 0.0, 1000, 1000, 1000, 1000, -6.971553802490234, -7.529587268829346, 0.0, -8.00522518157959, -3.927166700363159, 11.318243980407715, 8.066143989562988, 0.0, 19.384387969970703, 4.399526119232178, 4.142843723297119, 0.0, 8.542369842529297)
(-8.072242736816406, -3.9444940090179443, 0.0, -1.0, -1.0, 0.0, -0.6868244409561157, 0.7021450400352478, 0.0, 56.57794189453125, 23.555952072143555, 0.0, 1000, 1000, 1000, 1000, -6.990350723266602, -8.61766242980957, 0.0, -8.072242736816406, -3.9444940090179443, 11.452953338623047, 8.185884475708008, 0.0, 19.638837814331055, 4.570761680603027, 4.189687252044678, 0.0, 8.760448455810547)
(-8.178972244262695, -4.008697032928467, 0.0, -1.0, 0.0, 0.0, -3.5265190601348877, 1.557106852531433, 0.0, 57.43177795410156, 32.069576263427734, 0.0, 1000, 1000, 1000, 1000, -5.649863243103027, -8.197661399841309, 0.0, -8.178972244262695, -4.008697032928467, 12.191659927368164, 8.312539100646973, 0.0, 20.50419807434082, 6.102494239807129, 4.240203857421875, 0.0, 10.342698097229004)
(-8.580122947692871, -4.350274562835693, 0.0, -1.0, -1.0, 0.0, -2.6410229206085205, -4.565030574798584, 0.0, 60.64098358154297, 26.802196502685547, 0.0, 1000, 1000, 1000, 1000, -7.18419075012207, -6.209339618682861, 0.0, -8.580122947692871, -4.350274562835693, 12.656400680541992, 8.448409080505371, 0.0, 21.10481071472168, 6.2734456062316895, 4.300245761871338, 0.0, 10.573691368103027)
(-8.77369213104248, -6.112054347991943, 0.0, -1.0, -1.0, 0.0, -4.030335903167725, -20.213886260986328, 0.0, 62.189537048339844, 40.89643478393555, 0.0, 1000, 1000, 1000, 1000, -6.696343421936035, -6.635898113250732, 0.0, -8.77369213104248, -6.112054347991943, 13.243974685668945, 8.58173656463623, 0.0, 21.82571029663086, 12.222064018249512, 4.393003940582275, 0.0, 16.615068435668945)
(-8.91285228729248, -9.409063339233398, 0.0, -1.0, 0.0, 0.0, 2.3055419921875, -25.496328353881836, 0.0, 63.302818298339844, 75.27250671386719, 0.0, 1000, 1000, 1000, 1000, -8.156050682067871, -11.16222858428955, 0.0, -8.91285228729248, -9.409063339233398, 12.199455261230469, 8.718365669250488, 0.0, 20.91781997680664, 20.153766632080078, 4.553028583526611, 0.0, 24.706796646118164)
(-9.077235221862793, -11.25593376159668, 0.0, -1.0, -1.0, 0.0, -0.4730839729309082, -9.297855377197266, 0.0, 64.61788177490234, 82.04747009277344, 0.0, 1000, 1000, 1000, 1000, -9.711029052734375, -13.720684051513672, 0.0, -9.077235221862793, -11.25593376159668, 13.018193244934082, 8.856367111206055, 0.0, 21.874561309814453, 18.26906394958496, 4.741557598114014, 0.0, 23.010622024536133)
(-8.917576789855957, -12.365711212158203, 0.0, -1.0, -1.0, 0.0, 5.7864580154418945, -13.419992446899414, 0.0, 63.340614318847656, 90.92568969726562, 0.0, 1000, 1000, 1000, 1000, -9.12912654876709, -24.99332046508789, 0.0, -8.917576789855957, -12.365711212158203, 11.510831832885742, 8.991168975830078, 0.0, 20.50200080871582, 20.869136810302734, 4.934303283691406, 0.0, 25.80344009399414)
(-8.715890884399414, -13.341720581054688, 0.0, -1.0, 0.0, 0.0, 7.435312747955322, -5.038312911987305, 0.0, 61.72712707519531, 106.7337646484375, 0.0, 1000, 1000, 1000, 1000, -3.293613910675049, -17.545459747314453, 0.0, -8.715890884399414, -13.341720581054688, 10.858362197875977, 9.126588821411133, 0.0, 19.98495101928711, 22.354415893554688, 5.15235710144043, 0.0, 27.506772994995117)
(-8.511570930480957, -16.701297760009766, 0.0, -1.0, -1.0, 0.0, 1.9696640968322754, -47.02304458618164, 0.0, 60.092567443847656, 125.61038208007812, 0.0, 1000, 1000, 1000, 1000, -9.795384407043457, -17.22399139404297, 0.0, -8.511570930480957, -16.701297760009766, 11.624580383300781, 9.255330085754395, 0.0, 20.879911422729492, 34.52668380737305, 5.430396556854248, 0.0, 39.95708084106445)
(-8.677912712097168, -26.684288024902344, 0.0, -1.0, -1.0, 0.0, 3.053633689880371, -57.87800598144531, 0.0, 61.423301696777344, 205.47430419921875, 0.0, 1000, 1000, 1000, 1000, -12.30576229095459, -37.90917205810547, 0.0, -8.677912712097168, -26.684288024902344, 11.673933029174805, 9.38531494140625, 0.0, 21.059247970581055, 52.67045974731445, 5.9219536781311035, 0.0, 58.592411041259766)
(-6.959765434265137, -22.541637420654297, 0.0, -1.0, 0.0, 0.0, 10.290274620056152, 83.6029052734375, 0.0, 47.678123474121094, 180.33309936523438, 0.0, 1000, 1000, 1000, 1000, -2.2626285552978516, -31.35065460205078, 0.0, -6.959765434265137, -22.541637420654297, 7.477569580078125, 9.477681159973145, 0.0, 16.955249786376953, 19.346038818359375, 6.280293941497803, 0.0, 25.626333236694336)
(-7.0989837646484375, -11.641715049743652, 0.0, -1.0, -1.0, 0.0, -13.663923263549805, 62.99222183227539, 0.0, 48.7918701171875, 85.13372039794922, 0.0, 1000, 1000, 1000, 1000, -3.831488609313965, -14.536398887634277, 0.0, -7.0989837646484375, -11.641715049743652, 12.491159439086914, 9.5841064453125, 0.0, 22.075265884399414, 4.428299903869629, 6.376578330993652, 0.0, 10.804878234863281)
(-7.578179359436035, -6.739835262298584, 0.0, -1.0, -1.0, 0.0, 20.94676399230957, 30.244129180908203, 0.0, 52.62543487548828, 45.91868209838867, 0.0, 1000, 1000, 1000, 1000, -9.599193572998047, -10.769840240478516, 0.0, -7.578179359436035, -6.739835262298584, 6.3357343673706055, 9.707645416259766, 0.0, 16.043380737304688, 3.1349105834960938, 6.4255194664001465, 0.0, 9.560429573059082)
(-1.730687141418457, -3.808353900909424, 0.0, -1.0, 0.0, 0.0, 50.488746643066406, 9.60290813446045, 0.0, 5.845497131347656, 30.46683120727539, 0.0, 1000, 1000, 1000, 1000, -4.798092842102051, -3.920954704284668, 0.0, -1.730687141418457, -3.808353900909424, -8.92864990234375, 9.683841705322266, -0.0, 0.7551922798156738, 4.172784328460693, 6.452585697174072, 0.0, 10.625370025634766)
(4.164746284484863, -3.036637544631958, 0.0, -1.0, -1.0, 0.0, 25.587984085083008, 13.663976669311523, 0.0, -41.317970275878906, 16.293100357055664, 0.0, 1000, 1000, 1000, 1000, 8.756162643432617, -7.743258476257324, 0.0, 4.164746284484863, -3.036637544631958, -13.381190299987793, 9.554036140441895, -0.0, -3.8271546363830566, 0.5258247256278992, 6.483076095581055, 0.0, 7.008901119232178)
(4.259556770324707, -1.2094736099243164, 0.0, -1.0, -1.0, 0.0, -35.419647216796875, -3.206251859664917, 0.0, -42.076454162597656, 1.6757888793945312, 0.0, 1000, 1000, 1000, 1000, 9.438314437866211, -2.161821126937866, 0.0, 4.259556770324707, -1.2094736099243164, -1.3313614130020142, 9.454954147338867, -0.0, 8.123592376708984, 0.9764081835746765, 6.4693684577941895, 0.0, 7.445776462554932)
(-2.353091239929199, -0.7293663024902344, 0.0, 0.0, -1.0, 0.0, -54.97690200805664, 4.518939018249512, 0.0, 18.824729919433594, -2.165069580078125, 0.0, 1000, 1000, 1000, 1000, 1.5770320892333984, -2.809117317199707, 0.0, -2.353091239929199, -0.7293663024902344, 14.760327339172363, 9.525433540344238, 0.0, 24.2857608795166, -1.3368017673492432, 6.463169574737549, -0.0, 5.126367568969727)
(-11.028735160827637, -0.008645914494991302, 0.0, -1.0, -1.0, 0.0, -75.31278228759766, 12.610542297363281, 0.0, 80.2298812866211, -7.930832862854004, 0.0, 1000, 1000, 1000, 1000, -9.558125495910645, -5.1679253578186035, 0.0, -11.028735160827637, -0.008645914494991302, 31.108531951904297, 9.755146980285645, 0.0, 40.863677978515625, -4.108274936676025, 6.440855026245117, -0.0, 2.332580327987671)
(-23.180227279663086, 1.3108673095703125, 0.0, -1.0, -1.0, 0.0, -94.33567810058594, 6.213595390319824, 0.0, 177.4418182373047, -18.4869384765625, 0.0, 1000, 1000, 1000, 1000, -23.55426788330078, 0.5197954177856445, 0.0, -23.180227279663086, 1.3108673095703125, 54.355499267578125, 10.209482192993164, 0.0, 64.56497955322266, -4.9401068687438965, 6.391797065734863, -0.0, 1.4516901969909668)
(-36.22511672973633, 2.145270586013794, 0.0, 0.0, -1.0, 0.0, -82.7631607055664, 2.4273359775543213, 0.0, 289.8009338378906, -25.16216468811035, 0.0, 1000, 1000, 1000, 1000, -36.28819274902344, 2.5460362434387207, 0.0, -36.22511672973633, 2.145270586013794, 74.5128173828125, 10.895601272583008, 0.0, 85.40841674804688, -5.517899990081787, 6.3360395431518555, -0.0, 0.8181396722793579)
(-45.652587890625, 2.8808977603912354, 0.0, -1.0, -1.0, 0.0, -32.350948333740234, 7.801381587982178, 0.0, 357.220703125, -31.047182083129883, 0.0, 1000, 1000, 1000, 1000, -47.102699279785156, 4.339240074157715, 0.0, -45.652587890625, 2.8808977603912354, 77.9143295288086, 11.72264575958252, 0.0, 89.63697814941406, -7.769712924957275, 6.267903804779053, -0.0, -1.5018088817596436)
(-44.14979934692383, 2.2329931259155273, 0.0, -1.0, -1.0, 0.0, 37.46584701538086, -14.015412330627441, 0.0, 345.1983947753906, -25.86394500732422, 0.0, 1000, 1000, 1000, 1000, -45.39760971069336, 1.459244728088379, 0.0, -44.14979934692383, 2.2329931259155273, 61.5465087890625, 12.449335098266602, 0.0, 73.99584197998047, -2.369706630706787, 6.2140421867370605, -0.0, 3.8443355560302734)
(-39.07503128051758, 1.0371147394180298, 0.0, 0.0, -1.0, 0.0, 38.977298736572266, -4.748236656188965, 0.0, 312.6002502441406, -16.296916961669922, 0.0, 1000, 1000, 1000, 1000, -40.04514694213867, 1.056020736694336, 0.0, -39.07503128051758, 1.0371147394180298, 54.72459030151367, 13.054851531982422, 0.0, 67.7794418334961, -2.3097360134124756, 6.195127487182617, -0.0, 3.8853917121887207)
(-31.55536460876465, -0.1726277470588684, 0.0, -1.0, -1.0, 0.0, 70.82462310791016, -9.435259819030762, 0.0, 244.4429168701172, -6.618978023529053, 0.0, 1000, 1000, 1000, 1000, -33.3054313659668, -1.1543192863464355, 0.0, -31.55536460876465, -0.1726277470588684, 34.723655700683594, 13.524663925170898, 0.0, 48.248321533203125, 0.5632563829421997, 6.188382148742676, 0.0, 6.751638412475586)
(-20.013505935668945, -1.290268898010254, 0.0, -1.0, -1.0, 0.0, 91.08416748046875, -7.297854900360107, 0.0, 152.10804748535156, 2.3221511840820312, 0.0, 1000, 1000, 1000, 1000, -19.758901596069336, -3.309307098388672, 0.0, -20.013505935668945, -1.290268898010254, 12.2047758102417, 13.767796516418457, 0.0, 25.972572326660156, 1.9240013360977173, 6.200623035430908, 0.0, 8.124624252319336)
(-5.395673751831055, -3.5837576389312744, 0.0, 0.0, -1.0, 0.0, 115.0078353881836, -23.00777816772461, 0.0, 43.16539001464844, 20.670061111450195, 0.0, 1000, 1000, 1000, 1000, -2.2097015380859375, -6.255598545074463, 0.0, -5.395673751831055, -3.5837576389312744, -14.368489265441895, 13.748650550842285, -0.0, -0.6198382377624512, 8.735568046569824, 6.260128974914551, 0.0, 14.995697021484375)
(10.173918724060059, -6.405287742614746, 0.0, -1.0, -1.0, 0.0, 95.25210571289062, -6.717702388763428, 0.0, -89.39134979248047, 43.24230194091797, 0.0, 1000, 1000, 1000, 1000, 16.04732322692871, -10.862749099731445, 0.0, 10.173918724060059, -6.405287742614746, -36.92869186401367, 13.45653247833252, -0.0, -23.47216033935547, 9.992000579833984, 6.371023654937744, 0.0, 16.36302375793457)
(20.754629135131836, -6.070318222045898, 0.0, -1.0, -1.0, 0.0, 51.374244689941406, 7.984587669372559, 0.0, -174.0370330810547, 40.56254577636719, 0.0, 1000, 1000, 1000, 1000, 28.295129776000977, -7.235800743103027, 0.0, 20.754629135131836, -6.070318222045898, -45.08225631713867, 13.015551567077637, -0.0, -32.06670379638672, 6.515591621398926, 6.454036712646484, 0.0, 12.96962833404541)
(25.487751007080078, -5.194245338439941, 0.0, 0.0, -1.0, 0.0, 15.023098945617676, 4.6716108322143555, 0.0, -203.90200805664062, 33.55396270751953, 0.0, 1000, 1000, 1000, 1000, 31.265756607055664, -5.076034069061279, 0.0, 25.487751007080078, -5.194245338439941, -43.7850227355957, 12.538505554199219, -0.0, -31.24651527404785, 5.776470184326172, 6.5220160484313965, 0.0, 12.29848575592041)
(25.096101760864258, -4.987175941467285, 0.0, -1.0, -1.0, 0.0, -21.70972442626953, 3.541839599609375, 0.0, -208.76881408691406, 31.89740753173828, 0.0, 1000, 1000, 1000, 1000, 29.57411003112793, -4.757641792297363, 0.0, 25.096101760864258, -4.987175941467285, -37.41181564331055, 12.100808143615723, -0.0, -25.31100845336914, 5.67111349105835, 6.588037490844727, 0.0, 12.259151458740234)
(19.874046325683594, -4.6219987869262695, 0.0, -1.0, -1.0, 0.0, -53.57231903076172, 3.9235191345214844, 0.0, -166.99237060546875, 28.975990295410156, 0.0, 1000, 1000, 1000, 1000, 25.563936233520508, -6.451412200927734, 0.0, 19.874046325683594, -4.6219987869262695, -22.684009552001953, 11.78470230102539, -0.0, -10.899308204650879, 5.010494232177734, 6.6453537940979, 0.0, 11.655848503112793)
(11.0438871383667, -3.7057557106018066, 0.0, 0.0, -1.0, 0.0, -74.74789428710938, 6.198328018188477, 0.0, -88.3510971069336, 21.646045684814453, 0.0, 1000, 1000, 1000, 1000, 16.133394241333008, -6.472861289978027, 0.0, 11.0438871383667, -3.7057557106018066, -2.7206406593322754, 11.645194053649902, -0.0, 8.924552917480469, 3.089543581008911, 6.68784236907959, 0.0, 9.777385711669922)
(-0.5655789375305176, -2.229996681213379, 0.0, -1.0, -1.0, 0.0, -93.7402572631836, 13.633442878723145, 0.0, -3.4753684997558594, 9.839973449707031, 0.0, 1000, 1000, 1000, 1000, 3.337179660797119, -5.513064384460449, 0.0, -0.5655789375305176, -2.229996681213379, 18.052978515625, 11.718205451965332, 0.0, 29.771183013916016, -0.7586938738822937, 6.698205947875977, -0.0, 5.939511775970459)
(-14.377182960510254, -1.4430835247039795, 0.0, -1.0, -1.0, 0.0, -103.8776626586914, 6.686877727508545, 0.0, 107.01746368408203, 3.544668197631836, 0.0, 1000, 1000, 1000, 1000, -13.432502746582031, -3.5323190689086914, 0.0, -14.377182960510254, -1.4430835247039795, 42.17902374267578, 12.038084983825684, 0.0, 54.21710968017578, -0.6284419298171997, 6.697610855102539, -0.0, 6.069169044494629)
(-30.823978424072266, -0.4988309144973755, 0.0, 0.0, -1.0, 0.0, -117.05323791503906, 13.526572227478027, 0.0, 246.59182739257812, -4.009352684020996, 0.0, 1000, 1000, 1000, 1000, -32.462284088134766, -1.5678167343139648, 0.0, -30.823978424072266, -0.4988309144973755, 72.72901916503906, 12.666735649108887, 0.0, 85.395751953125, -3.5071849822998047, 6.684628486633301, -0.0, 3.177443504333496)
(-46.0673713684082, 2.7597343921661377, 0.0, -1.0, -1.0, 0.0, -90.3204116821289, 29.38916778564453, 0.0, 360.5389709472656, -30.0778751373291, 0.0, 1000, 1000, 1000, 1000, -50.25747299194336, 3.7063426971435547, 0.0, -46.0673713684082, 2.7597343921661377, 90.171875, 13.532490730285645, 0.0, 103.7043685913086, -11.893407821655273, 6.601996898651123, -0.0, -5.291411399841309)
(-54.95597457885742, 5.502148628234863, 0.0, -1.0, -1.0, 0.0, -30.53415298461914, 7.099091529846191, 0.0, 431.6477966308594, -52.017189025878906, 0.0, 1000, 1000, 1000, 1000, -57.61604309082031, 6.416082382202148, 0.0, -54.95597457885742, 5.502148628234863, 92.43638610839844, 14.509803771972656, 0.0, 106.9461898803711, -11.82325553894043, 6.470215320587158, -0.0, -5.35304069519043)
(-53.93470001220703, 5.839339256286621, 0.0, 0.0, -1.0, 0.0, 41.572715759277344, -2.5802977085113525, 0.0, 431.47760009765625, -54.71471405029297, 0.0, 1000, 1000, 1000, 1000, -55.50133514404297, 6.121493339538574, 0.0, -53.93470001220703, 5.839339256286621, 77.98097229003906, 15.409628868103027, 0.0, 93.3906021118164, -10.42688274383545, 6.354747772216797, -0.0, -4.0721354484558105)
(-44.65928268432617, 4.285409927368164, 0.0, -1.0, -1.0, 0.0, 85.20630645751953, -17.38945770263672, 0.0, 349.2742614746094, -42.28327941894531, 0.0, 1000, 1000, 1000, 1000, -47.547332763671875, 5.003595352172852, 0.0, -44.65928268432617, 4.285409927368164, 52.81359100341797, 16.08572769165039, 0.0, 68.89932250976562, -4.978764533996582, 6.273581027984619, -0.0, 1.2948167324066162)
(-30.687368392944336, 1.467672348022461, 0.0, -1.0, -1.0, 0.0, 111.51165008544922, -24.24441909790039, 0.0, 237.4989471435547, -19.741378784179688, 0.0, 1000, 1000, 1000, 1000, -33.56885528564453, -0.5927009582519531, 0.0, -30.687368392944336, 1.467672348022461, 25.197460174560547, 16.490739822387695, 0.0, 41.68819808959961, 0.9006080627441406, 6.24904727935791, 0.0, 7.149655342102051)
(-13.729708671569824, -2.8265819549560547, 0.0, -1.0, -1.0, 0.0, 121.08416748046875, -31.939075469970703, 0.0, 101.8376693725586, 14.612655639648438, 0.0, 1000, 1000, 1000, 1000, -12.760546684265137, -7.2972798347473145, 0.0, -13.729708671569824, -2.8265819549560547, -3.849299669265747, 16.6064510345459, -0.0, 12.757150650024414, 9.310346603393555, 6.307924270629883, 0.0, 15.618270874023438)
(3.2146410942077637, -7.744727611541748, 0.0, -1.0, -1.0, 0.0, 118.3055419921875, -30.88564109802246, 0.0, -33.71712875366211, 53.957820892333984, 0.0, 1000, 1000, 1000, 1000, 8.506841659545898, -12.633293151855469, 0.0, 3.2146410942077637, -7.744727611541748, -30.4045352935791, 16.421205520629883, -0.0, -13.983328819274902, 16.968692779541016, 6.4513678550720215, 0.0, 23.420059204101562)
(17.941417694091797, -10.630383491516113, 0.0, -1.0, -1.0, 0.0, 81.28263854980469, -6.565030574798584, 0.0, -151.53134155273438, 77.0430679321289, 0.0, 1000, 1000, 1000, 1000, 22.820724487304688, -16.308616638183594, 0.0, 17.941417694091797, -10.630383491516113, -46.56279754638672, 15.99856185913086, -0.0, -30.564233779907227, 16.721620559692383, 6.634024620056152, 0.0, 23.35564422607422)
(24.384273529052734, -10.1417818069458, 0.0, -1.0, -1.0, 0.0, 9.068901062011719, 12.64107608795166, 0.0, -203.07418823242188, 73.1342544555664, 0.0, 1000, 1000, 1000, 1000, 31.49277687072754, -13.305591583251953, 0.0, 24.384273529052734, -10.1417818069458, -42.428619384765625, 15.52276611328125, -0.0, -26.905853271484375, 12.09863567352295, 6.789656162261963, 0.0, 18.88829231262207)
(22.889423370361328, -8.327948570251465, 0.0, -1.0, -1.0, 0.0, -31.541786193847656, 15.740312576293945, 0.0, -191.11538696289062, 58.62358856201172, 0.0, 1000, 1000, 1000, 1000, 28.96883773803711, -12.055705070495605, 0.0, 22.889423370361328, -8.327948570251465, -31.914722442626953, 15.129484176635742, -0.0, -16.78523826599121, 8.576655387878418, 6.898263931274414, 0.0, 15.474919319152832)
(15.97994613647461, -5.812354564666748, 0.0, -1.0, -1.0, 0.0, -67.40438079833984, 21.38916778564453, 0.0, -135.83956909179688, 38.498836517333984, 0.0, 1000, 1000, 1000, 1000, 21.538768768310547, -9.872568130493164, 0.0, 15.97994613647461, -5.812354564666748, -13.687037467956543, 14.889084815979004, -0.0, 1.2020471096038818, 3.421933650970459, 6.95954704284668, 0.0, 10.38148021697998)
(6.630469799041748, -2.5842745304107666, 0.0, -1.0, -1.0, 0.0, -64.64102172851562, 26.518938064575195, 0.0, -61.043758392333984, 12.674196243286133, 0.0, 1000, 1000, 1000, 1000, 9.863435745239258, -7.002127647399902, 0.0, 6.630469799041748, -2.5842745304107666, 0.7194526791572571, 14.834392547607422, 0.0, 15.553845405578613, -2.7689483165740967, 6.966060161590576, -0.0, 4.197112083435059)
(-2.154693126678467, 0.9711682200431824, 0.0, -1.0, -1.0, 0.0, -61.877662658691406, 25.923519134521484, 0.0, 9.237545013427734, -15.769346237182617, 0.0, 1000, 1000, 1000, 1000, -1.0447518825531006, -3.6036996841430664, 0.0, -2.154693126678467, 0.9711682200431824, 14.223040580749512, 14.916363716125488, 0.0, 29.139404296875, -8.33857250213623, 6.904959678649902, -0.0, -1.4336128234863281)
(-8.606730461120605, 3.390930652618408, 0.0, -1.0, -1.0, 0.0, -27.95400047302246, 8.961687088012695, 0.0, 60.853843688964844, -35.127445220947266, 0.0, 1000, 1000, 1000, 1000, -10.23395824432373, 0.5372352600097656, 0.0, -8.606730461120605, 3.390930652618408, 17.76156997680664, 15.095096588134766, 0.0, 32.856666564941406, -8.817827224731445, 6.809137344360352, -0.0, -2.0086891651153564)
(-8.829797744750977, 3.1075241565704346, 0.0, -1.0, -1.0, 0.0, 20.24447250366211, -3.7253358364105225, 0.0, 62.63838195800781, -32.860191345214844, 0.0, 1000, 1000, 1000, 1000, -8.386513710021973, -0.2455759048461914, 0.0, -8.829797744750977, 3.1075241565704346, 8.478781700134277, 15.239985466003418, 0.0, 23.718767166137695, -5.826971054077148, 6.742490768432617, -0.0, 0.9155197739601135)
(-5.706845760345459, 2.0843989849090576, 0.0, -1.0, -1.0, 0.0, 18.259740829467773, -2.5802977085113525, 0.0, 37.65476608276367, -24.67519187927246, 0.0, 1000, 1000, 1000, 1000, -5.384667873382568, -2.304391860961914, 0.0, -5.706845760345459, 2.0843989849090576, 3.879004955291748, 15.297415733337402, 0.0, 19.176420211791992, -4.418978691101074, 6.694362640380859, -0.0, 2.275383710861206)
(-4.670886039733887, 1.966117024421692, 0.0, -1.0, -1.0, 0.0, -5.1753740310668945, 1.7708473205566406, 0.0, 29.367088317871094, -23.72893524169922, 0.0, 1000, 1000, 1000, 1000, -2.674388885498047, -1.458184003829956, 0.0, -4.670886039733887, 1.966117024421692, 6.908492088317871, 15.348397254943848, 0.0, 22.25688934326172, -5.099956512451172, 6.643033027648926, -0.0, 1.543076515197754)
(-5.347335338592529, 1.8741525411605835, 0.0, -1.0, -1.0, 0.0, -2.335679292678833, -0.015412213280797005, 0.0, 34.778682708740234, -22.993221282958984, 0.0, 1000, 1000, 1000, 1000, -4.314761161804199, -2.755300283432007, 0.0, -5.347335338592529, 1.8741525411605835, 7.422872066497803, 15.430437088012695, 0.0, 22.853309631347656, -4.595561981201172, 6.594523906707764, -0.0, 1.9989618062973022)
(-4.838043212890625, 1.4836653470993042, 0.0, -1.0, -1.0, 0.0, 7.114702224731445, -0.16808396577835083, 0.0, 30.704345703125, -19.86932373046875, 0.0, 1000, 1000, 1000, 1000, -3.831692695617676, -1.6977171897888184, 0.0, -4.838043212890625, 1.4836653470993042, 4.717928886413574, 15.494026184082031, 0.0, 20.21195411682129, -3.9402480125427246, 6.55195426940918, -0.0, 2.611706495285034)
(-4.120854377746582, 1.1357024908065796, 0.0, -1.0, -1.0, 0.0, 1.6490534543991089, -0.4428931176662445, 0.0, 24.966835021972656, -17.085620880126953, 0.0, 1000, 1000, 1000, 1000, -2.8421249389648438, -2.3053336143493652, 0.0, -4.120854377746582, 1.1357024908065796, 4.663556098937988, 15.5415678024292, 0.0, 20.205123901367188, -3.328545331954956, 6.514714241027832, -0.0, 3.186168670654297)
(-4.336754322052002, 1.1810308694839478, 0.0, -1.0, -1.0, 0.0, -2.5646870136260986, 1.9998549222946167, 0.0, 26.694034576416016, -17.448246002197266, 0.0, 1000, 1000, 1000, 1000, -3.896660804748535, -2.0631866455078125, 0.0, -4.336754322052002, 1.1810308694839478, 5.851744651794434, 15.599499702453613, 0.0, 21.451244354248047, -3.889620304107666, 6.479684829711914, -0.0, 2.590064287185669)
(-4.1784987449646, 1.4666764736175537, 0.0, -1.0, -1.0, 0.0, 1.2521069049835205, 2.3815343379974365, 0.0, 25.427989959716797, -19.73341178894043, 0.0, 1000, 1000, 1000, 1000, -2.7460336685180664, -1.8075520992279053, 0.0, -4.1784987449646, 1.4666764736175537, 4.835176467895508, 15.653263092041016, 0.0, 20.488439559936523, -4.422989368438721, 6.4333977699279785, -0.0, 2.010408639907837)
(-4.22670316696167, 1.3652455806732178, 0.0, -1.0, -1.0, 0.0, -3.4959847927093506, -1.1757175922393799, 0.0, 25.81362533569336, -18.921964645385742, 0.0, 1000, 1000, 1000, 1000, -2.062897205352783, -2.4986798763275146, 0.0, -4.22670316696167, 1.3652455806732178, 5.861922264099121, 15.707887649536133, 0.0, 21.569808959960938, -3.5492491722106934, 6.390288352966309, -0.0, 2.8410391807556152)
(-4.400731086730957, 1.15607488155365, 0.0, -1.0, -1.0, 0.0, 0.24447327852249146, 0.8853511214256287, 0.0, 27.205848693847656, -17.248600006103516, 0.0, 1000, 1000, 1000, 1000, -3.1905479431152344, -2.814582347869873, 0.0, -4.400731086730957, 1.15607488155365, 5.392275333404541, 15.770628929138184, 0.0, 21.162904739379883, -3.6267902851104736, 6.357284069061279, -0.0, 2.7304937839508057)
(-4.502269744873047, 1.1923524141311646, 0.0, -1.0, -1.0, 0.0, -5.572320461273193, 2.2288625240325928, 0.0, 28.018157958984375, -17.538818359375, 0.0, 1000, 1000, 1000, 1000, -3.335418701171875, -2.601067543029785, 0.0, -4.502269744873047, 1.1923524141311646, 6.718095302581787, 15.829776763916016, 0.0, 22.54787254333496, -3.95353627204895, 6.317028999328613, -0.0, 2.363492488861084)
(-6.783776760101318, 1.7315856218338013, 0.0, -1.0, -1.0, 0.0, -32.93109893798828, 9.450236320495605, 0.0, 46.27021408081055, -21.852684020996094, 0.0, 1000, 1000, 1000, 1000, -3.933276653289795, -2.075450897216797, 0.0, -6.783776760101318, 1.7315856218338013, 15.840261459350586, 15.938879013061523, 0.0, 31.77914047241211, -6.260584354400635, 6.265435695648193, -0.0, 0.004851379431784153)
(-15.618532180786133, 3.6526997089385986, 0.0, -1.0, -1.0, 0.0, -100.82422637939453, 14.488404273986816, 0.0, 116.94825744628906, -37.221595764160156, 0.0, 1000, 1000, 1000, 1000, -12.946017265319824, -0.11960983276367188, 0.0, -15.618532180786133, 3.6526997089385986, 43.55449676513672, 16.236955642700195, 0.0, 59.79145431518555, -10.342000007629395, 6.1759352684021, -0.0, -4.166064739227295)
(-32.32630920410156, 6.944483280181885, 0.0, -1.0, -1.0, 0.0, -123.72499084472656, 27.267030715942383, 0.0, 250.6104736328125, -63.55586624145508, 0.0, 1000, 1000, 1000, 1000, -34.79269790649414, 4.790515899658203, 0.0, -32.32630920410156, 6.944483280181885, 74.8670883178711, 16.874351501464844, 0.0, 91.74143981933594, -18.164579391479492, 6.020052433013916, -0.0, -12.144527435302734)
(-47.417274475097656, 9.053796768188477, 0.0, -1.0, -1.0, 0.0, -73.05323791503906, 16.61054229736328, 0.0, 371.33819580078125, -80.43037414550781, 0.0, 1000, 1000, 1000, 1000, -51.4444694519043, 8.632810592651367, 0.0, -47.417274475097656, 9.053796768188477, 88.87828063964844, 17.764774322509766, 0.0, 106.64305877685547, -19.408184051513672, 5.832539081573486, -0.0, -13.575644493103027)
(-50.84832763671875, 11.782145500183105, 0.0, -1.0, -1.0, 0.0, 17.92386245727539, 7.358633518218994, 0.0, 398.78662109375, -102.25716400146484, 0.0, 1000, 1000, 1000, 1000, -50.1077766418457, 14.223068237304688, 0.0, -50.84832763671875, 11.782145500183105, 76.17255401611328, 18.64501190185547, 0.0, 94.81756591796875, -21.923160552978516, 5.60203218460083, -0.0, -16.32112693786621)
(-41.1465950012207, 10.643706321716309, 0.0, -1.0, -1.0, 0.0, 108.54981994628906, -26.855106353759766, 0.0, 321.1727600097656, -93.14965057373047, 0.0, 1000, 1000, 1000, 1000, -42.14407730102539, 12.467170715332031, 0.0, -41.1465950012207, 10.643706321716309, 42.52458953857422, 19.270387649536133, 0.0, 61.79497528076172, -13.25890827178955, 5.4094557762146, -0.0, -7.849452495574951)
(-24.566476821899414, 5.309081077575684, 0.0, -1.0, -1.0, 0.0, 120.06126403808594, -38.412357330322266, 0.0, 188.5318145751953, -50.47264862060547, 0.0, 1000, 1000, 1000, 1000, -27.024459838867188, 1.8261775970458984, 0.0, -24.566476821899414, 5.309081077575684, 13.694109916687012, 19.551433563232422, 0.0, 33.24554443359375, -2.4120583534240723, 5.337139129638672, -0.0, 2.9250807762145996)
(-9.280896186828613, 1.2556121349334717, 0.0, -1.0, -1.0, 0.0, 99.08416748046875, -18.04594612121582, 0.0, 66.2471694946289, -18.044897079467773, 0.0, 1000, 1000, 1000, 1000, -8.805669784545898, -3.9545488357543945, 0.0, -9.280896186828613, 1.2556121349334717, -6.567399501800537, 19.583282470703125, -0.0, 13.01588249206543, 0.000209808349609375, 5.332704544067383, 0.0, 5.332914352416992)
(3.5936334133148193, -2.008826732635498, 0.0, -1.0, -1.0, 0.0, 88.21393585205078, -31.511594772338867, 0.0, -36.74906921386719, 8.070613861083984, 0.0, 1000, 1000, 1000, 1000, 6.8813605308532715, -5.078890800476074, 0.0, 3.5936334133148193, -2.008826732635498, -24.99260139465332, 19.416959762573242, -0.0, -5.57564115524292, 7.916441440582275, 5.3658857345581055, 0.0, 13.282326698303223)
(15.274087905883789, -6.68326473236084, 0.0, -1.0, -1.0, 0.0, 65.49638366699219, -18.152816772460938, 0.0, -130.1927032470703, 45.46611785888672, 0.0, 1000, 1000, 1000, 1000, 19.70680809020996, -13.244616508483887, 0.0, 15.274087905883789, -6.68326473236084, -39.1378173828125, 19.061473846435547, -0.0, -20.076343536376953, 12.723787307739258, 5.493382930755615, 0.0, 18.21717071533203)
(21.533170700073242, -7.419343948364258, 0.0, -1.0, -1.0, 0.0, 28.42767906188965, 2.289931297302246, 0.0, -180.26536560058594, 51.35475158691406, 0.0, 1000, 1000, 1000, 1000, 27.180744171142578, -11.76336669921875, 0.0, 21.533170700073242, -7.419343948364258, -41.738609313964844, 18.639244079589844, -0.0, -23.099363327026367, 9.812963485717773, 5.6103515625, 0.0, 15.423315048217773)
(23.05742835998535, -6.292970180511475, 0.0, -1.0, -1.0, 0.0, -20.564687728881836, 15.587640762329102, 0.0, -192.4594268798828, 42.3437614440918, 0.0, 1000, 1000, 1000, 1000, 29.46363067626953, -10.389997482299805, 0.0, 23.05742835998535, -6.292970180511475, -34.37894821166992, 18.21997833251953, -0.0, -16.15896987915039, 5.351223945617676, 5.690860271453857, 0.0, 11.042084693908691)
(14.705183029174805, -3.7510147094726562, 0.0, -1.0, -1.0, 0.0, -90.06086730957031, 20.320465087890625, 0.0, -125.64146423339844, 22.00811767578125, 0.0, 1000, 1000, 1000, 1000, 18.75701332092285, -7.3692626953125, 0.0, 14.705183029174805, -3.7510147094726562, -7.116119384765625, 17.99184226989746, -0.0, 10.875722885131836, 0.3375305235385895, 5.719528675079346, 0.0, 6.057059288024902)
(0.9793209433555603, -0.4597751200199127, 0.0, -1.0, -1.0, 0.0, -99.66392517089844, 28.121992111206055, 0.0, -15.83456802368164, -4.321799278259277, 0.0, 1000, 1000, 1000, 1000, 3.016855001449585, -4.229672431945801, 0.0, 0.9793209433555603, -0.4597751200199127, 16.765872955322266, 18.05673599243164, 0.0, 34.822608947753906, -6.488758087158203, 5.690553188323975, -0.0, -0.7982049584388733)
(-11.682650566101074, 3.4806792736053467, 0.0, -1.0, -1.0, 0.0, -86.93109893798828, 30.900617599487305, 0.0, 85.4612045288086, -35.845436096191406, 0.0, 1000, 1000, 1000, 1000, -11.431523323059082, -0.002811908721923828, 0.0, -11.682650566101074, 3.4806792736053467, 34.47846221923828, 18.327104568481445, 0.0, 52.805564880371094, -13.349210739135742, 5.585286617279053, -0.0, -7.763924598693848)
(-24.880456924438477, 7.4234795570373535, 0.0, -1.0, -1.0, 0.0, -97.93873596191406, 25.38916778564453, 0.0, 191.0436553955078, -67.38783264160156, 0.0, 1000, 1000, 1000, 1000, -26.804304122924805, 6.216132164001465, 0.0, -24.880456924438477, 7.4234795570373535, 57.796478271484375, 18.816600799560547, 0.0, 76.61308288574219, -18.555400848388672, 5.413822174072266, -0.0, -13.14157772064209)
(-37.0405387878418, 9.9432954788208, 0.0, -1.0, -1.0, 0.0, -62.93109893798828, 13.297564506530762, 0.0, 288.3243103027344, -87.5463638305664, 0.0, 1000, 1000, 1000, 1000, -40.0427360534668, 10.124725341796875, 0.0, -37.0405387878418, 9.9432954788208, 70.25108337402344, 19.513242721557617, 0.0, 89.76432037353516, -20.168785095214844, 5.214107990264893, -0.0, -14.954676628112793)
(-38.72419357299805, 11.119037628173828, 0.0, -1.0, -1.0, 0.0, 38.900962829589844, -3.389457941055298, 0.0, 301.7935485839844, -96.95230102539062, 0.0, 1000, 1000, 1000, 1000, -41.17203140258789, 10.70034122467041, 0.0, -38.72419357299805, 11.119037628173828, 52.578514099121094, 20.177059173583984, 0.0, 72.75557708740234, -18.712568283081055, 4.998894214630127, -0.0, -13.713674545288086)
(-28.14533805847168, 8.315814018249512, 0.0, -1.0, -1.0, 0.0, 89.9085922241211, -28.94671058654785, 0.0, 217.16270446777344, -74.5265121459961, 0.0, 1000, 1000, 1000, 1000, -30.981998443603516, 6.273646354675293, 0.0, -28.14533805847168, 8.315814018249512, 25.450822830200195, 20.587928771972656, 0.0, 46.03874969482422, -9.115961074829102, 4.849484443664551, -0.0, -4.266476631164551)
(-16.9009952545166, 3.8501856327056885, 0.0, -1.0, -1.0, 0.0, 69.46585083007812, -25.542129516601562, 0.0, 127.20796203613281, -38.801483154296875, 0.0, 1000, 1000, 1000, 1000, -16.47015953063965, 0.01803445816040039, 0.0, -16.9009952545166, 3.8501856327056885, 11.548421859741211, 20.777103424072266, 0.0, 32.32552719116211, -2.6518707275390625, 4.801118850708008, -0.0, 2.1492481231689453)
(-8.5418701171875, 1.4724420309066772, 0.0, -1.0, -1.0, 0.0, 52.76355743408203, -14.809305191040039, 0.0, 60.3349609375, -19.779537200927734, 0.0, 1000, 1000, 1000, 1000, -6.369154930114746, -2.4850926399230957, 0.0, -8.5418701171875, 1.4724420309066772, 1.5142806768417358, 20.843799591064453, 0.0, 22.35807991027832, -0.9940463900566101, 4.774763584136963, -0.0, 3.780717134475708)
(-1.9981681108474731, -1.29618239402771, 0.0, -1.0, -1.0, 0.0, 36.076534271240234, -16.794038772583008, 0.0, 7.985344886779785, 2.3694591522216797, 0.0, 1000, 1000, 1000, 1000, 1.235746145248413, -5.524479866027832, 0.0, -1.9981681108474731, -1.29618239402771, -5.6182379722595215, 20.81488800048828, -0.0, 15.196649551391602, 3.8326995372772217, 4.7949957847595215, 0.0, 8.627695083618164)
(-0.26546069979667664, -1.9999228715896606, 0.0, -1.0, -1.0, 0.0, -13.068503379821777, 12.045656204223633, 0.0, -5.876314163208008, 7.999382972717285, 0.0, 1000, 1000, 1000, 1000, 3.7813992500305176, -6.664552211761475, 0.0, -0.26546069979667664, -1.9999228715896606, 1.438437819480896, 20.78891372680664, 0.0, 22.227352142333984, -0.8092546463012695, 4.8234148025512695, -0.0, 4.01416015625)
(-3.802119016647339, 0.11349723488092422, 0.0, -1.0, -1.0, 0.0, -28.686824798583984, 16.121992111206055, 0.0, 22.41695213317871, -8.907978057861328, 0.0, 1000, 1000, 1000, 1000, -2.461056709289551, -3.805372714996338, 0.0, -3.802119016647339, 0.11349723488092422, 10.220754623413086, 20.85948371887207, 0.0, 31.080238342285156, -5.005993843078613, 4.7867817878723145, -0.0, -0.21921241283416748)
(-5.467874526977539, 1.4865130186080933, 0.0, -1.0, -1.0, 0.0, 4.946763515472412, 4.137259483337402, 0.0, 35.74299621582031, -19.892105102539062, 0.0, 1000, 1000, 1000, 1000, -4.020867347717285, -1.64235258102417, 0.0, -5.467874526977539, 1.4865130186080933, 6.159246444702148, 20.953474044799805, 0.0, 27.112720489501953, -4.805872917175293, 4.730536460876465, -0.0, -0.07533645629882812)
(-3.9085912704467773, 1.4474118947982788, 0.0, -1.0, -1.0, 0.0, 11.358977317810059, 0.6105419993400574, 0.0, 23.26873016357422, -19.579296112060547, 0.0, 1000, 1000, 1000, 1000, -3.4841818809509277, -2.0243325233459473, 0.0, -3.9085912704467773, 1.4474118947982788, 2.381950616836548, 20.997913360595703, 0.0, 23.379863739013672, -4.037967681884766, 4.690413475036621, -0.0, 0.6524459719657898)
(-3.1008007526397705, 1.2248759269714355, 0.0, -1.0, -1.0, 0.0, -0.060870230197906494, -0.671900749206543, 0.0, 16.806406021118164, -17.799007415771484, 0.0, 1000, 1000, 1000, 1000, -2.990795612335205, -2.468350648880005, 0.0, -3.1008007526397705, 1.2248759269714355, 3.37345552444458, 21.025785446166992, 0.0, 24.399240493774414, -3.4254212379455566, 4.651165962219238, -0.0, 1.2257447242736816)
(-3.496995449066162, 1.0437853336334229, 0.0, -1.0, -1.0, 0.0, -4.335679531097412, 0.7174122333526611, 0.0, 19.975963592529297, -16.350282669067383, 0.0, 1000, 1000, 1000, 1000, -1.5094239711761475, -2.8891103267669678, 0.0, -3.496995449066162, 1.0437853336334229, 4.86232852935791, 21.07062530517578, 0.0, 25.932954788208008, -3.413539171218872, 4.615311622619629, -0.0, 1.2017724514007568)
(-3.7737367153167725, 1.1793639659881592, 0.0, -1.0, -1.0, 0.0, -2.915832042694092, 2.2746641635894775, 0.0, 22.18989372253418, -17.434911727905273, 0.0, 1000, 1000, 1000, 1000, -2.1376471519470215, -2.470288038253784, 0.0, -3.7737367153167725, 1.1793639659881592, 5.021145343780518, 21.126020431518555, 0.0, 26.147165298461914, -3.9419150352478027, 4.577358245849609, -0.0, 0.6354432702064514)
(-4.257619857788086, 1.1236822605133057, 0.0, -1.0, -1.0, 0.0, -4.412015438079834, 2.3051984310150146, 0.0, 26.060958862304688, -16.989458084106445, 0.0, 1000, 1000, 1000, 1000, -3.1661219596862793, -2.549046039581299, 0.0, -4.257619857788086, 1.1236822605133057, 6.094594955444336, 21.184940338134766, 0.0, 27.2795352935791, -3.858931303024292, 4.538974761962891, -0.0, 0.6800435781478882)
(-4.716447830200195, 1.3029227256774902, 0.0, -1.0, -1.0, 0.0, -2.5646870136260986, 3.541839599609375, 0.0, 29.731582641601562, -18.423381805419922, 0.0, 1000, 1000, 1000, 1000, -4.231821060180664, -1.9267680644989014, 0.0, -4.716447830200195, 1.3029227256774902, 6.459253787994385, 21.251821517944336, 0.0, 27.711074829101562, -4.393044471740723, 4.496589183807373, -0.0, 0.1035449206829071)
(-4.945055961608887, 1.442832112312317, 0.0, -1.0, -1.0, 0.0, -1.266977071762085, 3.358633518218994, 0.0, 31.560447692871094, -19.54265594482422, 0.0, 1000, 1000, 1000, 1000, -2.998673439025879, -1.7633676528930664, 0.0, -4.945055961608887, 1.442832112312317, 6.565484523773193, 21.323226928710938, 0.0, 27.88871192932129, -4.580257892608643, 4.456585884094238, -0.0, -0.12367210537195206)
(-4.727312088012695, 2.7368531227111816, 0.0, -1.0, -1.0, 0.0, -0.2288091629743576, 6.961687088012695, 0.0, 29.818496704101562, -29.894824981689453, 0.0, 1000, 1000, 1000, 1000, -2.874457836151123, 2.1829986572265625, 0.0, -4.727312088012695, 2.7368531227111816, 6.009461402893066, 21.386558532714844, 0.0, 27.396020889282227, -7.371302604675293, 4.383904457092285, -0.0, -2.987398624420166)
(-4.818447589874268, 1.8838130235671997, 0.0, -1.0, -1.0, 0.0, 4.488748073577881, -3.954343557357788, 0.0, 30.54758071899414, -23.07050323486328, 0.0, 1000, 1000, 1000, 1000, -5.084086894989014, -0.5048084259033203, 0.0, -4.818447589874268, 1.8838130235671997, 5.211766242980957, 21.45281982421875, 0.0, 26.664587020874023, -3.8232319355010986, 4.337315559387207, -0.0, 0.5140835046768188)
(-3.978847026824951, 1.9172561168670654, 0.0, 0.0, -1.0, 0.0, 2.977297782897949, 6.244129657745361, 0.0, 31.83077621459961, -23.338048934936523, 0.0, 1000, 1000, 1000, 1000, -2.006074905395508, 0.1370105743408203, 0.0, -3.978847026824951, 1.9172561168670654, 5.770695686340332, 21.502399444580078, 0.0, 27.273094177246094, -5.916435718536377, 4.292593002319336, -0.0, -1.6238428354263306)
(-3.7990267276763916, 2.9679410457611084, 0.0, -1.0, -1.0, 0.0, -0.808961808681488, -8.870373725891113, 0.0, 22.392213821411133, -31.743528366088867, 0.0, 1000, 1000, 1000, 1000, -1.8431720733642578, 1.7201566696166992, 0.0, -3.7990267276763916, 2.9679410457611084, 4.64023494720459, 21.551565170288086, 0.0, 26.19179916381836, -4.5746307373046875, 4.214232921600342, -0.0, -0.36039793491363525)
(-3.7871017456054688, -1.0314370393753052, 0.0, -1.0, -1.0, 0.0, 9.282641410827637, -19.542129516601562, 0.0, 22.29681396484375, 0.2514963150024414, 0.0, 1000, 1000, 1000, 1000, -5.064662456512451, -6.027410984039307, 0.0, -3.7871017456054688, -1.0314370393753052, 2.602834463119507, 21.60142707824707, 0.0, 24.204261779785156, 3.9587249755859375, 4.236196517944336, 0.0, 8.194921493530273)
(-3.3968472480773926, -3.1981019973754883, 0.0, 0.0, -1.0, 0.0, -7.12957239151001, -7.969610691070557, 0.0, 27.17477798461914, 17.584815979003906, 0.0, 1000, 1000, 1000, 1000, -4.928180694580078, -4.517167091369629, 0.0, -3.3968472480773926, -3.1981019973754883, 6.860870361328125, 21.63961410522461, 0.0, 28.500484466552734, 5.110885143280029, 4.291072845458984, 0.0, 9.401958465576172)
(-5.370867729187012, -3.5462169647216797, 0.0, -1.0, -1.0, 0.0, -14.457817077636719, -4.41235876083374, 0.0, 34.966941833496094, 20.369735717773438, 0.0, 1000, 1000, 1000, 1000, -5.718405723571777, -5.581349849700928, 0.0, -5.370867729187012, -3.5462169647216797, 9.8849515914917, 21.72508430480957, 0.0, 31.610036849975586, 4.956418991088867, 4.334225654602051, 0.0, 9.290644645690918)
(-6.4677042961120605, -6.300898551940918, 0.0, -1.0, -1.0, 0.0, -2.808961868286133, -27.511594772338867, 0.0, 43.741634368896484, 42.407188415527344, 0.0, 1000, 1000, 1000, 1000, -7.034524917602539, -11.841135025024414, 0.0, -6.4677042961120605, -6.300898551940918, 9.31011962890625, 21.825969696044922, 0.0, 31.136089324951172, 13.983757019042969, 4.432830333709717, 0.0, 18.416587829589844)
(-5.2144317626953125, -10.093650817871094, 0.0, 0.0, -1.0, 0.0, 7.145236492156982, -27.46579360961914, 0.0, 41.7154541015625, 72.74920654296875, 0.0, 1000, 1000, 1000, 1000, -7.418488502502441, -14.523772239685059, 0.0, -5.2144317626953125, -10.093650817871094, 6.914043426513672, 21.89383888244629, 0.0, 28.80788230895996, 20.042999267578125, 4.605645179748535, 0.0, 24.648643493652344)
(-8.305420875549316, -9.53325080871582, 0.0, -1.0, -1.0, 0.0, -36.90056610107422, 13.144892692565918, 0.0, 58.44336700439453, 68.26600646972656, 0.0, 1000, 1000, 1000, 1000, -8.641616821289062, -6.638509750366211, 0.0, -8.305420875549316, -9.53325080871582, 19.06878662109375, 22.028017044067383, 0.0, 41.0968017578125, 11.024222373962402, 4.755660057067871, 0.0, 15.779882431030273)
(-8.49389362335205, -8.997641563415527, 0.0, -1.0, -1.0, 0.0, -18.15247344970703, -14.671900749206543, 0.0, 59.951148986816406, 63.98113250732422, 0.0, 1000, 1000, 1000, 1000, -12.158382415771484, -11.631689071655273, 0.0, -8.49389362335205, -8.997641563415527, 15.62072467803955, 22.159996032714844, 0.0, 37.78071975708008, 15.730606079101562, 4.880979061126709, 0.0, 20.61158561706543)
(-8.32517147064209, -8.773616790771484, 0.0, 0.0, -1.0, 0.0, 0.44294655323028564, 2.6716105937957764, 0.0, 66.60137176513672, 62.188934326171875, 0.0, 1000, 1000, 1000, 1000, -5.4092583656311035, -10.921442031860352, 0.0, -8.32517147064209, -8.773616790771484, 13.231684684753418, 22.284595489501953, 0.0, 35.51628112792969, 11.903464317321777, 5.011770725250244, 0.0, 16.91523551940918)
(-7.926411151885986, -8.16557788848877, 0.0, -1.0, -1.0, 0.0, 11.099434852600098, 10.976954460144043, 0.0, 55.41128921508789, 57.324623107910156, 0.0, 1000, 1000, 1000, 1000, -6.148586273193359, -17.998470306396484, 0.0, -7.926411151885986, -8.16557788848877, 8.862371444702148, 22.40084457397461, 0.0, 31.263216018676758, 9.269533157348633, 5.125907897949219, 0.0, 14.395442008972168)
(-7.830101013183594, -8.065279960632324, 0.0, -1.0, -1.0, 0.0, 0.2750076353549957, 0.6868778467178345, 0.0, 54.64080810546875, 56.522239685058594, 0.0, 1000, 1000, 1000, 1000, -4.19657564163208, -12.82469654083252, 0.0, -7.830101013183594, -8.065279960632324, 10.873159408569336, 22.51600456237793, 0.0, 33.389163970947266, 11.167072296142578, 5.240548133850098, 0.0, 16.40761947631836)
(-7.69762659072876, -7.954110622406006, 0.0, 0.0, -1.0, 0.0, 2.6872212886810303, 5.419702053070068, 0.0, 61.58101272583008, 55.63288497924805, 0.0, 1000, 1000, 1000, 1000, -5.574155807495117, -10.402377128601074, 0.0, -7.69762659072876, -7.954110622406006, 11.77875804901123, 22.63120460510254, 0.0, 34.40996170043945, 10.04263687133789, 5.358989238739014, 0.0, 15.401626586914062)
(-7.452833652496338, -7.6896281242370605, 0.0, -1.0, -1.0, 0.0, 0.1376030594110489, 1.8013817071914673, 0.0, 51.6226692199707, 53.517024993896484, 0.0, 1000, 1000, 1000, 1000, -7.266023635864258, -12.349946975708008, 0.0, -7.452833652496338, -7.6896281242370605, 10.297013282775879, 22.744577407836914, 0.0, 33.04159164428711, 10.34312915802002, 5.4693450927734375, 0.0, 15.812474250793457)
(-7.4048967361450195, -7.6676130294799805, 0.0, -1.0, -1.0, 0.0, -0.274610698223114, 2.335732936859131, 0.0, 51.239173889160156, 53.340904235839844, 0.0, 1000, 1000, 1000, 1000, -5.122314453125, -11.091876029968262, 0.0, -7.4048967361450195, -7.6676130294799805, 10.302757263183594, 22.85310935974121, 0.0, 33.15586853027344, 10.201034545898438, 5.578426837921143, 0.0, 15.779460906982422)
(-7.440770149230957, -7.722346782684326, 0.0, 0.0, -1.0, 0.0, -1.1143053770065308, 0.9922213554382324, 0.0, 59.526161193847656, 53.77877426147461, 0.0, 1000, 1000, 1000, 1000, -7.001370429992676, -11.449996948242188, 0.0, -7.440770149230957, -7.722346782684326, 12.128092765808105, 22.9648494720459, 0.0, 35.09294128417969, 10.557310104370117, 5.691071510314941, 0.0, 16.248382568359375)
(-7.43931245803833, -7.7338786125183105, 0.0, -1.0, -1.0, 0.0, 0.5650839805603027, 1.938786268234253, 0.0, 51.51449966430664, 53.871028900146484, 0.0, 1000, 1000, 1000, 1000, -6.665750503540039, -10.873176574707031, 0.0, -7.43931245803833, -7.7338786125183105, 10.1898832321167, 23.07596778869629, 0.0, 33.26585006713867, 10.386448860168457, 5.801222801208496, 0.0, 16.187671661376953)
(-7.414358615875244, -7.746849536895752, 0.0, -1.0, -1.0, 0.0, -0.6104885339736938, 1.022755742073059, 0.0, 51.31486892700195, 53.974796295166016, 0.0, 1000, 1000, 1000, 1000, -6.070034980773926, -11.423971176147461, 0.0, -7.414358615875244, -7.746849536895752, 10.385071754455566, 23.18451690673828, 0.0, 33.56958770751953, 10.590408325195312, 5.9117045402526855, 0.0, 16.502113342285156)
(-7.428908824920654, -7.785254001617432, 0.0, -1.0, 0.0, 0.0, -0.9769007563591003, 1.1143587827682495, 0.0, 51.431270599365234, 62.28203201293945, 0.0, 1000, 1000, 1000, 1000, -6.758673667907715, -11.886823654174805, 0.0, -7.428908824920654, -7.785254001617432, 10.481634140014648, 23.293533325195312, 0.0, 33.775169372558594, 12.233534812927246, 6.027681827545166, 0.0, 18.26121711730957)
(-7.441461563110352, -7.812929630279541, 0.0, -1.0, -1.0, 0.0, -0.1830076277256012, 1.4960381984710693, 0.0, 51.53169250488281, 54.50343704223633, 0.0, 1000, 1000, 1000, 1000, -6.747403144836426, -11.533809661865234, 0.0, -7.441461563110352, -7.812929630279541, 10.342939376831055, 23.404850006103516, 0.0, 33.7477912902832, 10.601480484008789, 6.1392598152160645, 0.0, 16.740739822387695)
(-7.429452896118164, -7.8254852294921875, 0.0, -1.0, -1.0, 0.0, -0.09140457957983017, 1.3433663845062256, 0.0, 51.43562316894531, 54.6038818359375, 0.0, 1000, 1000, 1000, 1000, -6.532605171203613, -11.160955429077148, 0.0, -7.429452896118164, -7.8254852294921875, 10.305405616760254, 23.513578414916992, 0.0, 33.81898498535156, 10.652103424072266, 6.251070976257324, 0.0, 16.903175354003906)
(-7.436683177947998, -7.852903366088867, 0.0, 0.0, 0.0, 0.0, -0.9005649089813232, 1.0074886083602905, 0.0, 51.493465423583984, 62.82322692871094, 0.0, 1000, 1000, 1000, 1000, -6.399377822875977, -11.446856498718262, 0.0, -7.436683177947998, -7.852903366088867, 10.478806495666504, 23.622652053833008, 0.0, 34.10145950317383, 12.363147735595703, 6.365933418273926, 0.0, 18.729082107543945)
(-7.4451212882995605, -7.877227306365967, 0.0, -1.0, -1.0, 0.0, -0.3967480957508087, 1.2975648641586304, 0.0, 51.560970306396484, 55.017818450927734, 0.0, 1000, 1000, 1000, 1000, -6.743436813354492, -11.542535781860352, 0.0, -7.4451212882995605, -7.877227306365967, 10.3915433883667, 23.736562728881836, 0.0, 34.12810516357422, 10.744050979614258, 6.478682518005371, 0.0, 17.222732543945312)
(-7.441487789154053, -7.889617919921875, 0.0, -1.0, -1.0, 0.0, -0.13720610737800598, 1.4655038118362427, 0.0, 51.53190231323242, 55.116943359375, 0.0, 1000, 1000, 1000, 1000, -6.499790191650391, -11.356830596923828, 0.0, -7.441487789154053, -7.889617919921875, 10.333822250366211, 23.845516204833984, 0.0, 34.17933654785156, 10.730287551879883, 6.591594696044922, 0.0, 17.321882247924805)
(-7.438263416290283, -7.910307884216309, 0.0, -1.0, 0.0, 0.0, -0.3967480957508087, 1.2517633438110352, 0.0, 51.506107330322266, 63.28246307373047, 0.0, 1000, 1000, 1000, 1000, -6.373770713806152, -11.132671356201172, 0.0, -7.438263416290283, -7.910307884216309, 10.380571365356445, 23.954532623291016, 0.0, 34.335105895996094, 12.406140327453613, 6.707342147827148, 0.0, 19.113481521606445)
(-7.4419755935668945, -7.930722236633301, 0.0, -1.0, -1.0, 0.0, -0.5952214002609253, 0.9922213554382324, 0.0, 51.535804748535156, 55.445777893066406, 0.0, 1000, 1000, 1000, 1000, -6.5772809982299805, -11.268877029418945, 0.0, -7.4419755935668945, -7.930722236633301, 10.4262056350708, 24.065990447998047, 0.0, 34.49219512939453, 10.890710830688477, 6.823458671569824, 0.0, 17.714170455932617)
(-7.4430365562438965, -7.946247100830078, 0.0, -1.0, -1.0, 0.0, -0.41201525926589966, 1.5876412391662598, 0.0, 51.54429244995117, 55.569976806640625, 0.0, 1000, 1000, 1000, 1000, -6.871702194213867, -11.09221076965332, 0.0, -7.4430365562438965, -7.946247100830078, 10.391261100769043, 24.175052642822266, 0.0, 34.566314697265625, 10.796466827392578, 6.9373779296875, 0.0, 17.733844757080078)
(-7.4453654289245605, -7.9634928703308105, 0.0, -1.0, -1.0, 0.0, -0.12193892896175385, 1.2822977304458618, 0.0, 51.562923431396484, 55.707942962646484, 0.0, 1000, 1000, 1000, 1000, -6.603824615478516, -11.090572357177734, 0.0, -7.4453654289245605, -7.9634928703308105, 10.336973190307617, 24.284181594848633, 0.0, 34.62115478515625, 10.88512897491455, 7.051628589630127, 0.0, 17.936758041381836)