
(-6.707057952880859, -7.037884712219238, 0.0, -1.0, -1.0, 0.0, -0.29002290964126587, 1.2403512001037598, 0.0, 45.656463623046875, 48.303077697753906, 0.0, 1000, 1000, 1000, 1000, -5.442132472991943, -10.014970779418945, 0.0, -6.707057952880859, -7.037884712219238, 9.189297676086426, 5.552703380584717, 0.0, 14.742000579833984, 9.412545204162598, 12.842659950256348, 0.0, 22.255205154418945)
(-6.7020063400268555, -7.038487434387207, 0.0, -1.0, -1.0, 0.0, -0.48849618434906006, 1.2708854675292969, 0.0, 45.616050720214844, 48.307899475097656, 0.0, 1000, 1000, 1000, 1000, -5.410249710083008, -10.207267761230469, 0.0, -6.7020063400268555, -7.038487434387207, 9.220909118652344, 5.649372577667236, 0.0, 14.870282173156738, 9.407402992248535, 12.941610336303711, 0.0, 22.349014282226562)
(-6.708171844482422, -7.04251766204834, 0.0, -1.0, -1.0, 0.0, -0.351091593503952, 1.316686987876892, 0.0, 45.665374755859375, 48.34014129638672, 0.0, 1000, 1000, 1000, 1000, -5.68388032913208, -10.175088882446289, 0.0, -6.708171844482422, -7.04251766204834, 9.203293800354004, 5.746099472045898, 0.0, 14.949393272399902, 9.404690742492676, 13.04061508178711, 0.0, 22.44530487060547)
(-6.709961414337158, -7.038641452789307, 0.0, -1.0, -1.0, 0.0, -0.5495648980140686, 1.3014198541641235, 0.0, 45.679691314697266, 48.30913162231445, 0.0, 1000, 1000, 1000, 1000, -5.505950927734375, -9.698421478271484, 0.0, -6.709961414337158, -7.038641452789307, 9.245851516723633, 5.847727298736572, 0.0, 15.093578338623047, 9.401542663574219, 13.141902923583984, 0.0, 22.543445587158203)
(-6.705436706542969, -7.044013977050781, 0.0, -1.0, -1.0, 0.0, -0.3358244299888611, 1.0571449995040894, 0.0, 45.64349365234375, 48.35211181640625, 0.0, 1000, 1000, 1000, 1000, -5.428029537200928, -10.108856201171875, 0.0, -6.705436706542969, -7.044013977050781, 9.195863723754883, 5.944489002227783, 0.0, 15.140352249145508, 9.458993911743164, 13.240888595581055, 0.0, 22.69988250732422)
(-6.706607818603516, -7.043931484222412, 0.0, -1.0, -1.0, 0.0, -0.41216030716896057, 1.2250839471817017, 0.0, 45.652862548828125, 48.3514518737793, 0.0, 1000, 1000, 1000, 1000, -5.622311115264893, -9.82098388671875, 0.0, -6.706607818603516, -7.043931484222412, 9.213004112243652, 6.041287422180176, 0.0, 15.254291534423828, 9.425273895263672, 13.339921951293945, 0.0, 22.765195846557617)
(-6.702493667602539, -7.040067672729492, 0.0, -1.0, -1.0, 0.0, -0.4274274706840515, 1.164015293121338, 0.0, 45.61994934082031, 48.32054138183594, 0.0, 1000, 1000, 1000, 1000, -5.376584529876709, -9.679474830627441, 0.0, -6.702493667602539, -7.040067672729492, 9.20947551727295, 6.143841743469238, 0.0, 15.353317260742188, 9.431304931640625, 13.447219848632812, 0.0, 22.878524780273438)
(-6.701375961303711, -7.042595386505127, 0.0, -1.0, -1.0, 0.0, -0.41216030716896057, 1.1792824268341064, 0.0, 45.61100769042969, 48.340763092041016, 0.0, 1000, 1000, 1000, 1000, -5.829676628112793, -10.1025390625, 0.0, -6.701375961303711, -7.042595386505127, 9.204633712768555, 6.2405548095703125, 0.0, 15.445188522338867, 9.432295799255371, 13.54622745513916, 0.0, 22.97852325439453)
(-6.700061798095703, -7.039770126342773, 0.0, -1.0, -1.0, 0.0, -0.3816259503364563, 1.194549560546875, 0.0, 45.600494384765625, 48.31816101074219, 0.0, 1000, 1000, 1000, 1000, -5.5308380126953125, -10.259204864501953, 0.0, -6.700061798095703, -7.039770126342773, 9.19642448425293, 6.33720588684082, 0.0, 15.533629417419434, 9.424722671508789, 13.645187377929688, 0.0, 23.069910049438477)
(-6.70321798324585, -7.039375305175781, 0.0, 0.0, -1.0, 0.0, -0.6106336116790771, 1.2250839471817017, 0.0, 53.6257438659668, 48.31500244140625, 0.0, 1000, 1000, 1000, 1000, -6.022375106811523, -10.2154541015625, 0.0, -6.70321798324585, -7.039375305175781, 10.847275733947754, 6.436928749084473, 0.0, 17.284204483032227, 9.417984008789062, 13.748894691467285, 0.0, 23.16687774658203)
(-6.70274019241333, -7.037113666534424, 0.0, -1.0, -1.0, 0.0, -0.44269466400146484, 1.2403512001037598, 0.0, 45.62192153930664, 48.29690933227539, 0.0, 1000, 1000, 1000, 1000, -5.71902322769165, -9.800161361694336, 0.0, -6.70274019241333, -7.037113666534424, 9.212923049926758, 6.535451889038086, 0.0, 15.748374938964844, 9.411311149597168, 13.84775161743164, 0.0, 23.259063720703125)
(-6.704160690307617, -7.030808925628662, 0.0, -1.0, -1.0, 0.0, -0.44269466400146484, 1.1792824268341064, 0.0, 45.63328552246094, 48.2464714050293, 0.0, 1000, 1000, 1000, 1000, -5.368509769439697, -9.672920227050781, 0.0, -6.704160690307617, -7.030808925628662, 9.21519660949707, 6.632160663604736, 0.0, 15.847356796264648, 9.413437843322754, 13.946550369262695, 0.0, 23.359987258911133)
(-6.702441692352295, -7.026793479919434, 0.0, -1.0, 0.0, 0.0, -0.5190305113792419, 1.2250839471817017, 0.0, 45.61953353881836, 56.21434783935547, 0.0, 1000, 1000, 1000, 1000, -5.462505340576172, -10.048482894897461, 0.0, -6.702441692352295, -7.026793479919434, 9.227712631225586, 6.72888708114624, 0.0, 15.956600189208984, 10.99785327911377, 14.048222541809082, 0.0, 25.04607582092285)
(-6.698078155517578, -7.021271228790283, 0.0, -1.0, -1.0, 0.0, -0.351091593503952, 1.2250839471817017, 0.0, 45.584625244140625, 48.170169830322266, 0.0, 1000, 1000, 1000, 1000, -5.2533440589904785, -9.833503723144531, 0.0, -6.698078155517578, -7.021271228790283, 9.187143325805664, 6.830324172973633, 0.0, 16.017467498779297, 9.389017105102539, 14.148639678955078, 0.0, 23.537656784057617)
(-6.696618556976318, -7.023847579956055, 0.0, -1.0, -1.0, 0.0, -0.3816259503364563, 1.209816813468933, 0.0, 45.57294845581055, 48.19078063964844, 0.0, 1000, 1000, 1000, 1000, -5.6297101974487305, -10.309577941894531, 0.0, -6.696618556976318, -7.023847579956055, 9.19091510772705, 6.926932334899902, 0.0, 16.117847442626953, 9.39619255065918, 14.24730110168457, 0.0, 23.64349365234375)
(-6.694422721862793, -7.020102024078369, 0.0, -1.0, -1.0, 0.0, -0.29002290964126587, 1.0571449995040894, 0.0, 45.555381774902344, 48.16081619262695, 0.0, 1000, 1000, 1000, 1000, -5.582890033721924, -9.692933082580566, 0.0, -6.694422721862793, -7.020102024078369, 9.16908073425293, 7.023507118225098, 0.0, 16.192588806152344, 9.420734405517578, 14.345867156982422, 0.0, 23.7666015625)
(-6.694879531860352, -7.01514196395874, 0.0, -1.0, -1.0, 0.0, -0.41216030716896057, 1.1182137727737427, 0.0, 45.55903625488281, 48.12113571166992, 0.0, 1000, 1000, 1000, 1000, -6.11606502532959, -10.33908748626709, 0.0, -6.694879531860352, -7.01514196395874, 9.194238662719727, 7.124851703643799, 0.0, 16.319089889526367, 9.40058422088623, 14.449141502380371, 0.0, 23.8497257232666)
(-6.704441547393799, -7.012668132781982, 0.0, -1.0, -1.0, 0.0, -0.3358244299888611, 1.2403512001037598, 0.0, 45.63553237915039, 48.10134506225586, 0.0, 1000, 1000, 1000, 1000, -5.342434406280518, -10.660487174987793, 0.0, -6.704441547393799, -7.012668132781982, 9.194271087646484, 7.221576690673828, 0.0, 16.415847778320312, 9.372198104858398, 14.547696113586426, 0.0, 23.91989517211914)
(-6.734212875366211, -7.059523582458496, 0.0, -1.0, -1.0, 0.0, 0.09165649116039276, 1.209816813468933, 0.0, 45.87370300292969, 48.47618865966797, 0.0, 1000, 1000, 1000, 1000, -4.557947158813477, -12.418524742126465, 0.0, -6.734212875366211, -7.059523582458496, 9.15640926361084, 7.319351673126221, 0.0, 16.47576141357422, 9.453274726867676, 14.647200584411621, 0.0, 24.100475311279297)
(-6.794060707092285, -7.181119918823242, 0.0, -1.0, -1.0, 0.0, -5.34345817565918, -0.5917099118232727, 0.0, 46.35248565673828, 49.44895935058594, 0.0, 1000, 1000, 1000, 1000, -1.3989801406860352, -7.028722763061523, 0.0, -6.794060707092285, -7.181119918823242, 10.339189529418945, 7.422496795654297, 0.0, 17.761686325073242, 10.008133888244629, 14.753336906433105, 0.0, 24.761470794677734)
(-7.63472843170166, -8.33168888092041, 0.0, -1.0, -1.0, 0.0, -8.427427291870117, -14.439038276672363, 0.0, 53.07782745361328, 58.65351104736328, 0.0, 1000, 1000, 1000, 1000, -9.370051383972168, -6.77385950088501, 0.0, -7.63472843170166, -8.33168888092041, 12.301051139831543, 7.539355278015137, 0.0, 19.84040641784668, 14.618510246276855, 14.88046646118164, 0.0, 29.498977661132812)
(-8.020231246948242, -10.491302490234375, 0.0, -1.0, -1.0, 0.0, -1.404526710510254, -25.187129974365234, 0.0, 56.16184997558594, 75.930419921875, 0.0, 1000, 1000, 1000, 1000, -2.563805103302002, -10.58090591430664, 0.0, -8.020231246948242, -10.491302490234375, 11.513275146484375, 7.663061141967773, 0.0, 19.17633628845215, 20.2235107421875, 15.050939559936523, 0.0, 35.274452209472656)
(-8.229806900024414, -15.227264404296875, 0.0, 0.0, -1.0, 0.0, -2.900709867477417, -27.248197555541992, 0.0, 65.83845520019531, 113.818115234375, 0.0, 1000, 1000, 1000, 1000, -8.780365943908691, -16.749460220336914, 0.0, -8.229806900024414, -15.227264404296875, 13.747833251953125, 7.785816669464111, 0.0, 21.533649444580078, 28.2132625579834, 15.326272964477539, 0.0, 43.53953552246094)
(-8.558928489685059, -16.92633819580078, 0.0, -1.0, -1.0, 0.0, -6.580099105834961, -10.19476318359375, 0.0, 60.47142791748047, 127.41070556640625, 0.0, 1000, 1000, 1000, 1000, -6.412169456481934, -26.287883758544922, 0.0, -8.558928489685059, -16.92633819580078, 13.410305976867676, 7.922192573547363, 0.0, 21.33249855041504, 27.521093368530273, 15.60555362701416, 0.0, 43.12664794921875)
(-9.592381477355957, -18.82633399963379, 0.0, -1.0, -1.0, 0.0, -16.7633056640625, -28.606977462768555, 0.0, 68.73905181884766, 142.6106719970703, 0.0, 1000, 1000, 1000, 1000, -9.994054794311523, -14.009621620178223, 0.0, -9.592381477355957, -18.82633399963379, 17.10047149658203, 8.06977653503418, 0.0, 25.17024803161621, 34.2435302734375, 15.911773681640625, 0.0, 50.155303955078125)
(-13.481339454650879, -21.936080932617188, 0.0, -1.0, 0.0, 0.0, -21.86254119873047, 31.438823699951172, 0.0, 99.85071563720703, 175.4886474609375, 0.0, 1000, 1000, 1000, 1000, -16.684791564941406, -31.586017608642578, 0.0, -13.481339454650879, -21.936080932617188, 24.3426513671875, 8.303194999694824, 0.0, 32.64584732055664, 28.80996322631836, 16.291458129882812, 0.0, 45.10142135620117)
(-12.838791847229004, -10.461901664733887, 0.0, -1.0, -1.0, 0.0, 17.374099731445312, 81.40828704833984, 0.0, 94.71033477783203, 75.6952133178711, 0.0, 1000, 1000, 1000, 1000, -12.58471965789795, -13.29199504852295, 0.0, -12.838791847229004, -10.461901664733887, 15.467247009277344, 8.507363319396973, 0.0, 23.974609375, -1.142614722251892, 16.378705978393555, -0.0, 15.236090660095215)
(-8.51021957397461, -5.0177903175354, 0.0, -1.0, -1.0, 0.0, 40.610740661621094, 17.713634490966797, 0.0, 60.081756591796875, 32.1423225402832, 0.0, 1000, 1000, 1000, 1000, -8.015570640563965, -12.217687606811523, 0.0, -8.51021957397461, -5.0177903175354, 3.8942031860351562, 8.608623504638672, 0.0, 12.502826690673828, 2.885737657546997, 16.390949249267578, 0.0, 19.276687622070312)
(-2.909829616546631, -1.4327220916748047, 0.0, -1.0, -1.0, 0.0, 29.847381591796875, 20.797603607177734, 0.0, 15.278636932373047, 3.4617767333984375, 0.0, 1000, 1000, 1000, 1000, -2.065131187438965, 2.1741814613342285, 0.0, -2.909829616546631, -1.4327220916748047, -2.9137489795684814, 8.602080345153809, -0.0, 5.688331604003906, -3.467165470123291, 16.37364959716797, -0.0, 12.906484603881836)
(-1.0007565021514893, -0.01869942992925644, 0.0, -1.0, -1.0, 0.0, 2.030587673187256, 22.476991653442383, 0.0, 0.0060520172119140625, -7.850404739379883, 0.0, 1000, 1000, 1000, 1000, 2.6773109436035156, 0.05547904968261719, 0.0, -1.0007565021514893, -0.01869942992925644, -0.40490713715553284, 8.587225914001465, -0.0, 8.182318687438965, -6.065479278564453, 16.354904174804688, -0.0, 10.289423942565918)
(-2.710378646850586, 4.038078784942627, 0.0, -1.0, -1.0, 0.0, -32.04574966430664, 10.629664421081543, 0.0, 13.683029174804688, -40.304630279541016, 0.0, 1000, 1000, 1000, 1000, -0.11818933486938477, 9.849320411682129, 0.0, -2.710378646850586, 4.038078784942627, 9.145755767822266, 8.623123168945312, 0.0, 17.768878936767578, -10.186859130859375, 16.24178123474121, -0.0, 6.054922103881836)
(-7.139177322387695, 2.9168760776519775, 0.0, -1.0, -1.0, 0.0, -19.251855850219727, -6.912320613861084, 0.0, 49.11341857910156, -31.33500862121582, 0.0, 1000, 1000, 1000, 1000, -6.912027359008789, -1.9483280181884766, 0.0, -7.139177322387695, 2.9168760776519775, 13.673054695129395, 8.761918067932129, 0.0, 22.434972763061523, -4.884537696838379, 16.179574966430664, -0.0, 11.295037269592285)
(-6.424752235412598, 2.1663119792938232, 0.0, -1.0, -1.0, 0.0, 18.122190475463867, -8.988656044006348, 0.0, 43.39801788330078, -25.330495834350586, 0.0, 1000, 1000, 1000, 1000, -4.0286946296691895, -4.318188190460205, 0.0, -6.424752235412598, 2.1663119792938232, 5.0551652908325195, 8.859200477600098, 0.0, 13.914365768432617, -3.2683677673339844, 16.131383895874023, -0.0, 12.863015174865723)
(-3.913635015487671, 1.4474810361862183, 0.0, -1.0, -1.0, 0.0, 11.542037963867188, 5.14874792098999, 0.0, 23.309080123901367, -19.579849243164062, 0.0, 1000, 1000, 1000, 1000, -0.8039083480834961, -2.8276844024658203, 0.0, -3.913635015487671, 1.4474810361862183, 2.3534083366394043, 8.891305923461914, 0.0, 11.244714736938477, -4.9457197189331055, 16.09496307373047, -0.0, 11.14924430847168)
(-3.233365535736084, 2.5388195514678955, 0.0, -1.0, -1.0, 0.0, -1.0075801610946655, 11.530427932739258, 0.0, 17.866924285888672, -28.310556411743164, 0.0, 1000, 1000, 1000, 1000, -1.618654489517212, 0.9862256050109863, 0.0, -3.233365535736084, 2.5388195514678955, 3.7749009132385254, 8.923078536987305, 0.0, 12.697978973388672, -7.968196868896484, 16.027048110961914, -0.0, 8.05885124206543)
(-3.131720542907715, 2.7602741718292236, 0.0, -1.0, 0.0, 0.0, 2.6107404232025146, -10.698579788208008, 0.0, 17.05376434326172, -22.08219337463379, 0.0, 1000, 1000, 1000, 1000, -0.8888018131256104, 1.0430188179016113, 0.0, -3.131720542907715, 2.7602741718292236, 2.8886046409606934, 8.960423469543457, 0.0, 11.849028587341309, -2.2767226696014404, 15.959675788879395, -0.0, 13.682952880859375)
(-2.455029010772705, 0.6888347268104553, 0.0, -1.0, -1.0, 0.0, 6.809213638305664, -10.77491569519043, 0.0, 11.64023208618164, -13.510677337646484, 0.0, 1000, 1000, 1000, 1000, 0.6132856607437134, -1.8674564361572266, 0.0, -2.455029010772705, 0.6888347268104553, 0.9662036895751953, 8.98796272277832, 0.0, 9.954166412353516, -0.5471523404121399, 15.945342063903809, -0.0, 15.39819049835205)
(-0.8394336700439453, -0.7026540040969849, 0.0, -1.0, -1.0, 0.0, 10.16799259185791, -8.469572067260742, 0.0, -1.2845306396484375, -2.378767967224121, 0.0, 1000, 1000, 1000, 1000, 2.075303792953491, -3.5389485359191895, 0.0, -0.8394336700439453, -0.7026540040969849, -2.2905046939849854, 8.976924896240234, -0.0, 6.686420440673828, 1.21816086769104, 15.947327613830566, 0.0, 17.16548728942871)
(-0.4043363034725189, -1.2692787647247314, 0.0, -1.0, -1.0, 0.0, -7.0228471755981445, 4.38538932800293, 0.0, -4.7653093338012695, 2.1542301177978516, 0.0, 1000, 1000, 1000, 1000, 2.1502137184143066, -6.442203044891357, 0.0, -0.4043363034725189, -1.2692787647247314, 0.451507568359375, 8.962952613830566, 0.0, 9.414460182189941, -0.4462318420410156, 15.955109596252441, -0.0, 15.508877754211426)
(-1.5700031518936157, -1.4940744638442993, 0.0, -1.0, -1.0, 0.0, -5.770938873291016, -3.477205991744995, 0.0, 4.560025215148926, 3.9525957107543945, 0.0, 1000, 1000, 1000, 1000, 0.01406705379486084, -4.8930864334106445, 0.0, -1.5700031518936157, -1.4940744638442993, 2.066192865371704, 8.987428665161133, 0.0, 11.053621292114258, 1.4859603643417358, 15.964844703674316, 0.0, 17.4508056640625)
(-1.2565616369247437, -1.7535607814788818, 0.0, -1.0, -1.0, 0.0, 8.961885452270508, 3.3472213745117188, 0.0, 2.052493095397949, 6.028486251831055, 0.0, 1000, 1000, 1000, 1000, 0.8893697261810303, -4.1632466316223145, 0.0, -1.2565616369247437, -1.7535607814788818, -1.3818784952163696, 8.993996620178223, -0.0, 7.612118244171143, 0.5362529754638672, 15.977444648742676, 0.0, 16.513696670532227)
(-0.3187715411186218, -1.778352975845337, 0.0, -1.0, -1.0, 0.0, -1.832007646560669, -1.5077404975891113, 0.0, -5.449827671051025, 6.226823806762695, 0.0, 1000, 1000, 1000, 1000, 1.969606637954712, -5.577484130859375, 0.0, -0.3187715411186218, -1.778352975845337, -0.7235640287399292, 8.975401878356934, -0.0, 8.251837730407715, 1.5469129085540771, 15.986727714538574, 0.0, 17.533639907836914)
(-1.5565905570983887, -1.7048777341842651, 0.0, -1.0, -1.0, 0.0, -14.167885780334473, 1.4235572814941406, 0.0, 4.452724456787109, 5.639021873474121, 0.0, 1000, 1000, 1000, 1000, 0.5120199918746948, -4.555185317993164, 0.0, -1.5565905570983887, -1.7048777341842651, 3.7241218090057373, 8.99722957611084, 0.0, 12.721351623535156, 0.8430929183959961, 16.000368118286133, 0.0, 16.843460083007812)
(-3.021329164505005, -1.6420459747314453, 0.0, -1.0, -1.0, 0.0, -4.549564838409424, 0.4311908483505249, 0.0, 16.17063331604004, 5.1363677978515625, 0.0, 1000, 1000, 1000, 1000, -2.4416799545288086, -3.9169490337371826, 0.0, -3.021329164505005, -1.6420459747314453, 4.144039630889893, 9.04409408569336, 0.0, 13.18813419342041, 0.9410353899002075, 16.008052825927734, 0.0, 16.949087142944336)
(-2.481217622756958, -1.9997798204421997, 0.0, -1.0, -1.0, 0.0, 7.31303071975708, -0.8665190935134888, 0.0, 11.849740982055664, 7.998238563537598, 0.0, 1000, 1000, 1000, 1000, -1.0658440589904785, -5.153219223022461, 0.0, -2.481217622756958, -1.9997798204421997, 0.9073420763015747, 9.068144798278809, 0.0, 9.975486755371094, 1.7729514837265015, 16.024492263793945, 0.0, 17.797443389892578)
(-1.331670880317688, -2.595832109451294, 0.0, 0.0, -1.0, 0.0, 6.8702826499938965, -6.85125207901001, 0.0, 10.653367042541504, 12.766656875610352, 0.0, 1000, 1000, 1000, 1000, 0.27654922008514404, -5.569277763366699, 0.0, -1.331670880317688, -2.595832109451294, 0.7566168904304504, 9.06850814819336, 0.0, 9.825124740600586, 3.923581600189209, 16.05645751953125, 0.0, 19.980039596557617)
(-0.839717447757721, -3.6589455604553223, 0.0, -1.0, -1.0, 0.0, -0.351091593503952, 1.6830992698669434, 0.0, -1.2822604179382324, 21.271564483642578, 0.0, 1000, 1000, 1000, 1000, 1.2390975952148438, -8.463364601135254, 0.0, -0.839717447757721, -3.6589455604553223, -0.1862337589263916, 9.066208839416504, -0.0, 8.879975318908691, 3.9176928997039795, 16.106740951538086, 0.0, 20.024433135986328)
(-1.3648608922958374, -2.826484203338623, 0.0, -1.0, -1.0, 0.0, -9.05338191986084, 7.912106990814209, 0.0, 2.918887138366699, 14.611873626708984, 0.0, 1000, 1000, 1000, 1000, 0.6149309873580933, -6.64388370513916, 0.0, -1.3648608922958374, -2.826484203338623, 2.394453763961792, 9.075716972351074, 0.0, 11.470170974731445, 1.3399533033370972, 16.130468368530273, 0.0, 17.470420837402344)
(-2.186077833175659, -1.9545170068740845, 0.0, -1.0, 0.0, 0.0, -2.717503786087036, 3.6830992698669434, 0.0, 9.488622665405273, 15.636136054992676, 0.0, 1000, 1000, 1000, 1000, -1.212407112121582, -4.860403060913086, 0.0, -2.186077833175659, -1.9545170068740845, 2.441225290298462, 9.103781700134277, 0.0, 11.54500675201416, 2.3906073570251465, 16.13894271850586, 0.0, 18.529550552368164)
(-2.1691441535949707, -1.9201030731201172, 0.0, -1.0, -1.0, 0.0, 1.9695191383361816, 0.7212671637535095, 0.0, 9.353153228759766, 7.3608245849609375, 0.0, 1000, 1000, 1000, 1000, -1.0487921237945557, -5.535974979400635, 0.0, -2.1691441535949707, -1.9201030731201172, 1.476726770401001, 9.130024909973145, 0.0, 10.606751441955566, 1.3279114961624146, 16.154329299926758, 0.0, 17.482240676879883)
(-1.4215630292892456, -1.8768231868743896, 0.0, -1.0, -1.0, 0.0, 3.1145572662353516, -1.1260610818862915, 0.0, 3.372504234313965, 7.014585494995117, 0.0, 1000, 1000, 1000, 1000, 0.33156490325927734, -5.153046131134033, 0.0, -1.4215630292892456, -1.8768231868743896, 0.05158939212560654, 9.133593559265137, 0.0, 9.18518352508545, 1.6281293630599976, 16.166074752807617, 0.0, 17.79420280456543)
(-1.4409115314483643, -2.019953966140747, 0.0, -1.0, -1.0, 0.0, -3.4197938442230225, 2.629664182662964, 0.0, 3.527292251586914, 8.159631729125977, 0.0, 1000, 1000, 1000, 1000, 0.5742120742797852, -4.202841758728027, 0.0, -1.4409115314483643, -2.019953966140747, 1.389417290687561, 9.141592025756836, 0.0, 10.53100872039795, 1.1059935092926025, 16.18256950378418, 0.0, 17.288562774658203)
(-1.8095654249191284, -2.207118034362793, 0.0, -1.0, -1.0, 0.0, -1.1144503355026245, 0.3853892982006073, 0.0, 6.476523399353027, 9.656944274902344, 0.0, 1100, 1100, 1100, 1100, -0.554847002029419, -5.243238925933838, 0.0, -1.8095654249191284, -2.207118034362793, 1.5181947946548462, 9.164381980895996, 0.0, 10.682577133178711, 1.8543109893798828, 16.203676223754883, 0.0, 18.057987213134766)
(-1.738317608833313, -2.30735445022583, 0.0, -1.0, -1.0, 0.0, -0.27475571632385254, 4.400656700134277, 0.0, 5.906540870666504, 10.45883560180664, 0.0, 1100, 1100, 1100, 1100, 1.0719108581542969, -8.34896469116211, 0.0, -1.738317608833313, -2.30735445022583, 1.2362592220306396, 9.177507400512695, 0.0, 10.413765907287598, 1.2116358280181885, 16.223522186279297, 0.0, 17.435157775878906)
(-2.0308384895324707, -1.9088068008422852, 0.0, -1.0, -1.0, 0.0, -4.580099105834961, 4.232717514038086, 0.0, 8.246707916259766, 7.270454406738281, 0.0, 1100, 1100, 1100, 1100, -1.7050366401672363, -1.5664010047912598, 0.0, -2.0308384895324707, -1.9088068008422852, 2.565361499786377, 9.19679069519043, 0.0, 11.762151718139648, 0.607547402381897, 16.23204803466797, 0.0, 16.839595794677734)
(-2.3438642024993896, -1.1795834302902222, 0.0, 0.0, -1.0, 0.0, 1.313030481338501, 4.202183246612549, 0.0, 18.750913619995117, 1.4366674423217773, 0.0, 1100, 1100, 1100, 1100, -3.4484095573425293, -8.956955909729004, 0.0, -2.3438642024993896, -1.1795834302902222, 3.487576723098755, 9.2273588180542, 0.0, 12.714935302734375, -0.5531031489372253, 16.229164123535156, -0.0, 15.676061630249023)
(-1.9748731851577759, -0.973169207572937, 0.0, -1.0, -1.0, 0.0, 2.5496716499328613, 3.7441680431365967, 0.0, 7.798985481262207, -0.2146463394165039, 0.0, 1100, 1100, 1100, 1100, -3.95013427734375, -9.030561447143555, 0.0, -1.9748731851577759, -0.973169207572937, 1.0498627424240112, 9.242330551147461, 0.0, 10.292193412780762, -0.7917628884315491, 16.223758697509766, -0.0, 15.431995391845703)
(-2.5221827030181885, -0.3873085677623749, 0.0, -1.0, -1.0, 0.0, -6.580099105834961, 9.91210651397705, 0.0, 12.177461624145508, -4.901531219482422, 0.0, 1100, 1100, 1100, 1100, 4.351160049438477, -1.9516174793243408, 0.0, -2.5221827030181885, -0.3873085677623749, 3.751512050628662, 9.271743774414062, 0.0, 13.023256301879883, -2.9627275466918945, 16.208236694335938, -0.0, 13.245508193969727)
(-3.048781394958496, 0.05771205574274063, 0.0, -1.0, 0.0, 0.0, -1.3892595767974854, -6.19476318359375, 0.0, 16.39025115966797, -0.46169644594192505, 0.0, 1100, 1100, 1100, 1100, -7.739249229431152, 1.3698458671569824, 0.0, -3.048781394958496, 0.05771205574274063, 3.5559020042419434, 9.311481475830078, 0.0, 12.86738395690918, 1.146613359451294, 16.18552017211914, 0.0, 17.332134246826172)
(-3.3191821575164795, -0.34899407625198364, 0.0, -1.0, -1.0, 0.0, -1.9083435535430908, 0.3090534210205078, 0.0, 18.553457260131836, -5.208047389984131, 0.0, 1100, 1100, 1100, 1100, 2.014564037322998, -5.320409774780273, 0.0, -3.3191821575164795, -0.34899407625198364, 4.092360496520996, 9.35692024230957, 0.0, 13.449280738830566, -1.1034201383590698, 16.17779541015625, -0.0, 15.074374198913574)
(-3.2718162536621094, -1.096933126449585, 0.0, -1.0, -1.0, 0.0, 1.6031068563461304, -8.393237113952637, 0.0, 18.174530029296875, 0.7754650115966797, 0.0, 1100, 1100, 1152, 1100, -3.847179412841797, 1.7057867050170898, 0.0, -3.2718162536621094, -1.096933126449585, 3.314284563064575, 9.396191596984863, 0.0, 12.71047592163086, 1.833740472793579, 16.181360244750977, 0.0, 18.015100479125977)
(-2.7884202003479004, -1.6406694650650024, 0.0, -1.0, -1.0, 0.0, 0.2290610671043396, -2.7596487998962402, 0.0, 14.307361602783203, 5.1253557205200195, 0.0, 1100, 1100, 1115, 1100, -0.30240297317504883, 4.045255661010742, 0.0, -2.7884202003479004, -1.6406694650650024, 2.815659999847412, 9.425793647766113, 0.0, 12.241453170776367, 1.5770008563995361, 16.195409774780273, 0.0, 17.772411346435547)
(-2.485492706298828, -2.5539450645446777, 0.0, -1.0, -1.0, 0.0, -4.7785725593566895, 5.881572723388672, 0.0, 11.883941650390625, 12.431560516357422, 0.0, 1100, 1100, 1141, 1100, 10.633589744567871, -5.246828079223633, 0.0, -2.485492706298828, -2.5539450645446777, 3.332502841949463, 9.455753326416016, 0.0, 12.78825569152832, 1.30999755859375, 16.230995178222656, 0.0, 17.540992736816406)
(-2.704676866531372, -2.232569694519043, 0.0, -1.0, -1.0, 0.0, -2.656435012817383, -5.61461067199707, 0.0, 13.637414932250977, 9.860557556152344, 0.0, 1143, 1130, 1154, 1100, -11.039815902709961, 5.479708671569824, 0.0, -2.704676866531372, -2.232569694519043, 3.258769989013672, 9.487347602844238, 0.0, 12.74611759185791, 3.095033645629883, 16.24823760986328, 0.0, 19.343271255493164)
(-2.33317494392395, -2.2628204822540283, 0.0, -1.0, -1.0, 0.0, 5.694709777832031, 16.3701229095459, 0.0, 10.665399551391602, 10.102563858032227, 0.0, 1157, 1148, 1168, 1117, 3.7251925468444824, -9.445816040039062, 0.0, -2.33317494392395, -2.2628204822540283, 0.9941379427909851, 9.508504867553711, 0.0, 10.502642631530762, -1.2535117864608765, 16.266511917114258, -0.0, 15.012999534606934)
(-2.0999388694763184, -2.0016591548919678, 0.0, 0.0, -1.0, 0.0, -3.0533816814422607, -4.332168102264404, 0.0, 16.799510955810547, 8.013273239135742, 0.0, 1138, 1128, 1194, 1130, 2.9211502075195312, -8.17265510559082, 0.0, -2.0999388694763184, -2.0016591548919678, 3.97057843208313, 9.529088020324707, 0.0, 13.499666213989258, 2.469088315963745, 16.282997131347656, 0.0, 18.752084732055664)
(-2.117035388946533, -2.169712543487549, 0.0, -1.0, -1.0, 0.0, -1.6793358325958252, -0.5459083914756775, 0.0, 8.936283111572266, 9.35770034790039, 0.0, 1100, 1100, 1100, 1100, 2.1339142322540283, -6.037891864776611, 0.0, -2.117035388946533, -2.169712543487549, 2.1231236457824707, 9.550623893737793, 0.0, 11.673747062683105, 1.9807217121124268, 16.30108642578125, 0.0, 18.281808853149414)
(-2.521237850189209, -2.289700984954834, 0.0, -1.0, -1.0, 0.0, -7.862542152404785, -19.064992904663086, 0.0, 12.169902801513672, 10.317607879638672, 0.0, 1100, 1100, 1113, 1100, -4.872900485992432, -11.926647186279297, 0.0, -2.521237850189209, -2.289700984954834, 4.006488800048828, 9.578716278076172, 0.0, 13.585205078125, 5.876520156860352, 16.319503784179688, 0.0, 22.19602394104004)
(-2.9112091064453125, -2.9169015884399414, 0.0, -1.0, 0.0, 0.0, -0.8396412134170532, -1.3856030702590942, 0.0, 15.2896728515625, 23.33521270751953, 0.0, 1111, 1100, 1135, 1100, -7.91794490814209, -5.460196018218994, 0.0, -2.9112091064453125, -2.9169015884399414, 3.225862979888916, 9.615962982177734, 0.0, 12.841826438903809, 4.9441633224487305, 16.35639762878418, 0.0, 21.300559997558594)
(-2.713257074356079, -3.1399214267730713, 0.0, -1.0, -1.0, 0.0, 3.022954225540161, 6.7823357582092285, 0.0, 13.706056594848633, 17.11937141418457, 0.0, 1143, 1130, 1205, 1144, -4.44770622253418, -1.3874423503875732, 0.0, -2.713257074356079, -3.1399214267730713, 2.13662052154541, 9.646273612976074, 0.0, 11.782894134521484, 2.0674071311950684, 16.392065048217773, 0.0, 18.45947265625)
(-2.448892593383789, -2.754940986633301, 0.0, -1.0, -1.0, 0.0, -0.4732290208339691, 13.80523681640625, 0.0, 11.591140747070312, 14.039527893066406, 0.0, 1197, 1189, 1228, 1171, -6.5888166427612305, -4.954726219177246, 0.0, -2.448892593383789, -2.754940986633301, 2.4128739833831787, 9.670085906982422, 0.0, 12.082959175109863, 0.04685821384191513, 16.416919708251953, 0.0, 16.463777542114258)
(-1.960665225982666, -1.871559500694275, 0.0, -1.0, -1.0, 0.0, 4.2595953941345215, 12.38538932800293, 0.0, 7.685321807861328, 6.972476005554199, 0.0, 1213, 1203, 1285, 1234, 4.888030052185059, -5.4573211669921875, 0.0, -1.960665225982666, -1.871559500694275, 0.6851452589035034, 9.68371295928955, 0.0, 10.368858337402344, -1.082582712173462, 16.422266006469727, -0.0, 15.339683532714844)
(-1.7484391927719116, -1.1606383323669434, 0.0, -1.0, -1.0, 0.0, 5.60310697555542, -0.14896182715892792, 0.0, 5.987513542175293, 1.2851066589355469, 0.0, 1248, 1234, 1312, 1259, 9.38467788696289, -11.808610916137695, 0.0, -1.7484391927719116, -1.1606383323669434, 0.07688131183385849, 9.70169734954834, 0.0, 9.778578758239746, 0.2868136763572693, 16.423377990722656, 0.0, 16.71019172668457)
(-2.1114773750305176, -0.5953816175460815, 0.0, -1.0, -1.0, 0.0, -0.4732290208339691, 8.309053421020508, 0.0, 8.89181900024414, -3.2369470596313477, 0.0, 1339, 1334, 1340, 1289, -6.49371337890625, 2.872706413269043, 0.0, -2.1114773750305176, -0.5953816175460815, 1.8730096817016602, 9.723487854003906, 0.0, 11.596497535705566, -2.3092000484466553, 16.410490036010742, -0.0, 14.101290702819824)
(-1.5884194374084473, -0.39325976371765137, 0.0, -1.0, -1.0, 0.0, 9.221427917480469, -17.53827476501465, 0.0, 4.707355499267578, -4.853921890258789, 0.0, 1314, 1293, 1383, 1328, 9.019448280334473, -8.169578552246094, 0.0, -1.5884194374084473, -0.39325976371765137, -0.902814507484436, 9.734773635864258, -0.0, 8.83195972442627, 2.5368704795837402, 16.395265579223633, 0.0, 18.93213653564453)
(-0.8548581004142761, 0.5399755239486694, 0.0, 0.0, -1.0, 0.0, -5.144984722137451, 23.759435653686523, 0.0, 6.838864803314209, -12.319804191589355, 0.0, 1344, 1350, 1407, 1365, 21.01487922668457, 0.03182172775268555, 0.0, -0.8548581004142761, 0.5399755239486694, 2.3967700004577637, 9.729793548583984, 0.0, 12.12656307220459, -7.215847969055176, 16.367355346679688, -0.0, 9.151507377624512)
(-1.7455745935440063, -0.15005943179130554, 0.0, -1.0, -1.0, 0.0, 11.114557266235352, 3.225084066390991, 0.0, 5.964596748352051, -6.799524307250977, 0.0, 1342, 1330, 1420, 1374, -1.831928014755249, 13.361444473266602, 0.0, -1.7455745935440063, -0.15005943179130554, -1.0299921035766602, 9.751276016235352, -0.0, 8.721283912658691, -2.0049216747283936, 16.357412338256836, -0.0, 14.352490425109863)
(-1.3107796907424927, -0.07424720376729965, 0.0, -1.0, -1.0, 0.0, 6.595473289489746, 38.736534118652344, 0.0, 2.4862375259399414, -7.406022548675537, 0.0, 1376, 1380, 1379, 1347, -7.430785179138184, -8.783269882202148, 0.0, -1.3107796907424927, -0.07424720376729965, -0.821847140789032, 9.75497817993164, -0.0, 8.933131217956543, -9.228510856628418, 16.339954376220703, -0.0, 7.111443996429443)
(-1.3757504224777222, -0.2068507969379425, 0.0, -1.0, 0.0, 0.0, -8.366358757019043, -38.805450439453125, 0.0, 3.0060033798217773, 1.65480637550354, 0.0, 1383, 1358, 1433, 1360, -18.104421615600586, -9.018295288085938, 0.0, -1.3757504224777222, -0.2068507969379425, 2.27447247505188, 9.762267112731934, 0.0, 12.036739349365234, 8.09205150604248, 16.32743263244629, 0.0, 24.419483184814453)
(-1.761505126953125, 0.3165298104286194, 0.0, -1.0, -1.0, 0.0, -2.549564838409424, 14.049511909484863, 0.0, 6.092041015625, -10.532238006591797, 0.0, 1389, 1389, 1425, 1379, 6.085329532623291, 1.79258394241333, 0.0, -1.761505126953125, 0.3165298104286194, 1.7283210754394531, 9.78353500366211, 0.0, 11.511856079101562, -4.9163498878479, 16.2990779876709, -0.0, 11.382728576660156)
(-1.5542072057724, -0.023853003978729248, 0.0, -1.0, -1.0, 0.0, -5.603000164031982, -32.21002960205078, 0.0, 4.433657646179199, -7.809175968170166, 0.0, 1411, 1392, 1423, 1357, -1.0146923065185547, -7.9102463722229, 0.0, -1.5542072057724, -0.023853003978729248, 2.007331371307373, 9.79328441619873, 0.0, 11.800615310668945, 4.880170822143555, 16.279573440551758, 0.0, 21.159744262695312)
(-1.2763760089874268, -0.47223132848739624, 0.0, -1.0, -1.0, 0.0, -1.6640686988830566, -19.950489044189453, 0.0, 2.211008071899414, -4.22214937210083, 0.0, 1414, 1396, 1416, 1356, -12.811110496520996, -1.5575413703918457, 0.0, -1.2763760089874268, -0.47223132848739624, 0.7750153541564941, 9.796252250671387, 0.0, 10.571268081665039, 3.1456680297851562, 16.27251434326172, 0.0, 19.418182373046875)
(-1.277226209640503, -0.2088724821805954, 0.0, -1.0, -1.0, 0.0, 1.4962366819381714, 12.38538932800293, 0.0, 2.2178096771240234, -6.329020023345947, 0.0, 1371, 1365, 1443, 1399, -2.664597988128662, -2.6374707221984863, 0.0, -1.277226209640503, -0.2088724821805954, 0.14431460201740265, 9.806516647338867, 0.0, 9.950831413269043, -3.7428817749023438, 16.25876808166504, -0.0, 12.515886306762695)
(-0.9906021356582642, -0.0060073621571063995, 0.0, -1.0, -1.0, 0.0, -5.083916187286377, 11.347221374511719, 0.0, -0.07518291473388672, -7.951941013336182, 0.0, 1385, 1382, 1429, 1383, 0.20960593223571777, -13.955769538879395, 0.0, -0.9906021356582642, -0.0060073621571063995, 1.001746654510498, 9.80587100982666, 0.0, 10.8076171875, -3.859832286834717, 16.23634910583496, -0.0, 12.376516342163086)
(-0.6361687779426575, -0.04321102052927017, 0.0, -1.0, -1.0, 0.0, 4.687076568603516, -4.942854881286621, 0.0, -2.9106497764587402, -7.654311656951904, 0.0, 1363, 1348, 1457, 1409, 10.054300308227539, 0.2428450584411621, 0.0, -0.6361687779426575, -0.04321102052927017, -1.519545316696167, 9.798961639404297, -0.0, 8.27941608428955, -0.5422913432121277, 16.21885871887207, -0.0, 15.676567077636719)
(-0.9432539343833923, -0.08912251889705658, 0.0, -1.0, -1.0, 0.0, 0.3511984646320343, 12.96554183959961, 0.0, -0.45396852493286133, -7.287019729614258, 0.0, 1397, 1392, 1416, 1372, 0.8202124834060669, 5.51153564453125, 0.0, -0.9432539343833923, -0.08912251889705658, -0.16103339195251465, 9.802846908569336, -0.0, 9.641813278198242, -4.050512313842773, 16.207685470581055, -0.0, 12.157172203063965)
(-1.0184935331344604, -0.32456693053245544, 0.0, -1.0, -1.0, 0.0, -0.39689314365386963, -4.7138471603393555, 0.0, 0.1479482650756836, -5.403464317321777, 0.0, 1405, 1393, 1416, 1364, -7.485599517822266, -10.585148811340332, 0.0, -1.0184935331344604, -0.32456693053245544, 0.10896828025579453, 9.804896354675293, 0.0, 9.913864135742188, -0.1379234343767166, 16.192445755004883, -0.0, 16.054521560668945)
(-1.1753168106079102, -0.5369305610656738, 0.0, -1.0, -1.0, 0.0, -8.183152198791504, -19.93522071838379, 0.0, 1.4025344848632812, -3.7045555114746094, 0.0, 1412, 1396, 1416, 1354, -25.259260177612305, -15.328474044799805, 0.0, -1.1753168106079102, -0.5369305610656738, 1.9171373844146729, 9.807531356811523, 0.0, 11.724669456481934, 3.2461330890655518, 16.18389892578125, 0.0, 19.43003273010254)
(-1.727999210357666, -0.209598109126091, 0.0, -1.0, 0.0, 0.0, 3.450435161590576, -10.072626113891602, 0.0, 5.823993682861328, 1.676784873008728, 0.0, 1403, 1387, 1423, 1365, -11.043548583984375, -2.294584274291992, 0.0, -1.727999210357666, -0.209598109126091, 0.47471171617507935, 9.826305389404297, 0.0, 10.301016807556152, 2.349882125854492, 16.167112350463867, 0.0, 18.51699447631836)
(-1.3548671007156372, -0.5374619364738464, 0.0, -1.0, -1.0, 0.0, 2.4733359813690186, 18.415924072265625, 0.0, 2.8389368057250977, -3.7003045082092285, 0.0, 1383, 1379, 1430, 1386, 20.74515724182129, -13.9025239944458, 0.0, -1.3548671007156372, -0.5374619364738464, 0.07312016189098358, 9.833481788635254, 0.0, 9.906601905822754, -4.423245429992676, 16.159400939941406, -0.0, 11.736154556274414)
(-1.5334192514419556, -0.6178404092788696, 0.0, -1.0, -1.0, 0.0, 0.29012978076934814, -8.973389625549316, 0.0, 4.2673540115356445, -3.057276725769043, 0.0, 1396, 1382, 1428, 1372, 13.133498191833496, -4.215938091278076, 0.0, -1.5334192514419556, -0.6178404092788696, 0.7954448461532593, 9.84389877319336, 0.0, 10.639344215393066, 1.1832225322723389, 16.151636123657227, 0.0, 17.33485984802246)
(-1.3165968656539917, -0.6291516423225403, 0.0, -1.0, -1.0, 0.0, -7.694602966308594, 1.3777557611465454, 0.0, 2.5327749252319336, -2.9667868614196777, 0.0, 1417, 1410, 1404, 1350, -4.007523536682129, -1.7921257019042969, 0.0, -1.3165968656539917, -0.6291516423225403, 2.045475482940674, 9.849520683288574, 0.0, 11.89499568939209, -0.8689085245132446, 16.141403198242188, -0.0, 15.272494316101074)
(-0.9144909977912903, -0.6616693735122681, 0.0, -1.0, -1.0, 0.0, -4.549564838409424, 4.751801490783691, 0.0, -0.6840720176696777, -2.7066450119018555, 0.0, 1382, 1374, 1436, 1386, 6.5475592613220215, 14.915380477905273, 0.0, -0.9144909977912903, -0.6616693735122681, 0.7730985879898071, 9.850811004638672, 0.0, 10.623908996582031, -1.4916893243789673, 16.137514114379883, -0.0, 14.645824432373047)
(-1.1789239645004272, -0.5406080484390259, 0.0, -1.0, -1.0, 0.0, -3.1602518558502197, 30.217451095581055, 0.0, 1.431391716003418, -3.675135612487793, 0.0, 1376, 1379, 1432, 1392, 8.597101211547852, 3.5271148681640625, 0.0, -1.1789239645004272, -0.5406080484390259, 0.9183286428451538, 9.855813980102539, 0.0, 10.774142265319824, -6.778517246246338, 16.127197265625, -0.0, 9.34868049621582)
(-1.6715011596679688, -0.5218250751495361, 0.0, -1.0, -1.0, 0.0, -1.8625420331954956, 9.240350723266602, 0.0, 5.37200927734375, -3.825399398803711, 0.0, 1376, 1372, 1440, 1390, 3.6806392669677734, -13.765913009643555, 0.0, -1.6715011596679688, -0.5218250751495361, 1.4469102621078491, 9.874075889587402, 0.0, 11.320985794067383, -2.613150119781494, 16.11812400817871, -0.0, 13.504974365234375)
(-1.1709716320037842, -0.8514052033424377, 0.0, -1.0, -1.0, 0.0, 6.809213638305664, 12.828137397766113, 0.0, 1.3677730560302734, -1.188758373260498, 0.0, 1384, 1375, 1431, 1387, 6.422128200531006, -13.007036209106445, 0.0, -1.1709716320037842, -0.8514052033424377, -1.0882880687713623, 9.878125190734863, -0.0, 8.789836883544922, -2.8033790588378906, 16.117563247680664, -0.0, 13.31418514251709)
(-1.1710898876190186, -0.6659126281738281, 0.0, -1.0, -1.0, 0.0, -0.19841985404491425, 12.217450141906738, 0.0, 1.3687191009521484, -2.672698974609375, 0.0, 1393, 1387, 1422, 1375, 20.939729690551758, -13.549381256103516, 0.0, -1.1710898876190186, -0.6659126281738281, 0.31342777609825134, 9.883360862731934, 0.0, 10.196788787841797, -2.978029727935791, 16.10817527770996, -0.0, 13.130145072937012)
(-1.3565908670425415, -0.5155890583992004, 0.0, -1.0, -1.0, 0.0, -3.5571985244750977, -12.240565299987793, 0.0, 2.852726936340332, -3.8752875328063965, 0.0, 1400, 1386, 1425, 1367, 0.884506106376648, -10.728036880493164, 0.0, -1.3565908670425415, -0.5155890583992004, 1.2819850444793701, 9.890970230102539, 0.0, 11.172955513000488, 1.673055648803711, 16.097637176513672, 0.0, 17.770692825317383)
(-1.622961163520813, -1.095954179763794, 0.0, -1.0, 0.0, 0.0, -8.7633056640625, 9.667832374572754, 0.0, 4.983689308166504, 8.767633438110352, 0.0, 1414, 1408, 1407, 1349, -6.367955207824707, -5.4269232749938965, 0.0, -1.622961163520813, -1.095954179763794, 2.749398946762085, 9.900153160095215, 0.0, 12.649552345275879, -0.18003979325294495, 16.102663040161133, -0.0, 15.922623634338379)
(-7.613397121429443, -1.163339376449585, 0.0, -1.0, -1.0, 0.0, -78.15261840820312, -9.584075927734375, 0.0, 52.90717697143555, 1.3067150115966797, 0.0, 1322, 1358, 1503, 1394, -17.623075485229492, -7.82391357421875, 0.0, -7.613397121429443, -1.163339376449585, 26.211959838867188, 10.048211097717285, 0.0, 36.260169982910156, 2.1781582832336426, 16.105953216552734, 0.0, 18.28411102294922)
(-18.443227767944336, 0.4496450424194336, 0.0, -1.0, -1.0, 0.0, -64.51902770996094, 46.24798583984375, 0.0, 139.5458221435547, -11.597160339355469, 0.0, 1311, 1404, 1487, 1376, -29.066957473754883, 7.090804100036621, 0.0, -18.443227767944336, 0.4496450424194336, 40.81296920776367, 10.421687126159668, 0.0, 51.234657287597656, -11.569028854370117, 16.07196807861328, -0.0, 4.502939701080322)
(-23.549381256103516, 2.0464110374450684, 0.0, -1.0, -1.0, 0.0, -19.633533477783203, 25.9273738861084, 0.0, 180.39505004882812, -24.371288299560547, 0.0, 1372, 1462, 1431, 1317, -16.553688049316406, 6.167915344238281, 0.0, -23.549381256103516, 2.0464110374450684, 40.005714416503906, 10.845781326293945, 0.0, 50.851497650146484, -10.059732437133789, 16.004316329956055, -0.0, 5.944584846496582)
(-24.46135902404785, 2.005836248397827, 0.0, -1.0, -1.0, 0.0, -3.6640686988830566, -26.820716857910156, 0.0, 187.6908721923828, -24.046689987182617, 0.0, 1362, 1428, 1460, 1328, -41.58271026611328, 3.6760053634643555, 0.0, -24.46135902404785, 2.005836248397827, 38.27098846435547, 11.25013542175293, 0.0, 49.521121978759766, 0.5548053979873657, 15.95284652709961, 0.0, 16.507652282714844)
(-25.208824157714844, 1.2955365180969238, 0.0, -1.0, -1.0, 0.0, -4.244221210479736, -20.85125160217285, 0.0, 193.67059326171875, -18.36429214477539, 0.0, 1316, 1386, 1506, 1370, -31.480266571044922, -3.752995491027832, 0.0, -25.208824157714844, 1.2955365180969238, 39.58296203613281, 11.660113334655762, 0.0, 51.24307632446289, 0.49739187955856323, 15.918160438537598, 0.0, 16.415552139282227)
(-23.466306686401367, 1.4547642469406128, 0.0, -1.0, -1.0, 0.0, 20.091655731201172, -26.225297927856445, 0.0, 179.73045349121094, -19.63811492919922, 0.0, 1374, 1427, 1449, 1327, -34.58770751953125, -12.701592445373535, 0.0, -23.466306686401367, 1.4547642469406128, 31.927759170532227, 12.03024673461914, 0.0, 43.9580078125, 1.3174365758895874, 15.871162414550781, 0.0, 17.1885986328125)
(-22.579591751098633, 0.9744715690612793, 0.0, 0.0, -1.0, 0.0, -6.122084140777588, 16.84340476989746, 0.0, 180.63673400878906, -15.795772552490234, 0.0, 1328, 1409, 1479, 1361, -5.061716079711914, -3.9936814308166504, 0.0, -22.579591751098633, 0.9744715690612793, 37.35176467895508, 12.3846435546875, 0.0, 49.73640823364258, -6.527834892272949, 15.847274780273438, -0.0, 9.319439888000488)
(-23.412132263183594, 0.6374972462654114, 0.0, -1.0, -1.0, 0.0, -2.3205573558807373, 7.912106990814209, 0.0, 179.29705810546875, -13.099977493286133, 0.0, 1338, 1413, 1475, 1353, -10.022173881530762, -5.211101531982422, 0.0, -23.412132263183594, 0.6374972462654114, 36.323524475097656, 12.784161567687988, 0.0, 49.10768508911133, -4.202416896820068, 15.815253257751465, -0.0, 11.612835884094238)
(-23.14434814453125, 0.5141258835792542, 0.0, -1.0, -1.0, 0.0, -0.8396412134170532, -19.324533462524414, 0.0, 177.15478515625, -12.113006591796875, 0.0, 1339, 1403, 1484, 1352, -9.916653633117676, -17.70296859741211, 0.0, -23.14434814453125, 0.5141258835792542, 35.59888458251953, 13.155050277709961, 0.0, 48.753936767578125, 1.442305326461792, 15.784756660461426, 0.0, 17.227062225341797)
(-22.643766403198242, 0.833727240562439, 0.0, -1.0, 0.0, 0.0, 5.664175510406494, 3.5762290954589844, 0.0, 173.15013122558594, -6.669817924499512, 0.0, 1351, 1417, 1466, 1344, -31.52627944946289, 2.3743953704833984, 0.0, -22.643766403198242, 0.833727240562439, 33.4971923828125, 13.517000198364258, 0.0, 47.01419448852539, -2.0492093563079834, 15.753612518310547, -0.0, 13.704402923583984)
(-22.37848472595215, 0.9417590498924255, 0.0, -1.0, -1.0, 0.0, -0.39689314365386963, -9.12606143951416, 0.0, 171.0278778076172, -15.534072875976562, 0.0, 1335, 1403, 1483, 1358, -21.826475143432617, -2.0815038681030273, 0.0, -22.37848472595215, 0.9417590498924255, 34.28495407104492, 13.879196166992188, 0.0, 48.16415023803711, -1.2816022634506226, 15.719998359680176, -0.0, 14.438395500183105)
(-22.23241424560547, 1.0507420301437378, 0.0, -1.0, -1.0, 0.0, 3.282496213912964, 12.5838623046875, 0.0, 169.85931396484375, -16.40593719482422, 0.0, 1350, 1425, 1459, 1344, -32.32851791381836, 15.728080749511719, 0.0, -22.23241424560547, 1.0507420301437378, 33.31536102294922, 14.234505653381348, 0.0, 47.549869537353516, -5.797959804534912, 15.684460639953613, -0.0, 9.88650131225586)
(-22.48277473449707, 0.5841364860534668, 0.0, -1.0, -1.0, 0.0, -4.015213966369629, -20.01155662536621, 0.0, 171.86219787597656, -12.673091888427734, 0.0, 1356, 1421, 1469, 1336, -27.617704391479492, -2.1623857021331787, 0.0, -22.48277473449707, 0.5841364860534668, 35.17548370361328, 14.598530769348145, 0.0, 49.77401351928711, 1.4676929712295532, 15.656892776489258, 0.0, 17.12458610534668)
(-22.085594177246094, 0.7588111162185669, 0.0, -1.0, -1.0, 0.0, 3.0840229988098145, 4.064778804779053, 0.0, 168.68475341796875, -14.070488929748535, 0.0, 1345, 1417, 1468, 1348, -22.46354103088379, 4.417014122009277, 0.0, -22.085594177246094, 0.7588111162185669, 33.12014389038086, 14.951821327209473, 0.0, 48.071964263916016, -3.6270534992218018, 15.628925323486328, -0.0, 12.001872062683105)
(-22.104198455810547, 0.8905689120292664, 0.0, -1.0, -1.0, 0.0, 1.9084503650665283, -23.15659523010254, 0.0, 168.83358764648438, -15.124551773071289, 0.0, 1364, 1427, 1460, 1328, -45.08577346801758, -9.837175369262695, 0.0, -22.104198455810547, 0.8905689120292664, 33.38502883911133, 15.307024002075195, 0.0, 48.69205093383789, 1.606408715248108, 15.59490966796875, 0.0, 17.201318740844727)
(-21.884395599365234, 1.2091257572174072, 0.0, -1.0, -1.0, 0.0, 4.65654182434082, 9.683098793029785, 0.0, 167.07516479492188, -17.673006057739258, 0.0, 1312, 1389, 1497, 1380, 10.135261535644531, -17.508848190307617, 0.0, -21.884395599365234, 1.2091257572174072, 32.483726501464844, 15.659253120422363, 0.0, 48.14297866821289, -5.471220970153809, 15.552021026611328, -0.0, 10.08080005645752)
(-21.53702735900879, 1.1058776378631592, 0.0, 0.0, -1.0, 0.0, -2.977045774459839, -2.6833128929138184, 0.0, 172.2962188720703, -16.847021102905273, 0.0, 1346, 1422, 1469, 1341, -24.990480422973633, -13.527356147766113, 0.0, -21.53702735900879, 1.1058776378631592, 35.05465316772461, 16.004276275634766, 0.0, 51.058929443359375, -2.8327414989471436, 15.520614624023438, -0.0, 12.687872886657715)
(-22.190521240234375, 1.5511072874069214, 0.0, -1.0, -1.0, 0.0, -3.2671220302581787, 21.04187774658203, 0.0, 169.524169921875, -20.408859252929688, 0.0, 1342, 1430, 1461, 1345, -11.066448211669922, 10.623883247375488, 0.0, -22.190521240234375, 1.5511072874069214, 34.558258056640625, 16.36576271057129, 0.0, 50.92402267456055, -8.29014778137207, 15.476286888122559, -0.0, 7.186139106750488)
(-21.98392105102539, 0.8631006479263306, 0.0, -1.0, -1.0, 0.0, 6.4733357429504395, -14.851251602172852, 0.0, 167.87136840820312, -14.904805183410645, 0.0, 1374, 1441, 1446, 1317, -30.10677719116211, 7.253050804138184, 0.0, -21.98392105102539, 0.8631006479263306, 32.279605865478516, 16.73316192626953, 0.0, 49.01276779174805, -0.010710716247558594, 15.443497657775879, -0.0, 15.43278694152832)
(-21.231412887573242, 1.1908118724822998, 0.0, -1.0, 0.0, 0.0, 5.267229080200195, 10.049511909484863, 0.0, 161.85130310058594, -9.526494979858398, 0.0, 1368, 1442, 1444, 1325, -25.325258255004883, -4.613384246826172, 0.0, -21.231412887573242, 1.1908118724822998, 31.316814422607422, 17.065954208374023, 0.0, 48.38276672363281, -3.9152016639709473, 15.403210639953613, -0.0, 11.488009452819824)
(-20.337501525878906, 1.3573262691497803, 0.0, -1.0, -1.0, 0.0, 3.6947100162506104, 12.614397048950195, 0.0, 154.70001220703125, -18.858610153198242, 0.0, 1346, 1423, 1461, 1348, -21.06880760192871, -17.99691390991211, 0.0, -20.337501525878906, 1.3573262691497803, 30.201059341430664, 17.390644073486328, 0.0, 47.59170150756836, -6.2946014404296875, 15.36101245880127, -0.0, 9.066411018371582)
(-19.486635208129883, 1.2254741191864014, 0.0, -1.0, -1.0, 0.0, 7.526771068572998, -3.416137456893921, 0.0, 147.89308166503906, -17.80379295349121, 0.0, 1400, 1466, 1414, 1298, -32.712303161621094, -0.20249271392822266, 0.0, -19.486635208129883, 1.2254741191864014, 28.07326316833496, 17.696327209472656, 0.0, 45.76959228515625, -2.877531051635742, 15.320725440979004, -0.0, 12.443194389343262)
(-19.10615348815918, 0.7501599788665771, 0.0, -1.0, -1.0, 0.0, -4.595366477966309, -3.1718626022338867, 0.0, 144.84922790527344, -14.001279830932617, 0.0, 1350, 1419, 1467, 1345, -9.148204803466797, -6.178275108337402, 0.0, -19.10615348815918, 0.7501599788665771, 29.888919830322266, 17.997814178466797, 0.0, 47.88673400878906, -2.1658835411071777, 15.290160179138184, -0.0, 13.124276161193848)
(-17.930461883544922, 0.6045824289321899, 0.0, -1.0, -1.0, 0.0, 11.847381591796875, 3.515160322189331, 0.0, 135.44369506835938, -12.83665943145752, 0.0, 1384, 1446, 1429, 1319, -29.538042068481445, 7.883771896362305, 0.0, -17.930461883544922, 0.6045824289321899, 24.719263076782227, 18.277891159057617, 0.0, 42.997154235839844, -3.2703640460968018, 15.266487121582031, -0.0, 11.996123313903809)
(-16.181228637695312, 1.2300995588302612, 0.0, -1.0, -1.0, 0.0, 8.274862289428711, 14.309053421020508, 0.0, 121.4498291015625, -17.840797424316406, 0.0, 1369, 1434, 1438, 1338, -8.535346031188965, -1.0750291347503662, 0.0, -16.181228637695312, 1.2300995588302612, 22.634992599487305, 18.521451950073242, 0.0, 41.15644454956055, -6.429969787597656, 15.22250747680664, -0.0, 8.792537689208984)
(-14.21873950958252, 1.5017004013061523, 0.0, -1.0, -1.0, 0.0, 7.145091533660889, 1.0418778657913208, 0.0, 105.74991607666016, -20.01360321044922, 0.0, 1355, 1410, 1456, 1357, -24.58477210998535, 0.6804780960083008, 0.0, -14.21873950958252, 1.5017004013061523, 19.720966339111328, 18.73002052307129, 0.0, 38.45098876953125, -4.211096286773682, 15.175329208374023, -0.0, 10.964232444763184)
(-13.64743423461914, 1.556273341178894, 0.0, 0.0, -1.0, 0.0, 2.061122179031372, 5.942641258239746, 0.0, 109.17947387695312, -20.45018768310547, 0.0, 1344, 1405, 1465, 1364, -7.42629337310791, -16.328975677490234, 0.0, -13.64743423461914, 1.556273341178894, 21.42367172241211, 18.94310188293457, 0.0, 40.36677169799805, -5.278565883636475, 15.134807586669922, -0.0, 9.856242179870605)
(-11.672101974487305, 1.2752351760864258, 0.0, -1.0, -1.0, 0.0, 20.183259963989258, 0.23271755874156952, 0.0, 85.37681579589844, -18.201881408691406, 0.0, 1373, 1414, 1439, 1352, -7.941862106323242, -7.319552421569824, 0.0, -11.672101974487305, 1.2752351760864258, 13.038711547851562, 19.1127986907959, 0.0, 32.15150833129883, -3.686919689178467, 15.096369743347168, -0.0, 11.409449577331543)
(-8.899665832519531, 0.8744059205055237, 0.0, -1.0, -1.0, 0.0, 16.992420196533203, 9.91210651397705, 0.0, 63.19732666015625, -14.995246887207031, 0.0, 1392, 1429, 1417, 1340, -7.383679389953613, 2.5822291374206543, 0.0, -8.899665832519531, 0.8744059205055237, 9.240981101989746, 19.226709365844727, 0.0, 28.46769142150879, -4.981470584869385, 15.067760467529297, -0.0, 10.086289405822754)
(-6.5660014152526855, 2.5777182579040527, 0.0, -1.0, 0.0, 0.0, 19.69470977783203, 9.209816932678223, 0.0, 44.528011322021484, -20.621746063232422, 0.0, 1368, 1399, 1439, 1372, -3.843780994415283, 5.698884963989258, 0.0, -6.5660014152526855, 2.5777182579040527, 4.966660499572754, 19.307641983032227, 0.0, 24.274303436279297, -5.966312408447266, 14.99665355682373, -0.0, 9.030341148376465)
(-2.3851096630096436, 3.1805479526519775, 0.0, -1.0, -1.0, 0.0, 37.419898986816406, -7.7825493812561035, 0.0, 11.080877304077148, -33.44438171386719, 0.0, 1403, 1411, 1406, 1358, -14.7156982421875, -0.552067756652832, 0.0, -2.3851096630096436, 3.1805479526519775, -5.267804145812988, 19.310110092163086, -0.0, 14.042305946350098, -5.13236665725708, 14.918746948242188, -0.0, 9.786380767822266)
(0.17068035900592804, 3.127347707748413, 0.0, -1.0, -1.0, 0.0, 7.679442882537842, 9.499893188476562, 0.0, -9.365443229675293, -33.01878356933594, 0.0, 1387, 1406, 1415, 1370, -21.758380889892578, 1.4517512321472168, 0.0, 0.17068035900592804, 3.127347707748413, -3.4089770317077637, 19.26883888244629, -0.0, 15.859861373901367, -8.503735542297363, 14.84693717956543, -0.0, 6.343202114105225)
(1.480764627456665, 3.5354511737823486, 0.0, -1.0, -1.0, 0.0, 13.480969429016113, 1.1182137727737427, 0.0, -19.84611701965332, -36.283607482910156, 0.0, 1391, 1401, 1415, 1375, 10.981274604797363, 0.8845882415771484, 0.0, 1.480764627456665, 3.5354511737823486, -6.665417671203613, 19.22080421447754, -0.0, 12.555386543273926, -7.4803643226623535, 14.764945030212402, -0.0, 7.284580707550049)
(2.6485419273376465, 3.188021659851074, 0.0, -1.0, -1.0, 0.0, -2.8549084663391113, 5.774702072143555, 0.0, -29.188335418701172, -33.504173278808594, 0.0, 1409, 1423, 1394, 1352, 14.212807655334473, -3.3716366291046143, 0.0, 2.6485419273376465, 3.188021659851074, -5.266685485839844, 19.155536651611328, -0.0, 13.888851165771484, -7.855775356292725, 14.700315475463867, -0.0, 6.844540596008301)
(3.1178934574127197, 3.029981851577759, 0.0, -1.0, -1.0, 0.0, -2.01521372795105, -7.889420032501221, 0.0, -32.943145751953125, -32.23985290527344, 0.0, 1413, 1419, 1396, 1350, 0.6898709535598755, 6.949258804321289, 0.0, 3.1178934574127197, 3.029981851577759, -6.185586452484131, 19.08409881591797, -0.0, 12.898510932922363, -4.870086669921875, 14.630913734436035, -0.0, 9.76082706451416)
(2.261788845062256, 3.055027484893799, 0.0, -1.0, -1.0, 0.0, -1.8778091669082642, -0.1794961839914322, 0.0, -26.094310760498047, -32.44021987915039, 0.0, 1420, 1432, 1386, 1341, -13.296347618103027, -7.319938659667969, 0.0, 2.261788845062256, 3.055027484893799, -4.8433003425598145, 19.037187576293945, -0.0, 14.193887710571289, -6.452144622802734, 14.55936050415039, -0.0, 8.107215881347656)
(2.340613603591919, 3.2464804649353027, 0.0, 0.0, -1.0, 0.0, 0.3053969442844391, 11.683098793029785, 0.0, -18.72490882873535, -33.97184371948242, 0.0, 1403, 1423, 1396, 1355, 8.148140907287598, -5.369469165802002, 0.0, 2.340613603591919, 3.2464804649353027, -3.806061267852783, 18.98642349243164, -0.0, 15.180362701416016, -9.130988121032715, 14.488290786743164, -0.0, 5.357302188873291)
(3.0457959175109863, 3.2598769664764404, 0.0, -1.0, -1.0, 0.0, 4.213793754577637, -22.0726261138916, 0.0, -32.36636734008789, -34.079017639160156, 0.0, 1393, 1392, 1420, 1373, 5.285154342651367, -5.864073753356934, 0.0, 3.0457959175109863, 3.2598769664764404, -7.316032409667969, 18.914609909057617, -0.0, 11.598577499389648, -2.401278257369995, 14.411893844604492, -0.0, 12.010615348815918)
(3.3782799243927, 3.4675636291503906, 0.0, -1.0, -1.0, 0.0, 1.7252442836761475, -14.118427276611328, 0.0, -35.02623748779297, -35.740509033203125, 0.0, 1389, 1392, 1420, 1377, 8.050704956054688, -0.4511299133300781, 0.0, 3.3782799243927, 3.4675636291503906, -7.3502960205078125, 18.838441848754883, -0.0, 11.48814582824707, -4.324416160583496, 14.331677436828613, -0.0, 10.007261276245117)
(3.246410608291626, 4.2578911781311035, 0.0, -1.0, 0.0, 0.0, 3.3282976150512695, 3.011343479156494, 0.0, -33.971282958984375, -34.06312942504883, 0.0, 1333, 1342, 1469, 1433, 9.350391387939453, 1.3927206993103027, 0.0, 3.246410608291626, 4.2578911781311035, -7.459916114807129, 18.770811080932617, -0.0, 11.310895919799805, -7.414895057678223, 14.236689567565918, -0.0, 6.821794509887695)
(3.1258363723754883, 4.51524543762207, 0.0, -1.0, -1.0, 0.0, -4.19842004776001, 18.06477928161621, 0.0, -33.006690979003906, -44.12196350097656, 0.0, 1390, 1412, 1402, 1373, -4.1752424240112305, -14.930190086364746, 0.0, 3.1258363723754883, 4.51524543762207, -5.761654376983643, 18.709896087646484, -0.0, 12.9482421875, -12.437349319458008, 14.143150329589844, -0.0, 1.7058017253875732)
(3.8450980186462402, 5.170322418212891, 0.0, -1.0, -1.0, 0.0, 4.534404754638672, -7.309267044067383, 0.0, -38.76078414916992, -49.362579345703125, 0.0, 1389, 1397, 1411, 1380, -3.6227211952209473, 6.850563049316406, 0.0, 3.8450980186462402, 5.170322418212891, -8.659037590026855, 18.625823974609375, -0.0, 9.966785430908203, -8.410662651062012, 14.033056259155273, -0.0, 5.622393608093262)
(4.44282865524292, 5.206144332885742, 0.0, -1.0, -1.0, 0.0, -2.8091068267822266, 2.6143970489501953, 0.0, -43.54262924194336, -49.64915466308594, 0.0, 1366, 1380, 1432, 1404, 26.953601837158203, -14.005038261413574, 0.0, 4.44282865524292, 5.206144332885742, -8.146703720092773, 18.53001594543457, -0.0, 10.38331127166748, -10.452710151672363, 13.923829078674316, -0.0, 3.471118688583374)
(4.699772834777832, 5.84043550491333, 0.0, -1.0, -1.0, 0.0, 4.106923580169678, 4.522793769836426, 0.0, -45.598182678222656, -54.72348403930664, 0.0, 1370, 1383, 1423, 1402, -8.535726547241211, 13.728853225708008, 0.0, 4.699772834777832, 5.84043550491333, -9.941020965576172, 18.43741798400879, -0.0, 8.496397972106934, -11.849255561828613, 13.808205604553223, -0.0, 1.9589505195617676)
(4.5510358810424805, 5.900182723999023, 0.0, -1.0, -1.0, 0.0, -3.2823894023895264, -5.3245344161987305, 0.0, -44.408287048339844, -55.20146179199219, 0.0, 1374, 1387, 1420, 1392, 10.199615478515625, -4.246132850646973, 0.0, 4.5510358810424805, 5.900182723999023, -8.225179672241211, 18.347200393676758, -0.0, 10.122021675109863, -9.975385665893555, 13.68768310546875, -0.0, 3.7122979164123535)
(4.452511787414551, 5.70151948928833, 0.0, -1.0, -1.0, 0.0, -1.7251373529434204, -10.332167625427246, 0.0, -43.620094299316406, -53.61215591430664, 0.0, 1335, 1345, 1463, 1434, 38.013423919677734, 6.870527267456055, 0.0, 4.452511787414551, 5.70151948928833, -8.378992080688477, 18.258949279785156, -0.0, 9.879958152770996, -8.655997276306152, 13.572507858276367, -0.0, 4.916510581970215)
(3.85556960105896, 5.165548324584961, 0.0, -1.0, -1.0, 0.0, -2.4579617977142334, -1.6909465789794922, 0.0, -30.84455680847168, -49.32438659667969, 0.0, 1371, 1388, 1426, 1393, 17.210071563720703, -0.11677360534667969, 0.0, 3.85556960105896, 5.165548324584961, -5.677319049835205, 18.184768676757812, -0.0, 12.50744915008545, -9.526687622070312, 13.469901084899902, -0.0, 3.94321346282959)
(3.5401816368103027, 5.372334957122803, 0.0, -1.0, -1.0, 0.0, -6.595366477966309, 16.156381607055664, 0.0, -36.32145309448242, -50.97867965698242, 0.0, 1385, 1409, 1404, 1380, -4.582225322723389, 1.3160686492919922, 0.0, 3.5401816368103027, 5.372334957122803, -5.945217132568359, 18.111509323120117, -0.0, 12.166292190551758, -13.42701244354248, 13.358534812927246, -0.0, -0.06847808510065079)
(3.5424835681915283, 4.9264092445373535, 0.0, -1.0, -1.0, 0.0, -3.3434579372406006, 11.835770606994629, 0.0, -36.339866638183594, -47.41127395629883, 0.0, 1352, 1372, 1440, 1414, 28.481666564941406, -13.588296890258789, 0.0, 3.5424835681915283, 4.9264092445373535, -6.599282264709473, 18.037099838256836, -0.0, 11.437816619873047, -11.849409103393555, 13.260887145996094, -0.0, 1.4114784002304077)
(3.177311420440674, 4.717777729034424, 0.0, -1.0, 0.0, 0.0, -1.8778091669082642, -1.9199541807174683, 0.0, -33.41849136352539, -37.74222183227539, 0.0, 1377, 1389, 1424, 1388, 26.073415756225586, -8.786123275756836, 0.0, 3.177311420440674, 4.717777729034424, -6.308136463165283, 17.970165252685547, -0.0, 11.662028312683105, -7.164453983306885, 13.16771411895752, -0.0, 6.003260135650635)
(3.614779233932495, 5.002508163452148, 0.0, -1.0, -1.0, 0.0, 4.106923580169678, -2.3169007301330566, 0.0, -36.918235778808594, -48.02006530761719, 0.0, 1393, 1405, 1401, 1374, -12.089749336242676, -1.2438328266143799, 0.0, 3.614779233932495, 5.002508163452148, -8.205031394958496, 17.897388458251953, -0.0, 9.69235610961914, -9.140632629394531, 13.065206527709961, -0.0, 3.924574375152588)
(3.940511465072632, 4.795424461364746, 0.0, -1.0, -1.0, 0.0, -2.122083902359009, 13.240350723266602, 0.0, -39.52409362792969, -46.36339569091797, 0.0, 1358, 1376, 1431, 1409, 16.147790908813477, 10.83189582824707, 0.0, 3.940511465072632, 4.795424461364746, -7.480401515960693, 17.812824249267578, -0.0, 10.332422256469727, -11.920748710632324, 12.967175483703613, -0.0, 1.0464270114898682)
(4.158717155456543, 4.259892463684082, 0.0, -1.0, -1.0, 0.0, 0.13745801150798798, 6.3243207931518555, 0.0, -41.269737243652344, -42.079139709472656, 0.0, 1377, 1389, 1419, 1393, 21.349096298217773, 2.925574779510498, 0.0, 4.158717155456543, 4.259892463684082, -8.281438827514648, 17.726642608642578, -0.0, 9.445202827453613, -9.680692672729492, 12.87944507598877, -0.0, 3.1987531185150146)
(4.059007167816162, 3.664228677749634, 0.0, -1.0, -1.0, 0.0, 0.3817328214645386, -9.217663764953613, 0.0, -40.4720573425293, -37.31382751464844, 0.0, 1414, 1418, 1389, 1356, -20.484233856201172, 3.7231531143188477, 0.0, 4.059007167816162, 3.664228677749634, -8.170758247375488, 17.64798927307129, -0.0, 9.4772310256958, -5.619233131408691, 12.805743217468262, -0.0, 7.18651008605957)
(4.163552284240723, 3.2488529682159424, 0.0, -1.0, -1.0, 0.0, 4.534404754638672, -10.897053718566895, 0.0, -41.30841827392578, -33.990821838378906, 0.0, 1342, 1342, 1464, 1431, 20.168230056762695, 9.316656112670898, 0.0, 4.163552284240723, 3.2488529682159424, -9.168564796447754, 17.563255310058594, -0.0, 8.39469051361084, -4.618753910064697, 12.733963012695312, -0.0, 8.115208625793457)
(4.200358867645264, 2.6146304607391357, 0.0, -1.0, -1.0, 0.0, -10.778572082519531, 3.3472213745117188, 0.0, -41.60287094116211, -28.917043685913086, 0.0, 1379, 1389, 1421, 1386, 35.37687301635742, -24.1440372467041, 0.0, 4.200358867645264, 2.6146304607391357, -6.164859771728516, 17.47660255432129, -0.0, 11.311742782592773, -6.452853202819824, 12.674680709838867, -0.0, 6.221827030181885)
(3.2780895233154297, 2.9662058353424072, 0.0, 0.0, -1.0, 0.0, -17.770938873291016, 35.10294723510742, 0.0, -26.224716186523438, -31.729646682739258, 0.0, 1349, 1382, 1438, 1408, 41.60945129394531, -17.236486434936523, 0.0, 3.2780895233154297, 2.9662058353424072, -1.6907554864883423, 17.412071228027344, -0.0, 15.721314430236816, -13.3665189743042, 12.60838508605957, -0.0, -0.7581338286399841)
(1.4882549047470093, 3.147068738937378, 0.0, -1.0, -1.0, 0.0, -13.465595245361328, -2.057358741760254, 0.0, -19.90604019165039, -33.176551818847656, 0.0, 1428, 1448, 1372, 1327, -22.931203842163086, 3.109689712524414, 0.0, 1.4882549047470093, 3.147068738937378, -1.2880890369415283, 17.385210037231445, -0.0, 16.097122192382812, -6.223838806152344, 12.533564567565918, -0.0, 6.309725761413574)
(0.7029597759246826, 3.3862831592559814, 0.0, -1.0, -1.0, 0.0, -2.9617786407470703, 9.316686630249023, 0.0, -13.623678207397461, -35.09026336669922, 0.0, 1376, 1399, 1419, 1381, 14.556056022644043, -11.950664520263672, 0.0, 0.7029597759246826, 3.3862831592559814, -2.1323800086975098, 17.364582061767578, -0.0, 15.23220157623291, -8.881390571594238, 12.454490661621094, -0.0, 3.5731003284454346)
(0.26838138699531555, 3.2281453609466553, 0.0, -1.0, 0.0, 0.0, -1.8014732599258423, -10.683313369750977, 0.0, -10.147050857543945, -25.825162887573242, 0.0, 1370, 1383, 1435, 1385, 8.357297897338867, 9.059224128723145, 0.0, 0.26838138699531555, 3.2281453609466553, -1.669115424156189, 17.348108291625977, -0.0, 15.67899227142334, -3.028369903564453, 12.384156227111816, -0.0, 9.355786323547363)
(0.31139636039733887, 2.820070266723633, 0.0, -1.0, -1.0, 0.0, 10.442801475524902, -0.5611755847930908, 0.0, -10.491170883178711, -30.560562133789062, 0.0, 1399, 1412, 1401, 1362, -11.60735034942627, 6.141293525695801, 0.0, 0.31139636039733887, 2.820070266723633, -4.186794281005859, 17.33120346069336, -0.0, 13.1444091796875, -5.999876976013184, 12.32166862487793, -0.0, 6.321791648864746)
(1.0756216049194336, 3.1722300052642822, 0.0, -1.0, -1.0, 0.0, 7.3282976150512695, 6.751801490783691, 0.0, -16.60497283935547, -33.377838134765625, 0.0, 1379, 1396, 1416, 1383, -10.643393516540527, 16.906227111816406, 0.0, 1.0756216049194336, 3.1722300052642822, -4.786653995513916, 17.29096794128418, -0.0, 12.504314422607422, -8.025927543640137, 12.24690055847168, -0.0, 4.220972537994385)
(0.9130436778068542, 2.7162113189697266, 0.0, -1.0, -1.0, 0.0, -10.778572082519531, -7.202396869659424, 0.0, -15.304349899291992, -29.729690551757812, 0.0, 1406, 1423, 1398, 1350, 12.767756462097168, -0.45238685607910156, 0.0, 0.9130436778068542, 2.7162113189697266, -0.9051555395126343, 17.258628845214844, -0.0, 16.353471755981445, -4.505458831787109, 12.185482025146484, -0.0, 7.680023193359375)
(0.7554464936256409, 3.02970814704895, 0.0, -1.0, -1.0, 0.0, 2.564939022064209, 18.278518676757812, 0.0, -14.043571472167969, -32.23766326904297, 0.0, 1358, 1382, 1433, 1401, -22.594905853271484, 4.829192161560059, 0.0, 0.7554464936256409, 3.02970814704895, -3.321702241897583, 17.235374450683594, -0.0, 13.913673400878906, -10.103236198425293, 12.119568824768066, -0.0, 2.0163323879241943)
(1.1146658658981323, 2.751772403717041, 0.0, -1.0, -1.0, 0.0, 4.244328022003174, -5.538274765014648, 0.0, -16.917327880859375, -30.014179229736328, 0.0, 1394, 1406, 1407, 1367, -2.545335292816162, 11.531124114990234, 0.0, 1.1146658658981323, 2.751772403717041, -4.232331275939941, 17.197479248046875, -0.0, 12.96514892578125, -4.895180702209473, 12.054322242736816, -0.0, 7.1591410636901855)
(1.3416434526443481, 2.5712878704071045, 0.0, -1.0, -1.0, 0.0, 1.9084503650665283, 29.530427932739258, 0.0, -18.73314666748047, -28.570302963256836, 0.0, 1326, 1351, 1462, 1435, 44.78727340698242, -30.236549377441406, 0.0, 1.3416434526443481, 2.5712878704071045, -4.12831974029541, 17.159591674804688, -0.0, 13.031271934509277, -11.620145797729492, 11.993535995483398, -0.0, 0.37339019775390625)
(1.4803544282913208, 1.9927761554718018, 0.0, 0.0, -1.0, 0.0, 1.8321144580841064, -9.690946578979492, 0.0, -11.842835426330566, -23.942209243774414, 0.0, 1424, 1434, 1382, 1335, -24.636030197143555, 1.7703075408935547, 0.0, 1.4803544282913208, 1.9927761554718018, -2.734989881515503, 17.11985206604004, -0.0, 14.384861946105957, -2.850252628326416, 11.949795722961426, -0.0, 9.099543571472168)
(1.4487930536270142, 1.6761902570724487, 0.0, -1.0, -1.0, 0.0, -3.373992443084717, 2.736534357070923, 0.0, -19.590343475341797, -21.409523010253906, 0.0, 1337, 1351, 1464, 1422, 15.107439994812012, -10.72519302368164, 0.0, 1.4487930536270142, 1.6761902570724487, -3.2432701587677, 17.084009170532227, -0.0, 13.840739250183105, -4.829211235046387, 11.905805587768555, -0.0, 7.076594352722168)
(1.5818345546722412, 1.8135395050048828, 0.0, -1.0, -1.0, 0.0, 3.923717498779297, 2.1105802059173584, 0.0, -20.65467643737793, -22.508316040039062, 0.0, 1407, 1417, 1394, 1356, 11.351011276245117, -3.3927760124206543, 0.0, 1.5818345546722412, 1.8135395050048828, -4.915678977966309, 17.0407772064209, -0.0, 12.125097274780273, -4.923779487609863, 11.856124877929688, -0.0, 6.932345390319824)
(1.7738773822784424, 1.5507625341415405, 0.0, -1.0, 0.0, 0.0, -1.6793358325958252, 13.820504188537598, 0.0, -22.19101905822754, -12.406100273132324, 0.0, 1371, 1384, 1429, 1390, -7.165035247802734, -11.816475868225098, 0.0, 1.7738773822784424, 1.5507625341415405, -4.102336406707764, 16.99275779724121, -0.0, 12.890420913696289, -5.245320796966553, 11.813340187072754, -0.0, 6.568019390106201)
(2.0924479961395264, 1.6520105600357056, 0.0, -1.0, -1.0, 0.0, 1.4809694290161133, 12.690732955932617, 0.0, -24.73958396911621, -21.216083526611328, 0.0, 1370, 1383, 1427, 1394, 22.7689151763916, 5.462470054626465, 0.0, 2.0924479961395264, 1.6520105600357056, -5.244111061096191, 16.94156837463379, -0.0, 11.697457313537598, -6.781363010406494, 11.769794464111328, -0.0, 4.988431453704834)
(2.0893516540527344, 1.500157356262207, 0.0, -1.0, -1.0, 0.0, 2.2595953941345215, -4.75964879989624, 0.0, -24.714813232421875, -20.001258850097656, 0.0, 1378, 1384, 1422, 1382, -13.867948532104492, 3.671797752380371, 0.0, 2.0893516540527344, 1.500157356262207, -5.394881725311279, 16.89031219482422, -0.0, 11.495429039001465, -3.0483219623565674, 11.725743293762207, -0.0, 8.677421569824219)
(1.9631378650665283, 1.1597061157226562, 0.0, -1.0, -1.0, 0.0, -5.160252094268799, -6.6069769859313965, 0.0, -23.705102920532227, -17.27764892578125, 0.0, 1381, 1388, 1425, 1380, 16.119665145874023, -7.133757591247559, 0.0, 1.9631378650665283, 1.1597061157226562, -3.708970308303833, 16.843229293823242, -0.0, 13.134259223937988, -2.134134292602539, 11.687166213989258, -0.0, 9.553031921386719)
(2.246483564376831, 0.6950754523277283, 0.0, -1.0, -1.0, 0.0, 8.793946266174316, -23.568809509277344, 0.0, -25.97186851501465, -13.560604095458984, 0.0, 1363, 1355, 1449, 1402, -11.708833694458008, -1.2495567798614502, 0.0, 2.246483564376831, 0.6950754523277283, -6.953163146972656, 16.79376983642578, -0.0, 9.840607643127441, 2.001641035079956, 11.663875579833984, 0.0, 13.665515899658203)
(2.7270116806030273, 0.7875491976737976, 0.0, -1.0, -1.0, 0.0, -0.9617786407470703, 4.492259502410889, 0.0, -29.81609344482422, -14.300394058227539, 0.0, 1362, 1368, 1439, 1401, 16.954402923583984, -24.788419723510742, 0.0, 2.7270116806030273, 0.7875491976737976, -5.770863056182861, 16.729032516479492, -0.0, 10.958168983459473, -3.758530855178833, 11.629363059997559, -0.0, 7.870832443237305)
(3.397716999053955, 0.9007775187492371, 0.0, -1.0, -1.0, 0.0, 11.87791633605957, -14.072626113891602, 0.0, -35.18173599243164, -15.206220626831055, 0.0, 1391, 1382, 1417, 1380, -6.938393592834473, 8.862957000732422, 0.0, 3.397716999053955, 0.9007775187492371, -9.411931037902832, 16.65204620361328, -0.0, 7.240116119384766, -0.22671890258789062, 11.594426155090332, -0.0, 11.367707252502441)
(2.877239465713501, 0.8181771039962769, 0.0, 0.0, -1.0, 0.0, -13.54193115234375, -12.958122253417969, 0.0, -23.017915725708008, -14.545416831970215, 0.0, 1379, 1386, 1429, 1377, 12.051032066345215, 0.012676715850830078, 0.0, 2.877239465713501, 0.8181771039962769, -1.8951969146728516, 16.593992233276367, -0.0, 14.6987943649292, -0.3174589276313782, 11.56212043762207, -0.0, 11.244661331176758)
(2.548508405685425, 0.44652053713798523, 0.0, -1.0, -1.0, 0.0, 9.938984870910645, -8.118427276611328, 0.0, -28.3880672454834, -11.572164535522461, 0.0, 1389, 1385, 1418, 1379, -11.862765312194824, 15.025959014892578, 0.0, 2.548508405685425, 0.44652053713798523, -7.66541051864624, 16.53966522216797, -0.0, 8.874255180358887, -0.6907474398612976, 11.538177490234375, -0.0, 10.847430229187012)
(2.590996265411377, 0.22493304312229156, 0.0, -1.0, -1.0, 0.0, -12.70223617553711, 1.1487480401992798, 0.0, -28.727970123291016, -9.799464225769043, 0.0, 1185, 1193, 1243, 1198, 17.872379302978516, -11.203800201416016, 0.0, 2.590996265411377, 0.22493304312229156, -3.2051467895507812, 16.479413986206055, -0.0, 13.274266242980957, -2.1896424293518066, 11.515456199645996, -0.0, 9.325813293457031)
(1.3008323907852173, -0.8448481559753418, 0.0, -1.0, 0.0, 0.0, -33.03811264038086, -42.744380950927734, 0.0, -18.406658172607422, 6.758785247802734, 0.0, 1000, 1000, 1000, 1000, 18.033403396606445, 1.9703617095947266, 0.0, 1.3008323907852173, -0.8448481559753418, 2.926290988922119, 16.44866180419922, 0.0, 19.37495231628418, 9.900632858276367, 11.512348175048828, 0.0, 21.412981033325195)
(-3.9723703861236572, -5.546732425689697, 0.0, -1.0, -1.0, 0.0, -37.648799896240234, -39.27873229980469, 0.0, 23.778963088989258, 36.37385940551758, 0.0, 1000, 1000, 1000, 1000, 0.22711718082427979, -13.939786911010742, 0.0, -3.9723703861236572, -5.546732425689697, 12.285552978515625, 16.537508010864258, 0.0, 28.823060989379883, 15.130517959594727, 11.617859840393066, 0.0, 26.748376846313477)
(-6.299006938934326, -7.401217460632324, 0.0, -1.0, -1.0, 0.0, 13.52677059173584, 21.62203025817871, 0.0, 42.39205551147461, 51.209739685058594, 0.0, 1000, 1000, 1000, 1000, -10.024640083312988, -13.632108688354492, 0.0, -6.299006938934326, -7.401217460632324, 5.773056983947754, 16.650306701660156, 0.0, 22.423364639282227, 5.917541980743408, 11.745699882507324, 0.0, 17.663240432739258)
(-2.894674301147461, -5.521609783172607, 0.0, -1.0, -1.0, 0.0, 31.35883140563965, 5.347221374511719, 0.0, 15.157394409179688, 36.17287826538086, 0.0, 1000, 1000, 1000, 1000, -1.0876648426055908, -12.047351837158203, 0.0, -2.894674301147461, -5.521609783172607, -3.2402873039245605, 16.660873413085938, -0.0, 13.420585632324219, 6.165131568908691, 11.804031372070312, 0.0, 17.969161987304688)
(1.388757586479187, -4.476194858551025, 0.0, -1.0, -1.0, 0.0, 20.64127540588379, 0.6907328367233276, 0.0, -19.110061645507812, 27.809558868408203, 0.0, 1000, 1000, 1000, 1000, 1.9686516523361206, -4.294643878936768, 0.0, 1.388757586479187, -4.476194858551025, -7.9502668380737305, 16.59391212463379, -0.0, 8.643646240234375, 5.423765182495117, 11.856719017028809, 0.0, 17.280485153198242)
(2.8239355087280273, -4.733356952667236, 0.0, -1.0, -1.0, 0.0, 0.2748625874519348, 4.476992130279541, 0.0, -30.59148406982422, 29.86685562133789, 0.0, 1000, 1000, 1000, 1000, 4.076803684234619, -6.393851280212402, 0.0, 2.8239355087280273, -4.733356952667236, -6.173269271850586, 16.517066955566406, -0.0, 10.34379768371582, 5.077972888946533, 11.91970443725586, 0.0, 16.997676849365234)
(1.4262471199035645, -3.7390329837799072, 0.0, -1.0, -1.0, 0.0, -18.1068172454834, 8.614397048950195, 0.0, -19.409976959228516, 21.912263870239258, 0.0, 1000, 1000, 1000, 1000, 3.1389098167419434, -8.714905738830566, 0.0, 1.4262471199035645, -3.7390329837799072, -0.2606319487094879, 16.481252670288086, -0.0, 16.220619201660156, 2.6595733165740967, 11.958391189575195, 0.0, 14.617964744567871)
(-0.7652345895767212, -1.9923813343048096, 0.0, 0.0, -1.0, 0.0, -8.320557594299316, 13.835770606994629, 0.0, 6.1218767166137695, 7.939050674438477, 0.0, 1000, 1000, 1000, 1000, -1.0494565963745117, -4.218825340270996, 0.0, -0.7652345895767212, -1.9923813343048096, 2.888486862182617, 16.49663543701172, 0.0, 19.385122299194336, -1.1793439388275146, 11.967084884643555, -0.0, 10.787740707397461)
(-0.7109572291374207, -1.046095609664917, 0.0, -1.0, -1.0, 0.0, 4.626007556915283, 0.9960763454437256, 0.0, -2.3123421669006348, 0.36876487731933594, 0.0, 1000, 1000, 1000, 1000, -1.6163959503173828, -3.146737575531006, 0.0, -0.7109572291374207, -1.046095609664917, -1.3876699209213257, 16.496109008789062, -0.0, 15.108439445495605, -0.12546229362487793, 11.957252502441406, -0.0, 11.83178997039795)
(-0.41433942317962646, -1.4137436151504517, 0.0, -1.0, -1.0, 0.0, -0.8549084067344666, -2.2405648231506348, 0.0, -4.685284614562988, 3.3099489212036133, 0.0, 1000, 1000, 1000, 1000, -0.18747377395629883, -4.819011211395264, 0.0, -0.41433942317962646, -1.4137436151504517, -0.7660752534866333, 16.482603073120117, -0.0, 15.716527938842773, 1.1101027727127075, 11.964761734008789, 0.0, 13.074864387512207)
(-0.7770183086395264, -1.78274667263031, 0.0, -1.0, 0.0, 0.0, -1.6793358325958252, 1.0266107320785522, 0.0, -1.783853530883789, 14.26197338104248, 0.0, 1000, 1000, 1000, 1000, 0.12518799304962158, -4.561609745025635, 0.0, -0.7770183086395264, -1.78274667263031, -0.020903538912534714, 16.481847763061523, -0.0, 16.4609432220459, 2.6470725536346436, 11.980443000793457, 0.0, 14.62751579284668)
(-0.758017897605896, -1.5660068988800049, 0.0, -1.0, -1.0, 0.0, -1.63353431224823, 3.62203049659729, 0.0, -1.935856819152832, 4.528055191040039, 0.0, 1000, 1000, 1000, 1000, -0.6559686660766602, -3.21444034576416, 0.0, -0.758017897605896, -1.5660068988800049, -0.06046450138092041, 16.482492446899414, -0.0, 16.422029495239258, 0.18120494484901428, 11.990419387817383, 0.0, 12.171624183654785)
(-1.5182783603668213, -1.015437126159668, 0.0, -1.0, -1.0, 0.0, -7.007580280303955, 6.263251781463623, 0.0, 4.14622688293457, 0.12349700927734375, 0.0, 1000, 1000, 1000, 1000, -1.1085553169250488, -2.764819383621216, 0.0, -1.5182783603668213, -1.015437126159668, 2.2307612895965576, 16.495742797851562, 0.0, 18.726503372192383, -1.227950930595398, 11.985591888427734, -0.0, 10.757641792297363)
(-2.0084285736083984, -0.1249568983912468, 0.0, -1.0, -1.0, 0.0, -0.48849618434906006, 8.690732955932617, 0.0, 8.067428588867188, -7.000344753265381, 0.0, 1000, 1000, 1000, 1000, -1.8109376430511475, -2.723811149597168, 0.0, -2.0084285736083984, -0.1249568983912468, 1.7111848592758179, 16.51781463623047, 0.0, 18.229000091552734, -3.1382155418395996, 11.963021278381348, -0.0, 8.82480525970459)
(-1.962152123451233, 0.7008358240127563, 0.0, -1.0, -1.0, 0.0, 0.33593130111694336, 3.591496229171753, 0.0, 7.697216987609863, -13.60668659210205, 0.0, 1000, 1000, 1000, 1000, -0.4242985248565674, -1.229011058807373, 0.0, -1.962152123451233, 0.7008358240127563, 1.472257137298584, 16.53714370727539, 0.0, 18.0093994140625, -3.439636707305908, 11.928336143493652, -0.0, 8.488699913024902)
(-1.6376218795776367, 1.1264209747314453, 0.0, -1.0, -1.0, 0.0, -1.3434580564498901, 0.6449313163757324, 0.0, 5.100975036621094, -17.011367797851562, 0.0, 1000, 1000, 1000, 1000, 1.0385310649871826, -0.9493460655212402, 0.0, -1.6376218795776367, 1.1264209747314453, 1.2888866662979126, 16.547576904296875, 0.0, 17.836462020874023, -3.5312600135803223, 11.888077735900879, -0.0, 8.356818199157715)
(-2.7134225368499756, 1.2355387210845947, 0.0, -1.0, -1.0, 0.0, -7.755671977996826, 4.965541839599609, 0.0, 13.707380294799805, -17.884309768676758, 0.0, 1000, 1000, 1000, 1000, -1.4233789443969727, -1.0286893844604492, 0.0, -2.7134225368499756, 1.2355387210845947, 4.2926106452941895, 16.583621978759766, 0.0, 20.876232147216797, -4.56997013092041, 11.849333763122559, -0.0, 7.27936315536499)
(-2.1619033813476562, 1.8622846603393555, 0.0, 0.0, -1.0, 0.0, 14.83974838256836, 3.0266106128692627, 0.0, 17.29522705078125, -22.898277282714844, 0.0, 1000, 1000, 1000, 1000, -3.469362735748291, 3.4320173263549805, 0.0, -2.1619033813476562, 1.8622846603393555, 0.49109572172164917, 16.606754302978516, 0.0, 17.097850799560547, -5.1849775314331055, 11.800454139709473, -0.0, 6.615476608276367)
(-0.22435522079467773, 0.5610925555229187, 0.0, -1.0, -1.0, 0.0, 7.450435161590576, -18.148962020874023, 0.0, -6.205158233642578, -12.488740921020508, 0.0, 1000, 1000, 1000, 1000, -4.957838535308838, -0.5393028259277344, 0.0, -0.22435522079467773, 0.5610925555229187, -2.731118679046631, 16.580402374267578, -0.0, 13.849283218383789, 1.1320441961288452, 11.77830696105957, 0.0, 12.910350799560547)
(-0.011847669258713722, -2.13313627243042, 0.0, -1.0, -1.0, 0.0, -1.9694122076034546, -16.744380950927734, 0.0, -7.905218601226807, 9.06509017944336, 0.0, 1000, 1000, 1000, 1000, -0.8466098308563232, -5.474245548248291, 0.0, -0.011847669258713722, -2.13313627243042, -1.1871612071990967, 16.55938148498535, -0.0, 15.372220039367676, 5.16189432144165, 11.815102577209473, 0.0, 16.97699737548828)
(-0.5929457545280457, -6.19264030456543, 0.0, -1.0, -1.0, 0.0, -7.0228471755981445, -33.523006439208984, 0.0, -3.2564339637756348, 41.54112243652344, 0.0, 1000, 1000, 1000, 1000, -1.6633703708648682, -13.618586540222168, 0.0, -0.5929457545280457, -6.19264030456543, 0.7532826662063599, 16.554107666015625, 0.0, 17.307390213012695, 15.012826919555664, 11.921682357788086, 0.0, 26.93450927734375)
(-0.32997453212738037, -10.270384788513184, 0.0, -1.0, -1.0, 0.0, 5.709977149963379, -31.523008346557617, 0.0, -5.360203742980957, 74.16307830810547, 0.0, 1000, 1000, 1000, 1000, -0.7957437038421631, -10.193300247192383, 0.0, -0.32997453212738037, -10.270384788513184, -2.214036226272583, 16.54827308654785, -0.0, 14.334238052368164, 21.137218475341797, 12.105232238769531, 0.0, 33.24245071411133)
(-0.17043037712574005, -12.007187843322754, 0.0, -1.0, -1.0, 0.0, 0.1527251899242401, 12.507526397705078, 0.0, -6.636557102203369, 88.05750274658203, 0.0, 1000, 1000, 1000, 1000, 1.2181243896484375, -17.967422485351562, 0.0, -0.17043037712574005, -12.007187843322754, -1.3578565120697021, 16.53351593017578, -0.0, 15.1756591796875, 15.109994888305664, 12.308364868164062, 0.0, 27.418359756469727)
(-1.5134025812149048, -11.638775825500488, 0.0, -1.0, -1.0, 0.0, -59.23658752441406, 34.17164993286133, 0.0, 4.107220649719238, 85.1102066040039, 0.0, 1000, 1000, 1000, 1000, 1.742555856704712, -11.88707160949707, 0.0, -1.5134025812149048, -11.638775825500488, 12.668761253356934, 16.54511070251465, 0.0, 29.213871002197266, 10.187711715698242, 12.482057571411133, 0.0, 22.669769287109375)
(-8.22288703918457, -10.034610748291016, 0.0, -1.0, -1.0, 0.0, 16.59547233581543, 91.31668853759766, 0.0, 57.78309631347656, 72.27688598632812, 0.0, 1000, 1000, 1000, 1000, -20.08860969543457, -29.868860244750977, 0.0, -8.22288703918457, -10.034610748291016, 8.237524032592773, 16.720842361450195, 0.0, 24.95836639404297, -3.8079605102539062, 12.620948791503906, -0.0, 8.81298828125)
(-8.016626358032227, -10.039578437805176, 0.0, -1.0, -1.0, 0.0, 3.1908931732177734, 1.698366403579712, 0.0, 56.13301086425781, 72.3166275024414, 0.0, 1000, 1000, 1000, 1000, 7.2576069831848145, -15.99396800994873, 0.0, -8.016626358032227, -10.039578437805176, 10.588422775268555, 16.833459854125977, 0.0, 27.421884536743164, 14.123652458190918, 12.763703346252441, 0.0, 26.88735580444336)
(-7.952852249145508, -7.430008411407471, 0.0, -1.0, -1.0, 0.0, -0.6869694590568542, -4.790183067321777, 0.0, 55.62281799316406, 51.440067291259766, 0.0, 1000, 1000, 1000, 1000, -5.906203269958496, 5.721343994140625, 0.0, -7.952852249145508, -7.430008411407471, 11.261957168579102, 16.948583602905273, 0.0, 28.210540771484375, 11.246049880981445, 12.84851360321045, 0.0, 24.09456443786621)
(-7.997872829437256, -7.554347038269043, 0.0, 0.0, -1.0, 0.0, 4.076389312744141, 6.247984886169434, 0.0, 63.98298263549805, 52.434776306152344, 0.0, 1000, 1000, 1000, 1000, -10.72863483428955, -9.722663879394531, 0.0, -7.997872829437256, -7.554347038269043, 11.981318473815918, 17.06952667236328, 0.0, 29.050844192504883, 9.237358093261719, 12.960735321044922, 0.0, 22.19809341430664)
(-7.589176654815674, -6.346112251281738, 0.0, -1.0, -1.0, 0.0, -7.328190803527832, -2.0420916080474854, 0.0, 52.71341323852539, 42.768898010253906, 0.0, 1000, 1000, 1000, 1000, -6.9997148513793945, -8.056526184082031, 0.0, -7.589176654815674, -6.346112251281738, 12.008320808410645, 17.178071975708008, 0.0, 29.18639373779297, 8.962198257446289, 13.036447525024414, 0.0, 21.998645782470703)
(-5.400734901428223, -3.199130058288574, 0.0, -1.0, -1.0, 0.0, 8.397000312805176, 10.614397048950195, 0.0, 35.20587921142578, 17.593040466308594, 0.0, 1000, 1000, 1000, 1000, 7.66392707824707, -17.426937103271484, 0.0, -5.400734901428223, -3.199130058288574, 5.361775875091553, 17.240751266479492, 0.0, 22.602527618408203, 1.3957287073135376, 13.049747467041016, 0.0, 14.445475578308105)
(-6.592068195343018, -4.134485244750977, 0.0, -1.0, -1.0, 0.0, 17.206159591674805, 13.331954002380371, 0.0, 44.73654556274414, 25.075881958007812, 0.0, 1000, 1000, 1000, 1000, -5.158072471618652, 1.9864110946655273, 0.0, -6.592068195343018, -4.134485244750977, 5.506077289581299, 17.34404182434082, 0.0, 22.85011863708496, 2.348785638809204, 13.109331130981445, 0.0, 15.45811653137207)
(-6.798137664794922, -4.26242208480835, 0.0, -1.0, -1.0, 0.0, 7.862648963928223, 4.400656700134277, 0.0, 46.385101318359375, 26.099376678466797, 0.0, 1000, 1000, 1000, 1000, -8.361610412597656, -5.421343803405762, 0.0, -6.798137664794922, -4.26242208480835, 7.704490661621094, 17.4451904296875, 0.0, 25.149681091308594, 4.339743614196777, 13.163516998291016, 0.0, 17.50326156616211)
(-6.691830158233643, -4.203416347503662, 0.0, -1.0, -1.0, 0.0, 2.5496716499328613, 1.0418778657913208, 0.0, 45.53464126586914, 25.627330780029297, 0.0, 1000, 1000, 1000, 1000, -4.210775375366211, -5.384533405303955, 0.0, -6.691830158233643, -4.203416347503662, 8.596994400024414, 17.53969955444336, 0.0, 26.136693954467773, 4.91709041595459, 13.2142333984375, 0.0, 18.131324768066406)