
(-3.6513421535491943, -2.835613250732422, 0.0, -1.0, -1.0, 0.0, -0.3814656436443329, 1.3432977199554443, 0.0, 14.847516059875488, 10.279434204101562, 0.0, 1000, 1000, 1000, 1000, -2.666633129119873, -5.764199733734131, 0.0, -3.6513421535491943, -2.835613250732422, 7.614490985870361, 0.0, -0.00408482039347291, 7.610406398773193, 4.4680681228637695, 0.0, -4.337147235870361, 0.1309208869934082)
(-3.650552749633789, -2.828277349472046, 0.0, -1.0, 0.0, 0.0, -0.6562747955322266, 0.8242137432098389, 0.0, 14.843094825744629, 15.838353157043457, 0.0, 1000, 1000, 1000, 1000, -2.4181313514709473, -5.86125373840332, 0.0, -3.650552749633789, -2.828277349472046, 7.749684810638428, 0.0, 0.16307109594345093, 7.912755966186523, 7.5070695877075195, 0.0, 0.3441496789455414, 7.851219177246094)
(-3.658330202102661, -2.8203108310699463, 0.0, -1.0, 0.0, 0.0, -0.7173435091972351, 1.053221344947815, 0.0, 14.886649131774902, 15.793740272521973, 0.0, 1000, 1000, 1000, 1000, -2.535633087158203, -5.7526631355285645, 0.0, -3.658330202102661, -2.8203108310699463, 7.801996231079102, 0.0, 0.224283829331398, 8.026280403137207, 7.3702592849731445, 0.0, 0.17206867039203644, 7.542327880859375)
(-3.6592464447021484, -2.802192449569702, 0.0, -1.0, 0.0, 0.0, -0.4272671639919281, 1.053221344947815, 0.0, 14.891779899597168, 15.692277908325195, 0.0, 1000, 1000, 1000, 1000, -2.486258029937744, -5.953915119171143, 0.0, -3.6592464447021484, -2.802192449569702, 7.6595234870910645, 0.0, -0.01042769942432642, 7.6490960121154785, 7.319528102874756, 0.0, 0.18906216323375702, 7.508590221405029)
(-3.6584930419921875, -2.7960734367370605, 0.0, -1.0, 0.0, 0.0, -0.2745954096317291, 1.3280305862426758, 0.0, 14.887560844421387, 15.658011436462402, 0.0, 1000, 1000, 1000, 1000, -2.165294647216797, -5.975667476654053, 0.0, -3.6584930419921875, -2.7960734367370605, 7.581078052520752, 0.0, -0.15665513277053833, 7.424422740936279, 7.164990425109863, 0.0, 0.06188920885324478, 7.226879596710205)
(-3.6527602672576904, -2.786381244659424, 0.0, 0.0, 0.0, 0.0, -0.3509312868118286, 1.175358772277832, 0.0, 20.45545768737793, 15.603734970092773, 0.0, 1000, 1000, 1000, 1000, -2.279792308807373, -5.870467662811279, 0.0, -3.6527602672576904, -2.786381244659424, 10.403194427490234, 0.0, 0.5549415349960327, 10.958135604858398, 7.214188098907471, 0.0, 0.04490891844034195, 7.259097099304199)
(-3.654226779937744, -2.7824509143829346, 0.0, -1.0, 0.0, 0.0, -0.3967328369617462, 1.709709882736206, 0.0, 14.863669395446777, 15.581725120544434, 0.0, 1000, 1000, 1000, 1000, -2.839923858642578, -6.223935127258301, 0.0, -3.654226779937744, -2.7824509143829346, 7.63020133972168, 0.0, -0.07317109405994415, 7.557030200958252, 6.936007499694824, 0.0, -0.3324233293533325, 6.603584289550781)
(-3.6534345149993896, -2.7774946689605713, 0.0, -1.0, 0.0, 0.0, -0.4578015208244324, 1.4959694147109985, 0.0, 14.859232902526855, 15.553970336914062, 0.0, 1000, 1000, 1000, 1000, -2.999680995941162, -6.160612106323242, 0.0, -3.6534345149993896, -2.7774946689605713, 7.658517360687256, 0.0, 0.06874484568834305, 7.727262020111084, 7.029000282287598, 0.0, -0.24707096815109253, 6.7819294929504395)
(-3.6502907276153564, -2.774603843688965, 0.0, -1.0, 0.0, 0.0, -0.36619848012924194, 1.2822290658950806, 0.0, 14.841628074645996, 15.537781715393066, 0.0, 1000, 1000, 1000, 1000, -2.7855424880981445, -6.0537943840026855, 0.0, -3.6502907276153564, -2.774603843688965, 7.603913307189941, 0.0, -0.10025466233491898, 7.503658771514893, 7.127776145935059, 0.0, -0.013559835962951183, 7.114216327667236)
(-3.656607151031494, -2.7698705196380615, 0.0, -1.0, 0.0, 0.0, -0.28986260294914246, 1.373832106590271, 0.0, 14.876999855041504, 15.511274337768555, 0.0, 1000, 1000, 1000, 1000, -2.6390628814697266, -5.746948719024658, 0.0, -3.656607151031494, -2.7698705196380615, 7.583431243896484, 0.0, -0.16477937996387482, 7.418652057647705, 7.068721294403076, 0.0, -0.06882752478122711, 6.999893665313721)
(-3.657963991165161, -2.7572295665740967, 0.0, -1.0, 0.0, 0.0, -0.3509312868118286, 1.5570381879806519, 0.0, 14.884597778320312, 15.440485000610352, 0.0, 1000, 1000, 1000, 1000, -2.682745933532715, -6.1662917137146, 0.0, -3.6590185165405273, -2.7572684288024902, 7.727587699890137, 0.0, 0.10810038447380066, 7.83568811416626, 7.041069030761719, 0.0, 0.01635972410440445, 7.05742883682251)
(-3.6574103832244873, -2.744115114212036, 0.0, -1.0, 0.0, 0.0, -0.8089465498924255, 1.3890992403030396, 0.0, 14.881498336791992, 15.367044448852539, 0.0, 1000, 1000, 1000, 1000, -1.4230036735534668, -6.571993827819824, 0.0, -3.6574103832244873, -2.744115114212036, 7.845222473144531, 0.0, 0.08989295363426208, 7.935115337371826, 6.9889726638793945, 0.0, -0.4333311915397644, 6.5556416511535645)
(-3.641153335571289, -2.715122938156128, 0.0, -1.0, 0.0, 0.0, -0.641007661819458, 0.9768854975700378, 0.0, 14.790458679199219, 15.20468807220459, 0.0, 1000, 1000, 1000, 1000, -2.6192121505737305, -5.781834602355957, 0.0, -3.641153335571289, -2.715122938156128, 7.715733051300049, 0.0, -1.9754692316055298, 5.740263938903809, 7.113901138305664, 0.0, 0.29946544766426086, 7.413366794586182)
(-3.732780694961548, -2.7631165981292725, 0.0, -1.0, 0.0, 0.0, -0.8547480702400208, 0.9921526908874512, 0.0, 15.303571701049805, 15.4734525680542, 0.0, 1000, 1000, 1000, 1000, -2.98000431060791, -4.653343200683594, 0.0, -3.732780694961548, -2.7631165981292725, 8.0791597366333, 0.0, 0.3540605902671814, 8.433219909667969, 7.240650177001953, 0.0, -0.067862868309021, 7.172787189483643)
(-3.7569937705993652, -2.5286293029785156, 0.0, -1.0, 0.0, 0.0, 5.221587657928467, 6.076122283935547, 0.0, 15.439165115356445, 14.160324096679688, 0.0, 1000, 1000, 1000, 1000, -1.4689838886260986, -3.979396343231201, 0.0, -3.7569937705993652, -2.5286293029785156, 5.10878849029541, 0.0, -1.4555755853652954, 3.6532130241394043, 4.04210090637207, 0.0, 0.24862679839134216, 4.290727615356445)
(-3.2708511352539062, -2.190403461456299, 0.0, -1.0, 0.0, 0.0, -0.5494045615196228, 0.7631450295448303, 0.0, 12.716766357421875, 12.26625919342041, 0.0, 1000, 1000, 1000, 1000, -2.975151538848877, -5.671489238739014, 0.0, -3.2708511352539062, -2.190403461456299, 6.633085250854492, 0.0, -0.16090062260627747, 6.472184658050537, 5.751556873321533, 0.0, 0.09456819295883179, 5.84612512588501)
(-3.4424588680267334, -2.3512468338012695, 0.0, -1.0, 0.0, 0.0, 2.2292213439941406, 2.8394808769226074, 0.0, 13.677769660949707, 13.16698169708252, 0.0, 1000, 1000, 1000, 1000, -3.7031049728393555, -8.190118789672852, 0.0, -3.4424588680267334, -2.3512468338012695, 5.724274158477783, 0.0, -0.7165665030479431, 5.007707595825195, 5.163750648498535, 0.0, -0.21827223896980286, 4.945478439331055)
(-3.168243885040283, -2.1802878379821777, 0.0, -1.0, 0.0, 0.0, 0.48876336216926575, 2.0761220455169678, 0.0, 12.142165184020996, 12.209611892700195, 0.0, 1000, 1000, 1000, 1000, -1.9418704509735107, -5.200016021728516, 0.0, -3.168243885040283, -2.1802878379821777, 5.826700687408447, 0.0, -0.5488071441650391, 5.277893543243408, 5.066744804382324, 0.0, -0.6380416750907898, 4.428703308105469)
(-4.675924301147461, -3.638235092163086, 0.0, -1.0, 0.0, 0.0, -7.328030586242676, -10.671969413757324, 0.0, 20.585176467895508, 20.374116897583008, 0.0, 1000, 1000, 1000, 1000, -4.1202473640441895, -6.326739311218262, 0.0, -4.675924301147461, -3.638235092163086, 13.95660400390625, 0.0, -0.6910005807876587, 13.265603065490723, 15.523042678833008, 0.0, 0.9214044213294983, 16.444446563720703)
(-5.892823219299316, -10.011857032775879, 0.0, -1.0, 0.0, 0.0, -7.786046028137207, -36.336090087890625, 0.0, 27.399808883666992, 56.06639862060547, 0.0, 1000, 1000, 1000, 1000, -5.274933338165283, -11.910127639770508, 0.0, -5.892823219299316, -10.011857032775879, 17.592927932739258, 0.0, -1.6203845739364624, 15.972543716430664, 46.20124435424805, 0.0, 2.5629632472991943, 48.76420593261719)
(-6.486593723297119, -12.543216705322266, 0.0, -1.0, 0.0, 0.0, 1.8933435678482056, 10.51887035369873, 0.0, 30.724924087524414, 70.24201202392578, 0.0, 1000, 1000, 1000, 1000, -7.362465858459473, -20.442867279052734, 0.0, -6.486593723297119, -12.543216705322266, 14.415790557861328, 0.0, -0.44654834270477295, 13.969242095947266, 29.861570358276367, 0.0, -2.0105366706848145, 27.85103416442871)
(-6.154702663421631, -11.423271179199219, 0.0, -1.0, 0.0, 0.0, 0.6261679530143738, 1.6333740949630737, 0.0, 28.866334915161133, 63.97031784057617, 0.0, 1000, 1000, 1000, 1000, -4.086947917938232, -13.543729782104492, 0.0, -6.154702663421631, -11.423271179199219, 14.120083808898926, 0.0, 0.5652215480804443, 14.68530559539795, 31.168472290039062, 0.0, -0.43100523948669434, 30.73746681213379)
(-5.768126487731934, -10.870447158813477, 0.0, -1.0, 0.0, 0.0, -1.175358772277832, 4.885282516479492, 0.0, 26.701507568359375, 60.87450408935547, 0.0, 1000, 1000, 1000, 1000, 1.189224123954773, -1.0940706729888916, 0.0, -5.768126487731934, -10.870447158813477, 13.938432693481445, 0.0, 2.6987292766571045, 16.637161254882812, 27.994609832763672, 0.0, -6.225003719329834, 21.76960563659668)
(-5.774170398712158, -13.756406784057617, 0.0, -1.0, 0.0, 0.0, 1.9544122219085693, -8.870442390441895, 0.0, 26.735353469848633, 77.03587341308594, 0.0, 1000, 1000, 1000, 1000, -1.395279884338379, -6.022913455963135, 0.0, -5.774170398712158, -13.756406784057617, 12.390470504760742, 0.0, -1.6202234029769897, 10.770247459411621, 42.95315933227539, 0.0, -1.749025583267212, 41.204132080078125)
(-6.423976898193359, -17.438983917236328, 0.0, -1.0, 0.0, 0.0, 9.954412460327148, -50.15288543701172, 0.0, 30.374269485473633, 97.65830993652344, 0.0, 1000, 1000, 1000, 1000, -5.670136451721191, -20.772762298583984, 0.0, -6.423976898193359, -17.438983917236328, 10.209928512573242, 0.0, -1.2814487218856812, 8.92848014831543, 73.90559387207031, 0.0, 3.874035596847534, 77.77963256835938)
(-13.446011543273926, -19.177261352539062, 0.0, -1.0, 0.0, 0.0, -54.121925354003906, 71.83184814453125, 0.0, 69.69766235351562, 107.39266204833984, 0.0, 1000, 1000, 1000, 1000, -12.504706382751465, -28.9627628326416, 0.0, -13.446011543273926, -19.177261352539062, 61.909793853759766, 0.0, 2.3419926166534424, 64.25178527832031, 17.780406951904297, 0.0, -3.312852144241333, 14.467555046081543)
(-14.619396209716797, -9.067593574523926, 0.0, -1.0, 0.0, 0.0, 50.000213623046875, -15.67960262298584, 0.0, 81.86861419677734, 50.77852249145508, 0.0, 1000, 1000, 1000, 1000, -19.86345100402832, -6.0883636474609375, 0.0, -14.619396209716797, -9.067593574523926, 15.934200286865234, 0.0, -4.868318557739258, 11.065881729125977, 33.229061126708984, 0.0, 9.254715919494629, 42.4837760925293)
(8.733487129211426, -11.111040115356445, 0.0, -1.0, 0.0, 0.0, 92.51929473876953, 45.114288330078125, 0.0, -54.50752639770508, 62.221824645996094, 0.0, 1000, 1000, 1000, 1000, 11.341781616210938, -15.989296913146973, 0.0, 8.733487129211426, -11.111040115356445, -73.51341247558594, 0.0, -0.22486205399036407, -73.73827362060547, 8.553768157958984, 0.0, -4.1346588134765625, 4.419109344482422)
(14.491650581359863, -1.8013774156570435, 0.0, -1.0, 0.0, 0.0, -24.80894660949707, 16.42726707458496, 0.0, -86.75324249267578, 10.087713241577148, 0.0, 1000, 1000, 1000, 1000, 20.1986141204834, -2.433269739151001, 0.0, 14.491650581359863, -1.8013774156570435, -30.972148895263672, 0.0, 1.8815113306045532, -29.09063720703125, -3.1697769165039062, 0.0, -0.5324755907058716, -3.7022523880004883)
(10.977108001708984, 2.811913251876831, 0.0, -1.0, 0.0, 0.0, -1.5265038013458252, 13.19062614440918, 0.0, -67.0718002319336, -15.746713638305664, 0.0, 1000, 1000, 1000, 1000, 17.056461334228516, 13.394346237182617, 0.0, 10.977108001708984, 2.811913251876831, -32.772647857666016, 0.0, -0.20737922191619873, -32.98002624511719, -14.468669891357422, 0.0, -4.199096202850342, -18.667766571044922)
(6.0358357429504395, 0.994179904460907, 0.0, -1.0, 0.0, 0.0, -41.7249755859375, -12.168152809143066, 0.0, -39.40068054199219, -5.567407608032227, 0.0, 1000, 1000, 1000, 1000, 10.710002899169922, -0.37481021881103516, 0.0, 6.0358357429504395, 0.994179904460907, 1.1621475219726562, 0.0, 1.3094249963760376, 2.4715723991394043, 3.30037260055542, 0.0, 0.3534435033798218, 3.6538162231445312)
(5.213822841644287, -0.4869470000267029, 0.0, -1.0, 0.0, 0.0, 21.45059585571289, -26.839908599853516, 0.0, -34.79740905761719, 2.726903200149536, 0.0, 1000, 1000, 1000, 1000, 5.011638164520264, -4.2359538078308105, 0.0, 5.213822841644287, -0.4869470000267029, -28.12400245666504, 0.0, -0.8240045309066772, -28.948007583618164, 14.783406257629395, 0.0, 3.2354936599731445, 18.01889991760254)
(6.019333839416504, -4.76696252822876, 0.0, -1.0, 0.0, 0.0, -16.900548934936523, 18.305130004882812, 0.0, -39.30826950073242, 26.694990158081055, 0.0, 1000, 1000, 1000, 1000, 5.440456390380859, -11.680517196655273, 0.0, 6.019333839416504, -4.76696252822876, -11.20386028289795, 0.0, 0.3803866505622864, -10.823473930358887, 4.194930076599121, 0.0, -3.5086662769317627, 0.6862637996673584)
(2.500417709350586, -0.552507758140564, 0.0, 0.0, 0.0, 0.0, -13.511236190795898, 12.564671516418457, 0.0, -14.002339363098145, 3.094043493270874, 0.0, 1000, 1000, 1000, 1000, 2.518451690673828, -2.422619342803955, 0.0, 2.500417709350586, -0.552507758140564, -0.24555158615112305, 0.0, 0.27027472853660583, 0.024723142385482788, -4.735313892364502, 0.0, 0.7060577869415283, -4.0292558670043945)
(1.3557405471801758, -0.20239022374153137, 0.0, -1.0, 0.0, 0.0, 6.3360915184021, -3.0231144428253174, 0.0, -13.192147254943848, 1.133385181427002, 0.0, 1000, 1000, 1000, 1000, 1.8273907899856567, -3.0224509239196777, 0.0, 1.3557405471801758, -0.20239022374153137, -9.764119148254395, 0.0, -1.4097267389297485, -11.173846244812012, 2.078249931335449, 0.0, 0.5140166878700256, 2.59226655960083)
(2.8394525051116943, -1.4081294536590576, 0.0, -1.0, 0.0, 0.0, 4.733037948608398, 1.404366374015808, 0.0, -21.500934600830078, 7.885524749755859, 0.0, 1000, 1000, 1000, 1000, 3.711992025375366, -5.967549800872803, 0.0, 2.8394525051116943, -1.4081294536590576, -13.116986274719238, 0.0, -0.29906973242759705, -13.416055679321289, 3.240579128265381, 0.0, -0.47165319323539734, 2.768925905227661)
(3.468780755996704, -1.3373184204101562, 0.0, -1.0, 0.0, 0.0, -2.6257405281066895, 3.5417709350585938, 0.0, -25.025171279907227, 7.488983154296875, 0.0, 1000, 1000, 1000, 1000, 5.6423492431640625, -3.503769874572754, 0.0, 3.468780755996704, -1.3373184204101562, -11.199715614318848, 0.0, 0.22408346831798553, -10.975631713867188, 1.9736061096191406, 0.0, -0.39747053384780884, 1.5761356353759766)
(3.402268886566162, -1.5016437768936157, 0.0, -1.0, 0.0, 0.0, -2.564671754837036, 5.999786376953125, 0.0, -24.652706146240234, 8.409205436706543, 0.0, 1000, 1000, 1000, 1000, 3.8719069957733154, -5.31918478012085, 0.0, 3.402268886566162, -1.5016437768936157, -11.04401683807373, 0.0, 0.5427845120429993, -10.501232147216797, 1.204709529876709, 0.0, -1.0866066217422485, 0.11810290813446045)
(3.0963590145111084, 1.4530836343765259, 0.0, -1.0, 0.0, 0.0, -6.366198539733887, 15.266962051391602, 0.0, -22.93960952758789, -8.13726806640625, 0.0, 1000, 1000, 1000, 1000, 4.006326675415039, -2.3914077281951904, 0.0, 3.0963590145111084, 1.4530836343765259, -8.286705017089844, 0.0, 0.7412283420562744, -7.545476913452148, -11.702115058898926, 0.0, 0.30376628041267395, -11.398348808288574)
(1.6690189838409424, 2.9213931560516357, 0.0, -1.0, 0.0, 0.0, 3.649068593978882, -0.5956335663795471, 0.0, -14.94650650024414, -16.35980224609375, 0.0, 1000, 1000, 1000, 1000, 1.0824471712112427, -1.2806832790374756, 0.0, 1.6690189838409424, 2.9213931560516357, -9.2977876663208, 0.0, -1.1897635459899902, -10.487550735473633, -7.882084369659424, 0.0, 1.7360246181488037, -6.146059989929199)
(3.55061936378479, 1.3376320600509644, 0.0, 0.0, 0.0, 0.0, 4.687236785888672, -1.7712061405181885, 0.0, -19.883468627929688, -7.490739345550537, 0.0, 1000, 1000, 1000, 1000, 5.544267654418945, -1.546722650527954, 0.0, 3.55061936378479, 1.3376320600509644, -12.28535270690918, 0.0, 1.331774115562439, -10.95357894897461, -2.8597664833068848, 0.0, -0.20187246799468994, -3.061638832092285)
(2.577568531036377, 1.6638007164001465, 0.0, -1.0, 0.0, 0.0, -5.251694679260254, 4.320396900177002, 0.0, -20.03438377380371, -9.317283630371094, 0.0, 1000, 1000, 1000, 1000, 3.3427486419677734, -0.8914437294006348, 0.0, 2.577568531036377, 1.6638007164001465, -7.3913445472717285, 0.0, -0.25334036350250244, -7.644684791564941, -6.818840026855469, 0.0, -0.520732581615448, -7.339572429656982)
(2.403660297393799, 1.1454920768737793, 0.0, -1.0, 0.0, 0.0, 2.030748128890991, -0.7177709937095642, 0.0, -19.060497283935547, -6.414755344390869, 0.0, 1000, 1000, 1000, 1000, 2.4488027095794678, -2.4559755325317383, 0.0, 2.403660297393799, 1.1454920768737793, -10.545622825622559, 0.0, -0.3105568587779999, -10.856179237365723, -2.84849214553833, 0.0, -0.47026318311691284, -3.3187553882598877)
(3.3168249130249023, 1.1363874673843384, 0.0, -1.0, 0.0, 0.0, 0.39716029167175293, 0.5341374278068542, 0.0, -24.174219131469727, -6.36376953125, 0.0, 1000, 1000, 1000, 1000, 4.963203430175781, -1.5043296813964844, 0.0, 3.3168249130249023, 1.1363874673843384, -12.285689353942871, 0.0, -0.3322651982307434, -12.61795425415039, -3.44895339012146, 0.0, 0.5097248554229736, -2.9392285346984863)
(3.3074443340301514, 0.7320834398269653, 0.0, -1.0, 0.0, 0.0, -3.86238169670105, 1.1600916385650635, 0.0, -24.121686935424805, -4.099667072296143, 0.0, 1000, 1000, 1000, 1000, 4.350395679473877, -3.52935791015625, 0.0, 3.3074443340301514, 0.7320834398269653, -10.129652976989746, 0.0, 0.2868494391441345, -9.842803955078125, -2.6298794746398926, 0.0, -0.0337999053299427, -2.663679361343384)
(2.8598015308380127, 1.1434695720672607, 0.0, -1.0, 0.0, 0.0, -0.19825954735279083, 1.8623816967010498, 0.0, -21.61488914489746, -6.4034295082092285, 0.0, 1000, 1000, 1000, 1000, 3.4298272132873535, -1.5389974117279053, 0.0, 2.8598015308380127, 1.1434695720672607, -10.708314895629883, 0.0, -0.2320152074098587, -10.940330505371094, -4.13290548324585, 0.0, -0.44108936190605164, -4.5739946365356445)
(2.1650137901306152, 0.9978737831115723, 0.0, -1.0, 0.0, 0.0, -3.0226869583129883, 0.641007661819458, 0.0, -17.724077224731445, -5.588093280792236, 0.0, 1000, 1000, 1000, 1000, 3.000554084777832, -2.3765528202056885, 0.0, 2.1650137901306152, 0.9978737831115723, -7.3506951332092285, 0.0, -0.2576286494731903, -7.608323574066162, -3.1145505905151367, 0.0, -0.29518041014671326, -3.409730911254883)
(2.5732548236846924, 0.929912805557251, 0.0, -1.0, 0.0, 0.0, 3.3437252044677734, 1.8318473100662231, 0.0, -20.01022720336914, -5.2075114250183105, 0.0, 1000, 1000, 1000, 1000, 4.0114898681640625, -2.4437241554260254, 0.0, 2.5732548236846924, 0.929912805557251, -11.676976203918457, 0.0, 0.20075884461402893, -11.476217269897461, -3.519679307937622, 0.0, -0.15646909177303314, -3.6761484146118164)
(2.334028482437134, 1.0483489036560059, 0.0, -1.0, 0.0, 0.0, -4.106656551361084, 1.9997862577438354, 0.0, -18.67055892944336, -5.870753765106201, 0.0, 1000, 1000, 1000, 1000, 3.2144646644592285, -1.6470310688018799, 0.0, 2.334028482437134, 1.0483489036560059, -7.281950950622559, 0.0, -0.05815315991640091, -7.340104103088379, -3.935270071029663, 0.0, -0.43340566754341125, -4.368675708770752)
(1.946250081062317, 1.2237334251403809, 0.0, -1.0, 0.0, 0.0, 1.0994503498077393, 1.251694679260254, 0.0, -16.499000549316406, -6.852907180786133, 0.0, 1000, 1000, 1000, 1000, 2.8254752159118652, -1.3135218620300293, 0.0, 1.946250081062317, 1.2237334251403809, -8.799225807189941, 0.0, -0.36191993951797485, -9.16114616394043, -4.052300930023193, 0.0, -0.25663337111473083, -4.308934211730957)
(2.341557741165161, 1.3551826477050781, 0.0, -1.0, 0.0, 0.0, 5.66433572769165, -0.2750228941440582, 0.0, -18.712722778320312, -7.589022636413574, 0.0, 1000, 1000, 1000, 1000, 3.9051666259765625, -2.8051159381866455, 0.0, 2.341557741165161, 1.3551826477050781, -12.188529014587402, 0.0, -11.32496452331543, -23.513492584228516, -3.6569998264312744, 0.0, -4.289140224456787, -7.946140289306641)
(3.173025608062744, 0.7830556035041809, 0.0, -1.0, 0.0, 0.0, 3.8780763149261475, 1.2822290658950806, 0.0, -23.368942260742188, -4.385111331939697, 0.0, 1000, 1000, 1000, 1000, 5.019343852996826, -2.819845199584961, 0.0, 3.173025608062744, 0.7830556035041809, -13.623509407043457, 0.0, -0.06373850256204605, -13.687248229980469, -2.833670139312744, 0.0, -0.17151875793933868, -3.0051889419555664)
(3.2121224403381348, 0.5960890650749207, 0.0, -1.0, 0.0, 0.0, -4.182992458343506, 1.6181068420410156, 0.0, -23.5878849029541, -3.3380987644195557, 0.0, 1000, 1000, 1000, 1000, 5.142538547515869, -3.543163776397705, 0.0, 3.2121224403381348, 0.5960890650749207, -9.702445983886719, 0.0, 0.05377527326345444, -9.64867115020752, -2.478102684020996, 0.0, -0.44806817173957825, -2.926170825958252)
(2.9156758785247803, 0.7246655225753784, 0.0, -1.0, 0.0, 0.0, 0.671969473361969, 1.404366374015808, 0.0, -21.927783966064453, -4.058126926422119, 0.0, 1000, 1000, 1000, 1000, 4.116941452026367, -3.0049471855163574, 0.0, 2.9156758785247803, 0.7246655225753784, -11.299877166748047, 0.0, -0.016261348500847816, -11.31613826751709, -2.7312467098236084, 0.0, 0.32976970076560974, -2.401477098464966)
(2.988859176635742, 0.6528591513633728, 0.0, -1.0, 0.0, 0.0, 0.6872366666793823, 1.175358772277832, 0.0, -22.337610244750977, -3.6560111045837402, 0.0, 1000, 1000, 1000, 1000, 4.662600517272949, -2.536456823348999, 0.0, 2.988859176635742, 0.6528591513633728, -11.512423515319824, 0.0, -0.0802961215376854, -11.592720031738281, -2.415684938430786, 0.0, 0.29834091663360596, -2.1173439025878906)
(3.519862174987793, -0.01983405277132988, 0.0, -1.0, 0.0, 0.0, 1.4963968992233276, -2.2750229835510254, 0.0, -25.311227798461914, 0.11107069253921509, 0.0, 1000, 1000, 1000, 1000, 5.388079643249512, -3.9218482971191406, 0.0, 3.519862174987793, -0.01983405277132988, -13.403812408447266, 0.0, 0.0486617237329483, -13.35515022277832, 1.1930468082427979, 0.0, 0.07180450856685638, 1.2648513317108154)
(3.0418100357055664, 0.35304713249206543, 0.0, 0.0, 0.0, 0.0, -5.648641109466553, 9.847114562988281, 0.0, -17.034135818481445, -1.9770638942718506, 0.0, 1000, 1000, 1000, 1000, 5.150177001953125, -3.8509109020233154, 0.0, 3.0418100357055664, 0.35304713249206543, -5.692747116088867, 0.0, 0.5106984376907349, -5.182048797607422, -5.9120893478393555, 0.0, -0.6841295957565308, -6.596219062805176)
(2.7397148609161377, 2.006394863128662, 0.0, -1.0, 0.0, 0.0, -1.358564853668213, 4.702076435089111, 0.0, -20.94240379333496, -11.235811233520508, 0.0, 1000, 1000, 1000, 1000, 3.303534507751465, -1.931659460067749, 0.0, 2.7397148609161377, 2.006394863128662, -9.791919708251953, 0.0, 0.09716656804084778, -9.69475269317627, -7.9689435958862305, 0.0, 0.6305667161941528, -7.338376998901367)
(2.6549696922302246, 2.260443925857544, 0.0, -1.0, 0.0, 0.0, 4.565099239349365, 5.251694679260254, 0.0, -20.467830657958984, -12.658485412597656, 0.0, 1000, 1000, 1000, 1000, 3.043821334838867, -1.4827663898468018, 0.0, 2.6549696922302246, 2.260443925857544, -12.516465187072754, 0.0, -0.2404760718345642, -12.756940841674805, -8.955089569091797, 0.0, -0.2390500009059906, -9.19413948059082)
(2.448951005935669, 2.5988500118255615, 0.0, -1.0, 0.0, 0.0, -4.473068714141846, 3.0837557315826416, 0.0, -19.314125061035156, -14.553560256958008, 0.0, 1000, 1000, 1000, 1000, 4.504574775695801, -0.7257938385009766, 0.0, 2.448951005935669, 2.5988500118255615, -7.420528411865234, 0.0, -0.07510259002447128, -7.495631217956543, -8.818657875061035, 0.0, -0.06506211310625076, -8.883720397949219)
(1.9960181713104248, 2.1482620239257812, 0.0, -1.0, 0.0, 0.0, -0.946351170539856, -2.9162442684173584, 0.0, -16.77770233154297, -12.030266761779785, 0.0, 1000, 1000, 1000, 1000, 2.933908462524414, -1.442997694015503, 0.0, 1.9960181713104248, 2.1482620239257812, -7.915675640106201, 0.0, 0.05915006622672081, -7.856525421142578, -4.557011127471924, 0.0, 0.49343761801719666, -4.063573360443115)
(1.771172285079956, 2.940286159515381, 0.0, -1.0, 0.0, 0.0, -2.503602981567383, 10.747878074645996, 0.0, -15.518564224243164, -16.46560287475586, 0.0, 1000, 1000, 1000, 1000, 2.481579065322876, 0.8199443817138672, 0.0, 1.771172285079956, 2.940286159515381, -6.507480621337891, 0.0, -0.1583840399980545, -6.66586446762085, -13.606740951538086, 0.0, -0.09494393318891525, -13.701684951782227)
(1.9043190479278564, 2.5902538299560547, 0.0, -1.0, 0.0, 0.0, -1.3280305862426758, -4.549831867218018, 0.0, -16.26418685913086, -14.50542163848877, 0.0, 1100, 1100, 1100, 1100, 3.3515396118164062, -1.153090000152588, 0.0, 1.9043190479278564, 2.5902538299560547, -7.468078136444092, 0.0, 0.7850275635719299, -6.683050632476807, -4.977794647216797, 0.0, 0.017424972727894783, -4.96036958694458)
(1.879024624824524, 2.7329466342926025, 0.0, -1.0, 0.0, 0.0, 4.687236785888672, 7.465435028076172, 0.0, -16.12253761291504, -15.304500579833984, 0.0, 1100, 1100, 1100, 1100, 1.605251431465149, -1.870847225189209, 0.0, 1.879024624824524, 2.7329466342926025, -10.404887199401855, 0.0, -1.896626591682434, -12.301513671875, -11.384967803955078, 0.0, -0.3798665702342987, -11.7648344039917)
(2.3570313453674316, 3.0100696086883545, 0.0, -1.0, 0.0, 0.0, -2.747877836227417, -0.48876336216926575, 0.0, -18.799375534057617, -16.85638999938965, 0.0, 1100, 1100, 1100, 1100, 3.6603288650512695, -3.4920315742492676, 0.0, 2.3570313453674316, 3.0100696086883545, -8.025749206542969, 0.0, 0.7687282562255859, -7.257020950317383, -8.183813095092773, 0.0, 0.9305641055107117, -7.253249168395996)
(2.150787353515625, 2.4392571449279785, 0.0, -1.0, 0.0, 0.0, -2.427267074584961, -4.458229064941406, 0.0, -17.6444091796875, -13.659839630126953, 0.0, 1100, 1100, 1100, 1100, -1.9789972305297852, -0.39383506774902344, 0.0, 2.150787353515625, 2.4392571449279785, -7.6085710525512695, 0.0, -0.32044607400894165, -7.929017066955566, -4.600805282592773, 0.0, -0.3257949948310852, -4.926600456237793)
(2.0173752307891846, 1.5626006126403809, 0.0, -1.0, 0.0, 0.0, -4.946351051330566, -6.107083797454834, 0.0, -16.897300720214844, -8.750563621520996, 0.0, 1100, 1100, 1100, 1100, 3.4103803634643555, -4.140857219696045, 0.0, 2.0173752307891846, 1.5626006126403809, -5.975474834442139, 0.0, 3.176042079925537, -2.7994327545166016, -1.321739912033081, 0.0, 3.280214548110962, 1.9584746360778809)
(0.8356568217277527, 0.47623637318611145, 0.0, -1.0, 0.0, 0.0, -4.0150532722473145, -2.61090087890625, 0.0, -10.279678344726562, -2.666923761367798, 0.0, 1100, 1100, 1100, 1100, 0.7745420932769775, -2.5166664123535156, 0.0, 0.8356568217277527, 0.47623637318611145, -3.132312536239624, 0.0, 0.5144283175468445, -2.6178841590881348, -0.028011441230773926, 0.0, 1.0218372344970703, 0.9938257932662964)
(0.1121409460902214, 0.28504785895347595, 0.0, -1.0, 0.0, 0.0, -1.2669618129730225, 0.8700152635574341, 0.0, -6.227989196777344, -1.5962679386138916, 0.0, 1100, 1100, 1100, 1100, -1.3457229137420654, -13.562845230102539, 0.0, 0.1121409460902214, 0.28504785895347595, -2.480513572692871, 0.0, -1.4152679443359375, -3.8957815170288086, -1.2331416606903076, 0.0, 1.467477560043335, 0.23433589935302734)
(0.340056449174881, 0.46742135286331177, 0.0, -1.0, 0.0, 0.0, 1.557465672492981, 3.5112366676330566, 0.0, -7.5043158531188965, -2.6175594329833984, 0.0, 1100, 1100, 1100, 1104, -0.24218988418579102, -1.6579477787017822, 0.0, 0.340056449174881, 0.46742135286331177, -4.530890941619873, 0.0, -3.1843631267547607, -7.715253829956055, -3.0643980503082275, 0.0, -0.11584276705980301, -3.1802408695220947)
(0.6379079222679138, -0.18966422975063324, 0.0, -1.0, 0.0, 0.0, 2.1223511695861816, 3.4043664932250977, 0.0, -9.172284126281738, 1.062119722366333, 0.0, 1135, 1129, 1120, 1146, 2.191213369369507, -4.576595783233643, 0.0, 0.6379079222679138, -0.18966422975063324, -5.647317886352539, 0.0, -2.022892475128174, -7.670210361480713, -1.1711233854293823, 0.0, -3.8009235858917236, -4.972046852111816)
(0.31691253185272217, -0.034815866500139236, 0.0, -1.0, 0.0, 0.0, -0.15245801210403442, -8.076549530029297, 0.0, -7.3747100830078125, 0.19496884942054749, 0.0, 1149, 1124, 1177, 1169, 7.2680134773254395, -4.651228904724121, 0.0, 0.31691253185272217, -0.034815866500139236, -3.611125946044922, 0.0, -0.6910688877105713, -4.302194595336914, 4.135759353637695, 0.0, 4.045953750610352, 8.181713104248047)
(0.5983343124389648, -0.14323227107524872, 0.0, -1.0, 0.0, 0.0, 2.0460152626037598, 6.366198539733887, 0.0, -8.950672149658203, 0.8021007180213928, 0.0, 1141, 1143, 1163, 1187, 10.438552856445312, -0.8261623382568359, 0.0, 0.5983343124389648, -0.14323227107524872, -5.498343467712402, 0.0, 0.2520614266395569, -5.24628210067749, -2.7820489406585693, 0.0, -3.719207525253296, -6.501256465911865)
(0.3860452175140381, -0.15738508105278015, 0.0, -1.0, 0.0, 0.0, 0.3360916078090668, 0.7326107025146484, 0.0, -7.761853218078613, 0.881356418132782, 0.0, 1162, 1159, 1187, 1183, 5.951026916503906, -10.438531875610352, 0.0, 0.3860452175140381, -0.15738508105278015, -4.0489726066589355, 0.0, 4.2320876121521, 0.18311500549316406, 0.07437285780906677, 0.0, 1.5226207971572876, 1.5969936847686768)
(-0.11555635184049606, -0.4561573565006256, 0.0, -1.0, 0.0, 0.0, -11.00741958618164, -2.90097713470459, 0.0, -4.952884197235107, 2.554481267929077, 0.0, 1175, 1180, 1208, 1190, -9.398078918457031, 2.5515570640563965, 0.0, -0.11555635184049606, -0.4561573565006256, 3.0272676944732666, 0.0, 2.7728312015533447, 5.800098896026611, 2.727729320526123, 0.0, 0.6617484092712402, 3.3894777297973633)
(0.9254841804504395, -0.06670773774385452, 0.0, -1.0, 0.0, 0.0, 1.5269312858581543, 4.030320644378662, 0.0, -10.782711029052734, 0.37356331944465637, 0.0, 1185, 1181, 1218, 1238, 3.508232593536377, 3.0909814834594727, 0.0, 0.9254841804504395, -0.06670773774385452, -6.154821395874023, 0.0, 0.10839618742465973, -6.0464253425598145, -1.828378677368164, 0.0, -1.9507548809051514, -3.7791335582733154)
(-0.12641216814517975, 0.0917634442448616, 0.0, -1.0, 0.0, 0.0, 0.2750228941440582, 4.931084156036377, 0.0, -4.892091751098633, -0.5138753056526184, 0.0, 1219, 1214, 1242, 1258, 3.296640396118164, 8.471258163452148, 0.0, -0.12641216814517975, 0.0917634442448616, -2.583557367324829, 0.0, -2.7430813312530518, -5.326638698577881, -2.722479820251465, 0.0, -0.051025789231061935, -2.773505687713623)
(0.5460337400436401, 0.7129529714584351, 0.0, -1.0, 0.0, 0.0, -5.328030586242676, 8.641007423400879, 0.0, -8.65778923034668, -3.9925365447998047, 0.0, 1220, 1249, 1224, 1249, 6.258789539337158, -5.223038196563721, 0.0, 0.5460337400436401, 0.7129529714584351, -1.664879322052002, 0.0, 2.8209450244903564, 1.1560657024383545, -6.316771984100342, 0.0, -7.041322231292725, -13.358094215393066)
(0.06888546049594879, 0.5433000922203064, 0.0, -1.0, 0.0, 0.0, -2.824213743209839, 6.137190818786621, 0.0, -5.985758304595947, -3.04248046875, 0.0, 1217, 1239, 1233, 1248, 3.969773769378662, -2.909575939178467, 0.0, 0.06888546049594879, 0.5433000922203064, -1.5807722806930542, 0.0, 3.468964099884033, 1.888191819190979, -4.5898356437683105, 0.0, -4.481194496154785, -9.071029663085938)
(-0.02428755909204483, 0.78738933801651, 0.0, -1.0, 0.0, 0.0, -8.641007423400879, 10.289862632751465, 0.0, -5.463989734649658, -4.4093804359436035, 0.0, 1181, 1217, 1259, 1277, 6.6346845626831055, 0.5270872116088867, 0.0, -0.02428755909204483, 0.78738933801651, 1.5885088443756104, 0.0, 2.923840284347534, 4.5123491287231445, -7.349621772766113, 0.0, -6.565155506134033, -13.914777755737305)
(-2.2278201580047607, 1.8835159540176392, 0.0, -1.0, 0.0, 0.0, -0.3509312868118286, 7.114290237426758, 0.0, 6.875792980194092, -10.547689437866211, 0.0, 1178, 1211, 1259, 1282, -2.5673975944519043, -0.059650421142578125, 0.0, -2.2278201580047607, 1.8835159540176392, 3.6133620738983154, 0.0, -0.9103718996047974, 2.7029900550842285, -8.830989837646484, 0.0, -5.079973220825195, -13.91096305847168)
(-0.4876285493373871, 2.2634828090667725, 0.0, -1.0, 0.0, 0.0, -1.3890992403030396, 11.67917537689209, 0.0, -2.8692800998687744, -12.675503730773926, 0.0, 1222, 1258, 1216, 1235, -5.816230297088623, -8.004729270935059, 0.0, -0.4876285493373871, 2.2634828090667725, -0.7400904297828674, 0.0, 5.181088924407959, 4.440998554229736, -12.177339553833008, 0.0, -1.4153200387954712, -13.592659950256348)
(-0.7248565554618835, 0.9296459555625916, 0.0, -1.0, 0.0, 0.0, -2.2287938594818115, -3.114717483520508, 0.0, -1.54080331325531, -5.20601749420166, 0.0, 1229, 1237, 1227, 1242, 0.11864244937896729, 7.836705207824707, 0.0, -0.7248565554618835, 0.9296459555625916, 0.34399527311325073, 0.0, -2.246311664581299, -1.9023163318634033, -1.0456500053405762, 0.0, -4.594648838043213, -5.640298843383789)
(-0.8913995027542114, 1.250958800315857, 0.0, -1.0, 0.0, 0.0, -9.557038307189941, -9.969679832458496, 0.0, -0.6081627607345581, -7.005369186401367, 0.0, 1223, 1226, 1262, 1223, -11.690343856811523, -10.452997207641602, 0.0, -0.8913995027542114, 1.250958800315857, 4.474437713623047, 0.0, 5.9466552734375, 10.421092987060547, 1.4821553230285645, 0.0, 7.568454265594482, 9.050609588623047)
(-0.33647415041923523, 0.7242164015769958, 0.0, -1.0, 0.0, 0.0, -0.4730687141418457, -9.053648948669434, 0.0, -3.715744733810425, -4.055611610412598, 0.0, 1254, 1237, 1229, 1209, -12.105607032775879, -13.875283241271973, 0.0, -0.33647415041923523, 0.7242164015769958, -1.6213380098342896, 0.0, 2.364670753479004, 0.7433327436447144, 2.499018669128418, 0.0, 6.680287837982178, 9.179306030273438)
(-0.4959702789783478, 0.6810332536697388, 0.0, -1.0, 0.0, 0.0, 2.748305320739746, 2.7631449699401855, 0.0, -2.822566270828247, -3.813786268234253, 0.0, 1240, 1223, 1228, 1242, 0.33099186420440674, -16.38381576538086, 0.0, -0.4959702789783478, 0.6810332536697388, -2.785435676574707, 0.0, -4.789366245269775, -7.574801921844482, -3.2884654998779297, 0.0, 4.092881679534912, 0.8044161796569824)
(0.1710215061903, 0.29597678780555725, 0.0, -1.0, 0.0, 0.0, 1.4963968992233276, -7.053648948669434, 0.0, -6.557720184326172, -1.6574699878692627, 0.0, 1241, 1206, 1249, 1239, 11.315966606140137, -8.885905265808105, 0.0, 0.1710215061903, 0.29597678780555725, -4.0270586013793945, 0.0, -2.1752469539642334, -6.202305793762207, 2.698089599609375, 0.0, 8.515947341918945, 11.21403694152832)
(-0.0925760269165039, 0.4818459153175354, 0.0, -1.0, 0.0, 0.0, 3.5116641521453857, -5.084183216094971, 0.0, -5.081573963165283, -2.6983370780944824, 0.0, 1247, 1223, 1231, 1228, 3.7924551963806152, -8.55945873260498, 0.0, -0.0925760269165039, 0.4818459153175354, -4.296618938446045, 0.0, -0.8432852625846863, -5.139904022216797, 1.1929230690002441, 0.0, 5.424809455871582, 6.617732524871826)
(-0.09418276697397232, 0.42494484782218933, 0.0, -1.0, 0.0, 0.0, -3.969251871109009, -3.389526605606079, 0.0, -5.072576522827148, -2.3796911239624023, 0.0, 1235, 1236, 1234, 1224, -1.3919048309326172, -4.152487754821777, 0.0, -0.09418276697397232, 0.42494484782218933, -0.5516623258590698, 0.0, 3.450960636138916, 2.8992981910705566, 0.5049177408218384, 0.0, 1.826285481452942, 2.3312032222747803)
(-0.2474137544631958, 0.3984871506690979, 0.0, -1.0, 0.0, 0.0, -1.7249771356582642, 4.53413724899292, 0.0, -4.21448278427124, -2.2315280437469482, 0.0, 1202, 1224, 1244, 1263, -3.545126438140869, 2.983417510986328, 0.0, -0.2474137544631958, 0.3984871506690979, -1.2447528839111328, -0.0, 1.8145959377288818, 0.569843053817749, -3.3828325271606445, 0.0, -6.836280345916748, -10.219112396240234)
(-0.2974899411201477, 0.4285869598388672, 0.0, -1.0, 0.0, 0.0, 0.9925801753997803, 1.5112366676330566, 0.0, -3.934056282043457, -2.4000868797302246, 0.0, 1210, 1217, 1243, 1260, -1.6855084896087646, 0.35066652297973633, 0.0, -0.2974899411201477, 0.4285869598388672, -2.463318347930908, -0.0, 0.0468752458691597, -2.416443109512329, -1.9556617736816406, 0.0, -4.006742000579834, -5.962403774261475)
(-0.2884524166584015, 0.6208195686340332, 0.0, -1.0, 0.0, 0.0, -3.1142899990081787, 8.411999702453613, 0.0, -3.984666347503662, -3.4765894412994385, 0.0, 1215, 1236, 1256, 1283, 1.823075771331787, -2.6188833713531494, 0.0, -0.2884524166584015, 0.6208195686340332, -0.4351881742477417, -0.0, -1.3378410339355469, -1.7730292081832886, -5.944294452667236, 0.0, -6.177562713623047, -12.121856689453125)
(-0.1528158038854599, 0.6376282572746277, 0.0, -1.0, 0.0, 0.0, -1.6333740949630737, 10.152458190917969, 0.0, -4.744231224060059, -3.570718288421631, 0.0, 1220, 1251, 1273, 1299, 6.140228271484375, 8.006885528564453, 0.0, -0.1528158038854599, 0.6376282572746277, -1.5554285049438477, -0.0, 3.03566575050354, 1.4802372455596924, -6.861588478088379, 0.0, -7.291341781616211, -14.15293025970459)
(-0.15641729533672333, 0.6627245545387268, 0.0, -1.0, 0.0, 0.0, 3.2063205242156982, 3.7402443885803223, 0.0, -4.724062919616699, -3.7112574577331543, 0.0, 1286, 1286, 1245, 1269, -8.873443603515625, 7.623813629150391, 0.0, -0.15641729533672333, 0.6627245545387268, -3.9651918411254883, -0.0, -1.9635499715805054, -5.928741931915283, -3.7257509231567383, 0.0, -2.2320873737335205, -5.95783805847168)
(0.12657269835472107, 0.8604416251182556, 0.0, -1.0, 0.0, 0.0, 1.0383816957473755, 8.961618423461914, 0.0, -6.308806896209717, -4.818472862243652, 0.0, 1287, 1304, 1236, 1276, -13.181658744812012, 12.60919189453125, 0.0, 0.12657269835472107, 0.8604416251182556, -3.6735942363739014, -0.0, -1.9898637533187866, -5.663457870483398, -6.890045642852783, 0.0, -7.267460346221924, -14.157505989074707)
(-0.3263828754425049, 0.6702171564102173, 0.0, -1.0, 0.0, 0.0, -3.358564853668213, 7.404366493225098, 0.0, -3.7722558975219727, -3.753216028213501, 0.0, 1253, 1283, 1279, 1294, 3.597471237182617, -10.062381744384766, 0.0, -0.3263828754425049, 0.6702171564102173, -0.20684552192687988, -0.0, 3.796525478363037, 3.5896799564361572, -5.57879114151001, 0.0, -5.7362470626831055, -11.315038681030273)
(-0.424468457698822, 0.8510757088661194, 0.0, -1.0, 0.0, 0.0, -11.999786376953125, -11.649068832397461, 0.0, -3.2229766845703125, -4.766024112701416, 0.0, 1275, 1253, 1316, 1258, -10.666000366210938, -0.847743034362793, 0.0, -0.424468457698822, 0.8510757088661194, 4.388404846191406, -0.0, 4.7316670417785645, 9.120071411132812, 3.4415223598480225, 0.0, 16.400562286376953, 19.842084884643555)
(-0.7736822366714478, 0.7973748445510864, 0.0, -1.0, 0.0, 0.0, 0.48876336216926575, -3.710137367248535, 0.0, -1.2673794031143188, -4.465299129486084, 0.0, 1267, 1271, 1281, 1283, -2.934384822845459, -22.10150718688965, 0.0, -0.7736822366714478, 0.7973748445510864, -0.8780713677406311, -0.0, 1.0832430124282837, 0.2051716446876526, -0.3775808811187744, 0.0, -1.2549679279327393, -1.6325488090515137)
(-0.6923373341560364, 0.9408575296401978, 0.0, -1.0, 0.0, 0.0, -2.4730687141418457, 11.740243911743164, 0.0, -1.7229108810424805, -5.268802165985107, 0.0, 1251, 1292, 1266, 1293, -5.00954532623291, 5.252986907958984, 0.0, -0.6923373341560364, 0.9408575296401978, 0.3750789165496826, -0.0, 3.0211360454559326, 3.3962149620056152, -8.504523277282715, 0.0, -8.41042709350586, -16.91495132446289)
(-0.8123658299446106, 0.5034656524658203, 0.0, -1.0, 0.0, 0.0, 0.44296184182167053, -6.9162445068359375, 0.0, -1.0507513284683228, -2.8194077014923096, 0.0, 1279, 1253, 1330, 1317, 18.023344039916992, -12.30319595336914, 0.0, -0.8123658299446106, 0.5034656524658203, -0.7468565702438354, -0.0, -2.6736745834350586, -3.4205312728881836, 2.0484185218811035, 0.0, 7.724261283874512, 9.772680282592773)
(-0.26578080654144287, -0.09752760082483292, 0.0, -1.0, 0.0, 0.0, 2.5956335067749023, 26.534137725830078, 0.0, -4.111627578735352, 0.5461545586585999, 0.0, 1330, 1388, 1284, 1348, -10.1787109375, 21.177860260009766, 0.0, -0.26578080654144287, -0.09752760082483292, -3.353630542755127, -0.0, 2.0337657928466797, -1.3198647499084473, -12.99399185180664, 0.0, -17.46135902404785, -30.455350875854492)
(0.5667062401771545, -0.41030749678611755, 0.0, -1.0, 0.0, 0.0, 9.175786018371582, 10.763145446777344, 0.0, -8.773554801940918, 2.2977218627929688, 0.0, 1336, 1319, 1316, 1367, -6.284083366394043, -5.559932231903076, 0.0, 0.5667062401771545, -0.41030749678611755, -8.97467041015625, -0.0, -8.130379676818848, -17.10504913330078, -4.2327117919921875, 0.0, -4.184700965881348, -8.417412757873535)
(0.6871278882026672, -0.7503584623336792, 0.0, -1.0, 0.0, 0.0, -9.48070240020752, 4.686809062957764, 0.0, -9.447916030883789, 4.202007293701172, 0.0, 1366, 1388, 1299, 1290, -19.014245986938477, 1.6209330558776855, 0.0, 0.6871278882026672, -0.7503584623336792, 0.016393184661865234, -0.0, 7.790508270263672, 7.806901454925537, -0.2424008846282959, 0.0, -2.9544901847839355, -3.1968910694122314)
(0.04192415252327919, -0.9279807209968567, 0.0, -1.0, 0.0, 0.0, -17.06848907470703, -3.8475420475006104, 0.0, -5.834774971008301, 5.196691989898682, 0.0, 1292, 1291, 1398, 1362, 23.533777236938477, -9.3344087600708, 0.0, 0.04192415252327919, -0.9279807209968567, 5.616857051849365, -0.0, 3.0575623512268066, 8.674419403076172, 4.5221171379089355, 0.0, 4.764577865600586, 9.28669548034668)
(0.9021027088165283, -0.3305264115333557, 0.0, -1.0, 0.0, 0.0, 10.275022506713867, -8.41242790222168, 0.0, -10.651775360107422, 1.8509478569030762, 0.0, 1393, 1335, 1300, 1314, -15.102428436279297, 4.696287155151367, 0.0, 0.9021027088165283, -0.3305264115333557, -10.463398933410645, -0.0, -7.3603129386901855, -17.823711395263672, 5.131688117980957, 0.0, 5.958249568939209, 11.089937210083008)
(0.16648422181606293, -0.7013852000236511, 0.0, -1.0, 0.0, 0.0, 0.9773129820823669, 15.618106842041016, 0.0, -6.53231143951416, 3.9277570247650146, 0.0, 1291, 1326, 1338, 1387, 16.28460693359375, -8.234054565429688, 0.0, 0.16648422181606293, -0.7013852000236511, -3.754812240600586, -0.0, 0.060593489557504654, -3.694218635559082, -5.845174789428711, 0.0, -15.142705917358398, -20.98788070678711)
(0.9346281290054321, -0.057278454303741455, 0.0, -1.0, 0.0, 0.0, 7.75593900680542, 29.57230567932129, 0.0, -10.833917617797852, 0.3207593262195587, 0.0, 1322, 1363, 1276, 1382, 2.081564426422119, 12.907779693603516, 0.0, 0.9346281290054321, -0.057278454303741455, -9.294928550720215, -0.0, -6.952124118804932, -16.247053146362305, -14.625773429870605, 0.0, -22.04668426513672, -36.67245864868164)
(0.0877365842461586, -0.5808207988739014, 0.0, 0.0, 0.0, 0.0, -2.747877836227417, -4.671969413757324, 0.0, -0.49132487177848816, 3.252596378326416, 0.0, 1343, 1332, 1348, 1319, 0.2987583875656128, -6.001343727111816, 0.0, 0.0877365842461586, -0.5808207988739014, 1.1282764673233032, -0.0, 3.405092239379883, 4.5333685874938965, 3.96228289604187, 0.0, 5.7286834716796875, 9.690966606140137)
(0.0907941609621048, -0.7822600603103638, 0.0, -1.0, 0.0, 0.0, 0.046015266329050064, -19.297924041748047, 0.0, -6.108447074890137, 4.3806562423706055, 0.0, 1363, 1305, 1372, 1302, 8.368803024291992, -12.73338794708252, 0.0, 0.0907941609621048, -0.7822600603103638, -3.0772311687469482, -0.0, 6.096779823303223, 3.0195486545562744, 11.839290618896484, 0.0, 20.431123733520508, 32.270416259765625)
(0.04010559991002083, -0.3308451175689697, 0.0, -1.0, -1.0, 0.0, -8.656274795532227, 20.48833656311035, 0.0, -5.824591159820557, -3.747267246246338, 0.0, 1269, 1351, 1332, 1389, 10.432713508605957, -32.90400314331055, 0.0, 0.04010559991002083, -0.3308451175689697, 1.415841817855835, -0.0, 4.877002239227295, 6.292843818664551, -12.117801666259766, 0.0, -22.603605270385742, -34.721405029296875)
(0.37655845284461975, -0.6138915419578552, 0.0, 0.0, 0.0, 0.0, -8.931083679199219, -11.45059585571289, 0.0, -2.108727216720581, 3.4377925395965576, 0.0, 1367, 1354, 1401, 1341, 2.5323495864868164, -3.020386219024658, 0.0, 0.37655845284461975, -0.6138915419578552, 3.4111781120300293, -0.0, 8.179508209228516, 11.590686798095703, 7.444194316864014, 0.0, 10.733519554138184, 18.17771339416504)
(0.3499235212802887, 0.5626590251922607, 0.0, -1.0, 0.0, 0.0, -9.96925163269043, 0.3814656436443329, 0.0, -7.559571743011475, -3.150890588760376, 0.0, 1355, 1361, 1421, 1385, 22.59637451171875, -22.495899200439453, 0.0, 0.3499235212802887, 0.5626590251922607, 1.2048399448394775, -0.0, 8.96700668334961, 10.171846389770508, -1.7661781311035156, 0.0, 9.354397773742676, 7.58821964263916)
(0.641419529914856, 0.35971078276634216, 0.0, -1.0, 0.0, 0.0, -3.6486411094665527, -24.259756088256836, 0.0, -9.191948890686035, -2.01438045501709, 0.0, 1420, 1350, 1402, 1350, -27.447925567626953, 3.5131635665893555, 0.0, 0.641419529914856, 0.35971078276634216, -2.771653890609741, -0.0, -1.4918073415756226, -4.263461112976074, 11.122688293457031, 0.0, 19.320466995239258, 30.44315528869629)
(1.0750622749328613, 0.058896176517009735, 0.0, 0.0, 0.0, 0.0, -6.182992458343506, 22.8242130279541, 0.0, -6.02034854888916, -0.32981857657432556, 0.0, 1326, 1408, 1374, 1414, 22.31135368347168, -8.62769889831543, 0.0, 1.0750622749328613, 0.058896176517009735, 0.08132195472717285, -0.0, 10.408857345581055, 10.490179061889648, -11.57701587677002, 0.0, -18.935314178466797, -30.5123291015625)
(0.5738716125488281, 0.06543684750795364, 0.0, -1.0, -1.0, 0.0, -13.48070240020752, -32.54983139038086, 0.0, -8.813680648803711, -5.966446399688721, 0.0, 1403, 1353, 1431, 1330, -2.6585593223571777, -11.329833984375, 0.0, 0.5738716125488281, 0.06543684750795364, 2.3335108757019043, -0.0, 10.53698444366455, 12.870494842529297, 13.291692733764648, 0.0, 24.355119705200195, 37.646812438964844)
(-0.28400856256484985, 0.2036479115486145, 0.0, -1.0, 0.0, 0.0, 6.04601526260376, 23.160091400146484, 0.0, -4.009552001953125, -1.1404283046722412, 0.0, 1331, 1363, 1363, 1461, -6.672760963439941, -2.4672293663024902, 0.0, -0.28400856256484985, 0.2036479115486145, -5.027783393859863, -0.0, -11.427305221557617, -16.455089569091797, -12.150259971618652, 0.0, -20.68363380432129, -32.833892822265625)
(-0.1264207512140274, 0.0013167373836040497, 0.0, 0.0, 0.0, 0.0, -10.641007423400879, -2.61090087890625, 0.0, 0.7079561948776245, -0.007373729255050421, 0.0, 1383, 1400, 1389, 1342, 6.826435565948486, 5.8520002365112305, 0.0, -0.1264207512140274, 0.0013167373836040497, 5.6744818687438965, -0.0, 10.326519012451172, 16.001001358032227, 1.3017635345458984, 0.0, 6.616456031799316, 7.918219566345215)
(-0.4225730001926422, 0.16933204233646393, 0.0, -1.0, -1.0, 0.0, -16.702075958251953, -2.7025039196014404, 0.0, -3.233591079711914, -6.548259258270264, 0.0, 1335, 1378, 1419, 1382, 22.089693069458008, -24.354103088378906, 0.0, -0.4225730001926422, 0.16933204233646393, 6.7342424392700195, -0.0, 13.299588203430176, 20.033830642700195, -1.9228776693344116, 0.0, 0.4786164164543152, -1.4442613124847412)
(-0.40584811568260193, 0.6911724209785461, 0.0, -1.0, 0.0, 0.0, 6.381893157958984, 11.801313400268555, 0.0, -3.3272504806518555, -3.870565414428711, 0.0, 1348, 1370, 1366, 1434, 22.659984588623047, 7.364749908447266, 0.0, -0.40584811568260193, 0.6911724209785461, -4.85457181930542, -0.0, -6.429862976074219, -11.284435272216797, -7.835939407348633, 0.0, -14.51361083984375, -22.349550247192383)
(-0.18984735012054443, -0.24852146208286285, 0.0, 0.0, -1.0, 0.0, -6.579938888549805, -2.61090087890625, 0.0, 1.0631451606750488, -4.208279609680176, 0.0, 1359, 1382, 1407, 1369, 0.9096516370773315, 4.6878252029418945, 0.0, -0.18984735012054443, -0.24852146208286285, 3.8215420246124268, -0.0, 11.369035720825195, 15.190577507019043, -0.7986893653869629, 0.0, 4.608779430389404, 3.8100900650024414)
(-1.3666528463363647, 0.4498390555381775, 0.0, -1.0, 0.0, 0.0, 1.8170076608657837, -5.740671634674072, 0.0, 2.053255796432495, -2.5190987586975098, 0.0, 1366, 1344, 1400, 1408, -13.935029029846191, 8.67719554901123, 0.0, -1.3666528463363647, 0.4498390555381775, 0.11812406778335571, -0.0, -7.561471462249756, -7.443347454071045, 1.6107864379882812, 0.0, 1.8495264053344727, 3.460312843322754)
(-1.310808777809143, 0.4449208378791809, 0.0, -1.0, 0.0, 0.0, -14.25932788848877, -13.297924041748047, 0.0, 1.740529179573059, -2.4915566444396973, 0.0, 1393, 1374, 1420, 1327, -4.254298210144043, -11.456241607666016, 0.0, -1.310808777809143, 0.4449208378791809, 7.9999284744262695, -0.0, 10.371500015258789, 18.371429443359375, 5.403183937072754, 0.0, 22.583820343017578, 27.987003326416016)
(-0.15003351867198944, 0.4024982154369354, 0.0, -1.0, 0.0, 0.0, 7.511663913726807, 9.419633865356445, 0.0, 0.840187668800354, -2.2539899349212646, 0.0, 1387, 1400, 1343, 1380, -7.847380638122559, 12.741264343261719, 0.0, -0.15003351867198944, 0.4024982154369354, -3.335738182067871, -0.0, -2.7058537006378174, -6.041591644287109, -5.8368120193481445, 0.0, -6.322406768798828, -12.159218788146973)
(0.9028447866439819, -0.24232687056064606, 0.0, -1.0, 0.0, 0.0, 11.420061111450195, 21.221160888671875, 0.0, -10.655930519104004, 1.3570305109024048, 0.0, 1361, 1379, 1335, 1435, -8.807195663452148, 8.27001667022705, 0.0, 0.9028447866439819, -0.24232687056064606, -11.037996292114258, -0.0, -9.380413055419922, -20.41840934753418, -9.9320650100708, 0.0, -19.69350814819336, -29.625572204589844)
(1.1405831575393677, 0.9255324006080627, 0.0, -1.0, 0.0, 0.0, 1.0078473091125488, -0.7025038003921509, 0.0, -11.987265586853027, -5.182981491088867, 0.0, 1425, 1430, 1319, 1336, -12.262004852294922, 1.0438828468322754, 0.0, 1.1405831575393677, 0.9255324006080627, -6.497556686401367, -0.0, 3.3641347885131836, -3.1334218978881836, -2.240238904953003, 0.0, -3.2221174240112305, -5.4623565673828125)
(-0.4246067404747009, 0.3082069456577301, 0.0, 0.0, 0.0, 0.0, 0.07654961943626404, 15.618106842041016, 0.0, 2.3777976036071777, -1.7259588241577148, 0.0, 1314, 1348, 1397, 1455, 10.357405662536621, -22.484691619873047, 0.0, -0.4246067404747009, 0.3082069456577301, 1.1506240367889404, -0.0, -7.158971309661865, -6.008347511291504, -8.672033309936523, 0.0, -14.296645164489746, -22.968677520751953)
(-0.4174180328845978, 0.630601167678833, 0.0, -1.0, 0.0, 0.0, 8.122350692749023, 6.213526725769043, 0.0, -3.2624590396881104, -3.5313665866851807, 0.0, 1372, 1365, 1361, 1416, -23.773855209350586, -5.345233917236328, 0.0, -0.4174180328845978, 0.630601167678833, -5.692404747009277, -0.0, -9.639028549194336, -15.331433296203613, -4.872446537017822, 0.0, -6.868593215942383, -11.741039276123047)
(-0.8938194513320923, 0.3312070071697235, 0.0, -1.0, 0.0, 0.0, -2.9005496501922607, -10.473496437072754, 0.0, -0.5946110486984253, -1.8547592163085938, 0.0, 1385, 1355, 1391, 1380, -10.537402153015137, -1.6747040748596191, 0.0, -0.8938194513320923, 0.3312070071697235, 1.1529693603515625, -0.0, -5.908977031707764, -4.756007671356201, 4.30936861038208, 0.0, 5.9655442237854, 10.27491283416748)
(-0.3179759979248047, 0.6613617539405823, 0.0, 0.0, 0.0, 0.0, -16.54940414428711, -7.832274913787842, 0.0, 1.7806655168533325, -3.7036256790161133, 0.0, 1342, 1369, 1439, 1360, 13.368440628051758, -16.413856506347656, 0.0, -0.3179759979248047, 0.6613617539405823, 9.165035247802734, -0.0, 17.422687530517578, 26.587722778320312, 2.0643246173858643, 0.0, 11.219388008117676, 13.283712387084961)
(0.6603346467018127, 0.3128229081630707, 0.0, -1.0, 0.0, 0.0, 7.46586275100708, 16.534137725830078, 0.0, -9.297873497009277, -1.7518082857131958, 0.0, 1315, 1333, 1391, 1471, -1.0219871997833252, 8.612333297729492, 0.0, 0.6603346467018127, 0.3128229081630707, -8.381868362426758, -0.0, -6.985012054443359, -15.366880416870117, -9.142972946166992, 0.0, -15.109707832336426, -24.252681732177734)
(-0.6021843552589417, 2.020815849304199, 0.0, -1.0, 0.0, 0.0, 11.221588134765625, 11.465435028076172, 0.0, -2.2277674674987793, -11.316568374633789, 0.0, 1386, 1389, 1339, 1396, -15.723482131958008, 18.36357307434082, 0.0, -0.6021843552589417, 2.020815849304199, -6.724678039550781, -0.0, -7.05578088760376, -13.780458450317383, -11.39100170135498, 0.0, -3.7772817611694336, -15.168283462524414)
(-0.6424676775932312, 1.399004340171814, 0.0, 0.0, 0.0, 0.0, 14.641434669494629, 24.595205307006836, 0.0, 3.5978188514709473, -7.834424018859863, 0.0, 1342, 1382, 1327, 1459, -12.41888427734375, 11.823478698730469, 0.0, -0.6424676775932312, 1.399004340171814, -5.521807670593262, -0.0, -17.298002243041992, -22.819808959960938, -16.214815139770508, 0.0, -26.84320640563965, -43.058021545410156)
(0.11030060052871704, 1.1539963483810425, 0.0, -1.0, 0.0, 0.0, -5.007420063018799, 12.182991981506348, 0.0, -6.2176833152771, -6.462379455566406, 0.0, 1322, 1350, 1402, 1435, 9.699085235595703, 1.0260777473449707, 0.0, 0.11030060052871704, 1.1539963483810425, -0.6051316261291504, -0.0, -0.5444604158401489, -1.1495920419692993, -9.322685241699219, 0.0, -5.7618584632873535, -15.084543228149414)
(0.10265249758958817, 0.7368892431259155, 0.0, -1.0, 0.0, 0.0, 17.725404739379883, -3.007847309112549, 0.0, -6.174853801727295, -4.126579761505127, 0.0, 1381, 1322, 1383, 1424, 26.82427215576172, -12.68280029296875, 0.0, 0.10265249758958817, 0.7368892431259155, -11.950129508972168, -0.0, -13.043330192565918, -24.993459701538086, -0.5593662261962891, 0.0, 5.142241954803467, 4.582875728607178)
(-0.24920804798603058, 0.6459135413169861, 0.0, -1.0, 0.0, 0.0, -8.32039737701416, 16.8242130279541, 0.0, -4.204434871673584, -3.6171157360076904, 0.0, 1343, 1409, 1355, 1403, 11.44327163696289, 10.147907257080078, 0.0, -0.24920804798603058, 0.6459135413169861, 2.057981252670288, -0.0, 2.5090692043304443, 4.567050457000732, -10.220664024353027, 0.0, -18.547548294067383, -28.768211364746094)
(0.6885169744491577, 0.6546830534934998, 0.0, -1.0, 0.0, 0.0, -5.160091400146484, 13.00741958618164, 0.0, -9.455695152282715, -3.666224956512451, 0.0, 1379, 1422, 1349, 1360, -4.497311115264893, -35.66487503051758, 0.0, 0.6885169744491577, 0.6546830534934998, -2.1478018760681152, -0.0, 10.04753589630127, 7.899734020233154, -8.336822509765625, 0.0, -5.020747184753418, -13.357569694519043)
(-0.18919488787651062, 2.0654451847076416, 0.0, -1.0, 0.0, 0.0, -9.129557609558105, -15.45059585571289, 0.0, -4.54050874710083, -11.566493034362793, 0.0, 1384, 1372, 1418, 1336, 23.895339965820312, -4.036841869354248, 0.0, -0.18919488787651062, 2.0654451847076416, 2.2945244312286377, -0.0, 14.837259292602539, 17.131784439086914, 1.9420514106750488, 0.0, 21.60809898376465, 23.55014991760254)
(-0.013839589431881905, 1.6560041904449463, 0.0, -1.0, 0.0, 0.0, -2.534137487411499, 37.63337326049805, 0.0, -5.52249813079834, -9.2736234664917, 0.0, 1284, 1395, 1359, 1472, 25.775062561035156, -14.680551528930664, 0.0, -0.013839589431881905, 1.6560041904449463, -1.4941803216934204, -0.0, 0.9793753027915955, -0.514805018901825, -23.45349884033203, 0.0, -32.47347640991211, -55.92697525024414)
(-0.543134868144989, 2.0425655841827393, 0.0, -1.0, 0.0, 0.0, 5.160519123077393, -21.06891632080078, 0.0, -2.5584447383880615, -11.438366889953613, 0.0, 1388, 1302, 1441, 1379, -11.994526863098145, -7.801085948944092, 0.0, -0.543134868144989, 2.0425655841827393, -3.8594818115234375, -0.0, -2.096536874771118, -5.956018447875977, 4.815274715423584, 0.0, 32.17374801635742, 36.98902130126953)
(-0.33182674646377563, 1.9226469993591309, 0.0, -1.0, 0.0, 0.0, 3.649068593978882, 12.54940414428711, 0.0, -3.7417702674865723, -10.766822814941406, 0.0, 1364, 1425, 1316, 1405, -18.099966049194336, 10.349493026733398, 0.0, -0.33182674646377563, 1.9226469993591309, -3.6954193115234375, -0.0, -3.328477382659912, -7.02389669418335, -11.658113479614258, 0.0, -26.06861686706543, -37.72673034667969)
(-0.08685877174139023, 1.3529911041259766, 0.0, -1.0, 0.0, 0.0, -5.38909912109375, -19.84754180908203, 0.0, -5.113590717315674, -7.5767502784729, 0.0, 1371, 1317, 1445, 1377, 2.5173940658569336, -10.95434284210205, 0.0, -0.08685877174139023, 1.3529911041259766, 0.13775420188903809, -0.0, 3.4269893169403076, 3.5647435188293457, 6.1353960037231445, 0.0, 24.51015281677246, 30.645549774169922)
(1.0601813793182373, 1.6222648620605469, 0.0, -1.0, 0.0, 0.0, -6.457801342010498, 7.847114562988281, 0.0, -11.537015914916992, -9.084683418273926, 0.0, 1331, 1351, 1404, 1424, 23.142011642456055, 4.181918144226074, 0.0, 1.0601813793182373, 1.6222648620605469, -2.539607286453247, -0.0, 2.5154778957366943, -0.024129390716552734, -8.465898513793945, 0.0, -1.236021876335144, -9.701920509338379)
(0.8428509831428528, 1.8117395639419556, 0.0, -1.0, 0.0, 0.0, 20.93151092529297, 15.404366493225098, 0.0, -10.319965362548828, -10.14574146270752, 0.0, 1369, 1383, 1311, 1447, 17.338333129882812, 17.18990707397461, 0.0, 0.8428509831428528, 1.8117395639419556, -15.625738143920898, -0.0, -14.708089828491211, -30.33382797241211, -12.775053977966309, 0.0, -24.738412857055664, -37.513465881347656)
(0.5702353715896606, 2.177673578262329, 0.0, -1.0, 0.0, 0.0, -1.5875725746154785, 16.381465911865234, 0.0, -8.793317794799805, -12.194972038269043, 0.0, 1330, 1398, 1366, 1416, 4.821842193603516, -10.747819900512695, 0.0, 0.5702353715896606, 2.177673578262329, -3.602872610092163, -0.0, 7.806443214416504, 4.203570365905762, -14.288219451904297, 0.0, -15.25253677368164, -29.540756225585938)
(0.20698824524879456, 1.7945436239242554, 0.0, -1.0, 0.0, 0.0, -16.686809539794922, -23.221588134765625, 0.0, -6.759134292602539, -10.049444198608398, 0.0, 1384, 1348, 1428, 1350, 10.16242790222168, -15.628064155578613, 0.0, 0.20698824524879456, 1.7945436239242554, 4.963837623596191, -0.0, 5.531424045562744, 10.495262145996094, 6.586071968078613, 0.0, 21.810731887817383, 28.396804809570312)
(0.3763993978500366, 1.6675416231155396, 0.0, -1.0, 0.0, 0.0, -5.755511283874512, 16.87001609802246, 0.0, -7.707836627960205, -9.33823299407959, 0.0, 1393, 1449, 1316, 1352, -15.488241195678711, 8.14533805847168, 0.0, 0.3763993978500366, 1.6675416231155396, -0.9761626720428467, -0.0, 5.86529541015625, 4.889132499694824, -13.104124069213867, 0.0, -10.046391487121582, -23.150516510009766)
(-0.24252954125404358, 2.1153206825256348, 0.0, -1.0, 0.0, 0.0, 9.893343925476074, 11.495969772338867, 0.0, -4.24183464050293, -11.845795631408691, 0.0, 1381, 1418, 1315, 1401, 17.37782859802246, 17.40898895263672, 0.0, -0.24252954125404358, 2.1153206825256348, -7.067589282989502, -0.0, -5.20562744140625, -12.273216247558594, -11.670883178710938, 0.0, -18.970260620117188, -30.641143798828125)
(-0.1748831570148468, 2.4004688262939453, 0.0, -1.0, 0.0, 0.0, -6.6257405281066895, -4.9162445068359375, 0.0, -4.620654106140137, -13.442625045776367, 0.0, 1359, 1367, 1409, 1370, 11.962834358215332, -9.299152374267578, 0.0, -0.1748831570148468, 2.4004688262939453, 1.0025432109832764, -0.0, 10.57436752319336, 11.576910972595215, -4.263190269470215, 0.0, 12.095656394958496, 7.832466125488281)
(-0.35413306951522827, 1.94635808467865, 0.0, -1.0, 0.0, 0.0, 7.099450588226318, -9.862809181213379, 0.0, -3.616854667663574, -10.899604797363281, 0.0, 1353, 1324, 1407, 1422, 17.11974334716797, -13.890986442565918, 0.0, -0.35413306951522827, 1.94635808467865, -5.358152389526367, -0.0, -5.378066062927246, -10.736218452453613, -0.5183978080749512, 0.0, 3.944629430770874, 3.426231622695923)
(-0.25340700149536133, 1.5334737300872803, 0.0, -1.0, 0.0, 0.0, -23.618106842041016, -27.282655715942383, 0.0, -4.180920600891113, -8.58745288848877, 0.0, 1345, 1298, 1487, 1375, 10.940690040588379, 11.905096054077148, 0.0, -0.25340700149536133, 1.5334737300872803, 9.71859359741211, -0.0, 6.659272193908691, 16.377864837646484, 9.347600936889648, 0.0, 30.21927261352539, 39.566871643066406)
(0.034436509013175964, 2.1462209224700928, 0.0, -1.0, 0.0, 0.0, -0.12192366272211075, 39.46543502807617, 0.0, -5.792844295501709, -12.018836975097656, 0.0, 1356, 1480, 1277, 1396, -7.584327697753906, 14.71102523803711, 0.0, 0.034436509013175964, 2.1462209224700928, -2.8354604244232178, -0.0, 4.185906410217285, 1.3504459857940674, -25.742136001586914, 0.0, -35.01790237426758, -60.760040283203125)
(0.36965513229370117, 2.2727034091949463, 0.0, -1.0, 0.0, 0.0, 4.641435146331787, -27.12998390197754, 0.0, -7.670068740844727, -12.72713851928711, 0.0, 1395, 1297, 1445, 1374, 18.339052200317383, 4.336801528930664, 0.0, 0.36965513229370117, 2.2727034091949463, -6.155752182006836, -0.0, -0.4203229546546936, -6.576075077056885, 7.201422691345215, 0.0, 35.03263473510742, 42.23405838012695)
(-0.11873949319124222, 1.835904598236084, 0.0, -1.0, 0.0, 0.0, 7.725404739379883, -63.05364990234375, 0.0, -4.93505859375, -10.281065940856934, 0.0, 1438, 1266, 1455, 1347, -10.540400505065918, -7.745303153991699, 0.0, -0.11873949319124222, 1.835904598236084, -6.330231666564941, -0.0, -9.44324016571045, -15.77347183227539, 26.38629150390625, 0.0, 43.57527160644531, 69.96156311035156)
(0.42602917551994324, 1.8335297107696533, 0.0, -1.0, 0.0, 0.0, 10.870442390441895, 19.343297958374023, 0.0, -7.985763072967529, -10.267765998840332, 0.0, 1345, 1360, 1345, 1455, -27.524944305419922, 2.157093048095703, 0.0, 0.42602917551994324, 1.8335297107696533, -9.428102493286133, -0.0, -14.469779968261719, -23.89788246154785, -14.805532455444336, 0.0, -16.358165740966797, -31.163698196411133)
(-0.021195149049162865, 1.7643424272537231, 0.0, -1.0, 0.0, 0.0, -5.495969295501709, -18.839908599853516, 0.0, -5.481307029724121, -9.880317687988281, 0.0, 1371, 1325, 1433, 1382, -4.859958648681641, -10.842721939086914, 0.0, -0.021195149049162865, 1.7643424272537231, 0.007331132888793945, -0.0, 1.294281005859375, 1.301612138748169, 4.479795455932617, 0.0, 19.73651885986328, 24.2163143157959)
(1.3382062911987305, 1.5458117723464966, 0.0, -1.0, 0.0, 0.0, 6.824641227722168, 14.641007423400879, 0.0, -13.093955039978027, -8.656545639038086, 0.0, 1349, 1351, 1371, 1438, 36.53174591064453, 4.0497941970825195, 0.0, 1.3382062911987305, 1.5458117723464966, -9.959298133850098, -0.0, -6.352355480194092, -16.31165313720703, -11.64877700805664, 0.0, -5.699313163757324, -17.34809112548828)
(0.44287756085395813, 2.060945510864258, 0.0, -1.0, 0.0, 0.0, 9.374259948730469, 39.84711456298828, 0.0, -8.080114364624023, -11.541295051574707, 0.0, 1361, 1463, 1268, 1418, -7.4082746505737305, 14.844680786132812, 0.0, 0.44287756085395813, 2.060945510864258, -8.727187156677246, -0.0, -2.8744277954101562, -11.601614952087402, -25.694204330444336, 0.0, -37.303504943847656, -62.997711181640625)
(1.085053563117981, 1.6877899169921875, 0.0, 0.0, 0.0, 0.0, -3.6944427490234375, -3.4047939777374268, 0.0, -6.076299667358398, -9.45162296295166, 0.0, 1377, 1398, 1371, 1364, 8.290376663208008, -6.589851379394531, 0.0, 1.085053563117981, 1.6877899169921875, -1.1909284591674805, -0.0, 8.403650283813477, 7.212721824645996, -3.0234146118164062, 0.0, -0.5399834513664246, -3.5633981227874756)
(-0.354288250207901, 2.315173864364624, 0.0, -1.0, 0.0, 0.0, 2.962045907974243, 7.541770935058594, 0.0, -3.615985631942749, -12.964973449707031, 0.0, 1382, 1390, 1352, 1386, 6.855452060699463, 12.815582275390625, 0.0, -0.354288250207901, 2.315173864364624, -3.289015769958496, -0.0, -3.0693700313568115, -6.358386039733887, -10.253372192382812, 0.0, -0.06465752422809601, -10.318029403686523)
(0.12232183665037155, 2.529600143432617, 0.0, -1.0, 0.0, 0.0, -11.93871784210205, -5.343725204467773, 0.0, -6.2850022315979, -14.16576099395752, 0.0, 1391, 1402, 1364, 1353, -32.294010162353516, 7.607903480529785, 0.0, 0.12232183665037155, 2.529600143432617, 2.826857805252075, -0.0, 2.7852299213409424, 5.612087726593018, -4.411017894744873, 0.0, 4.38407039642334, -0.026947498321533203)
(0.4309462010860443, 2.2810139656066895, 0.0, -1.0, 0.0, 0.0, 5.328457832336426, -11.633801460266113, 0.0, -8.013298988342285, -12.773677825927734, 0.0, 1402, 1371, 1372, 1366, -11.661490440368652, -9.928009986877441, 0.0, 0.4309462010860443, 2.2810139656066895, -6.6708784103393555, -0.0, 0.3278917968273163, -6.342986583709717, -0.5699381828308105, 0.0, 9.735398292541504, 9.165460586547852)
(0.18882660567760468, 2.1441798210144043, 0.0, -1.0, 0.0, 0.0, 4.4124274253845215, -8.671969413757324, 0.0, -6.657428741455078, -12.007407188415527, 0.0, 1352, 1321, 1406, 1435, -5.838186740875244, -11.593631744384766, 0.0, 0.18882660567760468, 2.1441798210144043, -5.534928321838379, -0.0, -9.625506401062012, -15.16043472290039, -1.6677188873291016, 0.0, 2.164325475692749, 0.49660658836364746)
(1.8053478002548218, 2.0770044326782227, 0.0, -1.0, 0.0, 0.0, 11.038381576538086, -11.969679832458496, 0.0, -15.70994758605957, -11.631224632263184, 0.0, 1397, 1338, 1384, 1391, -0.43889856338500977, 9.22633171081543, 0.0, 1.8053478002548218, 2.0770044326782227, -13.374164581298828, -0.0, -3.181488513946533, -16.555652618408203, 0.16922760009765625, 0.0, 12.869956970214844, 13.0391845703125)
(1.342740535736084, 2.3874335289001465, 0.0, -1.0, 0.0, 0.0, -4.717343330383301, -14.916244506835938, 0.0, -13.119346618652344, -13.369627952575684, 0.0, 1377, 1352, 1396, 1384, -12.192424774169922, 2.6355390548706055, 0.0, 1.342740535736084, 2.3874335289001465, -4.2010016441345215, -0.0, 1.0721601247787476, -3.1288414001464844, 0.773308277130127, 0.0, 8.473830223083496, 9.247138977050781)
(1.8578203916549683, 2.8818764686584473, 0.0, -1.0, 0.0, 0.0, 6.290289878845215, 36.30513000488281, 0.0, -16.003793716430664, -16.138507843017578, 0.0, 1301, 1371, 1346, 1483, 32.21842956542969, -3.741274833679199, 0.0, 1.8578203916549683, 2.8818764686584473, -11.147041320800781, -0.0, -5.746040344238281, -16.893081665039062, -26.221818923950195, 0.0, -25.635154724121094, -51.856971740722656)
(1.4512537717819214, 3.063875675201416, 0.0, -1.0, 0.0, 0.0, 3.1910533905029297, 5.526504039764404, 0.0, -13.727021217346191, -17.157703399658203, 0.0, 1362, 1362, 1367, 1419, 14.52082347869873, 50.060699462890625, 0.0, 1.4512537717819214, 3.063875675201416, -8.459037780761719, -0.0, -4.788020610809326, -13.247058868408203, -11.342103958129883, 0.0, -1.5976390838623047, -12.939743041992188)
(1.3214255571365356, 2.9421491622924805, 0.0, -1.0, 0.0, 0.0, -1.5723053216934204, 23.434900283813477, 0.0, -12.999982833862305, -16.47603416442871, 0.0, 1325, 1392, 1345, 1440, 11.722309112548828, 10.724268913269043, 0.0, 1.3214255571365356, 2.9421491622924805, -5.713838577270508, -0.0, -0.8909791707992554, -6.604817867279053, -19.955467224121094, 0.0, -20.52364158630371, -40.47911071777344)
(1.4238709211349487, 2.6596784591674805, 0.0, -1.0, 0.0, 0.0, -0.5188702344894409, -0.6872366666793823, 0.0, -13.573677062988281, -14.89419937133789, 0.0, 1324, 1317, 1425, 1436, 31.42152976989746, 11.552804946899414, 0.0, 1.4238709211349487, 2.6596784591674805, -6.527403354644775, -0.0, 1.8387742042541504, -4.688629150390625, -7.103481292724609, 0.0, 6.074571132659912, -1.0289101600646973)
(0.3286862373352051, 3.2029504776000977, 0.0, -1.0, 0.0, 0.0, 0.51929771900177, -5.801740646362305, 0.0, -7.440642833709717, -17.936521530151367, 0.0, 1353, 1343, 1301, 1313, -14.999700546264648, 6.760348320007324, 0.0, 0.3286862373352051, 3.2029504776000977, -3.9799702167510986, -0.0, -1.5534250736236572, -5.533395290374756, -6.067390441894531, 0.0, 5.453990459442139, -0.6133999824523926)
(1.538604736328125, 1.5718598365783691, 0.0, -1.0, 0.0, 0.0, -2.396732807159424, 2.9768855571746826, 0.0, -14.2161865234375, -8.802414894104004, 0.0, 1259, 1286, 1263, 1302, -5.795892715454102, 4.928435325622559, 0.0, 1.538604736328125, 1.5718598365783691, -5.909727096557617, -0.0, 3.0034263134002686, -2.9063007831573486, -5.889650344848633, 0.0, -10.783354759216309, -16.673004150390625)
(0.864006519317627, 2.283928155899048, 0.0, -1.0, 0.0, 0.0, 2.2597556114196777, 7.312763214111328, 0.0, -10.438436508178711, -12.789997100830078, 0.0, 1000, 1000, 1000, 1000, 2.7467689514160156, 0.9848489761352539, 0.0, 0.864006519317627, 2.283928155899048, -6.349096298217773, -0.0, -3.9988815784454346, -10.347977638244629, -10.051380157470703, 0.0, -8.906166076660156, -18.95754623413086)
(1.873226284980774, -1.2731599807739258, 0.0, 0.0, 0.0, 0.0, 10.03074836730957, 3.633373975753784, 0.0, -10.490067481994629, 7.129695892333984, 0.0, 1000, 1000, 1000, 1000, 3.377255439758301, -6.026146411895752, 0.0, 1.873226284980774, -1.2731599807739258, -10.260408401489258, -0.0, -2.5829591751098633, -12.843367576599121, 1.7481609582901, 0.0, -4.793487071990967, -3.0453262329101562)
(2.656014919281006, 0.5682540535926819, 0.0, -1.0, 0.0, 0.0, -1.3890992403030396, 5.38909912109375, 0.0, -20.473682403564453, -3.182222604751587, 0.0, 1000, 1000, 1000, 1000, 4.137588977813721, -2.4542272090911865, 0.0, 2.656014919281006, 0.5682540535926819, -9.542291641235352, -0.0, -0.2226695418357849, -9.764961242675781, -4.285660743713379, 0.0, 0.1527225524187088, -4.132938385009766)
(1.6273025274276733, 0.8145888447761536, 0.0, -1.0, 0.0, 0.0, -0.48833587765693665, 4.167725086212158, 0.0, -14.71289348602295, -4.561697483062744, 0.0, 1000, 1000, 1000, 1000, 0.8062384128570557, -3.646071434020996, 0.0, 1.6273025274276733, 0.8145888447761536, -7.112278938293457, -0.0, 0.8352550268173218, -6.277023792266846, -4.364711284637451, 0.0, -0.5060111284255981, -4.87072229385376)
(1.361595630645752, 1.1690038442611694, 0.0, 0.0, 0.0, 0.0, -4.992152690887451, 2.7020764350891113, 0.0, -13.224935531616211, -6.546421527862549, 0.0, 1000, 1000, 1000, 1000, 1.390929937362671, -1.878889560699463, 0.0, 1.361595630645752, 1.1690038442611694, -4.116391181945801, -0.0, 0.8215901255607605, -3.2948009967803955, -4.62424898147583, 0.0, 0.07396595925092697, -4.550282955169678)
(1.2156214714050293, 1.3963757753372192, 0.0, -1.0, 0.0, 0.0, 2.2750229835510254, 0.595206081867218, 0.0, -12.407480239868164, -7.819704055786133, 0.0, 1000, 1000, 1000, 1000, 0.5933884382247925, -0.9738831520080566, 0.0, 1.2156214714050293, 1.3963757753372192, -7.341251373291016, -0.0, 0.10180868953466415, -7.239442825317383, -4.207455158233643, 0.0, -0.3134804368019104, -4.520935535430908)
(1.2145640850067139, 1.6608362197875977, 0.0, -1.0, 0.0, 0.0, -1.7707786560058594, 4.274595260620117, 0.0, -12.401558876037598, -9.30068302154541, 0.0, 1000, 1000, 1000, 1000, 0.9052513837814331, -1.3333559036254883, 0.0, 1.2145640850067139, 1.6608362197875977, -5.315390110015869, -0.0, -0.17430266737937927, -5.489692687988281, -6.787639141082764, 0.0, 0.33469846844673157, -6.452940464019775)
(1.2419060468673706, 1.6214580535888672, 0.0, -1.0, 0.0, 0.0, -1.8776488304138184, 4.3051300048828125, 0.0, -12.554673194885254, -9.080164909362793, 0.0, 1000, 1000, 1000, 1000, 1.0932281017303467, -1.567471981048584, 0.0, 1.2419060468673706, 1.6214580535888672, -5.338512420654297, -0.0, -0.22986756265163422, -5.568379878997803, -6.692647457122803, 0.0, -0.38983890414237976, -7.082486152648926)
(0.7557529807090759, 1.574123740196228, 0.0, -1.0, 0.0, 0.0, -3.7707786560058594, 0.4730687141418457, 0.0, -9.832216262817383, -8.815093040466309, 0.0, 1000, 1000, 1000, 1000, 0.5268056392669678, -1.870150089263916, 0.0, 0.7557529807090759, 1.574123740196228, -3.0307188034057617, -0.0, 0.39294806122779846, -2.637770652770996, -4.644081115722656, 0.0, -0.5115839242935181, -5.155664920806885)
(0.09409897774457932, 1.693853497505188, 0.0, -1.0, 0.0, 0.0, 0.671969473361969, -0.09181679040193558, 0.0, -6.126954078674316, -9.485579490661621, 0.0, 1000, 1000, 1000, 1000, 0.6406567096710205, -0.5161952972412109, 0.0, 0.09409897774457932, 1.693853497505188, -3.3994617462158203, -0.0, 0.02188245579600334, -3.3775792121887207, -4.696881294250488, 0.0, 0.292531818151474, -4.404349327087402)
(-0.14288775622844696, 1.383463740348816, 0.0, -1.0, 0.0, 0.0, -2.396732807159424, -0.19868701696395874, 0.0, -4.79982852935791, -7.747396945953369, 0.0, 1000, 1000, 1000, 1000, 0.98995041847229, -1.646733283996582, 0.0, -0.14288775622844696, 1.383463740348816, -1.2015478610992432, -0.0, -0.007469651754945517, -1.2090175151824951, -3.774354934692383, 0.0, -0.6135396361351013, -4.387894630432129)
(0.32101863622665405, 1.3373385667800903, 0.0, -1.0, 0.0, 0.0, 8.626168251037598, 4.228794097900391, 0.0, -7.397704124450684, -7.489095687866211, 0.0, 1000, 1000, 1000, 1000, 2.9991159439086914, 2.8647713661193848, 0.0, 0.32101863622665405, 1.3373385667800903, -8.01193618774414, -0.0, -1.3727428913116455, -9.384678840637207, -5.858944892883301, 0.0, -1.2764424085617065, -7.135387420654297)
(4.421864986419678, -0.0074680158868432045, 0.0, -1.0, 0.0, 0.0, 8.137618064880371, -7.4811296463012695, 0.0, -30.362443923950195, 0.041820887476205826, 0.0, 1000, 1000, 1000, 1000, 5.074481010437012, -9.100839614868164, 0.0, 4.421864986419678, -0.0074680158868432045, -19.250030517578125, -0.0, 1.1554765701293945, -18.094554901123047, 3.7614753246307373, 0.0, 0.4593750834465027, 4.220850467681885)
(0.6315435767173767, 2.125795602798462, 0.0, -1.0, 0.0, 0.0, -14.747878074645996, 20.503602981567383, 0.0, -9.136643409729004, -11.904455184936523, 0.0, 1000, 1000, 1000, 1000, -0.40907812118530273, 0.12263202667236328, 0.0, 0.6315435767173767, 2.125795602798462, 2.805617332458496, -0.0, -1.7014895677566528, 1.1041277647018433, -16.204029083251953, 0.0, -1.6009944677352905, -17.805023193359375)
(4.002890110015869, 0.5940327048301697, 0.0, -1.0, 0.0, 0.0, 17.465862274169922, -17.618534088134766, 0.0, -28.016183853149414, -3.32658314704895, 0.0, 1000, 1000, 1000, 1000, -3.2935523986816406, -5.632529258728027, 0.0, 4.002890110015869, 0.5940327048301697, -22.741024017333984, -0.0, 1.687124252319336, -21.05389976501465, 7.145975589752197, 0.0, -2.4979665279388428, 4.648009300231934)
(4.742005348205566, 0.33514782786369324, 0.0, 0.0, 0.0, 0.0, -27.419633865356445, 9.236427307128906, 0.0, -26.55522918701172, -1.8768278360366821, 0.0, 1000, 1000, 1000, 1000, 6.789726257324219, -6.74562931060791, 0.0, 4.742005348205566, 0.33514782786369324, 0.4322023391723633, -0.0, 4.9988861083984375, 5.431088447570801, -5.5566277503967285, 0.0, -2.087364912033081, -7.6439924240112305)
(1.3443021774291992, -0.010168245062232018, 0.0, -1.0, 0.0, 0.0, -5.434900760650635, -29.023115158081055, 0.0, -13.128091812133789, 0.0569421723484993, 0.0, 1000, 1000, 1000, 1000, -0.1695704460144043, -4.647878646850586, 0.0, 1.3443021774291992, -0.010168245062232018, -3.846595525741577, -0.0, 0.5266214609146118, -3.319973945617676, 14.54002857208252, 0.0, -0.1343698501586914, 14.405658721923828)
(1.7177677154541016, -4.589449405670166, 0.0, -1.0, 0.0, 0.0, 7.435328006744385, -13.710137367248535, 0.0, -15.219498634338379, 25.700916290283203, 0.0, 1000, 1000, 1000, 1000, -1.2909607887268066, -6.285172462463379, 0.0, 1.7177677154541016, -4.589449405670166, -11.327413558959961, -0.0, -1.3397270441055298, -12.66714096069336, 19.70552635192871, 0.0, -0.527141809463501, 19.17838478088379)
(-2.7590088844299316, -6.571393966674805, 0.0, -1.0, 0.0, 0.0, -40.3661994934082, -24.35135841369629, 0.0, 9.850449562072754, 36.7998046875, 0.0, 1000, 1000, 1000, 1000, 4.377433776855469, -15.05489730834961, 0.0, -2.7590088844299316, -6.571393966674805, 25.10832405090332, -0.0, 11.82460880279541, 36.93293380737305, 30.575580596923828, 0.0, 0.6575550436973572, 31.233135223388672)
(-3.781508445739746, -6.768579959869385, 0.0, -1.0, 0.0, 0.0, 17.923877716064453, 15.450167655944824, 0.0, 15.576447486877441, 37.904048919677734, 0.0, 1000, 1000, 1000, 1000, -2.693418025970459, -18.52587127685547, 0.0, -3.781508445739746, -6.768579959869385, -1.1737151145935059, -0.0, -2.492938995361328, -3.666654109954834, 11.226940155029297, 0.0, -1.4111623764038086, 9.815777778625488)
(-2.5257604122161865, -5.595311164855957, 0.0, -1.0, 0.0, 0.0, -7.67917537689209, -5.084183216094971, 0.0, 8.544258117675781, 31.333742141723633, 0.0, 1000, 1000, 1000, 1000, -1.7949285507202148, -9.508800506591797, 0.0, -2.5257604122161865, -5.595311164855957, 8.111717224121094, -0.0, 0.8643730282783508, 8.976090431213379, 18.20896339416504, 0.0, 0.8554863333702087, 19.064449310302734)
(-3.9452757835388184, -6.83820915222168, 0.0, -1.0, 0.0, 0.0, 4.9162445068359375, 5.9081830978393555, 0.0, 16.49354362487793, 38.29397201538086, 0.0, 1000, 1000, 1000, 1000, -3.538741111755371, -11.432111740112305, 0.0, -3.9452757835388184, -6.83820915222168, 5.788649559020996, -0.0, -0.6304121613502502, 5.158237457275391, 16.192893981933594, 0.0, -0.707754909992218, 15.485138893127441)
(-3.7905919551849365, -6.652067184448242, 0.0, -1.0, 0.0, 0.0, -4.228794097900391, -2.6567022800445557, 0.0, 15.627314567565918, 37.2515754699707, 0.0, 1000, 1000, 1000, 1000, -4.331676483154297, -10.91317367553711, 0.0, -3.7905919551849365, -6.652067184448242, 9.928054809570312, -0.0, 0.00182013597805053, 9.929875373840332, 19.954139709472656, 0.0, 0.8691341280937195, 20.823274612426758)
(-3.6519711017608643, -6.477228164672852, 0.0, -1.0, 0.0, 0.0, 1.023114562034607, 2.503602981567383, 0.0, 14.851037979125977, 36.27247619628906, 0.0, 1000, 1000, 1000, 1000, -3.3655009269714355, -9.705570220947266, 0.0, -3.6519711017608643, -6.477228164672852, 6.913961887359619, -0.0, -2.981733798980713, 3.9322280883789062, 16.884437561035156, 0.0, 0.2037157267332077, 17.088153839111328)
(-3.4679067134857178, -6.282662391662598, 0.0, -1.0, 0.0, 0.0, -4.076122283935547, -0.8551755547523499, 0.0, 13.820277214050293, 35.18290710449219, 0.0, 1000, 1000, 1000, 1000, -0.6309287548065186, -7.394473075866699, 0.0, -3.4679067134857178, -6.282662391662598, 8.948200225830078, -0.0, -0.2749829888343811, 8.673216819763184, 18.019041061401367, 0.0, -0.8846050500869751, 17.134435653686523)
(-4.07555627822876, -6.9084577560424805, 0.0, -1.0, 0.0, 0.0, 4.931511402130127, -3.862809181213379, 0.0, 17.223114013671875, 38.68736267089844, 0.0, 1000, 1000, 1000, 1000, -0.4197862148284912, -8.8599853515625, 0.0, -4.07555627822876, -6.9084577560424805, 6.145801544189453, -0.0, 0.5503250956535339, 6.696126461029053, 21.27508544921875, 0.0, 1.2049565315246582, 22.48004150390625)
(-3.68699312210083, -6.4632344245910645, 0.0, 0.0, 0.0, 0.0, -1.7249771356582642, -1.3284580707550049, 0.0, 15.047161102294922, 36.19411087036133, 0.0, 1000, 1000, 1000, 1000, -4.394039154052734, -6.066218376159668, 0.0, -3.68699312210083, -6.4632344245910645, 8.386069297790527, -0.0, -1.26972496509552, 7.116344451904297, 18.76128387451172, 0.0, 1.092290997505188, 19.853574752807617)
(-4.013411998748779, -6.74216365814209, 0.0, -1.0, 0.0, 0.0, 1.8780763149261475, 3.6181068420410156, 0.0, 16.875106811523438, 37.7561149597168, 0.0, 1000, 1000, 1000, 1000, -2.9764838218688965, -9.638849258422852, 0.0, -4.013411998748779, -6.74216365814209, 7.4985151290893555, -0.0, -0.6260632872581482, 6.8724517822265625, 17.06900405883789, 0.0, -0.5225239992141724, 16.546480178833008)
(-4.348481178283691, -6.892792224884033, 0.0, -1.0, 0.0, 0.0, -8.80894660949707, -5.084183216094971, 0.0, 18.751493453979492, 38.59963607788086, 0.0, 1000, 1000, 1000, 1000, -2.4928946495056152, -12.443853378295898, 0.0, -4.348481178283691, -6.892792224884033, 13.780220031738281, -0.0, -0.42829006910324097, 13.351929664611816, 21.841909408569336, 0.0, -0.9898934960365295, 20.85201644897461)
(-4.668178558349609, -7.255186080932617, 0.0, -1.0, 0.0, 0.0, -2.4119999408721924, -2.076549530029297, 0.0, 20.541799545288086, 40.6290397644043, 0.0, 1000, 1000, 1000, 1000, -5.668205738067627, -11.623162269592285, 0.0, -4.668178558349609, -7.255186080932617, 11.476900100708008, -0.0, -1.177336573600769, 10.29956340789795, 21.352794647216797, 0.0, -0.23024903237819672, 21.12254524230957)
(-3.8459582328796387, -6.70706844329834, 0.0, -1.0, 0.0, 0.0, 3.786473274230957, 5.09902286529541, 0.0, 15.937365531921387, 37.5595817565918, 0.0, 1000, 1000, 1000, 1000, -1.5670971870422363, -8.884974479675293, 0.0, -3.8459582328796387, -6.70706844329834, 6.075446128845215, -0.0, -0.142599955201149, 5.9328460693359375, 16.23027992248535, 0.0, -0.06588023900985718, 16.164400100708008)
(-4.4883809089660645, -7.285236358642578, 0.0, -1.0, 0.0, 0.0, 4.3055572509765625, 4.152458190917969, 0.0, 19.53493309020996, 40.79732131958008, 0.0, 1000, 1000, 1000, 1000, -6.176711082458496, -9.343036651611328, 0.0, -4.4883809089660645, -7.285236358642578, 7.614687919616699, -0.0, -2.273574113845825, 5.341114044189453, 18.322431564331055, 0.0, -0.37577173113822937, 17.946659088134766)
(-4.179448127746582, -7.035318851470947, 0.0, -1.0, 0.0, 0.0, 0.5040305256843567, 2.060854911804199, 0.0, 17.804908752441406, 39.39778518676758, 0.0, 1000, 1000, 1000, 1000, -3.1566739082336426, -9.420610427856445, 0.0, -4.179448127746582, -7.035318851470947, 8.650439262390137, -0.0, 0.08021724224090576, 8.730656623840332, 18.66846466064453, 0.0, -0.05155569314956665, 18.61690902709961)
(-4.2478413581848145, -7.130768299102783, 0.0, -1.0, 0.0, 0.0, 0.5803664326667786, 1.5265038013458252, 0.0, 18.187911987304688, 39.93230056762695, 0.0, 1000, 1000, 1000, 1000, -2.3581795692443848, -10.31011962890625, 0.0, -4.2478413581848145, -7.130768299102783, 8.803772926330566, -0.0, -0.42509302496910095, 8.378680229187012, 19.202898025512695, 0.0, -0.008909564465284348, 19.193988800048828)
(-4.372331619262695, -7.187431812286377, 0.0, 0.0, 0.0, 0.0, -3.9539847373962402, -1.5269312858581543, 0.0, 24.485055923461914, 40.24961853027344, 0.0, 1000, 1000, 1000, 1000, -3.692256450653076, -10.599902153015137, 0.0, -4.372331619262695, -7.187431812286377, 14.219520568847656, -0.0, 2.6632816791534424, 16.882802963256836, 20.888275146484375, 0.0, 0.238518625497818, 21.126792907714844)
(-4.538881301879883, -7.335556507110596, 0.0, -1.0, 0.0, 0.0, -1.1906259059906006, 0.5188702344894409, 0.0, 19.81773567199707, 41.07911682128906, 0.0, 1000, 1000, 1000, 1000, -3.61025333404541, -10.532947540283203, 0.0, -4.538881301879883, -7.335556507110596, 10.504180908203125, -0.0, -0.019689034670591354, 10.484492301940918, 20.280122756958008, 0.0, 0.20455965399742126, 20.484682083129883)
(-4.64404821395874, -7.417879581451416, 0.0, -1.0, 0.0, 0.0, -1.2669618129730225, 0.3814656436443329, 0.0, 20.40666961669922, 41.54012680053711, 0.0, 1000, 1000, 1000, 1000, -3.8867011070251465, -10.49612808227539, 0.0, -4.64404821395874, -7.417879581451416, 10.83681583404541, -0.0, -0.3057398200035095, 10.531076431274414, 20.579330444335938, 0.0, 0.06151220574975014, 20.64084243774414)