
(-2.5158824920654297, -7.365851879119873, 0.0, 0.0, 0.0, 0.0, -0.5953893065452576, 1.1601221561431885, 0.0, 15.095294952392578, 44.19511032104492, 0.0, 1000, 1000, 1000, 1000, -2.5158824920654297, -7.365851879119873, 0.0, -2.5158824920654297, -7.365851879119873, 4.707205295562744, 0.0006276273634284735, 0.0, 4.7078328132629395, 12.910496711730957, 0.0017213996034115553, 0.0, 12.91221809387207)
(-2.5555968284606934, -7.23543119430542, 0.0, -1.0, 0.0, 0.0, -0.33584731817245483, 1.2975267171859741, 0.0, 9.33358097076416, 43.4125862121582, 0.0, 1000, 1000, 1000, 1000, -2.3444137573242188, -7.502896785736084, 0.0, -2.5555968284606934, -7.23543119430542, 2.9008283615112305, 0.15269796550273895, 0.0, 3.0535264015197754, 12.634517669677734, 0.04386710375547409, 0.0, 12.678384780883789)
(-2.602907180786133, -7.112929821014404, 0.0, -1.0, 0.0, 0.0, -0.38164886832237244, 1.251725196838379, 0.0, 9.617443084716797, 42.67757797241211, 0.0, 1000, 1000, 1000, 1000, -2.366581916809082, -7.948117733001709, 0.0, -2.602907180786133, -7.112929821014404, 2.999727725982666, 0.16305585205554962, 0.0, 3.16278338432312, 12.427756309509277, 0.08740446716547012, 0.0, 12.51516056060791)
(-2.6447765827178955, -6.992393970489502, 0.0, 0.0, 0.0, 0.0, -0.4121831953525543, 0.9616488814353943, 0.0, 15.868659973144531, 41.95436477661133, 0.0, 1000, 1000, 1000, 1000, -2.51930570602417, -7.49692964553833, 0.0, -2.6447765827178955, -6.992393970489502, 4.884253025054932, 0.17410345375537872, 0.0, 5.058356761932373, 12.297815322875977, 0.1301669031381607, 0.0, 12.427982330322266)
(-2.6899526119232178, -6.877295970916748, 0.0, -1.0, 0.0, 0.0, -0.3663816750049591, 0.9158473014831543, 0.0, 10.139715194702148, 41.26377487182617, 0.0, 1000, 1000, 1000, 1000, -2.409024715423584, -7.9545817375183105, 0.0, -2.6899526119232178, -6.877295970916748, 3.1518290042877197, 0.186436727643013, 0.0, 3.3382656574249268, 12.104377746582031, 0.17219063639640808, 0.0, 12.276568412780762)
(-2.7317285537719727, -6.773937225341797, 0.0, -1.0, 0.0, 0.0, -0.4427175521850586, 1.3433282375335693, 0.0, 10.390371322631836, 40.64362335205078, 0.0, 1000, 1000, 1000, 1000, -2.6920132637023926, -8.288138389587402, 0.0, -2.7317285537719727, -6.773937225341797, 3.2499265670776367, 0.1975737363100052, 0.0, 3.447500467300415, 11.790088653564453, 0.21355611085891724, 0.0, 12.003644943237305)
(-2.7957029342651367, -6.696532726287842, 0.0, -1.0, 0.0, 0.0, -0.5953893065452576, 0.9158473014831543, 0.0, 10.77421760559082, 40.179195404052734, 0.0, 1000, 1000, 1000, 1000, -1.9467369318008423, -7.898219585418701, 0.0, -2.7957029342651367, -6.696532726287842, 3.410881996154785, 0.2092462033033371, 0.0, 3.6201283931732178, 11.779004096984863, 0.25449424982070923, 0.0, 12.033498764038086)
(-2.884462833404541, -6.645694255828857, 0.0, -1.0, 0.0, 0.0, -1.9541679620742798, 0.1066870242357254, 0.0, 11.306777000427246, 39.87416458129883, 0.0, 1000, 1000, 1000, 1000, -3.452249526977539, -8.572307586669922, 0.0, -2.884462833404541, -6.645694255828857, 3.978283643722534, 0.22148221731185913, 0.0, 4.199765682220459, 11.930243492126465, 0.2941478490829468, 0.0, 12.22439193725586)
(-2.9867544174194336, -6.62577486038208, 0.0, -1.0, 0.0, 0.0, -4.061038017272949, -1.6795724630355835, 0.0, 11.920526504516602, 39.7546501159668, 0.0, 1000, 1000, 1000, 1000, -2.2011494636535645, -8.597543716430664, 0.0, -2.9867544174194336, -6.62577486038208, 4.794469356536865, 0.23443420231342316, 0.0, 5.028903484344482, 12.430267333984375, 0.33489614725112915, 0.0, 12.76516342163086)
(-3.148008346557617, -6.6638641357421875, 0.0, -1.0, 0.0, 0.0, 0.27483969926834106, -0.10705343633890152, 0.0, 12.888050079345703, 39.983184814453125, 0.0, 1000, 1000, 1000, 1000, -2.968109607696533, -6.8766303062438965, 0.0, -3.148008346557617, -6.6638641357421875, 3.783963203430176, 0.2523239254951477, 0.0, 4.036287307739258, 12.027070999145508, 0.37765181064605713, 0.0, 12.404723167419434)
(-3.1557135581970215, -6.565366744995117, 0.0, -1.0, 0.0, 0.0, -0.10683969408273697, 1.9387481212615967, 0.0, 12.934281349182129, 39.3922004699707, 0.0, 1000, 1000, 1000, 1000, 0.17620794475078583, -2.2972798347473145, 0.0, -3.1557135581970215, -6.565366744995117, 3.9123363494873047, 0.26644498109817505, 0.0, 4.178781509399414, 11.23603630065918, 0.41788506507873535, 0.0, 11.653921127319336)
(-3.5944840908050537, -6.746021270751953, 0.0, -1.0, 0.0, 0.0, -2.9770686626434326, -0.9620152711868286, 0.0, 15.566904067993164, 40.47612762451172, 0.0, 1000, 1000, 1000, 1000, -5.393522262573242, -7.050687313079834, 0.0, -3.5944840908050537, -6.746021270751953, 5.5631914138793945, 0.28519633412361145, 0.0, 5.848387718200684, 12.431443214416504, 0.460490882396698, 0.0, 12.891934394836426)
(-3.952026605606079, -7.0280561447143555, 0.0, -1.0, 0.0, 0.0, -4.839663982391357, -3.939114570617676, 0.0, 17.712160110473633, 42.1683349609375, 0.0, 1000, 1000, 1000, 1000, -3.5399794578552246, -11.296777725219727, 0.0, -3.952026605606079, -7.0280561447143555, 6.765547275543213, 0.3053858280181885, 0.0, 7.0709333419799805, 13.832234382629395, 0.5048034191131592, 0.0, 14.337038040161133)
(-4.420989513397217, -8.284159660339355, 0.0, -1.0, 0.0, 0.0, -3.2366106510162354, -21.42003059387207, 0.0, 20.525936126708984, 49.7049560546875, 0.0, 1000, 1000, 1000, 1000, -4.634671688079834, -8.633682250976562, 0.0, -4.420989513397217, -8.284159660339355, 7.1287641525268555, 0.330108106136322, 0.0, 7.458871841430664, 21.337495803833008, 0.5632634162902832, 0.0, 21.900758743286133)
(-5.129609107971191, -12.866997718811035, 0.0, -1.0, 0.0, 0.0, -8.396916389465332, -34.626136779785156, 0.0, 24.77765464782715, 77.20198822021484, 0.0, 1000, 1000, 1000, 1000, -2.9811253547668457, -19.532991409301758, 0.0, -5.129609107971191, -12.866997718811035, 9.952371597290039, 0.3615780472755432, 0.0, 10.313949584960938, 33.548439025878906, 0.6653868556022644, 0.0, 34.21382522583008)
(-5.357946395874023, -17.545608520507812, 0.0, -1.0, 0.0, 0.0, -2.8091297149658203, -32.24445724487305, 0.0, 26.14767837524414, 105.27365112304688, 0.0, 1000, 1000, 1000, 1000, -8.933405876159668, -17.221513748168945, 0.0, -5.357946395874023, -17.545608520507812, 8.687042236328125, 0.39059942960739136, 0.0, 9.077641487121582, 41.25543212890625, 0.7970921993255615, 0.0, 42.05252456665039)
(-5.973222255706787, -17.052255630493164, 0.0, -1.0, 0.0, 0.0, -8.732793807983398, 34.91584777832031, 0.0, 29.839332580566406, 102.31353759765625, 0.0, 1000, 1000, 1000, 1000, -4.013747215270996, -10.34072494506836, 0.0, -5.973222255706787, -17.052255630493164, 11.571638107299805, 0.42394816875457764, 0.0, 11.995586395263672, 20.21930694580078, 0.9047608375549316, 0.0, 21.124067306518555)
(-5.807564735412598, -12.712563514709473, 0.0, -1.0, 0.0, 0.0, 1.587816834449768, 28.76317596435547, 0.0, 28.845388412475586, 76.27538299560547, 0.0, 1000, 1000, 1000, 1000, 3.5676374435424805, -17.875112533569336, 0.0, -5.807564735412598, -12.712563514709473, 8.177271842956543, 0.4539027512073517, 0.0, 8.631174087524414, 14.253662109375, 0.9587069153785706, 0.0, 15.212368965148926)
(-5.872084140777588, -14.923961639404297, 0.0, -1.0, 0.0, 0.0, -3.5877556800842285, -27.129953384399414, 0.0, 29.232505798339844, 89.54376983642578, 0.0, 1000, 1000, 1000, 1000, -1.404053807258606, -23.287235260009766, 0.0, -5.872084140777588, -14.923961639404297, 9.846078872680664, 0.4849214255809784, 0.0, 10.331000328063965, 35.00211715698242, 1.0585731267929077, 0.0, 36.06068801879883)
(-5.9745049476623535, -19.365449905395508, 0.0, -1.0, 0.0, 0.0, 1.6641526222229004, -33.67957305908203, 0.0, 29.847030639648438, 116.19270324707031, 0.0, 1000, 1000, 1000, 1000, -7.4538164138793945, -27.830280303955078, 0.0, -5.9745049476623535, -19.365449905395508, 8.454863548278809, 0.5186237096786499, 0.0, 8.97348690032959, 44.96168518066406, 1.198115587234497, 0.0, 46.1598014831543)
(-5.114932537078857, -27.209369659423828, 0.0, -1.0, 0.0, 0.0, -7.95416784286499, -61.374229431152344, 0.0, 24.689594268798828, 163.2562255859375, 0.0, 1000, 1000, 1000, 1000, -11.282425880432129, -39.467445373535156, 0.0, -5.114932537078857, -27.209369659423828, 9.79312801361084, 0.539692759513855, 0.0, 10.332820892333984, 67.3891372680664, 1.4028637409210205, 0.0, 68.79199981689453)
(-7.135138034820557, -25.057357788085938, 0.0, -1.0, 0.0, 0.0, -14.656457901000977, 68.44256591796875, 0.0, 36.810829162597656, 150.34414672851562, 0.0, 1000, 1000, 1000, 1000, -5.657079696655273, -29.41423988342285, 0.0, -7.135138034820557, -25.057357788085938, 15.440185546875, 0.5877777934074402, 0.0, 16.027963638305664, 24.57047462463379, 1.5534297227859497, 0.0, 26.123903274536133)
(-7.958622932434082, -15.866174697875977, 0.0, -1.0, 0.0, 0.0, -0.2900457978248596, 63.16012191772461, 0.0, 41.751739501953125, 95.19705200195312, 0.0, 1000, 1000, 1000, 1000, -7.525754928588867, -14.194271087646484, 0.0, -7.958622932434082, -15.866174697875977, 12.61253547668457, 0.6366044878959656, 0.0, 13.249140739440918, 9.611079216003418, 1.6039413213729858, 0.0, 11.215020179748535)
(-5.690527439117432, -8.657438278198242, 0.0, -1.0, 0.0, 0.0, 34.427513122558594, 61.29752731323242, 0.0, 28.143165588378906, 51.94462966918945, 0.0, 1000, 1000, 1000, 1000, 2.5864410400390625, -7.8138556480407715, 0.0, -5.690527439117432, -8.657438278198242, -1.8853042125701904, 0.6583192348480225, -0.0, -1.2269850969314575, -2.8058693408966064, 1.621443510055542, -0.0, -1.1844258308410645)
(-0.746845543384552, -3.7411844730377197, 0.0, -1.0, 0.0, 0.0, 35.4809455871582, 14.747908592224121, 0.0, -1.518926739692688, 22.447107315063477, 0.0, 1000, 1000, 1000, 1000, -0.28451284766197205, -0.5048507452011108, 0.0, -0.746845543384552, -3.7411844730377197, -11.09996223449707, 0.6356368064880371, -0.0, -10.464325904846191, 2.3097596168518066, 1.6175638437271118, 0.0, 3.927323341369629)
(2.761725902557373, -2.4928877353668213, 0.0, -1.0, 0.0, 0.0, 6.290106773376465, 3.8776793479919434, 0.0, -22.570354461669922, 14.957326889038086, 0.0, 1000, 1000, 1000, 1000, 9.565069198608398, -0.9690512418746948, 0.0, 2.761725902557373, -2.4928877353668213, -8.658138275146484, 0.5935265421867371, -0.0, -8.06461238861084, 3.3238940238952637, 1.624784231185913, 0.0, 4.948678493499756)
(1.0658267736434937, -1.6353826522827148, 0.0, -1.0, 0.0, 0.0, -21.404550552368164, 13.938748359680176, 0.0, -12.394960403442383, 9.812295913696289, 0.0, 1000, 1000, 1000, 1000, 4.44035005569458, -2.5518383979797363, 0.0, 1.0658267736434937, -1.6353826522827148, 2.7028770446777344, 0.588351845741272, 0.0, 3.291229009628296, -1.2379357814788818, 1.6309330463409424, -0.0, 0.3929973840713501)
(-1.1767598390579224, 1.4774513244628906, 0.0, -1.0, 0.0, 0.0, -17.343481063842773, 25.312793731689453, 0.0, 1.0605590343475342, -8.864707946777344, 0.0, 1000, 1000, 1000, 1000, 1.8925312757492065, -1.2629276514053345, 0.0, -1.1767598390579224, 1.4774513244628906, 5.521211624145508, 0.6010733842849731, 0.0, 6.12228536605835, -10.253250122070312, 1.6059906482696533, -0.0, -8.647259712219238)
(-2.1342813968658447, 3.0982730388641357, 0.0, -1.0, 0.0, 0.0, -1.3434809446334839, 3.221190929412842, 0.0, 6.805688381195068, -18.589637756347656, 0.0, 1000, 1000, 1000, 1000, 0.6655678153038025, 3.550436019897461, 0.0, -2.1342813968658447, 3.0982730388641357, 2.4447507858276367, 0.616207480430603, 0.0, 3.06095814704895, -6.543248653411865, 1.5774571895599365, -0.0, -4.965791702270508)
(-2.1733789443969727, 2.632800579071045, 0.0, 0.0, 0.0, 0.0, 2.4885802268981934, -6.717740535736084, 0.0, 13.040273666381836, -15.79680347442627, 0.0, 1000, 1000, 1000, 1000, -0.6474254727363586, 0.37364187836647034, 0.0, -2.1733789443969727, 2.632800579071045, 3.1655077934265137, 0.6270840167999268, 0.0, 3.7925920486450195, -2.7237191200256348, 1.5618929862976074, -0.0, -1.1618261337280273)
(-0.6252698302268982, 2.042971611022949, 0.0, -1.0, 0.0, 0.0, 18.442779541015625, -3.4505648612976074, 0.0, -2.2483811378479004, -12.257829666137695, 0.0, 1000, 1000, 1000, 1000, -0.4762762486934662, -0.5096639394760132, 0.0, -0.6252698302268982, 2.042971611022949, -6.207347869873047, 0.6195056438446045, -0.0, -5.5878424644470215, -2.642179250717163, 1.5507643222808838, -0.0, -1.0914150476455688)
(3.6284868717193604, 2.096787214279175, 0.0, -1.0, 0.0, 0.0, 54.35117721557617, 3.52653431892395, 0.0, -27.77092170715332, -12.58072280883789, 0.0, 1000, 1000, 1000, 1000, 2.7621548175811768, 0.4083932936191559, 0.0, 3.6284868717193604, 2.096787214279175, -24.63663101196289, 0.5715060830116272, -0.0, -24.06512451171875, -4.83217716217041, 1.5370264053344727, -0.0, -3.2951509952545166)
(13.939624786376953, 1.5394136905670166, 0.0, -1.0, 0.0, 0.0, 87.80155944824219, -10.29025936126709, 0.0, -89.63774871826172, -9.236482620239258, 0.0, 1000, 1000, 1000, 1000, 16.080183029174805, 0.37904492020606995, 0.0, 13.939624786376953, 1.5394136905670166, -53.231788635253906, 0.4295027256011963, -0.0, -52.80228805541992, 0.3161330223083496, 1.5288456678390503, 0.0, 1.8449786901474)
(24.002288818359375, 0.8108806014060974, 0.0, -1.0, 0.0, 0.0, 55.2977409362793, 4.045618534088135, 0.0, -150.01373291015625, -4.865283489227295, 0.0, 1000, 1000, 1000, 1000, 29.252605438232422, -2.404919147491455, 0.0, 24.002288818359375, 0.8108806014060974, -61.59344482421875, 0.2226046770811081, -0.0, -61.3708381652832, -2.6732707023620605, 1.5275006294250488, -0.0, -1.1457699537277222)
(28.531869888305664, 1.2227376699447632, 0.0, 0.0, 0.0, 0.0, 16.671785354614258, -0.48873281478881836, 0.0, -171.19122314453125, -7.33642578125, 0.0, 1000, 1000, 1000, 1000, 33.677490234375, -0.6496254205703735, 0.0, 28.531869888305664, 1.2227376699447632, -56.35890197753906, 0.015972843393683434, -0.0, -56.34292984008789, -2.0543079376220703, 1.5164588689804077, -0.0, -0.5378490090370178)
(30.654449462890625, 1.1141128540039062, 0.0, -1.0, 0.0, 0.0, 15.786290168762207, 0.04561832174658775, 0.0, -189.92669677734375, -6.6846771240234375, 0.0, 1000, 1000, 1000, 1000, 34.968589782714844, -1.7720426321029663, 0.0, 30.654449462890625, 1.1141128540039062, -61.71389389038086, -0.187541663646698, -0.0, -61.90143585205078, -2.0190887451171875, 1.509386420249939, -0.0, -0.509702205657959)
(33.12567901611328, 0.9815304279327393, 0.0, -1.0, 0.0, 0.0, 14.885526657104492, -2.610870122909546, 0.0, -204.7540740966797, -5.8891825675964355, 0.0, 1000, 1000, 1000, 1000, 36.81337356567383, -1.6460880041122437, 0.0, 33.12567901611328, 0.9815304279327393, -65.89188385009766, -0.4193094074726105, -0.0, -66.31118774414062, -0.9834937453269958, 1.5026538372039795, -0.0, 0.5191600918769836)
(34.870758056640625, 0.8731610774993896, 0.0, -1.0, 0.0, 0.0, 8.7175874710083, 1.2669923305511475, 0.0, -215.22454833984375, -5.238966464996338, 0.0, 1000, 1000, 1000, 1000, 38.64965057373047, -1.3545092344284058, 0.0, 34.870758056640625, 0.8731610774993896, -67.1826400756836, -0.650612473487854, -0.0, -67.833251953125, -1.9517875909805298, 1.4970544576644897, -0.0, -0.45473313331604004)
(35.89265060424805, 0.8690622448921204, 0.0, -1.0, 0.0, 0.0, 3.0992672443389893, 2.610503911972046, 0.0, -221.35589599609375, -5.214373588562012, 0.0, 1000, 1000, 1000, 1000, 41.58066940307617, -2.459913730621338, 0.0, 35.89265060424805, 0.8690622448921204, -67.3365478515625, -0.884353756904602, -0.0, -68.22090148925781, -2.347463369369507, 1.4905295372009277, -0.0, -0.8569337725639343)
(36.12269973754883, 1.3903065919876099, 0.0, -1.0, 0.0, 0.0, -2.0610382556915283, 3.1295878887176514, 0.0, -222.7362060546875, -8.341839790344238, 0.0, 1000, 1000, 1000, 1000, 41.025997161865234, -1.5691014528274536, 0.0, 36.12269973754883, 1.3903065919876099, -66.20255279541016, -1.1154725551605225, -0.0, -67.31802368164062, -3.4414284229278564, 1.4770386219024658, -0.0, -1.9643898010253906)
(36.351741790771484, 1.5741037130355835, 0.0, -1.0, 0.0, 0.0, 0.015297709964215755, 1.175389289855957, 0.0, -224.11044311523438, -9.444622039794922, 0.0, 1000, 1000, 1000, 1000, 40.19306182861328, -0.5964809656143188, 0.0, 36.351741790771484, 1.5741037130355835, -67.23772430419922, -1.3536384105682373, -0.0, -68.59136199951172, -3.1860034465789795, 1.4647712707519531, -0.0, -1.7212321758270264)
(36.18794631958008, 1.5326154232025146, 0.0, -1.0, 0.0, 0.0, -4.381649017333984, 2.9769160747528076, 0.0, -223.127685546875, -9.19569206237793, 0.0, 1000, 1000, 1000, 1000, 40.03493118286133, -0.18779262900352478, 0.0, 36.18794631958008, 1.5326154232025146, -65.62380981445312, -1.5924811363220215, -0.0, -67.21629333496094, -3.651782512664795, 1.4541010856628418, -0.0, -2.197681427001953)
(35.61519241333008, 1.5547592639923096, 0.0, -1.0, 0.0, 0.0, -5.709893226623535, -4.00018310546875, 0.0, -219.691162109375, -9.328556060791016, 0.0, 1000, 1000, 1000, 1000, 38.840965270996094, -0.9172126054763794, 0.0, 35.61519241333008, 1.5547592639923096, -64.19438171386719, -1.816620945930481, -0.0, -66.01100158691406, -1.5985119342803955, 1.4427168369293213, -0.0, -0.15579508244991302)
(35.79447555541992, 1.3497322797775269, 0.0, -1.0, 0.0, 0.0, 3.3435420989990234, 3.0227174758911133, 0.0, -220.766845703125, -8.098393440246582, 0.0, 1000, 1000, 1000, 1000, 39.17981719970703, -1.8082727193832397, 0.0, 35.79447555541992, 1.3497322797775269, -67.23311614990234, -2.0451056957244873, -0.0, -69.2782211303711, -3.3363332748413086, 1.4345691204071045, -0.0, -1.901764154434204)
(35.508392333984375, 1.4292913675308228, 0.0, -1.0, 0.0, 0.0, -12.931266784667969, 4.274625778198242, 0.0, -219.05035400390625, -8.575748443603516, 0.0, 1000, 1000, 1000, 1000, 39.15903091430664, -0.2789851129055023, 0.0, 35.508392333984375, 1.4292913675308228, -61.835723876953125, -2.280067205429077, -0.0, -64.11579132080078, -3.855112314224243, 1.4237127304077148, -0.0, -2.4313995838165283)
(34.01719284057617, 1.5781854391098022, 0.0, -1.0, 0.0, 0.0, -8.732793807983398, 0.8395114541053772, 0.0, -210.1031494140625, -9.469112396240234, 0.0, 1000, 1000, 1000, 1000, 38.25689697265625, -2.547240734100342, 0.0, 34.01719284057617, 1.5781854391098022, -60.411109924316406, -2.4862425327301025, -0.0, -62.8973503112793, -3.0925872325897217, 1.4115211963653564, -0.0, -1.6810660362243652)
(34.074405670166016, 1.4547158479690552, 0.0, -1.0, 0.0, 0.0, 4.33590841293335, -0.36659541726112366, 0.0, -210.44644165039062, -8.72829532623291, 0.0, 1000, 1000, 1000, 1000, 36.9454460144043, -2.372770309448242, 0.0, 34.074405670166016, 1.4547158479690552, -64.43470764160156, -2.703125, -0.0, -67.13783264160156, -2.508510112762451, 1.401531457901001, -0.0, -1.1069785356521606)
(34.42682647705078, 1.1714907884597778, 0.0, -1.0, 0.0, 0.0, -0.5037862658500671, -0.32079389691352844, 0.0, -212.5609588623047, -7.028944969177246, 0.0, 1000, 1000, 1000, 1000, 36.79380416870117, -2.501904249191284, 0.0, 34.42682647705078, 1.1714907884597778, -63.61715316772461, -2.9336767196655273, -0.0, -66.55082702636719, -2.0124452114105225, 1.393833875656128, -0.0, -0.6186113953590393)
(34.28155517578125, 1.3062888383865356, 0.0, -1.0, 0.0, 0.0, -4.427450180053711, 2.4883663654327393, 0.0, -211.6893310546875, -7.837733268737793, 0.0, 1000, 1000, 1000, 1000, 37.10448455810547, -1.6712771654129028, 0.0, 34.28155517578125, 1.3062888383865356, -62.178565979003906, -3.1525027751922607, -0.0, -65.33106994628906, -3.097829818725586, 1.3830666542053223, -0.0, -1.7147631645202637)
(33.82017517089844, 1.3233169317245483, 0.0, -1.0, 0.0, 0.0, -2.992335796356201, 0.7784427404403687, 0.0, -208.92105102539062, -7.939901351928711, 0.0, 1000, 1000, 1000, 1000, 36.03007125854492, -1.451076865196228, 0.0, 33.82017517089844, 1.3233169317245483, -61.77861404418945, -3.374614715576172, -0.0, -65.15322875976562, -2.6155030727386475, 1.3729801177978516, -0.0, -1.2425230741500854)
(33.71315383911133, 1.235304832458496, 0.0, -1.0, 0.0, 0.0, -0.10683969408273697, 0.7784427404403687, 0.0, -208.2789306640625, -7.411828994750977, 0.0, 1000, 1000, 1000, 1000, 35.67381286621094, -2.4392969608306885, 0.0, 33.71315383911133, 1.235304832458496, -62.45162582397461, -3.586700201034546, -0.0, -66.038330078125, -2.4570813179016113, 1.364329218864441, -0.0, -1.09275221824646)
(34.03917694091797, 1.2417954206466675, 0.0, -1.0, 0.0, 0.0, 2.4122443199157715, 0.7326412200927734, 0.0, -210.2350616455078, -7.450772285461426, 0.0, 1000, 1000, 1000, 1000, 36.650184631347656, -2.255317449569702, 0.0, 34.03917694091797, 1.2417954206466675, -63.794193267822266, -3.8057000637054443, -0.0, -67.59989166259766, -2.455024003982544, 1.3549047708511353, -0.0, -1.1001192331314087)
(34.421382904052734, 1.3648409843444824, 0.0, -1.0, 0.0, 0.0, 0.30537405610084534, 1.9387481212615967, 0.0, -212.52828979492188, -8.189045906066895, 0.0, 1000, 1000, 1000, 1000, 37.271873474121094, -2.4013607501983643, 0.0, 34.421382904052734, 1.3648409843444824, -63.85009765625, -4.036105632781982, -0.0, -67.8862075805664, -3.0383381843566895, 1.3438936471939087, -0.0, -1.6944446563720703)
(34.46879577636719, 1.4115134477615356, 0.0, -1.0, 0.0, 0.0, -1.8320305347442627, 1.251725196838379, 0.0, -212.81277465820312, -8.469080924987793, 0.0, 1000, 1000, 1000, 1000, 36.96487808227539, -1.6590977907180786, 0.0, 34.46879577636719, 1.4115134477615356, -63.29422378540039, -4.256606101989746, -0.0, -67.55082702636719, -2.9162418842315674, 1.3333667516708374, -0.0, -1.58287513256073)
(34.198490142822266, 1.2285935878753662, 0.0, -1.0, 0.0, 0.0, -4.549587726593018, -0.6872060894966125, 0.0, -211.19094848632812, -7.371561527252197, 0.0, 1000, 1000, 1000, 1000, 36.203277587890625, -3.449134349822998, 0.0, 34.198490142822266, 1.2285935878753662, -61.992408752441406, -4.474078178405762, -0.0, -66.46648406982422, -2.0053064823150635, 1.3240165710449219, -0.0, -0.6812899708747864)
(33.520111083984375, 1.232603669166565, 0.0, 0.0, 0.0, 0.0, -5.6946258544921875, 2.778442859649658, 0.0, -201.12066650390625, -7.395622253417969, 0.0, 1000, 1000, 1000, 1000, 35.68213653564453, -2.82265043258667, 0.0, 33.520111083984375, 1.232603669166565, -58.627811431884766, -4.682727336883545, -0.0, -63.31053924560547, -3.0522193908691406, 1.3150676488876343, -0.0, -1.7371517419815063)
(33.211605072021484, 1.164101004600525, 0.0, -1.0, 0.0, 0.0, 1.160335898399353, 1.709740400314331, 0.0, -205.26962280273438, -6.98460578918457, 0.0, 1000, 1000, 1000, 1000, 34.462318420410156, -2.661670446395874, 0.0, 33.211605072021484, 1.164101004600525, -61.92898941040039, -4.893196105957031, -0.0, -66.82218170166016, -2.608304023742676, 1.3066685199737549, -0.0, -1.3016353845596313)
(33.55367660522461, 1.0885695219039917, 0.0, -1.0, 0.0, 0.0, 0.442778617143631, 0.9616488814353943, 0.0, -207.32205200195312, -6.531416893005371, 0.0, 1000, 1000, 1000, 1000, 35.660438537597656, -2.3570423126220703, 0.0, 33.55367660522461, 1.0885695219039917, -62.32944869995117, -5.118028163909912, -0.0, -67.44747924804688, -2.247919797897339, 1.2983524799346924, -0.0, -0.9495671987533569)
(33.48286437988281, 1.1478195190429688, 0.0, -1.0, 0.0, 0.0, -2.8701984882354736, 1.5570687055587769, 0.0, -206.89718627929688, -6.8869171142578125, 0.0, 1000, 1000, 1000, 1000, 35.595272064208984, -1.7722278833389282, 0.0, 33.48286437988281, 1.1478195190429688, -61.208099365234375, -5.332237243652344, -0.0, -66.54033660888672, -2.533195734024048, 1.2893489599227905, -0.0, -1.2438467741012573)
(33.20899200439453, 1.1422861814498901, 0.0, -1.0, 0.0, 0.0, -2.8701984882354736, 1.8166106939315796, 0.0, -205.2539520263672, -6.853716850280762, 0.0, 1000, 1000, 1000, 1000, 35.434627532958984, -2.790558099746704, 0.0, 33.20899200439453, 1.1422861814498901, -60.715126037597656, -5.543381690979004, -0.0, -66.25850677490234, -2.60109806060791, 1.2807241678237915, -0.0, -1.3203740119934082)
(32.84922409057617, 0.9504938125610352, 0.0, 0.0, 0.0, 0.0, -2.6564579010009766, 0.5952366590499878, 0.0, -197.0953369140625, -5.702962875366211, 0.0, 1000, 1000, 1000, 1000, 34.767059326171875, -3.2225418090820312, 0.0, 32.84922409057617, 0.9504938125610352, -58.331661224365234, -5.750488758087158, -0.0, -64.0821533203125, -1.8894598484039307, 1.2739815711975098, -0.0, -0.6154783368110657)
(32.834651947021484, 0.8415665030479431, 0.0, -1.0, 0.0, 0.0, 0.7023206353187561, -1.1452213525772095, 0.0, -203.00790405273438, -5.049398899078369, 0.0, 1000, 1000, 1000, 1000, 34.42369842529297, -1.621939778327942, 0.0, 32.834651947021484, 0.8415665030479431, -61.113067626953125, -5.9601850509643555, -0.0, -67.07324981689453, -1.1712533235549927, 1.2676609754562378, -0.0, 0.09640771150588989)
(32.54194641113281, 0.5645840764045715, 0.0, -1.0, 0.0, 0.0, -5.358747959136963, 2.28989315032959, 0.0, -201.25167846679688, -3.3875045776367188, 0.0, 1000, 1000, 1000, 1000, 34.21278381347656, -3.414268970489502, 0.0, 32.54194641113281, 0.5645840764045715, -58.767879486083984, -6.175999164581299, -0.0, -64.94387817382812, -1.7032192945480347, 1.263791561126709, -0.0, -0.43942782282829285)
(32.2569580078125, 0.6965184211730957, 0.0, -1.0, 0.0, 0.0, 1.5114809274673462, 1.8624122142791748, 0.0, -199.541748046875, -4.179110527038574, 0.0, 1000, 1000, 1000, 1000, 33.578277587890625, -3.499612808227539, 0.0, 32.2569580078125, 0.6965184211730957, -60.31596755981445, -6.381050109863281, -0.0, -66.69701385498047, -1.8124568462371826, 1.255984902381897, -0.0, -0.5564720034599304)
(32.898433685302734, 0.9446365833282471, 0.0, -1.0, 0.0, 0.0, 3.57254958152771, 2.1677558422088623, 0.0, -203.39059448242188, -5.667819499969482, 0.0, 1000, 1000, 1000, 1000, 34.62973403930664, -2.6619925498962402, 0.0, 32.898433685302734, 0.9446365833282471, -62.08894348144531, -6.6030097007751465, -0.0, -68.69195556640625, -2.350672483444214, 1.2470080852508545, -0.0, -1.103664517402649)
(32.96454620361328, 0.9777474403381348, 0.0, 0.0, 0.0, 0.0, -3.496152639389038, 1.8624122142791748, 0.0, -197.7872772216797, -5.866484642028809, 0.0, 1000, 1000, 1000, 1000, 34.76323699951172, -2.159318447113037, 0.0, 32.96454620361328, 0.9777474403381348, -58.28733825683594, -6.82138729095459, -0.0, -65.10872650146484, -2.318669080734253, 1.2389129400253296, -0.0, -1.0797561407089233)
(32.49287414550781, 0.9812122583389282, 0.0, -1.0, 0.0, 0.0, -3.8778321743011475, 0.33569467067718506, 0.0, -200.95724487304688, -5.887273788452148, 0.0, 1000, 1000, 1000, 1000, 34.258548736572266, -3.0395946502685547, 0.0, 32.49287414550781, 0.9812122583389282, -59.12382125854492, -7.026209831237793, -0.0, -66.15003204345703, -1.866890549659729, 1.2309696674346924, -0.0, -0.6359208226203918)
(32.3382568359375, 1.0379468202590942, 0.0, -1.0, 0.0, 0.0, 0.2443053424358368, 2.3051602840423584, 0.0, -200.029541015625, -6.2276811599731445, 0.0, 1000, 1000, 1000, 1000, 33.71363830566406, -2.099158525466919, 0.0, 32.3382568359375, 1.0379468202590942, -60.0821533203125, -7.232619762420654, -0.0, -67.31477355957031, -2.5598526000976562, 1.2227522134780884, -0.0, -1.3371002674102783)
(32.455902099609375, 0.9687047004699707, 0.0, -1.0, 0.0, 0.0, 0.12216793745756149, 0.6868396997451782, 0.0, -200.73541259765625, -5.812228202819824, 0.0, 1000, 1000, 1000, 1000, 33.57670974731445, -2.463623046875, 0.0, 32.455902099609375, 0.9687047004699707, -60.25727081298828, -7.449449062347412, -0.0, -67.70671844482422, -1.9497203826904297, 1.214185357093811, -0.0, -0.7355350255966187)
(32.523590087890625, 1.1921085119247437, 0.0, -1.0, 0.0, 0.0, -0.7327938675880432, 1.2059236764907837, 0.0, -201.14154052734375, -7.152650833129883, 0.0, 1000, 1000, 1000, 1000, 33.795684814453125, -2.7819206714630127, 0.0, 32.523590087890625, 1.1921085119247437, -60.12262725830078, -7.658535480499268, -0.0, -67.78115844726562, -2.5075724124908447, 1.2040355205535889, -0.0, -1.3035368919372559)
(32.638973236083984, 0.9485762715339661, 0.0, 0.0, 0.0, 0.0, 2.671786308288574, 0.32042747735977173, 0.0, -195.83383178710938, -5.691457748413086, 0.0, 1000, 1000, 1000, 1000, 34.096107482910156, -3.6403470039367676, 0.0, 32.638973236083984, 0.9485762715339661, -59.55168533325195, -7.867701530456543, -0.0, -67.41938781738281, -1.803565502166748, 1.1976622343063354, -0.0, -0.6059033274650574)
(33.0390739440918, 0.9232328534126282, 0.0, -1.0, 0.0, 0.0, 0.5191144943237305, 1.8624122142791748, 0.0, -204.23443603515625, -5.539397239685059, 0.0, 1000, 1000, 1000, 1000, 34.489723205566406, -2.5025200843811035, 0.0, 33.0390739440918, 0.9232328534126282, -61.42606735229492, -8.079089164733887, -0.0, -69.50515747070312, -2.2205429077148438, 1.1903969049453735, -0.0, -1.0301460027694702)
(32.719974517822266, 1.0748540163040161, 0.0, -1.0, 0.0, 0.0, -5.618289947509766, 2.534168004989624, 0.0, -202.31985473632812, -6.449124336242676, 0.0, 1000, 1000, 1000, 1000, 34.223087310791016, -2.701350688934326, 0.0, 32.719974517822266, 1.0748540163040161, -59.01047134399414, -8.295746803283691, -0.0, -67.30622100830078, -2.6949877738952637, 1.179927945137024, -0.0, -1.5150598287582397)
(32.18314743041992, 1.0035098791122437, 0.0, -1.0, 0.0, 0.0, -3.1908092498779297, -0.06125190854072571, 0.0, -199.098876953125, -6.021059036254883, 0.0, 1000, 1000, 1000, 1000, 33.40285873413086, -2.2482149600982666, 0.0, 32.18314743041992, 1.0035098791122437, -58.77241897583008, -8.499375343322754, -0.0, -67.27179718017578, -1.7879420518875122, 1.1722207069396973, -0.0, -0.6157213449478149)
(31.932424545288086, 0.9926630854606628, 0.0, -1.0, 0.0, 0.0, -3.923633575439453, 1.6181373596191406, 0.0, -197.59454345703125, -5.9559783935546875, 0.0, 1000, 1000, 1000, 1000, 33.28560256958008, -3.162837505340576, 0.0, 31.932424545288086, 0.9926630854606628, -58.10127258300781, -8.703186988830566, -0.0, -66.80445861816406, -2.2722346782684326, 1.1646684408187866, -0.0, -1.107566237449646)
(31.3029842376709, 0.6290191411972046, 0.0, -1.0, 0.0, 0.0, -2.8091297149658203, -0.7177404761314392, 0.0, -193.81790161132812, -3.7741148471832275, 0.0, 1000, 1000, 1000, 1000, 31.612768173217773, -3.7451939582824707, 0.0, 31.3029842376709, 0.6290191411972046, -57.30263137817383, -8.901187896728516, -0.0, -66.20381927490234, -0.916912317276001, 1.160632610321045, -0.0, 0.24372027814388275)
(31.89788055419922, 0.8535194396972656, 0.0, -1.0, 0.0, 0.0, 8.6107177734375, 7.068519115447998, 0.0, -197.3872833251953, -5.121116638183594, 0.0, 1000, 1000, 1000, 1000, 32.42979049682617, -2.4720020294189453, 0.0, 31.89788055419922, 0.8535194396972656, -61.799400329589844, -9.113155364990234, -0.0, -70.91255187988281, -3.656890869140625, 1.1526579856872559, -0.0, -2.504232883453369)
(32.73650360107422, 1.5334296226501465, 0.0, -1.0, 0.0, 0.0, 1.8320915699005127, 3.068519115447998, 0.0, -202.4190216064453, -9.200577735900879, 0.0, 1000, 1000, 1000, 1000, 34.81473922729492, -1.1680530309677124, 0.0, 32.73650360107422, 1.5334296226501465, -61.275333404541016, -9.327873229980469, -0.0, -70.60321044921875, -3.6807289123535156, 1.1369572877883911, -0.0, -2.543771743774414)
(32.748661041259766, 1.348999261856079, 0.0, -1.0, 0.0, 0.0, -0.5495877861976624, -0.7635419964790344, 0.0, -202.49197387695312, -8.093996047973633, 0.0, 1000, 1000, 1000, 1000, 33.582340240478516, -2.01279354095459, 0.0, 32.748661041259766, 1.348999261856079, -60.58271408081055, -9.537961959838867, -0.0, -70.12067413330078, -2.199136257171631, 1.1278462409973145, -0.0, -1.0712900161743164)
(32.81295394897461, 1.0137879848480225, 0.0, -1.0, 0.0, 0.0, -0.5801221132278442, -1.2062901258468628, 0.0, -202.87771606445312, -6.082727909088135, 0.0, 1000, 1000, 1000, 1000, 34.60784149169922, -3.4515557289123535, 0.0, 32.81295394897461, 1.0137879848480225, -60.68927764892578, -9.748730659484863, -0.0, -70.4380111694336, -1.4629312753677368, 1.1215136051177979, -0.0, -0.34141775965690613)
(33.02428436279297, 0.9062464237213135, 0.0, -1.0, 0.0, 0.0, 1.3740763664245605, 3.068519115447998, 0.0, -204.1457061767578, -5.437478542327881, 0.0, 1000, 1000, 1000, 1000, 34.46110534667969, -2.9071078300476074, 0.0, 33.02428436279297, 0.9062464237213135, -61.65593338012695, -9.969522476196289, -0.0, -71.62545776367188, -2.5517992973327637, 1.1146814823150635, -0.0, -1.4371178150177002)
(33.031883239746094, 1.0052638053894043, 0.0, -1.0, 0.0, 0.0, -2.1984426975250244, 2.350961923599243, 0.0, -204.19129943847656, -6.031582832336426, 0.0, 1000, 1000, 1000, 1000, 34.33366394042969, -2.569330930709839, 0.0, 33.031883239746094, 1.0052638053894043, -60.59785842895508, -10.178664207458496, -0.0, -70.77651977539062, -2.514763355255127, 1.1063356399536133, -0.0, -1.4084277153015137)
(32.678199768066406, 1.003400206565857, 0.0, -1.0, 0.0, 0.0, -3.4808855056762695, 0.7784427404403687, 0.0, -202.06919860839844, -6.0204010009765625, 0.0, 1000, 1000, 1000, 1000, 33.97123336791992, -2.772674798965454, 0.0, 32.678199768066406, 1.003400206565857, -59.57649612426758, -10.386679649353027, -0.0, -69.96317291259766, -2.0396530628204346, 1.0984278917312622, -0.0, -0.9412252902984619)
(32.509788513183594, 0.9814656972885132, 0.0, -1.0, 0.0, 0.0, 0.10690076649188995, 0.4272977113723755, 0.0, -201.05873107910156, -5.8887939453125, 0.0, 1000, 1000, 1000, 1000, 32.990333557128906, -2.34893798828125, 0.0, 32.509788513183594, 0.9814656972885132, -60.34968948364258, -10.594282150268555, -0.0, -70.9439697265625, -1.8948274850845337, 1.0908595323562622, -0.0, -0.8039679527282715)
(32.6106071472168, 0.8151219487190247, 0.0, -1.0, 0.0, 0.0, 0.5191144943237305, -1.6337709426879883, 0.0, -201.66363525390625, -4.8907318115234375, 0.0, 1000, 1000, 1000, 1000, 33.326690673828125, -2.7169318199157715, 0.0, 32.6106071472168, 0.8151219487190247, -60.65482711791992, -10.812103271484375, -0.0, -71.46692657470703, -0.9770882725715637, 1.0848348140716553, -0.0, 0.10774657875299454)
(32.69970703125, 0.389779657125473, 0.0, -1.0, 0.0, 0.0, 0.15270228683948517, 0.25935879349708557, 0.0, -202.1982421875, -2.3386778831481934, 0.0, 1000, 1000, 1000, 1000, 33.87720489501953, -4.122094631195068, 0.0, 32.69970703125, 0.389779657125473, -60.70528030395508, -11.022435188293457, -0.0, -71.72771453857422, -0.7794110178947449, 1.0830597877502441, -0.0, 0.30364876985549927)
(32.72736740112305, 0.3056645691394806, 0.0, -1.0, 0.0, 0.0, -0.03050381690263748, 2.0761525630950928, 0.0, -202.36419677734375, -1.8339874744415283, 0.0, 1000, 1000, 1000, 1000, 34.29995346069336, -3.548752784729004, 0.0, 32.72736740112305, 0.3056645691394806, -60.70010757446289, -11.230603218078613, -0.0, -71.93070983886719, -1.1730420589447021, 1.079037070274353, -0.0, -0.09400489926338196)
(32.6014289855957, 0.23688898980617523, 0.0, -1.0, 0.0, 0.0, -5.95416784286499, -2.427664041519165, 0.0, -201.60858154296875, -1.421333909034729, 0.0, 1000, 1000, 1000, 1000, 34.57237243652344, -3.8499999046325684, 0.0, 32.6014289855957, 0.23688898980617523, -58.696327209472656, -11.43936824798584, -0.0, -70.13569641113281, 0.3018990457057953, 1.0761537551879883, 0.0, 1.378052830696106)
(31.537155151367188, -0.16301429271697998, 0.0, -1.0, 0.0, 0.0, -6.90073299407959, 0.9769160151481628, 0.0, -195.22293090820312, 0.9780857563018799, 0.0, 1000, 1000, 1000, 1000, 32.239925384521484, -4.058021068572998, 0.0, 31.537155151367188, -0.16301429271697998, -56.49666213989258, -11.644502639770508, -0.0, -68.14116668701172, 0.0003509223461151123, 1.077840805053711, 0.0, 1.0781917572021484)
(31.33559226989746, -0.1473093032836914, 0.0, -1.0, 0.0, 0.0, 2.854992389678955, 3.037984848022461, 0.0, -194.0135498046875, 0.8838558197021484, 0.0, 1000, 1000, 1000, 1000, 32.73722839355469, -4.256453990936279, 0.0, 31.33559226989746, -0.1473093032836914, -59.06056213378906, -11.844250679016113, -0.0, -70.90481567382812, -0.6462386846542358, 1.0769741535186768, -0.0, 0.43073540925979614)
(31.701276779174805, 0.06476049870252609, 0.0, -1.0, 0.0, 0.0, -1.2366106510162354, 3.5112671852111816, 0.0, -196.20765686035156, -0.38856297731399536, 0.0, 1000, 1000, 1000, 1000, 32.79701232910156, -3.3628082275390625, 0.0, 31.701276779174805, 0.06476049870252609, -58.491310119628906, -12.050097465515137, -0.0, -70.54141235351562, -1.1699490547180176, 1.0739188194274902, -0.0, -0.09603020548820496)
(31.14361572265625, 0.2958511710166931, 0.0, -1.0, -1.0, 0.0, -5.114473342895508, 2.9005801677703857, 0.0, -192.8616943359375, -7.775106906890869, 0.0, 1000, 1000, 1000, 1000, 32.24223327636719, -4.121903896331787, 0.0, 31.14361572265625, 0.2958511710166931, -56.32416534423828, -12.245661735534668, -0.0, -68.56983184814453, -3.2027060985565186, 1.069150447845459, -0.0, -2.1335556507110596)
(31.0803165435791, 0.2967444062232971, 0.0, -1.0, 0.0, 0.0, 3.2977404594421387, 1.709740400314331, 0.0, -192.48190307617188, -1.7804664373397827, 0.0, 1000, 1000, 1000, 1000, 32.33852005004883, -3.3500285148620605, 0.0, 31.0803165435791, 0.2967444062232971, -58.73389434814453, -12.444620132446289, -0.0, -71.17851257324219, -1.0470620393753052, 1.0648561716079712, -0.0, 0.017794186249375343)
(31.637523651123047, 0.25635161995887756, 0.0, -1.0, 0.0, 0.0, 3.435145139694214, 2.2288243770599365, 0.0, -195.82513427734375, -1.5381097793579102, 0.0, 1000, 1000, 1000, 1000, 32.462120056152344, -3.019310474395752, 0.0, 31.637523651123047, 0.25635161995887756, -59.77808380126953, -12.650623321533203, -0.0, -72.4287109375, -1.130080223083496, 1.0620789527893066, -0.0, -0.06800127029418945)
(31.56239891052246, 0.2411431074142456, 0.0, -1.0, 0.0, 0.0, -2.854931354522705, 2.137221336364746, 0.0, -195.3743896484375, -1.4468586444854736, 0.0, 1000, 1000, 1000, 1000, 33.403717041015625, -4.123952388763428, 0.0, 31.56239891052246, 0.2411431074142456, -57.755836486816406, -12.861217498779297, -0.0, -70.61705780029297, -1.0752240419387817, 1.0588918924331665, -0.0, -0.016332147642970085)
(31.460756301879883, 0.30516260862350464, 0.0, -1.0, 0.0, 0.0, -0.6564580202102661, -0.8398778438568115, 0.0, -194.76454162597656, -1.8309756517410278, 0.0, 1000, 1000, 1000, 1000, 32.497562408447266, -3.9864349365234375, 0.0, 31.460756301879883, 0.30516260862350464, -58.232421875, -13.062664985656738, -0.0, -71.29508972167969, -0.2973293364048004, 1.0538678169250488, -0.0, 0.756538450717926)
(31.379661560058594, 0.4294133484363556, 0.0, 0.0, 0.0, 0.0, -2.3053128719329834, 2.8089771270751953, 0.0, -188.27796936035156, -2.5764801502227783, 0.0, 1000, 1000, 1000, 1000, 32.32088851928711, -3.9257922172546387, 0.0, 31.379661560058594, 0.4294133484363556, -55.79179763793945, -13.262056350708008, -0.0, -69.0538558959961, -1.6156370639801025, 1.0492727756500244, -0.0, -0.5663642883300781)
(31.16229820251465, 0.46224546432495117, 0.0, -1.0, 0.0, 0.0, -1.068671703338623, 2.6868395805358887, 0.0, -192.97378540039062, -2.773472785949707, 0.0, 1000, 1000, 1000, 1000, 32.14186096191406, -3.257622718811035, 0.0, 31.16229820251465, 0.46224546432495117, -57.571537017822266, -13.46023178100586, -0.0, -71.03176879882812, -1.6380937099456787, 1.0447697639465332, -0.0, -0.5933239459991455)
(31.191850662231445, 0.35034680366516113, 0.0, -1.0, 0.0, 0.0, 1.6794198751449585, 0.8547786474227905, 0.0, -193.15110778808594, -2.102080821990967, 0.0, 1000, 1000, 1000, 1000, 31.367197036743164, -3.5311331748962402, 0.0, 31.191850662231445, 0.35034680366516113, -58.44915771484375, -13.660841941833496, -0.0, -72.11000061035156, -0.887057900428772, 1.0414965152740479, -0.0, 0.1544385850429535)
(31.86643409729004, 0.41611385345458984, 0.0, -1.0, 0.0, 0.0, 5.6946868896484375, 1.404396891593933, 0.0, -197.1986083984375, -2.496683120727539, 0.0, 1000, 1000, 1000, 1000, 32.7523193359375, -2.9322280883789062, 0.0, 31.86643409729004, 0.41611385345458984, -60.86798858642578, -13.876465797424316, -0.0, -74.74445343017578, -1.1703240871429443, 1.0369935035705566, -0.0, -0.13333050906658173)
(32.71117401123047, 0.4213069677352905, 0.0, -1.0, -1.0, 0.0, 5.465679168701172, 2.67157244682312, 0.0, -202.2670440673828, -8.527841567993164, 0.0, 1000, 1000, 1000, 1000, 34.842933654785156, -3.4723944664001465, 0.0, 32.71117401123047, 0.4213069677352905, -62.31981658935547, -14.090378761291504, -0.0, -76.41019439697266, -3.3598241806030273, 1.0327218770980835, -0.0, -2.3271024227142334)
(32.9757194519043, 0.43713632225990295, 0.0, 0.0, 0.0, 0.0, -2.42745041847229, 1.1448549032211304, 0.0, -197.85430908203125, -2.6228179931640625, 0.0, 1000, 1000, 1000, 1000, 34.33631896972656, -3.4565935134887695, 0.0, 32.9757194519043, 0.43713632225990295, -58.62805938720703, -14.302894592285156, -0.0, -72.93095397949219, -1.1303019523620605, 1.0277292728424072, -0.0, -0.10257265716791153)
(32.583003997802734, 0.3011961877346039, 0.0, -1.0, 0.0, 0.0, -3.1297404766082764, 0.36622899770736694, 0.0, -201.49801635742188, -1.8071770668029785, 0.0, 1000, 1000, 1000, 1000, 33.41371154785156, -2.8097586631774902, 0.0, 32.583003997802734, 0.3011961877346039, -59.51048278808594, -14.507811546325684, -0.0, -74.01829528808594, -0.6520218253135681, 1.0250784158706665, -0.0, 0.3730565309524536)
(32.44270706176758, 0.245443195104599, 0.0, -1.0, 0.0, 0.0, -0.42745038866996765, 1.4654656648635864, 0.0, -200.65625, -1.4726591110229492, 0.0, 1000, 1000, 1000, 1000, 33.83993148803711, -3.7148561477661133, 0.0, 32.44270706176758, 0.245443195104599, -60.068641662597656, -14.71520709991455, -0.0, -74.78385162353516, -0.8814374208450317, 1.0224345922470093, -0.0, 0.14099723100662231)
(32.47073745727539, 0.16620206832885742, 0.0, -1.0, 0.0, 0.0, -0.7785954475402832, 1.5723358392715454, 0.0, -200.82443237304688, -0.9972124099731445, 0.0, 1000, 1000, 1000, 1000, 33.636329650878906, -3.5822501182556152, 0.0, 32.47073745727539, 0.16620206832885742, -60.01375198364258, -14.923667907714844, -0.0, -74.93741607666016, -0.7708644270896912, 1.0203890800476074, -0.0, 0.24952465295791626)
(32.32577133178711, 0.2521500885486603, 0.0, -1.0, 0.0, 0.0, -3.2060763835906982, 1.4196641445159912, 0.0, -199.95462036132812, -1.5129005908966064, 0.0, 1000, 1000, 1000, 1000, 33.404747009277344, -2.7614493370056152, 0.0, 32.32577133178711, 0.2521500885486603, -59.024566650390625, -15.130642890930176, -0.0, -74.15520477294922, -0.8797694444656372, 1.0168699026107788, -0.0, 0.13710051774978638)
(31.989959716796875, 0.3514251708984375, 0.0, -1.0, 0.0, 0.0, -1.9236335754394531, -0.41239693760871887, 0.0, -197.93975830078125, -2.108551025390625, 0.0, 1000, 1000, 1000, 1000, 32.59724044799805, -3.228548526763916, 0.0, 31.989959716796875, 0.3514251708984375, -58.804840087890625, -15.334522247314453, -0.0, -74.13935852050781, -0.5088462233543396, 1.0128041505813599, -0.0, 0.5039579272270203)
(32.32296371459961, 0.22676511108875275, 0.0, -1.0, 0.0, 0.0, 5.75575590133667, 2.5952365398406982, 0.0, -199.93777465820312, -1.3605906963348389, 0.0, 1000, 1000, 1000, 1000, 33.160736083984375, -2.614027500152588, 0.0, 32.32296371459961, 0.22676511108875275, -61.70805740356445, -15.54123592376709, -0.0, -77.24929809570312, -1.1867481470108032, 1.0107463598251343, -0.0, -0.17600183188915253)
(33.40481948852539, 0.07081928104162216, 0.0, -1.0, 0.0, 0.0, 8.122167587280273, -1.6032366752624512, 0.0, -206.42892456054688, -0.4249156713485718, 0.0, 1000, 1000, 1000, 1000, 34.869117736816406, -2.6650729179382324, 0.0, 33.40481948852539, 0.07081928104162216, -64.36532592773438, -15.760573387145996, -0.0, -80.12590026855469, 0.3534963130950928, 1.0094573497772217, 0.0, 1.3629536628723145)
(33.917259216308594, -0.22302742302417755, 0.0, -1.0, 0.0, 0.0, -1.877832055091858, 0.8089771270751953, 0.0, -209.50355529785156, 1.3381645679473877, 0.0, 1000, 1000, 1000, 1000, 34.98052978515625, -3.5085463523864746, 0.0, 33.917259216308594, -0.22302742302417755, -62.287715911865234, -15.981226921081543, -0.0, -78.2689437866211, 0.15875622630119324, 1.0109153985977173, 0.0, 1.1696715354919434)
(33.47077941894531, -0.02574802190065384, 0.0, -1.0, 0.0, 0.0, -2.534320592880249, 1.6486717462539673, 0.0, -206.82467651367188, 0.15448813140392303, 0.0, 1000, 1000, 1000, 1000, 34.74708557128906, -3.624598503112793, 0.0, 33.47077941894531, -0.02574802190065384, -61.287109375, -16.201919555664062, -0.0, -77.48902893066406, -0.44825509190559387, 1.0076637268066406, -0.0, 0.5594086647033691)
(33.67839050292969, -0.07803422212600708, 0.0, -1.0, 0.0, 0.0, 3.7252213954925537, 0.9921832084655762, 0.0, -208.07034301757812, 0.4682053327560425, 0.0, 1000, 1000, 1000, 1000, 35.22356414794922, -3.803959369659424, 0.0, 33.67839050292969, -0.07803422212600708, -63.53866958618164, -16.41835594177246, -0.0, -79.95702362060547, -0.1571933627128601, 1.0069502592086792, -0.0, 0.8497568964958191)
(33.92845916748047, -0.3071732819080353, 0.0, -1.0, 0.0, 0.0, -2.534320592880249, 1.5570687055587769, 0.0, -209.5707550048828, 1.8430397510528564, 0.0, 1000, 1000, 1000, 1000, 34.814788818359375, -4.657021999359131, 0.0, 33.92845916748047, -0.3071732819080353, -62.110931396484375, -16.635643005371094, -0.0, -78.74657440185547, 0.08579131215810776, 1.0085817575454712, 0.0, 1.0943729877471924)
(33.44329833984375, -0.07294195145368576, 0.0, -1.0, 0.0, 0.0, -3.465618371963501, 2.137221336364746, 0.0, -206.6597900390625, 0.43765169382095337, 0.0, 1000, 1000, 1000, 1000, 35.149478912353516, -2.7268447875976562, 0.0, 33.44329833984375, -0.07294195145368576, -60.958251953125, -16.847658157348633, -0.0, -77.805908203125, -0.5098708868026733, 1.0063598155975342, -0.0, 0.4964889585971832)
(33.4036865234375, -0.15436798334121704, 0.0, -1.0, 0.0, 0.0, 1.3740763664245605, 0.3051603138446808, 0.0, -206.422119140625, 0.9262079000473022, 0.0, 1000, 1000, 1000, 1000, 34.418495178222656, -3.9863576889038086, 0.0, 33.4036865234375, -0.15436798334121704, -62.3388557434082, -17.0612735748291, -0.0, -79.40013122558594, 0.18631428480148315, 1.0061651468276978, 0.0, 1.1924794912338257)
(33.419620513916016, -0.02737504430115223, 0.0, -1.0, 0.0, 0.0, -4.290045738220215, 4.900579929351807, 0.0, -206.51773071289062, 0.16425026953220367, 0.0, 1000, 1000, 1000, 1000, 34.096397399902344, -3.7606406211853027, 0.0, 33.419620513916016, -0.02737504430115223, -60.66830825805664, -17.276241302490234, -0.0, -77.94454956054688, -1.4208989143371582, 1.0044846534729004, -0.0, -0.4164142608642578)
(32.89362335205078, 0.2792356610298157, 0.0, -1.0, 0.0, 0.0, -1.9083664417266846, 1.9692823886871338, 0.0, -203.3617401123047, -1.675413966178894, 0.0, 1000, 1000, 1000, 1000, 33.620174407958984, -3.604302406311035, 0.0, 32.89362335205078, 0.2792356610298157, -60.436012268066406, -17.484285354614258, -0.0, -77.92029571533203, -1.0934088230133057, 0.999567985534668, -0.0, -0.09384087473154068)
(33.06229782104492, 0.14917977154254913, 0.0, 0.0, 0.0, 0.0, 1.0687328577041626, -0.16812214255332947, 0.0, -198.373779296875, -0.8950786590576172, 0.0, 1000, 1000, 1000, 1000, 34.08867645263672, -3.5351128578186035, 0.0, 33.06229782104492, 0.14917977154254913, -59.8327522277832, -17.695051193237305, -0.0, -77.52780151367188, -0.21808694303035736, 0.997698187828064, -0.0, 0.7796112298965454)
(32.93217468261719, 0.15642383694648743, 0.0, -1.0, 0.0, 0.0, -3.4350838661193848, 1.5876030921936035, 0.0, -203.59304809570312, -0.9385430216789246, 0.0, 1000, 1000, 1000, 1000, 33.98302459716797, -2.580779552459717, 0.0, 32.93217468261719, 0.15642383694648743, -60.047386169433594, -17.904966354370117, -0.0, -77.95235443115234, -0.7578438520431519, 0.9953387379646301, -0.0, 0.23749488592147827)
(32.51409149169922, 0.0830959677696228, 0.0, -1.0, 0.0, 0.0, -2.0457708835601807, 0.4730992317199707, 0.0, -201.0845489501953, -0.4985758066177368, 0.0, 1000, 1000, 1000, 1000, 33.543792724609375, -3.3480329513549805, 0.0, 32.51409149169922, 0.0830959677696228, -59.711631774902344, -18.111568450927734, -0.0, -77.82319641113281, -0.2915025055408478, 0.992734432220459, -0.0, 0.7012318968772888)
(32.45503616333008, 0.09933141618967056, 0.0, -1.0, 0.0, 0.0, -1.694625973701477, 2.7937099933624268, 0.0, -200.730224609375, -0.5959885120391846, 0.0, 1000, 1000, 1000, 1000, 33.176055908203125, -3.6690573692321777, 0.0, 32.45503616333008, 0.09933141618967056, -59.71067810058594, -18.31970977783203, -0.0, -78.03038787841797, -1.0169095993041992, 0.9907837510108948, -0.0, -0.026125799864530563)
(31.997066497802734, 0.37988418340682983, 0.0, -1.0, 0.0, 0.0, -4.595389366149902, 3.602870225906372, 0.0, -197.98239135742188, -2.2793049812316895, 0.0, 1000, 1000, 1000, 1000, 33.14778518676758, -2.3379244804382324, 0.0, 31.997066497802734, 0.37988418340682983, -58.0161018371582, -18.53089714050293, -0.0, -76.5469970703125, -1.7646526098251343, 0.9855530261993408, -0.0, -0.7790995836257935)
(31.868024826049805, 0.2617473304271698, 0.0, 0.0, 0.0, 0.0, 2.106900691986084, -2.8856794834136963, 0.0, -191.20814514160156, -1.570483922958374, 0.0, 1000, 1000, 1000, 1000, 32.172454833984375, -3.4301862716674805, 0.0, 31.868024826049805, 0.2617473304271698, -57.99451446533203, -18.733732223510742, -0.0, -76.7282485961914, 0.3945586681365967, 0.9828641414642334, 0.0, 1.37742280960083)
(32.14448165893555, 0.08935832232236862, 0.0, -1.0, 0.0, 0.0, 0.5038473010063171, 1.05325186252594, 0.0, -198.86688232421875, -0.5361499190330505, 0.0, 1000, 1000, 1000, 1000, 33.06456756591797, -3.5647497177124023, 0.0, 32.14448165893555, 0.08935832232236862, -59.81121826171875, -18.94757843017578, -0.0, -78.75879669189453, -0.47682052850723267, 0.9819805026054382, -0.0, 0.5051600337028503)
(32.20022964477539, 0.17731912434101105, 0.0, -1.0, 0.0, 0.0, 0.580183207988739, 2.030351161956787, 0.0, -199.20138549804688, -1.0639147758483887, 0.0, 1000, 1000, 1000, 1000, 32.89329528808594, -2.8418922424316406, 0.0, 32.20022964477539, 0.17731912434101105, -59.934471130371094, -19.154640197753906, -0.0, -79.089111328125, -0.9282797574996948, 0.9782198071479797, -0.0, 0.04994000494480133)
(32.39467239379883, 0.19967502355575562, 0.0, -1.0, 0.0, 0.0, 1.1298015117645264, 0.5647022724151611, 0.0, -200.3680419921875, -1.1980501413345337, 0.0, 1000, 1000, 1000, 1000, 33.97758865356445, -2.730367660522461, 0.0, 32.39467239379883, 0.19967502355575562, -60.44935607910156, -19.3634090423584, -0.0, -79.81275939941406, -0.5288257002830505, 0.9754271507263184, -0.0, 0.44660139083862305)
(32.447383880615234, 0.03730234131217003, 0.0, -1.0, 0.0, 0.0, -1.1755419969558716, -0.41239693760871887, 0.0, -200.68429565429688, -0.22381404042243958, 0.0, 1000, 1000, 1000, 1000, 33.20552062988281, -3.3995800018310547, 0.0, 32.447383880615234, 0.03730234131217003, -59.85262680053711, -19.58002281188965, -0.0, -79.43264770507812, 0.05657486990094185, 0.9744317531585693, 0.0, 1.0310065746307373)
(32.27525329589844, -0.08277090638875961, 0.0, -1.0, 0.0, 0.0, -1.3282136917114258, 0.44256487488746643, 0.0, -199.65151977539062, 0.4966254234313965, 0.0, 1000, 1000, 1000, 1000, 33.16401672363281, -3.774320602416992, 0.0, 32.27525329589844, -0.08277090638875961, -59.49699020385742, -19.786340713500977, -0.0, -79.28333282470703, 0.016218164935708046, 0.9741300344467163, 0.0, 0.9903481602668762)
(32.296695709228516, -0.15434931218624115, 0.0, -1.0, 0.0, 0.0, 0.6717862486839294, 1.2059236764907837, 0.0, -199.78018188476562, 0.9260958433151245, 0.0, 1000, 1000, 1000, 1000, 33.13547134399414, -3.1651663780212402, 0.0, 32.296695709228516, -0.15434931218624115, -60.135589599609375, -19.991762161254883, -0.0, -80.12734985351562, -0.08394835144281387, 0.9740535020828247, -0.0, 0.8901051878929138)
(32.354957580566406, -0.1886172592639923, 0.0, -1.0, 0.0, 0.0, -0.3969160318374634, 1.4654656648635864, 0.0, -200.12974548339844, 1.1317036151885986, 0.0, 1000, 1000, 1000, 1000, 33.98474884033203, -3.8348445892333984, 0.0, 32.354957580566406, -0.1886172592639923, -59.91984939575195, -20.19996452331543, -0.0, -80.11981201171875, -0.10012861341238022, 0.9739782810211182, -0.0, 0.873849630355835)
(32.42755126953125, -0.19977645576000214, 0.0, -1.0, 0.0, 0.0, 0.885526716709137, 0.8853129744529724, 0.0, -200.5653076171875, 1.1986587047576904, 0.0, 1000, 1000, 1000, 1000, 33.31632995605469, -3.5167202949523926, 0.0, 32.42755126953125, -0.19977645576000214, -60.43524932861328, -20.416378021240234, -0.0, -80.85163116455078, 0.09400372207164764, 0.9738622307777405, 0.0, 1.0678659677505493)
(32.58500289916992, -0.36961573362350464, 0.0, -1.0, 0.0, 0.0, 0.39697709679603577, -0.10705343633890152, 0.0, -201.510009765625, 2.2176942825317383, 0.0, 1000, 1000, 1000, 1000, 33.9498405456543, -4.0481343269348145, 0.0, 32.58500289916992, -0.36961573362350464, -60.57209396362305, -20.62635612487793, -0.0, -81.19844818115234, 0.6974243521690369, 0.975445568561554, 0.0, 1.6728699207305908)
(32.5456428527832, -0.5971993803977966, 0.0, -1.0, 0.0, 0.0, -1.7098931074142456, -1.2215572595596313, 0.0, -201.27386474609375, 3.5831961631774902, 0.0, 1000, 1000, 1000, 1000, 34.07244873046875, -4.526494979858398, 0.0, 32.5456428527832, -0.5971993803977966, -59.86919021606445, -20.835189819335938, -0.0, -80.70437622070312, 1.4414260387420654, 0.9787250757217407, 0.0, 2.4201509952545166)
(32.611576080322266, -0.7051491141319275, 0.0, -1.0, 0.0, 0.0, 1.236671805381775, 2.0914199352264404, 0.0, -201.66946411132812, 4.230894565582275, 0.0, 1000, 1000, 1000, 1000, 33.494873046875, -4.770864486694336, 0.0, 32.611576080322266, -0.7051491141319275, -60.87184143066406, -21.042673110961914, -0.0, -81.91452026367188, 0.6418423652648926, 0.9813308119773865, 0.0, 1.6231732368469238)
(32.77828598022461, -0.6228851079940796, 0.0, -1.0, 0.0, 0.0, 3.05343528452795e-05, 2.1677558422088623, 0.0, -202.66970825195312, 3.7373106479644775, 0.0, 1000, 1000, 1000, 1000, 33.515506744384766, -3.970095634460449, 0.0, 32.77828598022461, -0.6228851079940796, -60.80092239379883, -21.262081146240234, -0.0, -82.06300354003906, 0.47086644172668457, 0.9834576845169067, 0.0, 1.4543241262435913)
(32.78307342529297, -0.5532241463661194, 0.0, -1.0, 0.0, 0.0, -0.7175267338752747, 2.106687068939209, 0.0, -202.6984405517578, 3.319344997406006, 0.0, 1000, 1000, 1000, 1000, 33.81889343261719, -3.864968776702881, 0.0, 32.78307342529297, -0.5532241463661194, -60.59427261352539, -21.472576141357422, -0.0, -82.06684875488281, 0.3637973666191101, 0.9851766228675842, 0.0, 1.3489739894866943)
(32.86520767211914, -0.5982410311698914, 0.0, -1.0, 0.0, 0.0, 0.39697709679603577, 0.04561832174658775, 0.0, -203.19125366210938, 3.5894460678100586, 0.0, 1000, 1000, 1000, 1000, 33.851104736328125, -3.8499999046325684, 0.0, 32.86520767211914, -0.5982410311698914, -61.07646942138672, -21.68370819091797, -0.0, -82.76017761230469, 1.0631483793258667, 0.9876043200492859, 0.0, 2.050752639770508)
(32.848445892333984, -0.6628148555755615, 0.0, -1.0, 0.0, 0.0, -1.5419541597366333, 2.3662290573120117, 0.0, -203.09066772460938, 3.976889133453369, 0.0, 1000, 1000, 1000, 1000, 34.043212890625, -4.176340579986572, 0.0, 32.848445892333984, -0.6628148555755615, -60.4646110534668, -21.894498825073242, -0.0, -82.3591079711914, 0.48319801688194275, 0.9906952977180481, 0.0, 1.4738932847976685)
(32.732627868652344, -0.5659880638122559, 0.0, 0.0, 0.0, 0.0, -0.3663816750049591, 0.030351145192980766, 0.0, -196.39576721191406, 3.395928382873535, 0.0, 1000, 1000, 1000, 1000, 33.594512939453125, -3.577348232269287, 0.0, 32.732627868652344, -0.5659880638122559, -58.808815002441406, -22.101245880126953, -0.0, -80.91006469726562, 1.0096731185913086, 0.9921795725822449, 0.0, 2.0018527507781982)
(32.780616760253906, -0.6867697834968567, 0.0, -1.0, 0.0, 0.0, -0.7785954475402832, 0.2288244217634201, 0.0, -202.68370056152344, 4.12061882019043, 0.0, 1000, 1000, 1000, 1000, 33.89142990112305, -4.302298069000244, 0.0, 32.780616760253906, -0.6867697834968567, -60.571533203125, -22.319730758666992, -0.0, -82.89126586914062, 1.1675382852554321, 0.9957824349403381, 0.0, 2.163320779800415)
(32.8060417175293, -0.714967668056488, 0.0, -1.0, 0.0, 0.0, 0.5038473010063171, 2.3814961910247803, 0.0, -202.83624267578125, 4.289805889129639, 0.0, 1000, 1000, 1000, 1000, 34.073699951171875, -4.43720006942749, 0.0, 32.8060417175293, -0.714967668056488, -61.00202560424805, -22.530241012573242, -0.0, -83.53226470947266, 0.5724928975105286, 0.9990138411521912, 0.0, 1.5715067386627197)
(32.867835998535156, -0.653066873550415, 0.0, -1.0, 0.0, 0.0, -0.8854656219482422, 1.05325186252594, 0.0, -203.20701599121094, 3.9184012413024902, 0.0, 1000, 1000, 1000, 1000, 34.1483154296875, -3.4575037956237793, 0.0, 32.867835998535156, -0.653066873550415, -60.69646453857422, -22.741525650024414, -0.0, -83.43798828125, 0.8595448732376099, 1.0014070272445679, 0.0, 1.8609517812728882)
(32.85514831542969, -0.8349930644035339, 0.0, -1.0, 0.0, 0.0, 0.12216793745756149, -0.15285496413707733, 0.0, -203.13088989257812, 5.009958267211914, 0.0, 1000, 1000, 1000, 1000, 33.49315643310547, -4.406225681304932, 0.0, 32.85514831542969, -0.8349930644035339, -60.975914001464844, -22.960256576538086, -0.0, -83.93617248535156, 1.5488439798355103, 1.0051623582839966, 0.0, 2.554006338119507)
(32.83924102783203, -0.9384353160858154, 0.0, 0.0, 0.0, 0.0, -1.0839389562606812, 2.2746260166168213, 0.0, -197.0354461669922, 5.630611896514893, 0.0, 1000, 1000, 1000, 1000, 33.84980010986328, -4.806979656219482, 0.0, 32.83924102783203, -0.9384353160858154, -58.78545379638672, -23.169414520263672, -0.0, -81.95486450195312, 1.0067957639694214, 1.0102661848068237, 0.0, 2.017061948776245)
(32.70192337036133, -0.702072024345398, 0.0, -1.0, 0.0, 0.0, -1.465618371963501, 2.9158473014831543, 0.0, -202.2115478515625, 4.212431907653809, 0.0, 1000, 1000, 1000, 1000, 33.620025634765625, -4.618222713470459, 0.0, 32.70192337036133, -0.702072024345398, -60.223777770996094, -23.377422332763672, -0.0, -83.6011962890625, 0.3889753818511963, 1.0121155977249146, 0.0, 1.4010909795761108)
(32.586326599121094, -0.6399412751197815, 0.0, -1.0, 0.0, 0.0, -1.5266870260238647, 0.32042747735977173, 0.0, -201.51795959472656, 3.8396477699279785, 0.0, 1000, 1000, 1000, 1000, 33.55854797363281, -3.2690205574035645, 0.0, 32.586326599121094, -0.6399412751197815, -59.99738311767578, -23.585988998413086, -0.0, -83.58336639404297, 1.0557661056518555, 1.0143554210662842, 0.0, 2.0701215267181396)
(32.48967361450195, -0.8602578043937683, 0.0, -1.0, 0.0, 0.0, 0.580183207988739, 0.12195419520139694, 0.0, -200.93804931640625, 5.16154670715332, 0.0, 1000, 1000, 1000, 1000, 33.31070327758789, -4.074289321899414, 0.0, 32.48967361450195, -0.8602578043937683, -60.45547103881836, -23.794029235839844, -0.0, -84.24949645996094, 1.5118777751922607, 1.0195553302764893, 0.0, 2.53143310546875)
(32.85086441040039, -0.8595458269119263, 0.0, -1.0, 0.0, 0.0, 2.7328548431396484, 3.0227174758911133, 0.0, -203.10519409179688, 5.157275199890137, 0.0, 1000, 1000, 1000, 1000, 34.316287994384766, -4.489979267120361, 0.0, 32.85086441040039, -0.8595458269119263, -61.75141143798828, -24.014564514160156, -0.0, -85.76597595214844, 0.640367329120636, 1.0237332582473755, 0.0, 1.6641005277633667)
(33.0672607421875, -0.7835936546325684, 0.0, -1.0, 0.0, 0.0, -0.6411908268928528, 0.48836642503738403, 0.0, -204.403564453125, 4.70156192779541, 0.0, 1000, 1000, 1000, 1000, 34.794700622558594, -3.9697818756103516, 0.0, 33.0672607421875, -0.7835936546325684, -61.12871170043945, -24.2278995513916, -0.0, -85.35661315917969, 1.2639585733413696, 1.0257132053375244, 0.0, 2.2896718978881836)
(32.9664192199707, -0.8165796995162964, 0.0, -1.0, 0.0, 0.0, -1.465618371963501, 0.15248854458332062, 0.0, -203.79852294921875, 4.899477958679199, 0.0, 1000, 1000, 1000, 1000, 34.02073669433594, -3.3792123794555664, 0.0, 32.9664192199707, -0.8165796995162964, -60.69987106323242, -24.43690299987793, -0.0, -85.13677215576172, 1.4240968227386475, 1.0295615196228027, 0.0, 2.45365834236145)
(32.843135833740234, -1.0582070350646973, 0.0, -1.0, 0.0, 0.0, -1.999969482421875, 0.33569467067718506, 0.0, -203.05880737304688, 6.349242210388184, 0.0, 1000, 1000, 1000, 1000, 33.26374053955078, -4.132693767547607, 0.0, 32.843135833740234, -1.0582070350646973, -60.317649841308594, -24.655176162719727, -0.0, -84.97282409667969, 1.8040642738342285, 1.036141037940979, 0.0, 2.840205192565918)
(32.53497314453125, -1.0630981922149658, 0.0, -1.0, 0.0, 0.0, -3.1297404766082764, 1.786076307296753, 0.0, -201.2098388671875, 6.378589153289795, 0.0, 1000, 1000, 1000, 1000, 33.11534881591797, -4.455519199371338, 0.0, 32.53497314453125, -1.0630981922149658, -59.42402648925781, -24.86265754699707, -0.0, -84.28668975830078, 1.3777539730072021, 1.0415246486663818, 0.0, 2.419278621673584)
(32.42051696777344, -1.1102792024612427, 0.0, -1.0, 0.0, 0.0, 0.10690076649188995, -0.8704122304916382, 0.0, -200.52310180664062, 6.661675453186035, 0.0, 1000, 1000, 1000, 1000, 33.227386474609375, -4.568350791931152, 0.0, 32.42051696777344, -1.1102792024612427, -60.189002990722656, -25.06996726989746, -0.0, -85.25896453857422, 2.2596263885498047, 1.0471644401550293, 0.0, 3.306790828704834)
(32.45185852050781, -1.3760472536087036, 0.0, -1.0, 0.0, 0.0, -1.1908091306686401, 0.44256487488746643, 0.0, -200.71115112304688, 8.2562837600708, 0.0, 1000, 1000, 1000, 1000, 33.51349639892578, -4.73710298538208, 0.0, 32.45185852050781, -1.3760472536087036, -59.856101989746094, -25.28653907775879, -0.0, -85.14263916015625, 2.344115734100342, 1.0560204982757568, 0.0, 3.4001362323760986)
(32.36603927612305, -1.2995951175689697, 0.0, -1.0, 0.0, 0.0, 0.6107175350189209, 1.0837862491607666, 0.0, -200.19622802734375, 7.797570705413818, 0.0, 1000, 1000, 1000, 1000, 33.1285514831543, -4.827756881713867, 0.0, 32.36603927612305, -1.2995951175689697, -60.24208450317383, -25.49098777770996, -0.0, -85.73307037353516, 2.0141353607177734, 1.062397837638855, 0.0, 3.076533079147339)
(32.63015365600586, -1.4850678443908691, 0.0, -1.0, 0.0, 0.0, 1.9542289972305298, 1.0837862491607666, 0.0, -201.78091430664062, 8.910407066345215, 0.0, 1000, 1000, 1000, 1000, 33.767669677734375, -5.5955586433410645, 0.0, 32.63015365600586, -1.4850678443908691, -61.120540618896484, -25.701702117919922, -0.0, -86.8222427368164, 2.3479862213134766, 1.0712312459945679, 0.0, 3.419217586517334)
(32.69093322753906, -1.5150198936462402, 0.0, -1.0, -1.0, 0.0, -1.9541679620742798, 1.801343560218811, 0.0, -202.14559936523438, 9.090119361877441, 0.0, 1000, 1000, 1000, 1000, 34.20243835449219, -4.752633094787598, 0.0, 32.69093322753906, -1.5150198936462402, -60.057430267333984, -25.911972045898438, -0.0, -85.96940612792969, 2.1866328716278076, 1.0794216394424438, 0.0, 3.266054391860962)
(32.48794174194336, -1.426943063735962, 0.0, -1.0, 0.0, 0.0, -1.7556946277618408, 2.183022975921631, 0.0, -200.89407348632812, 8.536263465881348, 0.0, 1000, 1000, 1000, 1000, 34.29918670654297, -4.757339954376221, 0.0, 32.48234558105469, -1.4227105379104614, -59.71403503417969, -26.12729835510254, -0.0, -85.8413314819336, 1.9059721231460571, 1.0858289003372192, 0.0, 2.9918010234832764)
(32.51373291015625, -1.5198822021484375, 0.0, -1.0, 0.0, 0.0, 0.9313282370567322, -0.9620152711868286, 0.0, -201.0823974609375, 9.119293212890625, 0.0, 1000, 1000, 1000, 1000, 33.17084884643555, -4.8013224601745605, 0.0, 32.51373291015625, -1.5198822021484375, -60.60411834716797, -26.336000442504883, -0.0, -86.94011688232422, 3.024392604827881, 1.0942622423171997, 0.0, 4.118654727935791)
(32.38275909423828, -1.6326465606689453, 0.0, -1.0, 0.0, 0.0, -3.419816732406616, 2.1982901096343994, 0.0, -200.2965545654297, 9.795879364013672, 0.0, 1000, 1000, 1000, 1000, 33.468475341796875, -4.973204612731934, 0.0, 32.38275909423828, -1.6326465606689453, -59.06302261352539, -26.541696548461914, -0.0, -85.60472106933594, 2.2792768478393555, 1.103865623474121, 0.0, 3.3831424713134766)
(32.203697204589844, -1.5573976039886475, 0.0, -1.0, 0.0, 0.0, 0.7175877690315247, 0.9769160151481628, 0.0, -199.22218322753906, 9.344385147094727, 0.0, 1000, 1000, 1000, 1000, 33.22218322753906, -4.778304576873779, 0.0, 32.203697204589844, -1.5573976039886475, -59.98193359375, -26.74725914001465, -0.0, -86.72919464111328, 2.5102405548095703, 1.11179780960083, 0.0, 3.6220386028289795)
(32.47657012939453, -1.6525229215621948, 0.0, -1.0, 0.0, 0.0, 1.0839999914169312, 1.1143206357955933, 0.0, -200.8594207763672, 9.91513729095459, 0.0, 1000, 1000, 1000, 1000, 33.63597106933594, -4.900301456451416, 0.0, 32.47657012939453, -1.6525229215621948, -60.58302688598633, -26.957061767578125, -0.0, -87.54008483886719, 2.640244960784912, 1.1212350130081177, 0.0, 3.7614798545837402)
(32.37824630737305, -1.6279836893081665, 0.0, -1.0, 0.0, 0.0, -1.9847023487091064, 0.8395114541053772, 0.0, -200.26947021484375, 9.767902374267578, 0.0, 1000, 1000, 1000, 1000, 33.10832214355469, -4.484671115875244, 0.0, 32.37824630737305, -1.6279836893081665, -59.48543167114258, -27.172679901123047, -0.0, -86.65811157226562, 2.6785171031951904, 1.1302908658981323, 0.0, 3.8088080883026123)
(32.328426361083984, -1.789232850074768, 0.0, -1.0, 0.0, 0.0, 0.6717862486839294, 1.2211908102035522, 0.0, -199.97055053710938, 10.735397338867188, 0.0, 1000, 1000, 1000, 1000, 33.60762023925781, -4.253325939178467, 0.0, 32.328426361083984, -1.789232850074768, -60.19269943237305, -27.379817962646484, -0.0, -87.57251739501953, 2.854262113571167, 1.140953779220581, 0.0, 3.995215892791748)
(32.391849517822266, -1.7614974975585938, 0.0, 0.0, 0.0, 0.0, -0.09157251566648483, 1.3433282375335693, 0.0, -194.35110473632812, 10.568984985351562, 0.0, 1000, 1000, 1000, 1000, 33.73822784423828, -4.754302501678467, 0.0, 32.391849517822266, -1.7614974975585938, -58.277862548828125, -27.58668327331543, -0.0, -85.86454772949219, 2.7676968574523926, 1.1504143476486206, 0.0, 3.9181113243103027)
(32.533966064453125, -1.7462493181228638, 0.0, -1.0, -1.0, 0.0, 0.07636640965938568, 0.45783206820487976, 0.0, -201.20379638671875, 4.477496147155762, 0.0, 1000, 1000, 1000, 1000, 33.728187561035156, -5.000423431396484, 0.0, 32.533966064453125, -1.7462493181228638, -60.38404846191406, -27.802745819091797, -0.0, -88.18679809570312, 1.2058992385864258, 1.1599897146224976, 0.0, 2.365889072418213)
(32.3663330078125, -1.8427410125732422, 0.0, -1.0, 0.0, 0.0, -1.3587480783462524, 1.3433282375335693, 0.0, -200.197998046875, 11.056446075439453, 0.0, 1000, 1000, 1000, 1000, 32.90629577636719, -4.857974529266357, 0.0, 32.3663330078125, -1.8427410125732422, -59.65177536010742, -28.009790420532227, -0.0, -87.66156768798828, 2.9139351844787598, 1.1699753999710083, 0.0, 4.0839104652404785)
(32.538265228271484, -1.8832032680511475, 0.0, -1.0, 0.0, 0.0, 1.0687328577041626, 0.21355725824832916, 0.0, -201.22958374023438, 11.299219131469727, 0.0, 1000, 1000, 1000, 1000, 34.30778503417969, -5.177891254425049, 0.0, 32.538265228271484, -1.8832032680511475, -60.689491271972656, -28.21909523010254, -0.0, -88.9085922241211, 3.3256986141204834, 1.180539846420288, 0.0, 4.5062384605407715)
(32.37949752807617, -2.00496244430542, 0.0, -1.0, 0.0, 0.0, -3.5572214126586914, 2.0456182956695557, 0.0, -200.2769775390625, 12.02977466583252, 0.0, 1000, 1000, 1000, 1000, 33.03166198730469, -4.923286437988281, 0.0, 32.37949752807617, -2.00496244430542, -59.015926361083984, -28.434579849243164, -0.0, -87.45050811767578, 2.9952468872070312, 1.1928116083145142, 0.0, 4.188058853149414)
(32.04022979736328, -1.9525048732757568, 0.0, -1.0, 0.0, 0.0, -2.320580244064331, -0.9009465575218201, 0.0, -198.2413787841797, 11.715028762817383, 0.0, 1000, 1000, 1000, 1000, 33.34831237792969, -4.170090198516846, 0.0, 32.04022979736328, -1.9525048732757568, -58.77623748779297, -28.63852882385254, -0.0, -87.41476440429688, 3.78479266166687, 1.2033064365386963, 0.0, 4.988099098205566)
(32.03805923461914, -2.094897508621216, 0.0, -1.0, 0.0, 0.0, 1.0839999914169312, 1.373862624168396, 0.0, -198.22836303710938, 12.569385528564453, 0.0, 1000, 1000, 1000, 1000, 32.850799560546875, -5.757508754730225, 0.0, 32.03805923461914, -2.094897508621216, -59.79370880126953, -28.84234046936035, -0.0, -88.63604736328125, 3.358656883239746, 1.2159883975982666, 0.0, 4.574645519256592)
(32.180233001708984, -2.0892083644866943, 0.0, -1.0, 0.0, 0.0, -0.9770687222480774, 0.7784427404403687, 0.0, -199.08139038085938, 12.535249710083008, 0.0, 1000, 1000, 1000, 1000, 33.61206817626953, -4.951284408569336, 0.0, 32.180233001708984, -2.0892083644866943, -59.431297302246094, -29.057640075683594, -0.0, -88.48893737792969, 3.5270421504974365, 1.2271634340286255, 0.0, 4.754205703735352)
(32.016963958740234, -2.1312060356140137, 0.0, -1.0, 0.0, 0.0, -1.801496148109436, 1.0379847288131714, 0.0, -198.10177612304688, 12.787236213684082, 0.0, 1000, 1000, 1000, 1000, 33.27057647705078, -5.031949996948242, 0.0, 32.016963958740234, -2.1312060356140137, -58.89008331298828, -29.262441635131836, -0.0, -88.15252685546875, 3.524775505065918, 1.2393370866775513, 0.0, 4.76411247253418)
(32.01620101928711, -2.2326595783233643, 0.0, -1.0, 0.0, 0.0, 0.30537405610084534, 0.7631755471229553, 0.0, -198.09719848632812, 13.395957946777344, 0.0, 1000, 1000, 1000, 1000, 32.874351501464844, -5.1631340980529785, 0.0, 32.01620101928711, -2.2326595783233643, -59.52077102661133, -29.467941284179688, -0.0, -88.98871612548828, 3.789834499359131, 1.2524393796920776, 0.0, 5.042273998260498)
(31.874984741210938, -2.157937526702881, 0.0, -1.0, 0.0, 0.0, -4.7633280754089355, 1.6639388799667358, 0.0, -197.24990844726562, 12.947625160217285, 0.0, 1000, 1000, 1000, 1000, 33.22201156616211, -5.3839240074157715, 0.0, 31.874984741210938, -2.157937526702881, -57.745975494384766, -29.680179595947266, -0.0, -87.42615509033203, 3.385106086730957, 1.2647966146469116, 0.0, 4.649902820587158)
(31.09418487548828, -2.202587842941284, 0.0, -1.0, 0.0, 0.0, -6.671725273132324, 1.6181373596191406, 0.0, -192.5651092529297, 13.215526580810547, 0.0, 1000, 1000, 1000, 1000, 31.730121612548828, -4.842390537261963, 0.0, 31.09418487548828, -2.202587842941284, -55.76801681518555, -29.873268127441406, -0.0, -85.64128112792969, 3.4792168140411377, 1.2775057554244995, 0.0, 4.756722450256348)
(30.571931838989258, -1.827498435974121, 0.0, -1.0, 0.0, 0.0, -5.267145156860352, 6.641037940979004, 0.0, -189.4315948486328, 10.964990615844727, 0.0, 1000, 1000, 1000, 1000, 32.340370178222656, -4.898265838623047, 0.0, 30.571931838989258, -1.827498435974121, -55.249332427978516, -30.067142486572266, -0.0, -85.31647491455078, 1.2971857786178589, 1.28611159324646, 0.0, 2.5832974910736084)
(29.27229881286621, -1.007377028465271, 0.0, -1.0, 0.0, 0.0, -17.404550552368164, 5.9082136154174805, 0.0, -181.6337890625, 6.044261932373047, 0.0, 1000, 1000, 1000, 1000, 30.355602264404297, -3.651329517364502, 0.0, 29.27229881286621, -1.007377028465271, -49.268768310546875, -30.249956130981445, -0.0, -79.51873016357422, 0.04081449657678604, 1.287206768989563, 0.0, 1.3280212879180908)
(26.941091537475586, -0.024986155331134796, 0.0, -1.0, 0.0, 0.0, -16.916000366210938, 13.770809173583984, 0.0, -167.64654541015625, 0.14991693198680878, 0.0, 1000, 1000, 1000, 1000, 28.007007598876953, -4.477946758270264, 0.0, 26.941091537475586, -0.024986155331134796, -45.21916198730469, -30.412195205688477, -0.0, -75.63135528564453, -4.086267948150635, 1.2815172672271729, -0.0, -2.804750442504883)
(24.534576416015625, 1.4939367771148682, 0.0, -1.0, 0.0, 0.0, -25.58775520324707, 10.992182731628418, 0.0, -153.20745849609375, -8.963621139526367, 0.0, 1000, 1000, 1000, 1000, 23.618183135986328, -0.3698466718196869, 0.0, 24.534576416015625, 1.4939367771148682, -38.285911560058594, -30.559879302978516, -0.0, -68.84578704833984, -5.986741065979004, 1.2631704807281494, -0.0, -4.723570346832275)
(20.051225662231445, 2.9797096252441406, 0.0, 0.0, 0.0, 0.0, -39.099205017089844, 16.412031173706055, 0.0, -120.30735778808594, -17.878257751464844, 0.0, 1000, 1000, 1000, 1000, 19.250574111938477, -2.1577930450439453, 0.0, 20.051225662231445, 2.9797096252441406, -24.362445831298828, -30.66757583618164, -0.0, -55.03002166748047, -10.287087440490723, 1.2362443208694458, -0.0, -9.050843238830566)
(15.013117790222168, 6.0013322830200195, 0.0, -1.0, 0.0, 0.0, -35.29767990112305, 30.686840057373047, 0.0, -96.07870483398438, -36.00799560546875, 0.0, 1000, 1000, 1000, 1000, 13.97541332244873, 3.4932332038879395, 0.0, 15.013117790222168, 6.0013322830200195, -18.23430824279785, -30.74156951904297, -0.0, -48.97587966918945, -20.008451461791992, 1.1834583282470703, -0.0, -18.824993133544922)
(10.699524879455566, 8.449758529663086, 0.0, -1.0, 0.0, 0.0, -41.572486877441406, -3.4505648612976074, 0.0, -70.19715118408203, -50.698551177978516, 0.0, 1000, 1000, 1000, 1000, 12.078781127929688, 7.311629772186279, 0.0, 10.699524879455566, 8.449758529663086, -8.58739948272705, -30.793476104736328, -0.0, -39.38087463378906, -14.174395561218262, 1.1147137880325317, -0.0, -13.05968189239502)
(5.7164998054504395, 6.251786708831787, 0.0, -1.0, 0.0, 0.0, -23.328214645385742, -12.38186264038086, 0.0, -40.29899978637695, -37.510719299316406, 0.0, 1000, 1000, 1000, 1000, 2.1127982139587402, 2.2059578895568848, 0.0, 5.7164998054504395, 6.251786708831787, -5.091235637664795, -30.8094539642334, -0.0, -35.90068817138672, -7.538657188415527, 1.084547996520996, -0.0, -6.454109191894531)
(1.6220706701278687, 2.305732488632202, 0.0, -1.0, 0.0, 0.0, -41.43508529663086, -50.25972366333008, 0.0, -15.732423782348633, -13.834394454956055, 0.0, 1000, 1000, 1000, 1000, 1.534224271774292, 1.0932706594467163, 0.0, 1.6220706701278687, 2.305732488632202, 7.710798263549805, -30.807844161987305, 0.0, -23.0970458984375, 10.92759895324707, 1.0857757329940796, 0.0, 12.013375282287598)
(-2.7484853267669678, -2.7227468490600586, 0.0, 0.0, 0.0, 0.0, -15.587756156921387, -18.107053756713867, 0.0, 10.490911483764648, 16.33648109436035, 0.0, 1000, 1000, 1000, 1000, -10.819089889526367, -10.038753509521484, 0.0, -2.7484853267669678, -2.7227468490600586, 7.823599815368652, -30.774978637695312, 0.0, -22.951377868652344, 10.333060264587402, 1.1287767887115479, 0.0, 11.461836814880371)
(-2.8471004962921143, -4.956650257110596, 0.0, -1.0, 0.0, 0.0, 12.931327819824219, -9.191022872924805, 0.0, 11.082603454589844, 29.73990249633789, 0.0, 1000, 1000, 1000, 1000, 0.8903828263282776, -9.769487380981445, 0.0, -2.8471004962921143, -4.956650257110596, -0.5546172857284546, -30.7593936920166, -0.0, -31.31401252746582, 11.679277420043945, 1.1695517301559448, 0.0, 12.84882926940918)
(-1.0913574695587158, -5.9833502769470215, 0.0, -1.0, 0.0, 0.0, 1.8015573024749756, -12.534534454345703, 0.0, 0.5481448173522949, 35.90010070800781, 0.0, 1000, 1000, 1000, 1000, -3.124462604522705, -11.71372127532959, 0.0, -1.0913574695587158, -5.9833502769470215, -0.3760237395763397, -30.769025802612305, -0.0, -31.145050048828125, 14.530390739440918, 1.2107003927230835, 0.0, 15.741090774536133)
(-2.0519556999206543, -7.03346061706543, 0.0, -1.0, 0.0, 0.0, -10.885465621948242, -4.259725093841553, 0.0, 6.311734199523926, 42.20076370239258, 0.0, 1000, 1000, 1000, 1000, -7.386126518249512, -15.300485610961914, 0.0, -2.0519556999206543, -7.03346061706543, 5.159160137176514, -30.76001739501953, 0.0, -25.60085678100586, 13.938146591186523, 1.259165644645691, 0.0, 15.197311401367188)
(-3.1609275341033936, -8.419631004333496, 0.0, -1.0, 0.0, 0.0, 3.3740763664245605, -23.80171012878418, 0.0, 12.965564727783203, 50.517784118652344, 0.0, 1000, 1000, 1000, 1000, -7.60783576965332, -11.743520736694336, 0.0, -3.1609275341033936, -8.419631004333496, 2.877446413040161, -30.741865158081055, 0.0, -27.864418029785156, 22.295848846435547, 1.3134791851043701, 0.0, 23.60932731628418)
(-3.001513719558716, -8.2884521484375, 0.0, -1.0, 0.0, 0.0, 10.366442680358887, 15.312793731689453, 0.0, 12.009082794189453, 49.730712890625, 0.0, 1000, 1000, 1000, 1000, -1.6680647134780884, -14.297810554504395, 0.0, -3.001513719558716, -8.2884521484375, 0.4927920401096344, -30.72972869873047, 0.0, -30.236936569213867, 10.3253755569458, 1.3666176795959473, 0.0, 11.691993713378906)
(-4.014355182647705, -9.012743949890137, 0.0, -1.0, 0.0, 0.0, -8.045770645141602, -6.229190826416016, 0.0, 18.086132049560547, 54.07646179199219, 0.0, 1000, 1000, 1000, 1000, -8.263301849365234, 0.35278788208961487, 0.0, -4.014355182647705, -9.012743949890137, 7.839570999145508, -30.703184127807617, 0.0, -22.86361312866211, 18.09169578552246, 1.4246940612792969, 0.0, 19.516389846801758)
(-3.878713369369507, -8.592169761657715, 0.0, -1.0, 0.0, 0.0, 6.000030517578125, 3.9082138538360596, 0.0, 17.272279739379883, 51.553016662597656, 0.0, 1000, 1000, 1000, 1000, -9.270291328430176, -16.797956466674805, 0.0, -3.878713369369507, -8.592169761657715, 3.3816747665405273, -30.687482833862305, 0.0, -27.30580711364746, 14.293440818786621, 1.4747730493545532, 0.0, 15.768213272094727)
(-3.6405582427978516, -8.246047973632812, 0.0, -1.0, 0.0, 0.0, -2.7633283138275146, -0.7177404761314392, 0.0, 15.84334945678711, 49.476287841796875, 0.0, 1000, 1000, 1000, 1000, -4.24077844619751, -14.255603790283203, 0.0, -3.6405582427978516, -8.246047973632812, 5.582003593444824, -30.67325210571289, 0.0, -25.091249465942383, 15.058208465576172, 1.5227307081222534, 0.0, 16.5809383392334)
(-3.783073663711548, -8.263588905334473, 0.0, -1.0, 0.0, 0.0, -1.1755419969558716, 0.9005801677703857, 0.0, 16.698442459106445, 49.58153533935547, 0.0, 1000, 1000, 1000, 1000, -5.143466949462891, -11.912642478942871, 0.0, -3.783073663711548, -8.263588905334473, 5.3621954917907715, -30.65579605102539, 0.0, -25.293601989746094, 14.604286193847656, 1.572995662689209, 0.0, 16.177282333374023)
(-3.889625072479248, -8.265713691711426, 0.0, -1.0, 0.0, 0.0, -0.06103816628456116, 1.2669923305511475, 0.0, 17.337749481201172, 49.59428405761719, 0.0, 1000, 1000, 1000, 1000, -4.886763095855713, -11.097267150878906, 0.0, -3.889625072479248, -8.265713691711426, 5.2196364402771, -30.637792587280273, 0.0, -25.418155670166016, 14.498188018798828, 1.6222671270370483, 0.0, 16.120454788208008)
(-4.006721019744873, -8.284147262573242, 0.0, 0.0, 0.0, 0.0, -0.9007328152656555, 1.4196641445159912, 0.0, 24.040325164794922, 49.70488357543945, 0.0, 1000, 1000, 1000, 1000, -4.987710952758789, -11.831387519836426, 0.0, -4.006721019744873, -8.284147262573242, 7.482316970825195, -30.61655044555664, 0.0, -23.134233474731445, 14.485566139221191, 1.6726503372192383, 0.0, 16.15821647644043)
(-4.123463153839111, -8.30008602142334, 0.0, -1.0, 0.0, 0.0, -0.21370992064476013, 1.2211908102035522, 0.0, 18.740779876708984, 49.800514221191406, 0.0, 1000, 1000, 1000, 1000, -5.630736351013184, -11.018048286437988, 0.0, -4.123463153839111, -8.30008602142334, 5.686347007751465, -30.596515655517578, 0.0, -24.910167694091797, 14.573797225952148, 1.7231556177139282, 0.0, 16.296953201293945)
(-4.21765661239624, -8.309288024902344, 0.0, -1.0, 0.0, 0.0, -0.5037862658500671, 1.175389289855957, 0.0, 19.305938720703125, 49.85572814941406, 0.0, 1000, 1000, 1000, 1000, -5.234196662902832, -11.893505096435547, 0.0, -4.21765661239624, -8.309288024902344, 5.942917346954346, -30.57636833190918, 0.0, -24.633451461791992, 14.60410213470459, 1.7736934423446655, 0.0, 16.377796173095703)
(-4.318458080291748, -8.31762981414795, 0.0, -1.0, 0.0, 0.0, -0.35111451148986816, 1.373862624168396, 0.0, 19.910747528076172, 49.90577697753906, 0.0, 1000, 1000, 1000, 1000, -5.273390293121338, -11.824081420898438, 0.0, -4.318458080291748, -8.31762981414795, 6.078558444976807, -30.555566787719727, 0.0, -24.477008819580078, 14.559574127197266, 1.8242965936660767, 0.0, 16.38387107849121)
(-4.406073093414307, -8.326025009155273, 0.0, -1.0, 0.0, 0.0, -0.30531299114227295, 1.1601221561431885, 0.0, 20.436439514160156, 49.95615005493164, 0.0, 1000, 1000, 1000, 1000, -4.743314743041992, -11.664800643920898, 0.0, -4.406073093414307, -8.326025009155273, 6.222525596618652, -30.534191131591797, 0.0, -24.31166648864746, 14.638808250427246, 1.8749858140945435, 0.0, 16.5137939453125)
(-4.502262115478516, -8.341788291931152, 0.0, 0.0, 0.0, 0.0, -0.4121831953525543, 1.1906565427780151, 0.0, 27.013572692871094, 50.05072784423828, 0.0, 1000, 1000, 1000, 1000, -5.251997947692871, -11.771998405456543, 0.0, -4.502262115478516, -8.341788291931152, 8.227726936340332, -30.5111026763916, 0.0, -22.283376693725586, 14.658021926879883, 1.92770516872406, 0.0, 16.58572769165039)
(-4.588100433349609, -8.345392227172852, 0.0, -1.0, 0.0, 0.0, -0.3663816750049591, 1.3127938508987427, 0.0, 21.528602600097656, 50.07235336303711, 0.0, 1000, 1000, 1000, 1000, -4.775193691253662, -11.61685562133789, 0.0, -4.588100433349609, -8.345392227172852, 6.568495750427246, -30.48784828186035, 0.0, -23.91935157775879, 14.627867698669434, 1.9784870147705078, 0.0, 16.606355667114258)
(-4.668972492218018, -8.354591369628906, 0.0, -1.0, 0.0, 0.0, -0.42745038866996765, 1.480732798576355, 0.0, 22.013835906982422, 50.12754821777344, 0.0, 1000, 1000, 1000, 1000, -4.972204685211182, -11.63088607788086, 0.0, -4.668972492218018, -8.354591369628906, 6.732385635375977, -30.464767456054688, 0.0, -23.73238182067871, 14.59404468536377, 2.0293493270874023, 0.0, 16.623394012451172)
(-4.741379737854004, -8.367910385131836, 0.0, -1.0, 0.0, 0.0, -0.3969160318374634, 1.2364580631256104, 0.0, 22.448278427124023, 50.207462310791016, 0.0, 1000, 1000, 1000, 1000, -4.930485725402832, -11.604965209960938, 0.0, -4.741379737854004, -8.367910385131836, 6.85355806350708, -30.441213607788086, 0.0, -23.58765411376953, 14.691301345825195, 2.0793464183807373, 0.0, 16.770647048950195)
(-4.813094139099121, -8.375835418701172, 0.0, -1.0, 0.0, 0.0, -0.4427175521850586, 1.1906565427780151, 0.0, 22.878564834594727, 50.25501251220703, 0.0, 1000, 1000, 1000, 1000, -5.398074150085449, -11.82544231414795, 0.0, -4.813094139099121, -8.375835418701172, 6.996384620666504, -30.41721534729004, 0.0, -23.42082977294922, 14.719306945800781, 2.1303653717041016, 0.0, 16.849672317504883)
(-4.879843235015869, -8.3845853805542, 0.0, -1.0, 0.0, 0.0, -0.5190534591674805, 1.2822595834732056, 0.0, 23.27906036376953, 50.30751037597656, 0.0, 1000, 1000, 1000, 1000, -5.390728950500488, -11.648565292358398, 0.0, -4.879843235015869, -8.3845853805542, 7.139434337615967, -30.392778396606445, 0.0, -23.253345489501953, 14.707574844360352, 2.181396484375, 0.0, 16.88897132873535)
(-4.952103137969971, -8.386696815490723, 0.0, -1.0, 0.0, 0.0, -0.4885190725326538, 1.2975267171859741, 0.0, 23.71261978149414, 50.32018280029297, 0.0, 1000, 1000, 1000, 1000, -5.061554431915283, -11.457361221313477, 0.0, -4.952103137969971, -8.386696815490723, 7.260341644287109, -30.365005493164062, 0.0, -23.104663848876953, 14.706796646118164, 2.2344095706939697, 0.0, 16.941205978393555)
(-5.022008895874023, -8.39013671875, 0.0, -1.0, 0.0, 0.0, -0.2747786343097687, 1.251725196838379, 0.0, 24.13205337524414, 50.3408203125, 0.0, 1000, 1000, 1000, 1000, -4.975451469421387, -11.634471893310547, 0.0, -5.022008895874023, -8.39013671875, 7.322049617767334, -30.339656829833984, 0.0, -23.017606735229492, 14.726728439331055, 2.2855143547058105, 0.0, 17.012243270874023)
(-5.08035945892334, -8.398808479309082, 0.0, -1.0, 0.0, 0.0, -0.3663816750049591, 1.05325186252594, 0.0, 24.48215675354004, 50.392852783203125, 0.0, 1000, 1000, 1000, 1000, -5.236799240112305, -11.648445129394531, 0.0, -5.08035945892334, -8.398808479309082, 7.454561710357666, -30.31394386291504, 0.0, -22.8593807220459, 14.8018798828125, 2.336652994155884, 0.0, 17.138532638549805)
(-5.140407085418701, -8.40450668334961, 0.0, -1.0, 0.0, 0.0, -0.35111451148986816, 1.2059236764907837, 0.0, 24.84244155883789, 50.427040100097656, 0.0, 1000, 1000, 1000, 1000, -5.342953681945801, -11.662521362304688, 0.0, -5.140407085418701, -8.40450668334961, 7.5580668449401855, -30.287853240966797, 0.0, -22.729785919189453, 14.766334533691406, 2.3878555297851562, 0.0, 17.154190063476562)
(-5.192203998565674, -8.403374671936035, 0.0, -1.0, 0.0, 0.0, -0.5037862658500671, 1.1448549032211304, 0.0, 25.15322494506836, 50.420249938964844, 0.0, 1000, 1000, 1000, 1000, -5.132397174835205, -11.404220581054688, 0.0, -5.192203998565674, -8.403374671936035, 7.697103500366211, -30.261428833007812, 0.0, -22.564327239990234, 14.782618522644043, 2.4390311241149902, 0.0, 17.221649169921875)
(-5.239396095275879, -8.403268814086914, 0.0, -1.0, 0.0, 0.0, -0.5037862658500671, 1.2059236764907837, 0.0, 31.436376571655273, 50.419612884521484, 0.0, 1000, 1000, 1000, 1000, -5.254426002502441, -11.74345588684082, 0.0, -5.239396095275879, -8.403268814086914, 9.582048416137695, -30.23278045654297, 0.0, -20.650732040405273, 14.764106750488281, 2.4902045726776123, 0.0, 17.254310607910156)
(-5.286046028137207, -8.4121732711792, 0.0, -1.0, 0.0, 0.0, -0.3663816750049591, 0.9769160151481628, 0.0, 25.716276168823242, 50.47303771972656, 0.0, 1000, 1000, 1000, 1000, -5.0264105796813965, -11.177122116088867, 0.0, -5.286046028137207, -8.4121732711792, 7.824797630310059, -30.205730438232422, 0.0, -22.38093376159668, 14.848835945129395, 2.5405235290527344, 0.0, 17.389360427856445)
(-5.331043243408203, -8.413808822631836, 0.0, -1.0, 0.0, 0.0, -0.2442442774772644, 1.3280611038208008, 0.0, 25.98625946044922, 50.482852935791016, 0.0, 1000, 1000, 1000, 1000, -5.3085551261901855, -11.179191589355469, 0.0, -5.331043243408203, -8.413808822631836, 7.8691511154174805, -30.17840003967285, 0.0, -22.309249877929688, 14.746438026428223, 2.591798782348633, 0.0, 17.33823585510254)
(-5.375032424926758, -8.41991901397705, 0.0, -1.0, 0.0, 0.0, -0.35111451148986816, 1.251725196838379, 0.0, 26.250194549560547, 50.51951599121094, 0.0, 1000, 1000, 1000, 1000, -5.151798248291016, -11.315597534179688, 0.0, -5.375032424926758, -8.41991901397705, 7.9803924560546875, -30.150793075561523, 0.0, -22.170400619506836, 14.7803373336792, 2.6430866718292236, 0.0, 17.423423767089844)
(-5.415653228759766, -8.431614875793457, 0.0, -1.0, 0.0, 0.0, -0.4885190725326538, 1.1295877695083618, 0.0, 26.493919372558594, 50.589691162109375, 0.0, 1000, 1000, 1000, 1000, -5.034187316894531, -11.321723937988281, 0.0, -5.415653228759766, -8.431614875793457, 8.094731330871582, -30.122907638549805, 0.0, -22.02817726135254, 14.838030815124512, 2.694451093673706, 0.0, 17.532482147216797)
(-5.450865268707275, -8.434493064880371, 0.0, -1.0, 0.0, 0.0, -0.198442742228508, 1.175389289855957, 0.0, 26.70519256591797, 50.606956481933594, 0.0, 1000, 1000, 1000, 1000, -4.863661289215088, -11.322062492370605, 0.0, -5.450865268707275, -8.434493064880371, 8.071090698242188, -30.09479331970215, 0.0, -22.02370262145996, 14.82947063446045, 2.7458441257476807, 0.0, 17.575315475463867)
(-5.491137504577637, -8.438132286071777, 0.0, -1.0, 0.0, 0.0, -0.5190534591674805, 1.1295877695083618, 0.0, 26.94682502746582, 50.62879180908203, 0.0, 1000, 1000, 1000, 1000, -5.1047492027282715, -11.160282135009766, 0.0, -5.491137504577637, -8.438132286071777, 8.239763259887695, -30.06353759765625, 0.0, -21.823774337768555, 14.849761009216309, 2.796306610107422, 0.0, 17.646066665649414)
(-5.523194789886475, -8.440471649169922, 0.0, -1.0, 0.0, 0.0, -0.5495877861976624, 1.175389289855957, 0.0, 27.13916778564453, 50.64282989501953, 0.0, 1000, 1000, 1000, 1000, -5.018444538116455, -11.6934814453125, 0.0, -5.523194789886475, -8.440471649169922, 8.306626319885254, -30.034992218017578, 0.0, -21.728364944458008, 14.840232849121094, 2.8477368354797363, 0.0, 17.687969207763672)
(-5.553923606872559, -8.440118789672852, 0.0, -1.0, 0.0, 0.0, -0.4427175521850586, 1.5112671852111816, 0.0, 27.32354164123535, 50.64071273803711, 0.0, 1000, 1000, 1000, 1000, -4.946774005889893, -11.63604736328125, 0.0, -5.553923606872559, -8.440118789672852, 8.329877853393555, -30.006254196166992, 0.0, -21.676376342773438, 14.7388334274292, 2.8991646766662598, 0.0, 17.637998580932617)
(-5.589452266693115, -8.441412925720215, 0.0, -1.0, 0.0, 0.0, -0.5037862658500671, 1.2211908102035522, 0.0, 27.536712646484375, 50.648475646972656, 0.0, 1000, 1000, 1000, 1000, -5.057884216308594, -10.94585132598877, 0.0, -5.589452266693115, -8.441412925720215, 8.412149429321289, -29.977275848388672, 0.0, -21.565126419067383, 14.828185081481934, 2.9506232738494873, 0.0, 17.77880859375)